Row,Column,Celltype,0,1,2,3,4,5,6,7,8,9,10,11,12,13,14,15,16,17,18,19,20,21,22,23,24,25,26,27,28,29,30,31,32,33,34,35,36,37,38,39,40,41,42,43
34,33,16,1.036560042358633,0.05737800563108843,1.1325777536875599,2.3823161489779223,0.0035200576157710627,0.033046258237097934,0.005091567921867393,0.3852791203055443,0.002452308896818586,0.00401629100983182,0.022994238422893738,0.00562418758249645,0.01309905596458738,0.3858073485202082,0.10989969937415621,0.0006649903890068306,0.0342018358753532,0.0783904472248571,0.05616784859298071,2.4794078825200376,0.04641821120094755,4.147186839714732,0.0003224576037259537,1.688384249012552,0.43774058850394726,0.5395242683851023,7.203778149168636,0.00509470466898535,0.03018679956436856,0.18541625888954133,0.007927187316500293,0.003056446391737055,0.04993952351556579,11.545873044551847,0.9147074544167909,0.0007961064185374227,0.30268354989435436,0.1304171622727113,0.00341654496087849,0.2018954735484389,0.7757282272109048,0.16149479801857958,0.3811919388108466,1.4196879814906826
39,72,4,0.9622641509433962,0.05660377358490566,0.07547169811320754,3.1320754716981134,0.0,0.0,0.0,0.0,0.0,0.0,0.0,0.0,0.0,0.2830188679245283,0.009433962264150943,0.0,0.0,0.0,0.0,8.433962264150944,0.0,2.839622641509434,0.0,5.80188679245283,1.1226415094339623,0.36792452830188677,5.622641509433962,0.0,0.0,0.0,0.0,0.0,0.0,13.556603773584905,1.2547169811320755,0.0,0.0,0.0,0.0,0.29245283018867924,0.839622641509434,0.0,0.0660377358490566,0.0
43,122,4,0.8931475029036005,0.0743321718931475,0.09407665505226481,2.5993031358885017,0.0,0.0,0.0,0.0,0.0,0.0,0.0,0.0,0.0,0.0429732868757259,0.0,0.0,0.0,0.0,0.0,5.069686411149826,0.0,2.1207897793263646,0.0,1.0371660859465737,0.3321718931475029,0.0,3.470383275261324,0.0,0.0,0.0,0.0,0.0,0.0,12.332171893147503,1.3855981416957026,0.0,0.04065040650406504,0.0,0.0,0.0,0.49825783972125437,0.0,0.03948896631823461,0.0
48,160,4,0.768791627021884,0.12178877259752617,0.18363463368220742,2.9809705042816366,0.0,0.0,0.0,0.0028544243577545195,0.0,0.0,0.0,0.0,0.0,0.022835394862036156,0.0019029495718363464,0.0,0.0,0.008563273073263558,0.0,15.61465271170314,0.0,2.032350142721218,0.0,5.333967649857279,0.8953377735490009,0.013320647002854425,2.6631779257849666,0.0,0.0,0.0,0.1170313986679353,0.0,0.0,11.941960038058992,1.472882968601332,0.0,0.046622264509990484,0.0,0.0,0.3082778306374881,0.439581351094196,0.0,0.028544243577545196,0.071360608943863
34,174,4,0.7433155080213903,0.08663101604278074,0.1839572192513369,2.837433155080214,0.0,0.0,0.0,0.0,0.0,0.0,0.09839572192513368,0.0,0.0,0.12727272727272726,0.0,0.0,0.0,0.0,0.2609625668449198,12.671657754010695,0.0,1.522994652406417,0.0,6.641711229946524,1.6780748663101603,0.0053475935828877,2.834224598930481,0.0,0.0,0.0,0.0,0.0,0.0,12.391443850267379,1.495187165775401,0.0,0.0,0.0,0.0,0.3893048128342246,0.4213903743315508,0.0,0.025668449197860963,0.0
44,196,4,0.7810650887573964,0.08875739644970414,0.2485207100591716,2.662721893491124,0.0,0.0,0.0,0.0,0.0,0.0,0.005917159763313609,0.0,0.0,0.005917159763313609,0.0,0.0,0.0,0.0,0.029585798816568046,10.408284023668639,0.0,2.0,0.0,9.7396449704142,1.2544378698224852,0.0,2.366863905325444,0.0,0.0,0.0,0.0,0.0,0.0,12.272189349112425,1.3846153846153846,0.0,0.0,0.0,0.0,0.6568047337278107,0.44970414201183434,0.0,0.047337278106508875,0.0
30,222,4,0.7201783723522854,0.06800445930880714,0.189520624303233,2.201783723522854,0.0,0.0,0.0,0.0,0.0,0.0,0.010033444816053512,0.0,0.0,0.017837235228539576,0.0,0.0,0.0,0.0,0.043478260869565216,11.176142697881827,0.0,1.6153846153846154,0.0,7.4169453734671125,0.9933110367892977,0.05016722408026756,2.8149386845039017,0.0,0.0,0.0,0.0,0.0,0.0,10.243032329988852,1.1460423634336678,0.0,0.0,0.046822742474916385,0.0,0.46153846153846156,0.3935340022296544,0.0,0.016722408026755852,0.0
36,245,16,0.7714285714285715,0.04285714285714286,0.5142857142857142,1.7,0.0,0.0,0.0,0.0,0.0,0.0,0.0,0.0,0.0,0.0,0.0,0.0,0.0,0.0,0.0,2.3857142857142857,0.0,1.4857142857142858,0.0,1.6857142857142857,0.34285714285714286,0.0,5.757142857142857,0.0,0.0,0.0,0.0,0.0,0.0,10.085714285714285,0.6285714285714286,0.0,0.0,0.0,0.0,0.45714285714285713,0.38571428571428573,0.0,0.02857142857142857,0.0
32,261,4,0.6583333333333333,0.07222222222222222,0.08055555555555556,2.783333333333333,0.0,0.0,0.0,0.030555555555555555,0.0,0.0,0.0,0.0,0.0,0.23055555555555557,0.0,0.0,0.0,0.0,0.0,12.308333333333334,0.0,1.886111111111111,0.0,4.5777777777777775,1.5361111111111112,0.2111111111111111,2.786111111111111,0.0,0.0,0.0,0.0,0.0,0.16111111111111112,12.01388888888889,1.3555555555555556,0.0,0.011111111111111112,0.0,0.0,0.29444444444444445,0.3527777777777778,0.0,0.03888888888888889,0.475
32,276,12,0.6608695652173913,0.06956521739130435,0.2608695652173913,2.1739130434782608,0.0,0.0,0.0,0.0,0.0,0.0,0.0,0.0,0.0,0.19130434782608696,0.0,0.0,0.0,0.0,0.0,9.165217391304347,0.0,2.6869565217391305,0.0,4.426086956521739,1.1043478260869566,0.3826086956521739,4.48695652173913,0.0,0.0,0.0,0.09565217391304348,0.0,0.0,12.034782608695652,1.1565217391304348,0.0,0.5217391304347826,0.0,0.0,0.20869565217391303,0.5478260869565217,0.0,0.017391304347826087,0.0
42,295,12,0.5888888888888889,0.1,0.2,2.1777777777777776,0.0,0.0,0.0,0.45555555555555555,0.0,0.0,0.0,0.0,0.0,0.4,0.05555555555555555,0.0,0.6111111111111112,0.37777777777777777,0.0,7.811111111111111,0.0,2.577777777777778,0.0,3.0,1.1777777777777778,0.5777777777777777,3.477777777777778,0.0,0.0,0.0,0.0,0.0,0.0,11.188888888888888,0.8,0.0,0.0,0.0,0.0,0.4111111111111111,0.25555555555555554,0.0,0.022222222222222223,6.8
46,341,1,0.6230899830220713,0.0865874363327674,0.10696095076400679,2.891341256366723,0.0,0.03735144312393888,0.0,0.19015280135823429,0.0,0.0,0.0967741935483871,0.0,0.0,0.9134125636672326,0.32088285229202035,0.0,0.050933786078098474,0.06621392190152801,0.04584040747028863,13.560271646859084,0.0,1.9252971137521222,0.0,5.186757215619695,1.499151103565365,0.1935483870967742,3.5993208828522922,0.0,0.0,0.19015280135823429,0.0,0.0,0.0,12.33106960950764,1.1969439728353142,0.0,0.0,0.0,0.011884550084889643,0.3565365025466893,0.39558573853989815,0.0,0.030560271646859084,2.033955857385399
35,369,4,0.6346294937637564,0.07410124724871607,0.02127659574468085,2.5069699192956714,0.0,0.0,0.0,0.00586940572267058,0.0,0.0,0.0,0.0,0.0,0.04475421863536317,0.0,0.0,0.0,0.0,0.0,9.617021276595745,0.0,1.702127659574468,0.0,9.211298606016141,1.1746148202494497,0.08584005869405723,2.0528246515040354,0.009537784299339692,0.0,0.0,0.0,0.0,0.03008070432868672,11.663976522377109,1.3448275862068966,0.0,0.0,0.0,0.0,0.5964783565663977,0.40352164343360236,0.0,0.013939838591342627,0.14820249449743214
35,388,4,0.6838487972508591,0.054982817869415807,0.07216494845360824,3.1443298969072164,0.0,0.0,0.0,0.0,0.0,0.0,0.0,0.0,0.0,0.14776632302405499,0.0,0.0,0.0,0.0,0.0,13.484536082474227,0.0,1.8178694158075601,0.0,11.814432989690722,1.9725085910652922,0.07560137457044673,2.59106529209622,0.0,0.0,0.0,0.0,0.0,0.09621993127147767,13.65635738831615,1.725085910652921,0.0,0.0,0.0,0.0,0.9072164948453608,0.45017182130584193,0.0,0.030927835051546393,0.06872852233676977
31,454,4,0.6885964912280702,0.13157894736842105,0.40350877192982454,2.9517543859649122,0.0,0.0,0.0,0.0,0.0,0.0,0.06578947368421052,0.0,0.0,0.21929824561403508,0.0043859649122807015,0.0,0.0,0.0,0.15350877192982457,11.614035087719298,0.0,1.8596491228070176,0.0,10.407894736842104,1.6973684210526316,0.2543859649122807,4.785087719298246,0.0,0.0,0.0,0.0,0.0,0.0,12.701754385964913,1.4824561403508771,0.0,0.0,0.0,0.0,0.6842105263157895,0.38596491228070173,0.0,0.039473684210526314,0.15350877192982457
31,501,4,0.7285067873303167,0.049773755656108594,1.1764705882352942,2.32579185520362,0.0,0.0,0.0,0.14479638009049775,0.0,0.0,0.0,0.0,0.0,0.3076923076923077,0.06334841628959276,0.0,0.0,0.0,0.0,6.4343891402714934,0.0,1.918552036199095,0.0,5.411764705882353,0.9638009049773756,0.4072398190045249,7.131221719457014,0.0,0.0,0.0,0.0,0.0,0.0,11.927601809954751,0.8642533936651584,0.0,0.08144796380090498,0.0,0.0,0.3167420814479638,0.4253393665158371,0.0,0.04072398190045249,0.0
34,605,4,0.7872340425531915,0.03546099290780142,0.9645390070921985,2.198581560283688,0.0,0.0,0.0,0.0,0.0,0.0,0.0,0.0,0.0,0.0,0.0,0.0,0.0,0.0,0.0,3.8297872340425534,0.0,1.5673758865248226,0.0,3.404255319148936,0.5319148936170213,0.48226950354609927,6.539007092198582,0.0,0.0,0.0,0.0,0.0,0.0,10.943262411347519,0.8794326241134752,0.0,0.0,0.1347517730496454,0.0,0.2978723404255319,0.45390070921985815,0.0,0.028368794326241134,0.0
33,645,7,0.6491228070175439,0.15037593984962405,0.16791979949874686,4.822055137844612,0.0,0.0,0.0,0.0,0.0,0.0,0.12781954887218044,0.0,0.0,0.3383458646616541,0.020050125313283207,0.0,0.0,0.0,0.22305764411027568,19.06265664160401,0.0,1.4761904761904763,0.0,11.588972431077694,3.8095238095238093,0.14536340852130325,2.726817042606516,0.0,0.0,0.14285714285714285,0.18546365914786966,0.06265664160401002,0.0,19.99749373433584,2.426065162907268,0.0,0.3558897243107769,0.0,0.045112781954887216,0.7142857142857143,0.43358395989974935,0.0,0.03759398496240601,1.3909774436090225
48,662,4,0.6853932584269663,0.056179775280898875,1.1910112359550562,1.8202247191011236,0.0,0.0,0.0,0.0,0.0,0.0,0.2808988764044944,0.0,0.0,1.303370786516854,0.6292134831460674,0.0,0.0,0.0,1.2134831460674158,4.179775280898877,0.0,1.0786516853932584,0.0,1.404494382022472,0.0,0.3595505617977528,7.213483146067416,0.0,0.0,0.06741573033707865,0.0,0.0,0.0,9.370786516853933,0.5168539325842697,0.0,0.7415730337078652,0.0,0.0,0.0,0.3146067415730337,0.0,0.12359550561797752,0.0
43,684,4,11.860801781737194,0.32962138084632514,0.4420935412026726,28.580178173719375,0.0,0.0,0.05790645879732739,0.01002227171492205,0.0,0.0,0.0200445434298441,0.0,0.0,0.07015590200445435,0.04788418708240535,0.0,0.0,0.0,0.07461024498886415,11.11358574610245,0.0,8.906458797327394,0.0,4.974387527839643,2.046770601336303,0.25501113585746105,3.785077951002227,0.0,0.0,0.0,0.06792873051224944,0.0,0.0,40.371937639198215,1.4799554565701558,0.0,0.0077951002227171495,0.0334075723830735,0.0,0.2962138084632517,22.05902004454343,0.0,6.6915367483296215,0.0
32,707,4,17.367272727272727,0.23272727272727273,0.6818181818181818,27.298181818181817,0.0,0.0,0.0,0.0,0.0,0.0,0.005454545454545455,0.0,0.0,0.00909090909090909,0.0,0.0,0.0,0.0,0.005454545454545455,11.52909090909091,0.0,8.394545454545455,0.0,5.194545454545454,2.1145454545454547,0.13454545454545455,3.9145454545454546,0.0,0.0,0.0,0.06363636363636363,0.0,0.0,36.70363636363636,1.450909090909091,0.0,0.07636363636363637,0.01818181818181818,0.0,0.30363636363636365,22.803636363636365,0.0,10.565454545454546,0.0
30,766,4,3.5619047619047617,0.08571428571428572,1.619047619047619,1.9619047619047618,0.0,0.0,0.0,0.0,0.0,0.0,0.06666666666666667,0.0,0.0,0.08571428571428572,0.0,0.0,0.0,0.0,0.0761904761904762,2.4571428571428573,0.0,2.419047619047619,0.0,1.4,0.11428571428571428,0.17142857142857143,7.238095238095238,0.0,0.0,0.0,0.0,0.0,0.0,11.980952380952381,0.6857142857142857,0.0,0.17142857142857143,0.2571428571428571,0.0,0.0,0.638095238095238,0.0,1.2857142857142858,0.0
33,790,4,0.6551724137931034,0.13793103448275862,0.29310344827586204,2.913793103448276,0.0,0.0,0.0,0.0,0.0,0.0,0.0,0.0,0.0,0.20689655172413793,0.1896551724137931,0.0,0.0,0.0,0.0,5.4655172413793105,0.0,4.672413793103448,0.0,4.206896551724138,1.3448275862068966,0.0,2.5689655172413794,0.0,0.0,0.0,0.0,0.0,0.0,15.293103448275861,1.6551724137931034,0.0,0.0,0.0,0.0,0.3793103448275862,0.5344827586206896,0.0,0.0,0.0
36,810,4,0.6695278969957081,0.1072961373390558,0.09012875536480687,6.266094420600858,0.0,0.0,0.0,0.0,0.0,0.0,0.0,0.0,0.0,0.0,0.0,0.0,0.0,0.0,0.0,14.506437768240342,0.0,1.5150214592274678,0.0,15.815450643776824,2.9184549356223175,0.0,1.7639484978540771,0.0,0.0,0.0,0.0,0.0,0.0,27.021459227467812,3.296137339055794,0.0,0.648068669527897,0.0,0.0,1.0343347639484979,0.38626609442060084,0.0,0.02575107296137339,0.0
38,836,4,1.0096153846153846,0.08173076923076923,0.16346153846153846,7.466346153846154,0.0,0.0,0.0,0.0,0.0,0.0,0.0,0.0,0.0,0.0,0.0,0.0,0.0,0.0,0.0,11.85576923076923,0.0,1.3653846153846154,0.0,18.278846153846153,3.0673076923076925,0.0,2.9326923076923075,0.0,0.0,0.0,0.0,0.0,0.0,32.70192307692308,3.7211538461538463,0.0,1.3269230769230769,0.04326923076923077,0.0,1.1394230769230769,0.49038461538461536,0.0,0.0625,0.0
31,884,4,0.729426433915212,0.13466334164588528,0.5361596009975063,3.387780548628429,0.0,0.0,0.0,0.0,0.0,0.0,0.0,0.0,0.0,0.0,0.0,0.0,0.0,0.0,0.0,14.960099750623442,0.0,2.2069825436408976,0.0,9.699501246882793,2.311720698254364,0.02369077306733167,2.8129675810473818,0.0,0.0,0.17955112219451372,0.0,0.0,0.0,15.556109725685786,1.7755610972568578,0.0,0.26932668329177056,0.06483790523690773,0.0,0.6458852867830424,0.4825436408977556,0.0,0.034912718204488775,0.0
35,1003,4,0.5454545454545454,0.045454545454545456,0.5340909090909091,1.6704545454545454,0.0,0.0,0.0,0.0,0.0,0.0,0.0,0.0,0.0,0.0,0.0,0.0,0.0,0.0,0.0,2.602272727272727,0.0,1.5340909090909092,0.0,1.1022727272727273,0.125,0.5340909090909091,5.704545454545454,0.0,0.0,0.045454545454545456,0.0,0.0,0.0,9.397727272727273,0.7613636363636364,0.0,0.045454545454545456,0.6590909090909091,0.0,0.0,0.5227272727272727,0.0,0.022727272727272728,0.0
43,1027,4,0.6228710462287105,0.08029197080291971,0.46958637469586373,3.0,0.0,0.0,0.0,0.0,0.0,0.0,0.0,0.0,0.0,0.0,0.0,0.0,0.0,0.0,0.0,10.37469586374696,0.0,2.0851581508515813,0.0,6.367396593673966,1.75669099756691,0.0,2.995133819951338,0.0,0.0,0.0,0.0,0.0,0.0,15.27250608272506,1.637469586374696,0.0,0.031630170316301706,0.0340632603406326,0.0,0.5304136253041363,0.44768856447688565,0.0,0.021897810218978103,0.0
46,1049,4,1.3646888567293778,0.09696092619392185,0.4442836468885673,4.156295224312591,0.0,0.005788712011577424,0.0,0.02894356005788712,0.0,0.0,0.0,0.0,0.0,0.059334298118668596,0.07380607814761216,0.0,0.0,0.07814761215629522,0.0,11.580318379160637,0.0,3.4240231548480464,0.0,9.208393632416787,2.946454413892909,0.13603473227206947,4.211287988422576,0.0,0.0,0.03907380607814761,0.0,0.0,0.0,18.898697539797396,2.101302460202605,0.3386396526772793,0.0723589001447178,0.02604920405209841,0.0,0.7510853835021708,0.4934876989869754,0.0,0.2778581765557164,0.6772793053545586
31,1061,4,5.1687898089171975,0.07643312101910828,0.39331210191082805,3.4187898089171975,0.0,0.06687898089171974,0.0,0.0732484076433121,0.0,0.0,0.0,0.0,0.0,0.29777070063694266,0.03980891719745223,0.0,0.0,0.03662420382165605,0.0,9.802547770700636,0.0,6.996815286624204,0.0,7.187898089171974,1.9203821656050954,0.12898089171974522,4.901273885350318,0.0,0.0,0.07643312101910828,0.0,0.0,0.0,16.802547770700638,1.6178343949044587,0.2929936305732484,0.07961783439490445,0.0031847133757961785,0.0,0.6242038216560509,0.5971337579617835,0.0,2.982484076433121,1.9347133757961783
53,1110,4,1.2083333333333333,0.027777777777777776,0.6944444444444444,2.0277777777777777,0.0,0.2361111111111111,0.0,0.0,0.0,0.0,0.0,0.0,0.0,0.1388888888888889,0.0,0.0,0.0,0.0,0.0,5.430555555555555,0.0,5.375,0.0,2.0416666666666665,0.3333333333333333,0.3194444444444444,5.416666666666667,0.0,0.0,0.05555555555555555,0.0,0.0,0.0,13.5,0.7638888888888888,0.0,0.041666666666666664,0.0,0.0,0.0,0.5138888888888888,0.0,0.4722222222222222,0.0
47,1149,4,0.5727948990435706,0.07226354941551541,0.9171094580233794,2.8969181721572794,0.0,0.0,0.0,0.03400637619553666,0.0,0.0,0.0,0.0,0.0,0.028692879914984058,0.0,0.0,0.0,0.0,0.0,9.821466524973433,0.044633368756641874,2.0998937300743887,0.0,5.161530286928799,1.6269925611052072,0.769394261424017,5.311370882040382,0.0,0.0,0.20085015940488843,0.0,0.0,0.0,14.517534537725824,1.3645058448459086,0.0,0.27523910733262485,0.03825717321997875,0.0,0.31668437832093516,0.48352816153028694,0.0,0.04994686503719448,0.0
32,1172,4,0.6643046944198405,0.09300265721877768,0.8742249778565102,3.771479185119575,0.0,0.0,0.0,0.0,0.0,0.0,0.10983170947741364,0.0,0.0,0.21257750221434898,0.05757307351638618,0.0,0.0,0.0,0.4224977856510186,12.441984056687334,0.046058458813108945,2.2852081488042515,0.0,7.492471213463242,2.561558901682905,0.5961027457927369,5.4517271922054915,0.0,0.0,0.6386182462356067,0.0,0.0,0.0,19.052258635961028,1.9743135518157662,0.0,0.14437555358724535,0.0,0.026572187776793623,0.5146147032772365,0.4951284322409212,0.0,0.03985828166519043,2.0398582816651905
40,1210,4,0.7746478873239436,0.09859154929577464,0.3004694835680751,4.028169014084507,0.0,0.0,0.0,0.0,0.0,0.0,0.046948356807511735,0.0,0.0,0.09859154929577464,0.07511737089201878,0.0,0.0,0.0,0.11737089201877934,11.835680751173708,0.0,2.2535211267605635,0.0,9.173708920187794,3.464788732394366,0.12206572769953052,2.9812206572769955,0.0,0.0,0.03286384976525822,0.10328638497652583,0.0,0.0,19.802816901408452,2.1220657276995305,0.4788732394366197,0.0,0.0,0.0,0.7464788732394366,0.45539906103286387,0.0,0.08450704225352113,0.6338028169014085
34,1239,4,0.7104945717732207,0.097708082026538,0.4089264173703257,3.2774427020506636,0.0,0.0,0.0,0.0,0.0,0.0,0.0,0.0,0.0,0.0012062726176115801,0.0,0.0,0.0,0.0,0.0,11.102533172496985,0.0,2.371531966224367,0.0,9.907117008443908,2.138721351025332,0.08082026537997587,3.2062726176115803,0.0,0.0,0.03498190591073583,0.07840772014475271,0.0,0.0,17.9481302774427,1.7985524728588662,0.0,0.010856453558504222,0.047044632086851626,0.0,0.6755126658624849,0.46682750301568154,0.0,0.032569360675512665,0.0
37,1286,4,0.6597938144329897,0.10996563573883161,0.24742268041237114,3.1649484536082473,0.0,0.0,0.0,0.0,0.0,0.0,0.0,0.0,0.0,0.0,0.0,0.0,0.0,0.0,0.0,8.333333333333334,0.0,2.1168384879725086,0.0,6.457044673539519,1.7938144329896908,0.0,3.127147766323024,0.0,0.0,0.07560137457044673,0.140893470790378,0.0,0.0,18.013745704467354,1.8075601374570447,0.0,0.0,0.15120274914089346,0.0,0.43986254295532645,0.5189003436426117,0.0,0.024054982817869417,0.0
35,1386,4,0.6892341842397336,0.1120976692563818,0.6304106548279689,4.035516093229745,0.0,0.0,0.0,0.0,0.0,0.0,0.0,0.0,0.0,0.005549389567147614,0.0,0.0,0.0,0.0,0.0022197558268590455,15.075471698113208,0.00776914539400666,2.6204217536071033,0.0,5.986681465038846,2.8435072142064373,0.006659267480577136,3.0776914539400666,0.0,0.0,0.14761376248612654,0.21309655937846836,0.0,0.0,20.41509433962264,2.012208657047725,0.0,0.20754716981132076,0.05993340732519423,0.0,0.4384017758046615,0.5571587125416204,0.0,0.03440621531631521,0.0
41,1422,12,0.583756345177665,0.0532994923857868,0.8654822335025381,3.261421319796954,0.0,0.0,0.0,0.0,0.0,0.0,0.0,0.0,0.0,0.0,0.0,0.0,0.0,0.0,0.0,6.124365482233503,0.01015228426395939,4.0786802030456855,0.0,4.50507614213198,1.5406091370558375,0.1319796954314721,5.456852791878172,0.0,0.0,0.04060913705583756,0.07868020304568528,0.0,0.0,18.67766497461929,1.7055837563451777,0.0,0.02030456852791878,0.007614213197969543,0.0,0.5710659898477157,0.5406091370558376,0.0,0.030456852791878174,0.0
42,1438,4,0.5459459459459459,0.11081081081081082,0.3027027027027027,2.824324324324324,0.0,0.10270270270270271,0.0,0.9864864864864865,0.0,0.0,0.0,0.0,0.0,0.9864864864864865,0.3945945945945946,0.0,0.0,0.4972972972972973,0.051351351351351354,9.840540540540541,0.0,13.781081081081082,0.0,2.854054054054054,1.4243243243243244,0.35945945945945945,4.205405405405405,0.0,0.0,0.10270270270270271,0.0,0.0,0.0,15.227027027027027,0.9783783783783784,0.0,0.0,0.22972972972972974,0.0,0.8675675675675676,0.5540540540540541,0.0,0.08648648648648649,8.408108108108108
41,1454,4,0.5951219512195122,0.12682926829268293,0.06097560975609756,4.797560975609756,0.0,0.0024390243902439024,0.0,0.05365853658536585,0.0,0.0,0.0,0.0,0.0,0.06097560975609756,0.01707317073170732,0.0,0.0,0.0,0.0,11.173170731707318,0.0,2.9682926829268292,0.0,6.3341463414634145,2.1707317073170733,0.03170731707317073,2.4048780487804877,0.0,0.0,0.0,0.2121951219512195,0.0,0.0,24.690243902439025,2.702439024390244,0.0,0.0,0.05609756097560976,0.0,0.33170731707317075,0.526829268292683,0.0,0.02926829268292683,0.0
30,1469,14,0.6222826086956522,0.08695652173913043,0.296195652173913,3.9347826086956523,0.0,0.0,0.0,0.0,0.0,0.0,0.057065217391304345,0.0,0.010869565217391304,0.33152173913043476,0.10054347826086957,0.0,0.0,0.0,0.0,10.722826086956522,0.0,3.339673913043478,0.0,5.991847826086956,2.1875,0.04891304347826087,2.135869565217391,0.0,0.0,0.0,0.1956521739130435,0.0,0.0,20.11141304347826,1.8641304347826086,0.0,0.0,0.0,0.0,0.5652173913043478,0.46195652173913043,0.0,0.035326086956521736,0.0
35,1485,4,1.088235294117647,0.08823529411764706,0.20588235294117646,3.1029411764705883,0.0,0.0,0.0,0.0,0.0,0.0,0.0,0.0,0.0,1.0588235294117647,0.36764705882352944,0.0,0.0,0.0,0.0,7.720588235294118,0.0,4.602941176470588,0.0,5.102941176470588,1.6029411764705883,0.8970588235294118,3.1029411764705883,0.0,0.0,0.0,0.0,0.0,0.0,17.308823529411764,1.4852941176470589,0.0,0.0,0.0,0.0,0.5294117647058824,0.4852941176470588,0.0,0.4411764705882353,1.25
33,1500,4,0.908256880733945,0.10091743119266056,0.39908256880733944,4.146788990825688,0.0,0.0,0.0,0.0,0.0,0.0,0.03211009174311927,0.0,0.0045871559633027525,0.5412844036697247,0.3256880733944954,0.0,0.0,0.0,0.0,13.068807339449542,0.0,4.6880733944954125,0.0,15.238532110091743,3.2752293577981653,0.4724770642201835,4.922018348623853,0.0,0.0,0.0,0.0,0.0,0.0,21.105504587155963,2.1743119266055047,0.0,0.0,0.0,0.0,1.146788990825688,0.5871559633027523,0.0,0.08256880733944955,0.04128440366972477
41,1516,4,0.5982905982905983,0.13675213675213677,0.0,4.589743589743589,0.0,0.0,0.0,0.0,0.0,0.0,0.0,0.0,0.0,0.1282051282051282,0.1623931623931624,0.0,0.0,0.11965811965811966,0.0,15.213675213675213,0.0,4.94017094017094,0.0,20.982905982905983,4.538461538461538,0.1282051282051282,3.6324786324786325,0.0,0.0,0.0,0.0,0.0,0.0,22.675213675213676,2.41025641025641,0.0,0.05982905982905983,0.05982905982905983,0.0,1.4188034188034189,0.5384615384615384,0.0,0.05128205128205128,2.41025641025641
34,1567,7,0.6269349845201239,0.08823529411764706,0.4040247678018576,3.4411764705882355,0.0,0.04024767801857585,0.0,0.0,0.0,0.0,0.0,0.0,0.0,0.1238390092879257,0.06191950464396285,0.0,0.0,0.04953560371517028,0.0,10.337461300309597,0.0,4.552631578947368,0.0,16.738390092879257,2.521671826625387,0.26006191950464397,5.436532507739938,0.0,0.03715170278637771,0.07585139318885449,0.0,0.0,0.0,18.207430340557277,1.5804953560371517,0.0,0.1346749226006192,0.14086687306501547,0.0,1.13312693498452,0.5170278637770898,0.0,0.034055727554179564,0.06501547987616099
33,1625,12,0.6324503311258278,0.09602649006622517,1.033112582781457,3.1556291390728477,0.0,0.0,0.0,0.0,0.0,0.0,0.6324503311258278,0.0,0.0,1.3344370860927153,0.5099337748344371,0.0,0.0,0.0,2.2582781456953644,2.562913907284768,0.0,3.781456953642384,0.0,4.089403973509934,1.8940397350993377,0.543046357615894,9.668874172185431,0.0,0.16225165562913907,4.172185430463577,0.0,0.0,0.0,19.12251655629139,1.3178807947019868,0.0,0.20860927152317882,0.12582781456953643,0.0,0.28807947019867547,0.46357615894039733,0.0,0.076158940397351,1.5562913907284768
32,1654,4,0.7043010752688172,0.12903225806451613,0.44623655913978494,4.150537634408602,0.0,0.2849462365591398,0.0,0.5161290322580645,0.0,0.0,0.0,0.0,0.0,0.7258064516129032,0.46774193548387094,0.0,0.0,1.3870967741935485,0.0,13.548387096774194,0.016129032258064516,19.822580645161292,0.0,13.634408602150538,3.661290322580645,0.4032258064516129,4.086021505376344,0.0,0.03225806451612903,0.22580645161290322,0.0,0.0,0.0,23.833333333333332,1.3709677419354838,0.0,0.34946236559139787,0.20967741935483872,0.0,1.1290322580645162,0.6075268817204301,0.0,0.08064516129032258,7.387096774193548
39,1685,4,0.6910112359550562,0.10112359550561797,0.7471910112359551,4.280898876404494,0.0,0.0,0.0,0.0,0.0,0.0,0.0,0.0,0.0,0.0,0.0,0.0,0.0,0.0,0.0,16.0,0.06741573033707865,3.134831460674157,0.0,16.691011235955056,2.3202247191011236,0.21910112359550563,4.887640449438202,0.0,0.0,0.25842696629213485,0.0,0.0,0.0,26.617977528089888,2.044943820224719,0.0,0.4550561797752809,0.0,0.0,1.0842696629213484,0.6235955056179775,0.0,0.02247191011235955,0.29775280898876405
31,1698,7,0.631578947368421,0.07157894736842105,1.016842105263158,2.8042105263157895,0.0,0.0,0.0,0.056842105263157895,0.0,0.0,0.010526315789473684,0.0,0.0,0.056842105263157895,0.01263157894736842,0.0,0.0,0.0,0.07157894736842105,4.92,0.0,3.4842105263157896,0.0,2.3957894736842107,0.871578947368421,0.5936842105263158,7.458947368421053,0.0,0.0,0.4168421052631579,0.0,0.0,0.0,22.926315789473684,1.3389473684210527,0.0,0.5410526315789473,0.06315789473684211,0.002105263157894737,0.04842105263157895,0.5031578947368421,0.0,0.02736842105263158,0.056842105263157895
33,1729,4,0.6896551724137931,0.10344827586206896,2.103448275862069,2.6551724137931036,0.0,0.0,0.0,0.39655172413793105,0.0,0.0,0.7068965517241379,0.0,0.0,1.5,0.39655172413793105,0.0,0.0,0.0,1.9310344827586208,6.775862068965517,0.0,4.724137931034483,0.0,2.7413793103448274,0.896551724137931,1.3103448275862069,15.448275862068966,0.0,0.0,0.6379310344827587,0.0,0.0,0.0,19.17241379310345,0.7413793103448276,0.0,0.5517241379310345,0.3620689655172414,0.15517241379310345,0.10344827586206896,0.4827586206896552,0.0,0.10344827586206896,0.6724137931034483
44,1747,4,0.7302631578947368,0.11842105263157894,0.6776315789473685,3.3092105263157894,0.0,0.0,0.0,0.0,0.0,0.0,0.019736842105263157,0.0,0.0,0.08552631578947369,0.039473684210526314,0.0,0.0,0.0,0.26973684210526316,7.8355263157894735,0.0,2.723684210526316,0.0,3.25,1.493421052631579,0.24342105263157895,5.9868421052631575,0.0,0.0,0.03289473684210526,0.0,0.0,0.0,20.769736842105264,1.3092105263157894,0.0,0.0,0.23026315789473684,0.0,0.09868421052631579,0.46710526315789475,0.0,0.03289473684210526,0.0
38,1804,4,0.7629233511586453,0.1140819964349376,0.6880570409982175,2.6684491978609626,0.0,0.0,0.0,0.0,0.0,0.0,0.0,0.0,0.0,0.0285204991087344,0.0,0.0,0.0,0.0,0.0,11.19964349376114,0.0,3.893048128342246,0.0,3.2602495543672014,1.121212121212121,0.9429590017825312,7.695187165775401,0.0,0.0,0.16042780748663102,0.0,0.0,0.0,17.515151515151516,1.0695187165775402,0.0,0.0,0.1711229946524064,0.0,0.1925133689839572,0.5472370766488414,0.0,0.040998217468805706,0.0
37,1924,5,0.7920604914933838,0.10586011342155009,0.5879017013232514,3.45179584120983,0.0,0.0,0.0,0.0,0.0,0.0,0.0,0.0,0.0,0.0,0.0,0.0,0.0,0.0,0.0,8.517958412098299,0.026465028355387523,3.9111531190926274,0.0,9.240075614366729,1.710775047258979,0.55765595463138,7.170132325141777,0.0,0.0,0.21928166351606806,0.0,0.0,0.0,18.219281663516067,1.4158790170132325,0.0,0.0,0.1001890359168242,0.0,0.6030245746691871,0.6124763705103969,0.0,0.02835538752362949,0.0
41,1955,4,1.0718954248366013,0.20915032679738563,0.5076252723311547,6.222222222222222,0.0,0.05010893246187364,0.0,0.008714596949891068,0.0,0.037037037037037035,0.6753812636165577,0.0,0.41830065359477125,1.1285403050108933,0.6993464052287581,0.0,0.015250544662309368,0.0,0.004357298474945534,18.315904139433552,0.004357298474945534,5.05446623093682,0.3769063180827887,17.533769063180827,6.886710239651416,0.6949891067538126,7.603485838779957,0.0,0.0,0.05010893246187364,0.0,0.2875816993464052,0.0,31.03050108932462,2.9368191721132897,0.0,0.41612200435729846,0.05010893246187364,0.0,1.326797385620915,0.5773420479302832,0.31808278867102396,0.058823529411764705,1.2832244008714597
42,1972,7,0.919661733615222,0.13742071881606766,1.1014799154334038,3.5200845665961946,0.0,0.0,0.0,0.0,0.0,0.0,0.0,0.0,0.0,0.02536997885835095,0.0,0.0,0.008456659619450317,0.0,0.014799154334038054,7.399577167019028,0.04439746300211417,6.761099365750528,0.0,3.3403805496828753,1.7019027484143763,1.0570824524312896,8.446088794926004,0.0,0.0,0.46723044397463004,0.0,0.0,0.0,20.972515856236786,1.6448202959830867,0.0,0.5179704016913319,0.0,0.0,0.19027484143763213,0.6363636363636364,0.0,0.042283298097251586,0.0
37,2004,4,0.9889867841409692,0.18722466960352424,1.2885462555066078,3.8722466960352424,0.0,0.0,0.0,0.0,0.0,0.0,0.21145374449339208,0.0,0.0,0.6651982378854625,0.3854625550660793,0.0,0.0,0.0,1.092511013215859,12.810572687224669,0.10352422907488987,5.814977973568282,0.0,6.757709251101321,2.185022026431718,1.420704845814978,10.755506607929515,0.0,0.0,0.3656387665198238,0.0,0.0,0.0,19.73568281938326,1.2577092511013215,0.0,0.5616740088105727,0.05506607929515418,0.18061674008810572,0.40969162995594716,0.6123348017621145,0.0,0.06607929515418502,0.0
39,45,4,0.9789272030651341,0.16475095785440613,0.4559386973180077,3.863984674329502,0.0,0.0,0.0,0.0,0.0,0.0,0.0,0.0,0.0,0.02490421455938697,0.0019157088122605363,0.0,0.0,0.0,0.0,12.053639846743295,0.0,5.385057471264368,0.0,13.969348659003831,2.8563218390804597,0.524904214559387,4.352490421455939,0.0,0.0,0.028735632183908046,0.0,0.0,0.0,19.300766283524904,1.6187739463601531,0.0,0.07471264367816093,0.0,0.0,1.078544061302682,0.6666666666666666,0.0,0.02681992337164751,0.0
42,960,4,1.0445344129554657,0.048582995951417005,0.3684210526315789,2.493927125506073,0.0,0.0,0.0,0.0,0.0,0.0,0.0,0.0,0.0,0.0,0.0,0.0,0.0,0.0,0.0,4.271255060728745,0.0,2.117408906882591,0.0,0.7894736842105263,0.145748987854251,0.18218623481781376,5.676113360323886,0.0,0.0,0.0,0.0,0.0,0.0,11.506072874493928,1.0728744939271255,0.0,0.0,0.0,0.0,0.0,0.7246963562753036,0.0,0.048582995951417005,0.0
41,1886,4,0.4898419864559819,0.05417607223476298,0.9548532731376975,2.018058690744921,0.0,0.0,0.0,0.0,0.0,0.0,0.0,0.0,0.0,0.004514672686230248,0.0,0.0,0.0,0.0,0.009029345372460496,7.139954853273138,0.022573363431151242,1.6230248306997743,0.0,1.0519187358916477,0.4898419864559819,0.0,5.893905191873589,0.0,0.0,0.0,0.0,0.0,0.0,11.762979683972912,0.8419864559819413,0.0,0.0,0.19187358916478556,0.0,0.08803611738148984,0.45146726862302483,0.0,0.022573363431151242,0.0
43,422,12,0.8699551569506726,0.07623318385650224,0.7354260089686099,2.7847533632286994,0.0,0.0,0.0,0.0,0.0,0.0,0.0,0.0,0.0,0.0,0.0,0.0,0.0,0.0,0.0,10.513452914798206,0.0,5.266816143497758,0.0,5.4125560538116595,1.0695067264573992,0.9663677130044843,7.013452914798206,0.0,0.0,0.28699551569506726,0.0,0.0,0.0,14.473094170403588,1.0493273542600896,0.0,0.3273542600896861,0.008968609865470852,0.0,0.3789237668161435,0.4618834080717489,0.0,0.03811659192825112,0.08071748878923767
41,745,8,1.001996007984032,0.0658682634730539,0.34930139720558884,2.852295409181637,0.0,0.031936127744510975,0.0,0.6327345309381237,0.0,0.0,0.0,0.0,0.0,0.8223552894211577,0.05788423153692615,0.0,0.0,0.09381237524950099,0.001996007984031936,8.650698602794412,0.0,1.904191616766467,0.0,2.183632734530938,1.5528942115768463,0.2435129740518962,4.355289421157685,0.0,0.0,0.0,0.0,0.0,0.5389221556886228,12.854291417165669,1.281437125748503,0.0,0.0,0.0499001996007984,0.0,0.5349301397205589,0.4291417165668663,0.0,0.3313373253493014,8.249500998003992
49,547,4,0.7644710578842315,0.11776447105788423,0.4111776447105788,4.153692614770459,0.0,0.0,0.0,0.0,0.0,0.0,0.29141716566866266,0.0,0.0,0.6866267465069861,0.0,0.0,0.0,0.0,0.0,11.696606786427147,0.0,1.778443113772455,0.0,8.546906187624751,2.688622754491018,0.03792415169660679,3.8542914171656686,0.0,0.0,0.0,0.0,0.0,0.0,17.964071856287426,2.0199600798403194,0.0,0.0,0.0,0.0,0.5668662674650699,0.43912175648702595,0.0,0.04590818363273453,1.1736526946107784
55,1645,4,0.7383177570093458,0.06261682242990654,0.6233644859813084,2.588785046728972,0.0,0.0,0.0,0.009345794392523364,0.0,0.0,0.0,0.0,0.0,0.0009345794392523365,0.0,0.0,0.0,0.0,0.0,8.79532710280374,0.0,3.7392523364485983,0.0,5.2401869158878505,1.5616822429906543,0.35514018691588783,3.7177570093457946,0.0,0.0,0.04953271028037383,0.0,0.0,0.019626168224299065,12.805607476635513,1.3803738317757008,0.0,0.30934579439252335,0.0009345794392523365,0.0,0.27476635514018694,0.4542056074766355,0.0,0.03364485981308411,0.10747663551401869
43,628,4,0.6649175412293853,0.10419790104947527,0.6416791604197901,3.7781109445277363,0.0,0.011244377811094454,0.0,0.005247376311844078,0.0,0.0,0.0,0.0,0.0,0.07571214392803598,0.011244377811094454,0.0,0.0029985007496251873,0.043478260869565216,0.0,12.38680659670165,0.02623688155922039,3.2788605697151425,0.0,11.782608695652174,1.7533733133433282,0.32983508245877063,4.150674662668665,0.0,0.0,0.5899550224887556,0.0,0.0,0.0,21.780359820089956,1.6619190404797601,0.0,0.5584707646176912,0.0037481259370314842,0.0,0.7616191904047976,0.5,0.0,0.03823088455772114,0.6484257871064468
44,771,4,0.6754385964912281,0.06140350877192982,0.2543859649122807,2.892543859649123,0.0,0.0,0.0,0.0,0.0,0.0,0.013157894736842105,0.0,0.0,0.03289473684210526,0.006578947368421052,0.0,0.0,0.0,0.1074561403508772,8.396929824561404,0.0,1.9583333333333333,0.0,9.532894736842104,2.026315789473684,0.16228070175438597,3.1228070175438596,0.0,0.0,0.1600877192982456,0.0,0.0,0.0,12.87061403508772,1.4517543859649122,0.0,0.07017543859649122,0.12938596491228072,0.0,0.618421052631579,0.4934210526315789,0.0,0.019736842105263157,0.0
51,1180,4,0.6516129032258065,0.09247311827956989,0.22795698924731184,3.4279569892473116,0.0,0.0,0.0,0.0,0.0,0.0,0.004301075268817204,0.0,0.0,0.08602150537634409,0.008602150537634409,0.0,0.0,0.0,0.0,10.705376344086021,0.0,2.511827956989247,0.0,9.227956989247312,2.2193548387096773,0.0,2.3978494623655915,0.0,0.0,0.1032258064516129,0.0,0.0,0.0,16.021505376344088,1.956989247311828,0.0,0.0,0.0,0.0,0.6946236559139785,0.5075268817204301,0.0,0.023655913978494623,0.0
43,1904,4,0.6768211920529801,0.09536423841059603,0.5072847682119205,3.933774834437086,0.0,0.0,0.0,0.0,0.0,0.0,0.0,0.0,0.0,0.25695364238410595,0.0,0.0,0.0,0.0,0.0,12.083443708609272,0.0,2.148344370860927,0.0,5.835761589403973,3.128476821192053,0.24503311258278146,4.0688741721854305,0.0,0.0,0.17880794701986755,0.1986754966887417,0.0,0.0,19.28476821192053,1.9880794701986755,0.16423841059602648,0.21721854304635763,0.022516556291390728,0.0,0.4410596026490066,0.49403973509933774,0.0,0.03576158940397351,0.0
52,399,7,0.7905982905982906,0.1282051282051282,0.29914529914529914,3.252136752136752,0.0,0.0,0.0,0.008547008547008548,0.0,0.0,0.004273504273504274,0.0,0.0,0.14102564102564102,0.02564102564102564,0.0,0.0,0.0,0.0,11.636752136752136,0.008547008547008548,4.542735042735043,0.0,6.277777777777778,1.7222222222222223,0.7264957264957265,9.97008547008547,0.0,0.0,0.32905982905982906,0.0,0.029914529914529916,0.0,18.636752136752136,1.2777777777777777,0.0,0.2863247863247863,0.0,0.0,0.5213675213675214,0.5470085470085471,0.3717948717948718,0.017094017094017096,0.021367521367521368
46,503,4,2.1216407355021216,0.09335219236209336,0.13154172560113153,3.2022630834512023,0.0,0.0,0.0,0.18811881188118812,0.0,0.0,0.2913719943422914,0.0,0.0,0.7793493635077794,0.2956152758132956,0.0,0.0,0.0594059405940594,0.5954738330975955,10.468175388967468,0.0,1.6647807637906649,0.0,7.323903818953324,2.362093352192362,0.4186704384724187,3.9476661951909477,0.0,0.0,0.0,0.0,0.04526166902404526,0.02545968882602546,14.332390381895332,1.7015558698727016,0.0,0.0,0.0,0.0,0.5134370579915134,0.4314002828854314,0.0,1.024045261669024,2.521923620933522
42,1469,5,0.7088846880907372,0.054820415879017016,0.5803402646502835,1.7637051039697542,0.0,0.0,0.0,0.0,0.0,0.0,0.0,0.0,0.0,0.0,0.0,0.0,0.0,0.0,0.0,6.495274102079395,0.0,1.5028355387523629,0.0,2.3553875236294894,0.4102079395085066,0.31001890359168244,5.610586011342155,0.0,0.0,0.0,0.0,0.0,0.0,9.512287334593573,0.7410207939508506,0.0,0.005671077504725898,0.0831758034026465,0.0,0.0,0.3629489603024575,0.0,0.034026465028355386,0.0
42,456,15,0.6804123711340206,0.13402061855670103,0.29381443298969073,5.685567010309279,0.0,0.0,0.0,0.0,0.0,0.0,0.4690721649484536,0.0,0.15463917525773196,1.6391752577319587,1.0,0.0,0.0,0.0,0.0,8.288659793814434,0.0,4.211340206185567,0.23711340206185566,8.809278350515465,6.623711340206185,0.4845360824742268,3.463917525773196,0.0,0.0,0.0,0.0,0.0,0.030927835051546393,28.082474226804123,3.185567010309278,0.0,0.0,0.0,0.0,0.7164948453608248,0.6701030927835051,0.0,0.06701030927835051,0.0
52,1937,4,0.6431718061674009,0.07048458149779736,1.2819383259911894,2.202643171806167,0.0,0.0,0.0,0.40969162995594716,0.0,0.0,0.0,0.0,0.0,0.6960352422907489,0.030837004405286344,0.0,0.0,0.0,0.0,8.392070484581497,0.0,1.8149779735682818,0.0,1.2863436123348018,0.6784140969162996,0.6431718061674009,7.348017621145375,0.0,0.0,0.0,0.0,0.0,0.0,10.17180616740088,0.7092511013215859,0.0,0.1013215859030837,0.02643171806167401,0.0,0.10572687224669604,0.32599118942731276,0.0,0.039647577092511016,0.0
45,95,4,0.9957894736842106,0.18736842105263157,1.0863157894736841,5.7368421052631575,0.0,0.0,0.0,0.0,0.0,0.0,0.05473684210526316,0.0,0.029473684210526315,0.1831578947368421,0.07578947368421053,0.0,0.0,0.0,0.0,14.766315789473683,0.1031578947368421,6.016842105263158,0.004210526315789474,16.313684210526315,4.233684210526316,0.9242105263157895,10.766315789473683,0.0,0.0,0.1431578947368421,0.0,0.016842105263157894,0.0,29.972631578947368,2.553684210526316,0.0,0.6778947368421052,0.014736842105263158,0.0,0.9957894736842106,0.6652631578947369,0.0,0.042105263157894736,0.0
52,272,12,0.7676348547717843,0.04979253112033195,0.12863070539419086,2.5228215767634854,0.0,0.0,0.0,0.0,0.0,0.0,0.0,0.0,0.0,0.44398340248962653,0.0,0.0,0.0,0.0,0.0,10.311203319502075,0.0,2.236514522821577,0.0,1.8132780082987552,0.7800829875518672,0.0,2.879668049792531,0.0,0.0,0.0,0.0,0.0,0.0,10.858921161825727,1.2074688796680497,0.0,0.0,0.0,0.0,0.08713692946058091,0.4107883817427386,0.0,0.04564315352697095,0.0
51,1714,7,0.7220588235294118,0.054411764705882354,0.047058823529411764,1.9205882352941177,0.0,0.04852941176470588,0.0,0.4470588235294118,0.0,0.0,0.03235294117647059,0.0,0.0,0.5220588235294118,0.14558823529411766,0.0,0.004411764705882353,0.10147058823529412,0.10882352941176471,5.65,0.0,8.216176470588236,0.0,6.958823529411765,1.0573529411764706,0.17058823529411765,3.2,0.0,0.0,0.007352941176470588,0.0,0.0,0.0,9.779411764705882,0.9044117647058824,0.0,0.013235294117647059,0.0,0.0,0.4235294117647059,0.4264705882352941,0.0,0.03235294117647059,3.1735294117647057
58,1831,4,0.6417233560090703,0.11337868480725624,2.378684807256236,3.365079365079365,0.0,0.0,0.0,0.0045351473922902496,0.0,0.0,0.26077097505668934,0.0,0.0,0.780045351473923,0.3673469387755102,0.0,0.0,0.0,1.0839002267573696,12.555555555555555,0.09750566893424037,3.9024943310657596,0.0,3.9886621315192743,1.657596371882086,1.4467120181405895,14.712018140589569,0.0,0.0,0.17006802721088435,0.0,0.0,0.0,23.743764172335602,1.2131519274376417,0.0,0.0,0.3786848072562358,0.0,0.23582766439909297,0.5328798185941043,0.0,0.05442176870748299,1.3650793650793651
52,235,11,1.0259631490787269,0.12646566164154105,1.0226130653266332,3.6834170854271355,0.0,0.025963149078726967,0.0,0.04355108877721943,0.0,0.0,0.005025125628140704,0.0,0.0,0.22278056951423786,0.05108877721943048,0.0,0.0,0.0,0.09128978224455611,12.658291457286433,0.0695142378559464,5.9045226130653266,0.0,9.01675041876047,1.9840871021775544,0.8006700167504187,8.16499162479062,0.0,0.0,0.3777219430485762,0.0,0.0,0.0,18.37102177554439,1.3894472361809045,0.0,0.3492462311557789,0.13400335008375208,0.0,0.6239530988274706,0.5971524288107203,0.0,0.0829145728643216,0.023450586264656615
46,793,4,0.7340425531914894,0.08966565349544073,0.22644376899696048,3.291793313069909,0.0,0.0,0.0,0.04711246200607903,0.0,0.0,0.05319148936170213,0.0,0.0,0.6641337386018237,0.09878419452887538,0.0,0.0,0.0,0.14893617021276595,9.995440729483283,0.0,1.682370820668693,0.0,7.962006079027356,2.0303951367781155,0.23404255319148937,3.917933130699088,0.0,0.0,0.0,0.0,0.0,0.4088145896656535,14.293313069908814,1.825227963525836,0.0,0.0,0.0060790273556231,0.0,0.5957446808510638,0.42401215805471126,0.0,0.0364741641337386,0.7264437689969605
44,1494,14,0.8643410852713178,0.1124031007751938,0.18992248062015504,4.767441860465116,0.0,0.0,0.0,0.0,0.0,0.0,0.0,0.0,0.0,0.0,0.0,0.0,0.0,0.0,0.0,11.891472868217054,0.0,1.9844961240310077,0.0,11.670542635658915,3.189922480620155,0.0,3.5271317829457365,0.0,0.0,0.29457364341085274,0.0,0.0,0.0,20.631782945736433,2.546511627906977,0.0,0.2596899224806202,0.0,0.0,0.8643410852713178,0.43023255813953487,0.0,0.03488372093023256,0.0
46,1731,4,0.7422680412371134,0.05154639175257732,0.18556701030927836,2.979381443298969,0.0,0.35051546391752575,0.0,0.0,0.0,0.0,0.0,0.0,0.0,0.6391752577319587,0.422680412371134,0.0,0.0,0.3711340206185567,0.0,6.123711340206185,0.0,7.463917525773196,0.0,6.402061855670103,1.9793814432989691,0.4020618556701031,5.505154639175258,0.0,0.0,0.0,0.0,0.0,0.0,17.123711340206185,1.4845360824742269,0.0,0.0,0.15463917525773196,0.0,0.5670103092783505,0.3917525773195876,0.0,0.041237113402061855,2.865979381443299
56,1483,11,0.6239316239316239,0.05982905982905983,0.7478632478632479,2.6025641025641026,0.0,0.0,0.0,0.0,0.0,0.0,0.02564102564102564,0.0,0.0,0.07264957264957266,0.038461538461538464,0.0,0.0,0.0,0.26495726495726496,4.004273504273504,0.0,3.1923076923076925,0.0,1.6282051282051282,0.9871794871794872,0.2905982905982906,6.581196581196581,0.0,0.0,0.017094017094017096,0.0,0.0,0.0,19.602564102564102,1.205128205128205,0.0,0.0,0.19658119658119658,0.0,0.0,0.5128205128205128,0.0,0.02564102564102564,0.0
52,39,16,0.696,0.09866666666666667,0.41333333333333333,3.2346666666666666,0.0,0.256,0.0,0.544,0.0,0.0,0.037333333333333336,0.0,0.050666666666666665,1.1093333333333333,0.43733333333333335,0.0,0.06933333333333333,0.32266666666666666,0.042666666666666665,9.488,0.0,5.581333333333333,0.021333333333333333,3.4426666666666668,2.1333333333333333,0.9306666666666666,5.584,0.09333333333333334,0.0,0.0,0.0,0.0,0.904,16.984,1.3573333333333333,0.0,0.0,0.10133333333333333,0.0,0.48533333333333334,0.44266666666666665,0.0,0.064,4.381333333333333
55,139,4,1.0401146131805157,0.08882521489971347,0.06303724928366762,3.0916905444126073,0.0,0.0,0.0,0.0,0.0,0.0,0.045845272206303724,0.0,0.06303724928366762,0.38108882521489973,0.13753581661891118,0.0,0.0,0.0,0.02865329512893983,10.98567335243553,0.0,2.9369627507163325,0.0,2.9283667621776504,0.5988538681948424,0.28653295128939826,5.103151862464183,0.0,0.0,0.0,0.0,0.0,0.0,12.335243553008596,1.2922636103151863,0.0,0.0,0.0,0.0,0.09455587392550144,0.7020057306590258,0.0,0.04011461318051576,0.008595988538681949
52,374,11,0.8505747126436781,0.09482758620689655,0.4339080459770115,3.9655172413793105,0.0,0.0,0.0,0.0,0.0,0.0,0.10919540229885058,0.0,0.0,0.3879310344827586,0.1206896551724138,0.0,0.0,0.0,0.33045977011494254,17.063218390804597,0.0,1.6551724137931034,0.0,9.264367816091953,2.6350574712643677,0.16666666666666666,3.882183908045977,0.0,0.0,0.0,0.1724137931034483,0.0,0.0,15.767241379310345,2.1149425287356323,0.0,0.0,0.0,0.0,0.514367816091954,0.3764367816091954,0.0,0.03735632183908046,0.0
59,612,4,0.7703180212014135,0.08480565371024736,0.48056537102473496,3.088339222614841,0.0,0.0,0.0,0.038869257950530034,0.0,0.0,0.038869257950530034,0.0,0.0,0.8621908127208481,0.014134275618374558,0.0,0.24028268551236748,0.17667844522968199,0.07773851590106007,5.508833922261484,0.0,3.010600706713781,0.0,2.0636042402826855,1.2332155477031803,2.0176678445229683,3.2261484098939928,0.13427561837455831,0.0,0.07420494699646643,0.0,0.0,1.2614840989399294,13.565371024734983,1.5936395759717314,0.0,0.0,0.0,0.0,0.9646643109540636,0.4558303886925795,0.0,0.0636042402826855,2.2720848056537104
58,809,4,0.6919431279620853,0.06635071090047394,0.3080568720379147,3.018957345971564,0.0,0.0,0.0,0.0,0.0,0.0,0.0,0.0,0.0,0.03475513428120063,0.10426540284360189,0.0,0.0,0.0,0.020537124802527645,9.786729857819905,0.0,1.938388625592417,0.0,9.674565560821485,2.0157977883096367,0.05687203791469194,3.137440758293839,0.0,0.0,0.1500789889415482,0.007898894154818325,0.0,0.0,13.244865718799367,1.4170616113744077,0.0,0.13428120063191154,0.03317535545023697,0.0,0.636650868878357,0.47709320695102686,0.0,0.037914691943127965,0.0
55,84,4,0.6934306569343066,0.08029197080291971,0.4908759124087591,3.4708029197080292,0.0,0.0,0.0,0.0,0.0,0.0,0.0,0.0,0.0,0.0,0.0,0.0,0.0,0.0,0.0,11.038321167883211,0.0,2.2062043795620436,0.0,7.443430656934306,2.2244525547445257,0.01824817518248175,3.9616788321167884,0.0,0.0,0.1989051094890511,0.0,0.0,0.0,15.532846715328468,1.6843065693430657,0.0,0.10401459854014598,0.0072992700729927005,0.0,0.46167883211678834,0.4324817518248175,0.0,0.04562043795620438,0.0
58,639,4,0.7909604519774012,0.08192090395480225,0.1016949152542373,2.901129943502825,0.0,0.0,0.0,0.0,0.0,0.0,0.0,0.0,0.0,0.16101694915254236,0.0,0.0,0.0,0.07062146892655367,0.1384180790960452,10.44915254237288,0.0,2.562146892655367,0.0,2.2288135593220337,0.9717514124293786,0.062146892655367235,2.6129943502824857,0.0,0.0,0.0,0.0,0.0,0.0,11.88135593220339,1.4491525423728813,0.0,0.04519774011299435,0.0,0.0,0.08757062146892655,0.3983050847457627,0.0,0.025423728813559324,0.0
60,926,5,0.6548387096774193,0.09032258064516129,0.5870967741935483,2.6225806451612903,0.0,0.0,0.0,0.0,0.0,0.0,0.0,0.0,0.0,0.14193548387096774,0.0,0.0,0.0,0.0,0.0,11.490322580645161,0.0,1.738709677419355,0.0,3.970967741935484,1.335483870967742,0.4258064516129032,5.364516129032258,0.0,0.0,0.13870967741935483,0.0,0.0,0.0,11.761290322580646,1.0935483870967742,0.0,0.0,0.00967741935483871,0.0,0.267741935483871,0.5516129032258065,0.0,0.035483870967741936,0.0
64,2000,4,0.6029023746701847,0.08970976253298153,1.2849604221635884,3.6266490765171504,0.0,0.00395778364116095,0.0,0.0316622691292876,0.0,0.0,0.21372031662269128,0.0,0.20448548812664907,0.7269129287598944,0.39050131926121373,0.0,0.0,0.0,0.0,8.588390501319262,0.03825857519788918,1.6820580474934037,0.11345646437994723,4.361477572559367,2.5976253298153034,0.059366754617414245,7.62532981530343,0.0,0.0,0.005277044854881266,0.0,0.0,0.0,18.288918205804748,2.100263852242744,0.0,0.2612137203166227,0.01978891820580475,0.0,0.24010554089709762,0.4683377308707124,0.0,0.04353562005277045,0.31926121372031663
56,320,4,1.0743169398907104,0.13224043715846995,1.2262295081967214,3.794535519125683,0.0,0.04371584699453552,0.0,0.22404371584699453,0.0,0.0,0.0,0.0,0.0,0.6524590163934426,0.14972677595628414,0.0,0.0,0.07213114754098361,0.0,8.960655737704919,0.05245901639344262,8.321311475409836,0.0,4.060109289617486,2.974863387978142,1.3158469945355191,8.926775956284153,0.0,0.0,0.1377049180327869,0.0,0.0,0.0,21.182513661202186,1.6284153005464481,0.0,0.4131147540983607,0.32459016393442625,0.0,0.49836065573770494,0.6021857923497268,0.0,0.07978142076502732,0.48633879781420764
66,1072,4,0.7126865671641791,0.08582089552238806,0.26492537313432835,2.8059701492537314,0.0,0.0,0.0,0.0,0.0,0.0,0.0,0.0,0.0,0.1417910447761194,0.007462686567164179,0.0,0.0,0.0,0.0037313432835820895,11.052238805970148,0.0,1.6940298507462686,0.0,12.421641791044776,1.3955223880597014,0.30223880597014924,2.6977611940298507,0.0,0.0,0.0,0.0,0.0,0.0,12.003731343283581,1.3917910447761195,0.0,0.0,0.0,0.0,0.7350746268656716,0.40671641791044777,0.0,0.011194029850746268,0.018656716417910446
68,1444,16,1.3205828779599271,0.08014571948998178,0.599271402550091,3.6247723132969036,0.0,0.0,0.0,0.0,0.0,0.0,0.0,0.0,0.0,0.0,0.0,0.0,0.0,0.0,0.0,11.948087431693988,0.007285974499089253,2.7586520947176685,0.0,7.123861566484518,2.185792349726776,0.12568306010928962,4.771402550091075,0.0,0.0,0.09562841530054644,0.0,0.0,0.0,17.794171220400727,1.9672131147540983,0.0,0.10746812386156648,0.051001821493624776,0.0,0.45719489981785066,0.5300546448087432,0.0,0.3114754098360656,0.0
56,516,4,0.584733893557423,0.11204481792717087,0.1015406162464986,4.654761904761905,0.0,0.004901960784313725,0.0,0.1169467787114846,0.0,0.0,0.007703081232492998,0.0,0.0,0.37745098039215685,0.08823529411764706,0.0,0.0,0.011204481792717087,0.0,12.928571428571429,0.0,2.9096638655462184,0.004201680672268907,8.67577030812325,2.6820728291316525,0.0665266106442577,2.5063025210084033,0.0,0.0,0.0,0.25210084033613445,0.0,0.0700280112044818,21.761904761904763,2.303221288515406,0.0,0.0,0.06512605042016807,0.0,0.6799719887955182,0.5406162464985994,0.0,0.03851540616246499,0.12885154061624648
66,1916,4,0.5328947368421053,0.07894736842105263,0.3618421052631579,1.5328947368421053,0.0,0.0,0.0,0.0,0.0,0.0,0.0,0.0,0.0,0.0,0.0,0.0,0.0,0.0,0.0,5.230263157894737,0.0,1.513157894736842,0.0,1.111842105263158,0.27631578947368424,0.125,4.276315789473684,0.0,0.0,0.0,0.0,0.0,0.0,8.769736842105264,0.631578947368421,0.0,0.05921052631578947,0.39473684210526316,0.0,0.0,0.28289473684210525,0.0,0.019736842105263157,0.0
67,1876,4,0.9530026109660574,0.195822454308094,0.283289817232376,5.64621409921671,0.0,0.0,0.0,0.0,0.0,0.0,0.05483028720626632,0.0,0.04308093994778068,0.3002610966057441,0.04569190600522193,0.0,0.0,0.0,0.0,19.351174934725847,0.0026109660574412533,4.997389033942559,0.0,17.13968668407311,4.3903394255874675,0.4856396866840731,8.21018276762402,0.0,0.0,0.08746736292428199,0.0,0.04960835509138381,0.0,29.52088772845953,2.4634464751958225,0.0,0.4869451697127937,0.020887728459530026,0.0,1.108355091383812,0.6579634464751958,0.0,0.03263707571801567,0.4177545691906005
70,435,4,0.8660907127429806,0.15442764578833693,0.2019438444924406,4.139308855291577,0.0,0.0,0.0,0.0,0.0,0.0,0.0,0.0,0.0,0.04319654427645788,0.0,0.0,0.0,0.0,0.0,12.020518358531318,0.0,4.569114470842333,0.0,13.6792656587473,2.8488120950323976,0.30345572354211664,3.691144708423326,0.0,0.0,0.32721382289416845,0.0,0.0,0.0,21.242980561555076,1.881209503239741,0.0,0.40712742980561556,0.024838012958963283,0.0,0.937365010799136,0.6274298056155507,0.0,0.020518358531317494,0.0
61,767,4,0.653281096963761,0.07051909892262488,0.614103819784525,2.2203721841332027,0.0,0.0,0.0,0.10088148873653281,0.0,0.0,0.002938295788442703,0.0,0.0,0.0910871694417238,0.0,0.0,0.0,0.0,0.019588638589618023,8.693437806072478,0.0,2.126346718903036,0.0,4.002938295788443,0.8599412340842312,0.4524975514201763,5.175318315377082,0.0,0.0,0.0,0.0,0.0,0.002938295788442703,10.668952007835456,1.019588638589618,0.0,0.0,0.0,0.0,0.5014691478942214,0.41723800195886385,0.0,0.03330068560235064,0.1958863858961802
64,1274,5,0.651685393258427,0.12359550561797752,0.250936329588015,4.108614232209738,0.0,0.0,0.0,0.0,0.0,0.0,0.0,0.0,0.0,0.0,0.0,0.0,0.0,0.0,0.0,14.149812734082397,0.0,2.3670411985018727,0.0,12.535580524344569,2.1722846441947565,0.011235955056179775,2.7265917602996255,0.0,0.0,0.0749063670411985,0.0,0.0,0.0,17.49438202247191,2.0861423220973783,0.0,0.0,0.0,0.0,0.846441947565543,0.47191011235955055,0.0,0.026217228464419477,0.0
71,1295,4,0.6591928251121076,0.09417040358744394,1.6838565022421526,3.5291479820627805,0.0,0.0,0.0,0.0,0.0,0.0,0.14349775784753363,0.0,0.10762331838565023,0.6928251121076233,0.32286995515695066,0.0,0.0,0.0,0.0,11.011210762331839,0.05605381165919283,2.8408071748878925,0.17713004484304934,11.044843049327355,2.908071748878924,0.37668161434977576,8.27578475336323,0.0,0.0,0.2040358744394619,0.0,0.0,0.0,18.867713004484305,1.600896860986547,0.0,0.5426008968609866,0.020179372197309416,0.0,0.6502242152466368,0.5201793721973094,0.0,0.0515695067264574,0.02242152466367713
79,746,4,0.6743243243243243,0.12972972972972974,0.8081081081081081,4.258108108108108,0.0,0.0,0.0,0.0,0.0,0.0,0.0,0.0,0.0,0.09594594594594595,0.0,0.0,0.0,0.0,0.0,18.133783783783784,0.013513513513513514,2.610810810810811,0.0,9.064864864864864,2.5635135135135134,0.21756756756756757,4.981081081081081,0.0,0.0,0.22162162162162163,0.21891891891891893,0.0,0.014864864864864866,20.227027027027027,2.2418918918918918,0.0,0.2608108108108108,0.041891891891891894,0.0,0.5310810810810811,0.504054054054054,0.0,0.04054054054054054,0.13918918918918918
74,1395,4,0.7308219178082191,0.08287671232876713,0.49726027397260275,3.206164383561644,0.0,0.05273972602739726,0.0,0.1541095890410959,0.0,0.0,0.07465753424657534,0.0,0.023972602739726026,0.34863013698630135,0.17191780821917807,0.0,0.0,0.2952054794520548,0.0,12.085616438356164,0.00684931506849315,3.7554794520547947,0.0,6.741780821917808,1.5726027397260274,0.26575342465753427,5.06027397260274,0.0,0.0,0.3445205479452055,0.0,0.0,0.0,13.991780821917809,1.4986301369863013,0.11301369863013698,0.0,0.0273972602739726,0.04589041095890411,0.5623287671232877,0.47328767123287674,0.0,0.0589041095890411,0.38424657534246576
73,706,4,0.5895795246800731,0.06946983546617916,0.9890310786106032,2.8884826325411335,0.0,0.0,0.0,0.07769652650822668,0.0,0.0,0.0,0.0,0.0,0.06672760511882998,0.010054844606946984,0.0,0.0,0.0,0.0,6.377513711151737,0.009140767824497258,3.4314442413162705,0.0,3.7303473491773307,1.2851919561243144,0.3820840950639854,4.480804387568556,0.0,0.0,0.0,0.07678244972577697,0.0,0.0,16.739488117001827,1.4753199268738575,0.0,0.02010968921389397,0.16819012797074953,0.0,0.21755027422303475,0.5255941499085923,0.0,0.021937842778793418,0.022851919561243144
66,683,4,0.8081180811808119,0.06150061500615006,0.5719557195571956,2.837638376383764,0.0,0.014760147601476014,0.0,0.08733087330873308,0.0,0.0,0.0,0.0,0.0,0.13776137761377613,0.014760147601476014,0.0,0.0,0.02706027060270603,0.0,8.29520295202952,0.0,3.1020910209102093,0.0,3.6494464944649447,0.7736777367773677,0.15375153751537515,4.64329643296433,0.0,0.0,0.15990159901599016,0.0,0.0,0.0,14.430504305043051,1.5485854858548584,0.0,0.0,0.028290282902829027,0.0,0.2066420664206642,0.6027060270602707,0.0,0.04797047970479705,0.3899138991389914
60,1365,4,10.440677966101696,2.208232445520581,0.6440677966101694,48.38256658595642,0.0,0.0,0.2033898305084746,0.0,0.0,0.0,0.08716707021791767,0.0,0.0,0.19854721549636803,0.0,0.0,0.0,0.0,0.0,10.743341404358354,0.0,23.530266343825666,0.0,6.4842615012106535,1.0484261501210654,0.09443099273607748,4.36319612590799,0.0,0.0,0.0,0.0,0.0,0.0,41.0726392251816,2.8401937046004844,0.0,0.0,0.03389830508474576,0.0,0.29055690072639223,44.714285714285715,0.0,7.169491525423729,0.0
62,786,4,0.5268817204301075,0.021505376344086023,0.6344086021505376,2.139784946236559,0.0,0.0,0.0,0.0,0.0,0.0,0.0,0.0,0.0,0.0,0.0,0.0,0.0,0.0,0.0,6.763440860215054,0.0,3.3440860215053765,0.0,0.5591397849462365,0.0,0.0,3.6559139784946235,0.0,0.0,0.21505376344086022,0.0,0.0,0.0,12.225806451612904,0.6344086021505376,0.0,0.043010752688172046,0.6451612903225806,0.0,0.7204301075268817,0.4731182795698925,0.0,0.021505376344086023,0.0
65,1013,4,0.6885964912280702,0.13157894736842105,0.2719298245614035,3.6096491228070176,0.0,0.0,0.0,0.0,0.0,0.0,0.0,0.0,0.0,0.0,0.0,0.0,0.0,0.0,0.0,11.399122807017545,0.0,1.9780701754385965,0.0,10.206140350877194,3.1052631578947367,0.0,3.8333333333333335,0.0,0.0,0.017543859649122806,0.0,0.0,0.0,17.31140350877193,2.0701754385964914,0.0,0.0,0.0,0.0,0.6096491228070176,0.4956140350877193,0.0,0.05701754385964912,0.0
70,1024,4,1.3269230769230769,0.08653846153846154,0.44711538461538464,3.543269230769231,0.0,0.11538461538461539,0.0,0.1201923076923077,0.0,0.0,0.0,0.0,0.0,0.35096153846153844,0.03365384615384615,0.0,0.0,0.0,0.0,10.129807692307692,0.0,4.125,0.0,7.677884615384615,2.105769230769231,0.13942307692307693,4.5576923076923075,0.0,0.0,0.0,0.0,0.0,0.0,16.60576923076923,1.6153846153846154,0.0,0.0,0.08173076923076923,0.0,0.7451923076923077,0.5625,0.0,0.5096153846153846,0.0
71,298,7,0.6842105263157895,0.07142857142857142,0.42105263157894735,4.552631578947368,0.0,0.14285714285714285,0.0,0.11278195488721804,0.0,0.0,0.0,0.0,0.0,0.2631578947368421,0.02631578947368421,0.0,0.0,0.0,0.0,13.571428571428571,0.0037593984962406013,3.8045112781954886,0.0,11.357142857142858,2.710526315789474,0.10902255639097744,4.43984962406015,0.0,0.0,0.09398496240601503,0.0,0.0,0.0,19.902255639097746,2.255639097744361,0.0,0.16917293233082706,0.022556390977443608,0.0,0.924812030075188,0.47368421052631576,0.0,0.045112781954887216,1.105263157894737
74,1201,4,0.6363636363636364,0.0735930735930736,0.18614718614718614,2.935064935064935,0.0,0.05483405483405483,0.0,0.05483405483405483,0.0,0.0,0.2106782106782107,0.0,0.0,1.0880230880230881,0.23376623376623376,0.0,0.0,0.0,0.3116883116883117,12.83982683982684,0.0,2.339105339105339,0.0,6.076479076479076,2.0216450216450217,0.3189033189033189,4.0144300144300145,0.0,0.0,0.0,0.0,0.0,0.0,12.909090909090908,1.6161616161616161,0.0,0.0,0.0,0.047619047619047616,0.36507936507936506,0.4444444444444444,0.0,0.05194805194805195,3.8932178932178934
69,189,4,0.6575520833333334,0.07552083333333333,1.4895833333333333,2.7421875,0.0,0.0,0.0,0.0,0.0,0.0,0.0,0.0,0.0,0.0,0.0,0.0,0.0,0.0,0.0,10.940104166666666,0.0234375,2.34375,0.0,4.25,1.0494791666666667,0.25,5.872395833333333,0.0,0.0,0.3958333333333333,0.0,0.0,0.0,14.098958333333334,1.1536458333333333,0.0,0.8815104166666666,0.022135416666666668,0.0,0.21223958333333334,0.5065104166666666,0.0,0.037760416666666664,0.359375
70,860,4,0.7268518518518519,0.05092592592592592,0.7268518518518519,1.5092592592592593,0.0,0.0,0.0,0.037037037037037035,0.0,0.0,0.032407407407407406,0.0,0.0,0.2175925925925926,0.0,0.0,0.0,0.0,0.10185185185185185,4.037037037037037,0.0,1.8472222222222223,0.0,1.6574074074074074,0.0,0.2962962962962963,5.314814814814815,0.0,0.0,0.0,0.0,0.0,0.0,8.12962962962963,0.6203703703703703,0.0,0.05555555555555555,0.0,0.0,0.0,0.4074074074074074,0.0,0.10185185185185185,0.0
72,1318,4,0.6026666666666667,0.096,0.6106666666666667,2.928,0.0,0.0,0.0,0.0,0.0,0.0,0.032,0.0,0.0,0.14666666666666667,0.029333333333333333,0.0,0.0,0.0,0.15466666666666667,10.224,0.0,1.912,0.0,6.109333333333334,1.216,0.10133333333333333,3.1653333333333333,0.0,0.0,0.0026666666666666666,0.0,0.0026666666666666666,0.0,14.837333333333333,1.7173333333333334,0.0,0.224,0.0,0.0026666666666666666,0.4186666666666667,0.49066666666666664,0.0,0.032,0.208
74,1791,5,0.6775956284153005,0.1092896174863388,0.8825136612021858,3.5655737704918034,0.0,0.0,0.0,0.01092896174863388,0.0,0.0,0.0,0.0,0.0,0.07923497267759563,0.0,0.0,0.0,0.0,0.0,16.66393442622951,0.04918032786885246,2.9262295081967213,0.0,6.081967213114754,1.459016393442623,0.5409836065573771,6.35792349726776,0.0,0.0,0.30327868852459017,0.1448087431693989,0.0,0.0,16.740437158469945,1.540983606557377,0.0,0.3114754098360656,0.12021857923497267,0.0,0.4781420765027322,0.5081967213114754,0.0,0.02459016393442623,0.4781420765027322
84,1852,4,0.75,0.1059322033898305,1.0444915254237288,5.061440677966102,0.0,0.1228813559322034,0.0,0.07415254237288135,0.0,0.0,0.4915254237288136,0.0,0.5720338983050848,2.233050847457627,1.4491525423728813,0.0,0.0,0.0,0.1059322033898305,7.995762711864407,0.057203389830508475,5.872881355932203,0.2627118644067797,6.0508474576271185,3.4703389830508473,1.7457627118644068,8.930084745762711,0.0,0.0614406779661017,0.423728813559322,0.0,0.3983050847457627,0.0,26.12076271186441,2.385593220338983,0.0,0.2542372881355932,0.03389830508474576,0.06991525423728813,0.5190677966101694,0.6016949152542372,0.0,0.09533898305084745,0.0
70,42,15,0.8729674796747967,0.125,0.8597560975609756,4.310975609756097,0.0,0.02032520325203252,0.0,0.03861788617886179,0.0,0.0,0.0,0.0,0.0,0.16666666666666666,0.0040650406504065045,0.0,0.0,0.0,0.0,12.054878048780488,0.02032520325203252,4.338414634146342,0.0,17.672764227642276,2.6595528455284554,0.6199186991869918,5.313008130081301,0.0,0.031504065040650404,0.8201219512195121,0.0,0.0,0.0,21.181910569105693,1.9369918699186992,0.0,0.9095528455284553,0.023373983739837397,0.0,1.2378048780487805,0.6463414634146342,0.0,0.044715447154471545,0.0
73,540,11,0.9680232558139535,0.06395348837209303,0.29651162790697677,2.9622093023255816,0.0,0.0,0.0,0.3691860465116279,0.0,0.0,0.09011627906976744,0.0,0.020348837209302327,0.6540697674418605,0.20930232558139536,0.0,0.0,0.0,0.06395348837209303,4.465116279069767,0.0,3.311046511627907,0.0,3.552325581395349,0.29941860465116277,0.436046511627907,6.325581395348837,0.0,0.0,0.0,0.0,0.0,0.0,11.845930232558139,1.0901162790697674,0.0,0.17151162790697674,0.0,0.0,0.17732558139534885,0.752906976744186,0.0,0.03197674418604651,0.0
75,995,4,0.6498371335504886,0.14006514657980457,0.7263843648208469,3.3094462540716614,0.0,0.0,0.0,0.0,0.0,0.0,0.0,0.0,0.0,0.6644951140065146,0.0,0.0,0.0,0.0,0.0,11.855048859934854,0.0,14.734527687296417,0.0,2.6938110749185666,1.8192182410423452,0.5228013029315961,4.278501628664495,0.0,0.0,0.017915309446254073,0.0,0.0,2.045602605863192,14.177524429967427,1.517915309446254,0.0,0.07166123778501629,0.0,0.0,0.4788273615635179,0.5602605863192183,0.0,0.03745928338762215,2.3680781758957656
82,1574,4,0.5752688172043011,0.08602150537634409,0.553763440860215,3.336917562724014,0.0,0.0,0.0,0.0,0.0,0.0,0.0,0.0,0.0,0.005376344086021506,0.0,0.0,0.0,0.0,0.0,10.716845878136201,0.0017921146953405018,2.4301075268817205,0.0,8.86021505376344,2.068100358422939,0.08064516129032258,3.263440860215054,0.0,0.0,0.0,0.15591397849462366,0.0,0.0,16.8584229390681,1.7652329749103943,0.0,0.03763440860215054,0.025089605734767026,0.0,0.6362007168458781,0.478494623655914,0.0,0.05197132616487455,0.0
77,229,4,0.9942473633748802,0.10354745925215723,0.8744007670182167,3.667305848513902,0.0,0.0,0.023969319271332695,0.0,0.0,0.0,0.0,0.0,0.0,0.0019175455417066154,0.0,0.0,0.0,0.0,0.0,15.537871524448706,0.007670182166826462,7.353787152444871,0.0,8.037392138063279,1.3720038350910835,0.6720997123681688,6.76510067114094,0.0,0.0019175455417066154,0.436241610738255,0.0,0.0,0.0,18.006711409395972,1.3883029721955897,0.0,0.08437200383509108,0.04122722914669223,0.0,0.47171620325982744,0.5426653883029722,0.0,0.06807286673058485,1.0009587727708533
73,1034,4,0.7732749178532311,0.0832420591456736,0.35049288061336253,2.4600219058050383,0.0,0.0,0.0,0.0,0.0,0.0,0.0,0.0,0.0,0.0065717415115005475,0.0,0.0,0.0,0.0,0.0,10.089813800657174,0.0,1.6933187294633079,0.0,6.87842278203724,0.5038335158817087,0.0832420591456736,2.9978094194961664,0.0,0.0,0.0,0.0,0.0,0.0,11.43921139101862,1.3242059145673604,0.0,0.06681270536692223,0.013143483023001095,0.0,0.34720700985761227,0.4293537787513691,0.0,0.029572836801752465,0.0
81,85,4,0.8820960698689956,0.06986899563318777,0.3406113537117904,4.270742358078603,0.0,0.004366812227074236,0.0,0.0,0.0,0.0,0.0,0.0,0.0,0.008733624454148471,0.0,0.0,0.0,0.0,0.0,12.126637554585153,0.008733624454148471,2.8558951965065504,0.0,10.973799126637555,2.7641921397379914,0.05240174672489083,3.074235807860262,0.0,0.0,0.11790393013100436,0.0,0.0,0.0,17.925764192139738,2.126637554585153,0.0,0.21397379912663755,0.0,0.0,0.8122270742358079,0.388646288209607,0.0,0.09170305676855896,0.0
85,483,4,0.8291900561347233,0.08340016038492382,0.1748195669607057,2.499599037690457,0.0,0.018444266238973536,0.0,0.026463512429831595,0.0,0.0,0.0,0.0,0.0,0.13953488372093023,0.016840417000801924,0.0,0.0,0.05052125100240577,0.00801924619085806,12.534883720930232,0.0,2.310344827586207,0.0,5.880513231756215,0.8243785084202085,0.06094627105052125,2.356054530874098,0.0,0.0,0.0,0.0,0.0,0.0,11.110665597433842,1.3047313552526063,0.0,0.09783480352846832,0.0,0.0,0.39775461106655974,0.4466720128307939,0.0,0.03688853247794707,0.0
77,1894,4,0.6355441081777206,0.07340631036703155,0.49195106245975534,3.01481004507405,0.0,0.0,0.0,0.0,0.0,0.0,0.04829362524146812,0.0,0.0360592401802962,0.11719253058596266,0.04249839021249195,0.0,0.0,0.0,0.0,11.37926593689633,0.0,1.8557630392788151,0.0,9.041210560206054,1.8087572440437862,0.3174500965872505,4.705730843528654,0.0,0.0,0.05215711526078558,0.0,0.0,0.0,13.523502897617515,1.5325177076625884,0.0,0.037990985189954925,0.0,0.0,0.5775917578879588,0.4578235672891178,0.0,0.025756600128783,0.330328396651642
73,203,4,4.35632183908046,0.14942528735632185,0.18620689655172415,4.390804597701149,0.0,0.0,0.0,0.0,0.0,0.0,0.0,0.0,0.0,0.14022988505747128,0.0022988505747126436,0.0,0.0,0.0,0.0,4.774712643678161,0.006896551724137931,5.731034482758621,0.0,8.560919540229886,2.4505747126436783,0.36091954022988504,5.937931034482759,0.0,0.0,0.5402298850574713,0.0,0.0,0.0,24.335632183908046,1.7540229885057472,0.0,0.6781609195402298,0.11264367816091954,0.0,0.6505747126436782,0.6436781609195402,0.0,3.4413793103448276,0.0
73,322,12,0.6402116402116402,0.042328042328042326,0.9470899470899471,1.619047619047619,0.0,0.0,0.0,0.09523809523809523,0.0,0.0,0.0,0.0,0.0,0.07936507936507936,0.0,0.0,0.0,0.0,0.0,5.0,0.0,2.0846560846560847,0.0,1.4603174603174602,0.015873015873015872,0.5079365079365079,5.941798941798941,0.0,0.0,0.0,0.0,0.0,0.0,8.634920634920634,0.708994708994709,0.0,0.15873015873015872,0.0,0.0,0.0,0.41798941798941797,0.0,0.015873015873015872,0.0582010582010582
70,601,4,0.6690140845070423,0.08450704225352113,0.45774647887323944,2.630281690140845,0.352112676056338,0.1267605633802817,0.0,0.2992957746478873,0.0,0.0,0.0,0.0,0.0,0.8591549295774648,0.19014084507042253,0.0,0.5704225352112676,0.2852112676056338,0.0035211267605633804,9.038732394366198,0.0,1.482394366197183,0.0,4.200704225352113,1.3661971830985915,7.158450704225352,3.1338028169014085,0.0,0.0,0.0,0.0,0.0,0.0,12.485915492957746,1.4014084507042253,0.0,0.0,0.0,0.0,0.44366197183098594,0.3908450704225352,0.0,0.07746478873239436,6.46830985915493
70,650,4,0.6590909090909091,0.07954545454545454,0.4090909090909091,3.147727272727273,0.0,0.0,0.0,0.0,0.0,0.0,0.0,0.0,0.0,0.0,0.0,0.0,0.0,0.0,0.0,15.215909090909092,0.0,2.1704545454545454,0.0,3.6818181818181817,0.8181818181818182,0.0,3.9886363636363638,0.0,0.0,0.0,0.29545454545454547,0.0,0.0,12.545454545454545,1.2613636363636365,0.0,0.0,0.0,0.0,0.375,0.4659090909090909,0.0,0.022727272727272728,0.0
76,121,12,0.6883116883116883,0.07792207792207792,0.935064935064935,2.9220779220779223,0.0,0.0,0.0,0.025974025974025976,0.0,0.0,0.0,0.0,0.0,0.6623376623376623,0.24675324675324675,0.0,0.0,0.0,0.0,8.857142857142858,0.0,1.7922077922077921,0.0,2.1948051948051948,0.2727272727272727,3.064935064935065,8.064935064935066,0.0,0.0,0.0,0.0,0.0,0.0,11.090909090909092,0.7792207792207793,0.0,0.0,0.0,0.0,0.0,0.8051948051948052,0.0,0.07792207792207792,0.14285714285714285
74,779,4,0.7176724137931034,0.07112068965517242,0.5538793103448276,2.372844827586207,0.0,0.0,0.0,0.06465517241379311,0.0,0.0,0.0,0.0,0.0,0.49137931034482757,0.0,0.0,0.0,0.6336206896551724,0.0,11.607758620689655,0.0,2.711206896551724,0.0,1.9267241379310345,0.7543103448275862,0.15086206896551724,4.612068965517241,0.0,0.0,0.0,0.0,0.0,0.0,10.370689655172415,1.0452586206896552,0.0,0.12284482758620689,0.0,0.0,0.15732758620689655,0.5064655172413793,0.0,0.034482758620689655,1.5172413793103448
78,1133,4,0.7659574468085106,0.11914893617021277,0.4,2.851063829787234,0.0,0.0,0.0,0.0,0.0,0.0,0.0,0.0,0.0,0.0,0.02553191489361702,0.0,0.0,0.0,0.0,10.153191489361703,0.0,1.8297872340425532,0.0,7.191489361702128,1.0468085106382978,0.04680851063829787,4.995744680851064,0.0,0.0,0.00851063829787234,0.0,0.0,0.0,13.587234042553192,1.3702127659574468,0.0,0.0,0.07234042553191489,0.0,0.4723404255319149,0.451063829787234,0.0,0.01702127659574468,0.0
89,1765,4,0.640661938534279,0.06619385342789598,1.5059101654846336,2.685579196217494,0.0,0.0,0.0,0.0,0.0,0.0,0.0,0.0,0.0,0.0,0.0,0.0,0.0,0.0,0.0,4.900709219858156,0.03309692671394799,2.3617021276595747,0.0,3.1300236406619386,1.41371158392435,0.6666666666666666,6.546099290780142,0.0,0.0,0.574468085106383,0.0,0.0,0.0,15.229314420803783,1.4042553191489362,0.0,0.8817966903073287,0.030732860520094562,0.0,0.08274231678486997,0.5508274231678487,0.0,0.03309692671394799,0.0
86,587,4,0.85233798195242,0.09598031173092698,0.822805578342904,3.2477440525020507,0.0,0.04840032813781788,0.0,0.01394585726004922,0.0,0.0,0.0008203445447087777,0.0,0.007383100902378999,0.03937653814602133,0.030352748154224774,0.0,0.0,0.0,0.0,11.543068088597211,0.04183757178014766,5.292863002461034,0.0,8.91304347826087,1.531583264971288,1.07383100902379,4.9458572600492205,0.0,0.0,0.05988515176374077,0.0,0.0,0.0,17.21985233798195,1.3002461033634127,0.0,0.05660377358490566,0.06398687448728466,0.0,0.5767022149302707,0.5561936013125512,0.0,0.10910582444626743,0.0
83,966,12,1.2157894736842105,0.1394736842105263,0.3144736842105263,5.221052631578948,0.0,0.0,0.0,0.0,0.0,0.0,0.0,0.0,0.0,0.03289473684210526,0.035526315789473684,0.0,0.0,0.0,0.0,14.792105263157895,0.018421052631578946,12.764473684210527,0.0,12.30657894736842,2.2473684210526317,0.035526315789473684,3.221052631578947,0.0,0.0,0.04342105263157895,0.33026315789473687,0.0,0.0,19.59342105263158,2.306578947368421,0.0,0.10526315789473684,0.0,0.0,0.7960526315789473,0.8157894736842105,0.0,0.14736842105263157,0.0
91,1047,4,0.5872576177285319,0.06509695290858726,1.0013850415512466,2.4155124653739612,0.0,0.1371191135734072,0.0,0.389196675900277,0.0,0.0,0.0,0.0,0.0,0.19113573407202217,0.024930747922437674,0.0,0.0,0.062326869806094184,0.0,5.28808864265928,0.06371191135734072,2.4764542936288088,0.0,2.548476454293629,1.092797783933518,0.09002770083102493,6.875346260387811,0.0,0.0,0.10803324099722991,0.0,0.0,0.0,13.620498614958448,1.242382271468144,0.0,0.32825484764542934,0.11080332409972299,0.0,0.30055401662049863,0.4889196675900277,0.0,0.04155124653739612,0.646814404432133
85,1723,8,0.8110561056105611,0.07590759075907591,0.4265676567656766,3.703795379537954,0.0,0.0,0.0,0.0,0.0,0.0,0.0,0.0,0.0,0.0008250825082508251,0.0,0.0,0.0,0.0,0.0,12.984323432343235,0.0024752475247524753,2.226072607260726,0.0,10.560231023102311,2.245874587458746,0.11221122112211221,3.277227722772277,0.0,0.0,0.036303630363036306,0.0,0.0,0.0,16.443069306930692,1.7301980198019802,0.0,0.06930693069306931,0.0,0.0,0.7136963696369637,0.5181518151815182,0.0,0.04455445544554455,0.0
79,802,4,0.7394451145958987,0.1278648974668275,0.594692400482509,5.021712907117008,0.006031363088057901,0.04342581423401689,0.0,0.2074788902291918,0.0,0.0,0.3281061519903498,0.0,0.0,1.3811821471652594,0.41737032569360677,0.0,0.0,0.0,0.0,12.867310012062726,0.0036188178528347406,3.338962605548854,0.0,8.522316043425814,2.779252110977081,0.32569360675512665,7.23642943305187,0.031363088057901084,0.0,0.05307599517490953,0.0,0.195416164053076,0.0735826296743064,28.162846803377562,2.1712907117008444,0.0,0.0,0.06513872135102533,0.0,0.5536791314837153,0.5669481302774427,0.0,0.06875753920386007,2.3799758745476476
90,1092,4,0.6743119266055045,0.0871559633027523,0.5779816513761468,2.6743119266055047,0.0,0.0,0.0,0.0,0.0,0.0,0.0,0.0,0.0,0.0022935779816513763,0.0045871559633027525,0.0,0.0,0.0,0.0,6.623853211009174,0.0,2.18348623853211,0.0,4.009174311926605,1.275229357798165,0.0481651376146789,5.327981651376147,0.0,0.0,0.0,0.0,0.0,0.0,14.013761467889909,1.3555045871559632,0.0,0.006880733944954129,0.19954128440366972,0.0,0.18807339449541285,0.518348623853211,0.0,0.02981651376146789,0.0
88,935,15,0.654320987654321,0.08305274971941638,0.6868686868686869,3.5342312008978674,0.0,0.0,0.0,0.0,0.0,0.0,0.0,0.0,0.0,0.0,0.0,0.0,0.0,0.0,0.0,12.307519640852973,0.012345679012345678,2.5095398428731763,0.0,8.081930415263749,2.3602693602693603,0.2648709315375982,4.3019079685746355,0.0,0.0,0.14029180695847362,0.006734006734006734,0.0,0.0,16.7979797979798,1.728395061728395,0.0,0.2996632996632997,0.0,0.0,0.5342312008978676,0.5611672278338945,0.0,0.06846240179573512,0.0
96,1673,4,0.6507782101167315,0.08949416342412451,1.0963035019455254,3.03988326848249,0.0,0.08463035019455253,0.0,0.3959143968871595,0.0,0.0,0.0,0.0,0.0,0.26653696498054474,0.11186770428015565,0.0,0.0,0.04571984435797665,0.0,8.693579766536965,0.02529182879377432,3.1391050583657587,0.0,5.101167315175097,1.666342412451362,0.12743190661478598,5.208171206225681,0.0,0.0,0.301556420233463,0.0,0.0,0.0,15.472762645914397,1.5214007782101167,0.0,0.2227626459143969,0.038910505836575876,0.0,0.6050583657587548,0.48735408560311283,0.0,0.037937743190661476,1.6167315175097277
90,656,4,0.6627288836385116,0.08682811577082103,0.38275251033668045,3.1807442409923214,0.0,0.0,0.0,0.034258712344949795,0.0,0.0,0.0,0.0,0.0,0.0490253987005316,0.0,0.0,0.0,0.0,0.0,8.831659775546367,0.021264028352037802,3.1961015948021263,0.0,5.42409923213231,1.3313644418192558,0.5062020082693444,4.3201417601890135,0.0,0.0,0.1748375664500886,0.0,0.0,0.0,19.39161252215003,1.3112817483756645,0.0,0.014176018901358535,0.04607206142941524,0.0,0.2976963969285292,0.5794447725930302,0.0,0.029533372711163616,0.0
89,852,7,3.4,0.13548387096774195,0.3225806451612903,17.414516129032258,0.0,0.012903225806451613,0.0,0.07419354838709677,0.0,0.0,0.0,0.0,0.0,0.2,0.04516129032258064,0.0,0.0,0.0,0.0,12.466129032258065,0.0,3.7193548387096773,0.0,13.262903225806452,3.553225806451613,0.3774193548387097,3.264516129032258,0.0,0.0,0.0,0.0,0.0,0.0,29.009677419354837,1.6758064516129032,0.14677419354838708,0.0,0.016129032258064516,0.0,0.8209677419354838,11.958064516129033,0.0,1.403225806451613,0.32741935483870965
78,1117,4,0.7135614702154626,0.10773130544993663,0.5564005069708492,3.9277566539923954,0.0,0.0,0.0,0.058301647655259824,0.0,0.0,0.35107731305449935,0.0,0.0,0.6831432192648923,0.19771863117870722,0.0,0.0,0.019011406844106463,0.8846641318124208,13.643852978453738,0.0,2.2078580481622305,0.0,9.38022813688213,2.7275031685678073,0.2991128010139417,4.224334600760456,0.0,0.0,0.14575411913814956,0.0,0.10266159695817491,0.0,17.337135614702156,1.9315589353612168,0.0,0.31685678073510776,0.12801013941698353,0.08365019011406843,0.623574144486692,0.4550063371356147,0.0,0.046894803548795945,1.5348542458808618
89,1224,4,0.5205479452054794,0.08904109589041095,0.9041095890410958,2.7534246575342465,0.0,0.0,0.0,0.0,0.0,0.0,0.0,0.0,0.0,0.0,0.0,0.0,0.0,0.0,0.0,6.602739726027397,0.0,2.3424657534246576,0.0,6.691780821917808,1.6849315068493151,0.4383561643835616,4.972602739726027,0.0,0.0,0.2191780821917808,0.0,0.0,0.0,15.67123287671233,1.5890410958904109,0.0,0.3972602739726027,0.0,0.0,0.3493150684931507,0.4520547945205479,0.0,0.04794520547945205,0.0
85,1417,11,0.6436327739387957,0.08489634748272458,1.0434353405725567,3.2981243830207303,0.0,0.0,0.0,0.018756169792694965,0.0,0.0,0.0,0.0,0.0,0.0,0.0,0.0,0.0,0.0,0.0,11.005923000987167,0.04146100691016782,2.7068114511352417,0.0,8.386969397828233,2.2458045409674234,0.29713721618953604,5.252714708785785,0.0,0.0,0.1510365251727542,0.0,0.0,0.0,16.763079960513327,1.7482724580454096,0.17769002961500494,0.20927936821322804,0.07403751233958539,0.0,0.543928923988154,0.5251727541954591,0.0,0.0315893385982231,0.0
83,1939,4,0.6090909090909091,0.1159090909090909,0.3704545454545455,5.009090909090909,0.0,0.07727272727272727,0.0,0.0,0.0,0.0,0.0,0.0,0.0,1.143181818181818,0.006818181818181818,0.0,0.0,0.2681818181818182,0.0,15.534090909090908,0.0,3.1363636363636362,0.0,4.320454545454545,4.115909090909091,0.3431818181818182,4.097727272727273,0.0,0.0,0.125,0.0,0.0,3.411363636363636,23.168181818181818,2.1704545454545454,0.0,0.0,0.10909090909090909,0.0,1.1272727272727272,0.5227272727272727,0.0,0.04318181818181818,6.709090909090909
89,275,11,0.906054279749478,0.11064718162839249,1.6784968684759916,2.837160751565762,0.0,0.0,0.0,0.0,0.0,0.0,0.0,0.0,0.0,0.7223382045929019,0.0,0.0,0.0,0.0,0.0,2.4551148225469728,0.12317327766179541,6.338204592901879,0.0,2.8037578288100207,1.3924843423799582,1.2713987473903967,10.678496868475992,0.0,0.0,0.5720250521920668,0.0,0.0,0.0,17.356993736951985,1.1419624217118998,0.0,1.150313152400835,0.37160751565762007,0.0,0.2630480167014614,0.6388308977035491,0.0,0.0709812108559499,4.367432150313152
83,673,4,0.7596034696406444,0.06939281288723669,0.1982651796778191,3.1796778190830235,0.0,0.058240396530359353,0.0,0.007434944237918215,0.0,0.0,0.023543990086741014,0.0,0.0,0.8339529120198265,0.01858736059479554,0.0,0.0,0.06691449814126393,0.13630731102850063,8.916976456009913,0.0,1.936802973977695,0.0,3.577447335811648,2.3705080545229245,0.3097893432465923,3.0619578686493183,0.0,0.0,0.0,0.0,0.0,0.27633209417596033,13.421313506815366,1.7360594795539033,0.0,0.0,0.0,0.0,0.2701363073110285,0.3903345724907063,0.0,0.042131350681536554,2.228004956629492
95,1349,4,7.620833333333334,0.21666666666666667,0.3958333333333333,63.28333333333333,0.0,0.0,0.004166666666666667,0.0,0.0,0.0,0.0,0.0,0.0,0.15,0.0,0.0,0.0,0.0,0.0,10.4,0.0,13.783333333333333,0.0,12.266666666666667,2.8666666666666667,0.10833333333333334,3.8375,0.0,0.0,0.0,0.0,0.0,0.0,96.0875,1.1166666666666667,0.10416666666666667,0.0,0.0,0.0,0.6875,60.3,0.0,3.970833333333333,0.0
89,360,5,0.6837169650468883,0.0988917306052856,0.7570332480818415,4.450980392156863,0.0,0.0,0.0,0.026427962489343565,0.0,0.0,0.0,0.0,0.0,0.011082693947144074,0.0,0.0,0.0,0.0,0.0,14.335038363171355,0.0,3.100596760443308,0.0,13.03154305200341,2.8056265984654734,0.19607843137254902,3.9445865302642797,0.0,0.0,0.1184995737425405,0.20034100596760443,0.0,0.0,20.92924126172208,2.16538789428815,0.0,0.4083546462063086,0.0034100596760443308,0.0,1.0238704177323104,0.5558397271952259,0.0,0.029838022165387893,0.0
86,1372,4,0.5868055555555556,0.10243055555555555,0.6614583333333334,3.578125,0.0,0.0,0.0,0.001736111111111111,0.0,0.0,0.1545138888888889,0.0,0.06944444444444445,0.5260416666666666,0.1440972222222222,0.0,0.0,0.0,0.04513888888888889,13.930555555555555,0.0,1.7951388888888888,0.1371527777777778,6.722222222222222,3.6510416666666665,0.6302083333333334,5.515625,0.0,0.0,0.0,0.0,0.0,0.0,15.1875,2.0243055555555554,0.0,0.026041666666666668,0.006944444444444444,0.0,0.4079861111111111,0.3854166666666667,0.0,0.041666666666666664,0.0
100,1801,4,0.5833333333333334,0.1,1.0333333333333334,3.3333333333333335,0.0,0.0,0.0,0.08,0.0,0.0,0.0,0.0,0.0,0.25333333333333335,0.0,0.0,0.0,0.0,0.0,11.096666666666666,0.023333333333333334,3.3133333333333335,0.0,9.493333333333334,2.1533333333333333,0.36333333333333334,6.1033333333333335,0.0,0.0,0.09333333333333334,0.04666666666666667,0.0,0.0,17.013333333333332,1.5466666666666666,0.0,0.09666666666666666,0.12333333333333334,0.0,0.8066666666666666,0.49333333333333335,0.0,0.04,0.0
94,153,4,0.7726523887973641,0.1186161449752883,0.3896210873146623,4.173805601317957,0.0,0.012355848434925865,0.0,0.0,0.0,0.0,0.04118616144975288,0.0,0.05271828665568369,0.20181219110378912,0.12932454695222406,0.0,0.0,0.0,0.0,13.738879736408567,0.005766062602965404,3.539538714991763,0.0016474464579901153,11.355848434925864,3.585667215815486,0.5172981878088962,5.07166392092257,0.0,0.016474464579901153,0.6919275123558485,0.08072487644151564,0.03871499176276771,0.0,20.098846787479406,1.8237232289950576,0.20181219110378912,0.35502471169686983,0.042833607907743,0.0,0.7668863261943987,0.5823723228995058,0.0,0.06260296540362438,0.025535420098846788
92,177,4,0.7740784780023782,0.08204518430439953,0.5481569560047562,2.638525564803805,0.0,0.0,0.0,0.0,0.0,0.0,0.0,0.0,0.0,0.036860879904875146,0.0,0.0,0.0,0.0,0.0,12.717003567181926,0.0,1.8727705112960762,0.0,5.110582639714625,1.2187871581450653,0.3055885850178359,4.4530321046373365,0.0,0.0,0.0,0.07728894173602854,0.0,0.0,11.373365041617122,1.3269916765755054,0.0,0.0,0.0178359096313912,0.0,0.3448275862068966,0.42568370986920334,0.0,0.03329369797859691,0.0
86,604,4,0.7621621621621621,0.07207207207207207,0.7405405405405405,1.8810810810810812,0.0,0.0,0.0,0.03423423423423423,0.0,0.0,0.0,0.0,0.0,0.023423423423423424,0.0,0.0,0.0,0.0,0.0,9.569369369369369,0.0,1.7225225225225225,0.0,4.727927927927928,0.6612612612612613,0.33693693693693694,5.4,0.0,0.0,0.0,0.0,0.0,0.0,9.264864864864865,0.872072072072072,0.0,0.05045045045045045,0.0,0.0,0.3099099099099099,0.41081081081081083,0.0,0.02882882882882883,0.0
94,1008,4,0.8256578947368421,0.11842105263157894,0.0756578947368421,4.690789473684211,0.0,0.0,0.0,0.08881578947368421,0.0,0.0,0.0,0.0,0.0,0.0,0.0,0.0,0.0,0.0,0.0,15.592105263157896,0.0,2.9177631578947367,0.0,9.723684210526315,1.5855263157894737,0.0,1.756578947368421,0.0,0.0,0.0,0.2598684210526316,0.0,0.0,18.279605263157894,2.4539473684210527,0.0,0.0,0.0,0.0,0.555921052631579,0.5460526315789473,0.0,0.04276315789473684,0.0
85,194,15,0.5880640465793304,0.06841339155749636,0.43231441048034935,3.46433770014556,0.0,0.0,0.0,0.0,0.0,0.0,0.0,0.0,0.0,0.0,0.0,0.0,0.0,0.0,0.0,10.298398835516739,0.055312954876273655,2.3114992721979624,0.0,9.091703056768559,2.1324599708879184,0.04512372634643377,3.321688500727802,0.0,0.0,0.08151382823871907,0.08005822416302766,0.0,0.0,16.29694323144105,1.7976710334788937,0.0,0.20232896652110627,0.0,0.0,0.6477438136826783,0.47307132459970885,0.0,0.027656477438136828,0.0
98,1141,4,0.7375,0.04375,0.48125,1.80625,0.0,0.0,0.0,0.9375,0.0,0.0,0.0,0.0,0.0,0.41875,0.0,0.0,0.0,0.0,0.0,2.475,0.0,1.55,0.0,0.825,0.925,0.3875,4.55625,0.0,0.0,0.0,0.0,0.0,0.0,10.9375,1.04375,0.0,0.11875,0.0,0.0,0.0,0.3875,0.0,0.01875,2.4
94,772,4,0.6177777777777778,0.08888888888888889,0.6644444444444444,3.5766666666666667,0.0,0.0,0.0,0.0,0.0,0.0,0.0,0.0,0.0,0.0,0.0,0.0,0.0,0.0,0.0,13.977777777777778,0.0033333333333333335,2.2844444444444445,0.0,13.534444444444444,2.002222222222222,0.33444444444444443,4.862222222222222,0.0,0.0,0.5711111111111111,0.0,0.0,0.0,17.391111111111112,1.931111111111111,0.0,0.8055555555555556,0.03,0.0,0.8155555555555556,0.5344444444444445,0.0,0.04111111111111111,0.0
92,64,15,0.8,0.09682539682539683,0.6396825396825396,3.623809523809524,0.0,0.0,0.0,0.0,0.0,0.0,0.012698412698412698,0.0,0.0,0.2365079365079365,0.1873015873015873,0.0,0.0,0.0,0.0,11.117460317460317,0.0,3.2444444444444445,0.0,7.773015873015873,2.3904761904761904,0.346031746031746,5.7746031746031745,0.0,0.0,0.0,0.06825396825396825,0.0,0.0,15.841269841269842,1.7603174603174603,0.0,0.12222222222222222,0.06825396825396825,0.011111111111111112,0.6349206349206349,0.5174603174603175,0.0,0.06031746031746032,0.0
94,681,4,0.85,0.06875,0.175,1.95,0.0,0.05,0.0,0.3875,0.0,0.0,0.0,0.0,0.0,0.64375,0.0625,0.0,0.0,0.01875,0.0,7.925,0.0,2.525,0.0,2.7,0.1125,0.0375,3.175,0.0,0.0,0.0,0.0,0.0,0.0,8.1375,0.65625,0.0,0.20625,0.0,0.0,0.0,0.49375,0.0,0.0375,1.28125
95,51,4,1.4402332361516035,0.10787172011661808,0.6967930029154519,5.889212827988338,0.0,0.0,0.0,0.0,0.0,0.0,0.0,0.0,0.0,0.08746355685131195,0.0,0.0,0.0,0.0,0.0,11.498542274052479,0.0,2.4606413994169096,0.0,12.309037900874635,3.1486880466472305,0.12536443148688048,4.183673469387755,0.0,0.0,0.0,0.0,0.0,0.0,19.20408163265306,1.58600583090379,0.052478134110787174,0.043731778425655975,0.0,0.0,0.7667638483965015,2.8746355685131197,0.0,0.24198250728862974,0.0
99,117,4,0.8633093525179856,0.09832134292565947,0.5995203836930456,3.1366906474820144,0.0,0.0,0.0,0.14388489208633093,0.0,0.0,0.0,0.0,0.0,0.26139088729016785,0.0,0.0,0.0,0.0,0.0,11.551558752997602,0.0,2.973621103117506,0.0,3.352517985611511,0.5539568345323741,0.41247002398081534,6.5299760191846525,0.0,0.0,0.0,0.0,0.0,0.0,12.918465227817746,0.9376498800959233,0.0,0.2422062350119904,0.0,0.0,0.17985611510791366,0.8081534772182254,0.0,0.0671462829736211,0.1223021582733813
90,305,7,0.7870182555780934,0.08924949290060852,0.21906693711967545,2.5983772819472617,0.0,0.0,0.0,0.0,0.0,0.0,0.0,0.0,0.0,0.018255578093306288,0.0,0.0,0.0,0.0,0.0,11.795131845841786,0.0,1.7525354969574036,0.0,6.748478701825558,0.6146044624746451,0.11764705882352941,2.971602434077079,0.0,0.0,0.0,0.0,0.0,0.0,11.65314401622718,1.5192697768762677,0.0,0.17849898580121704,0.0,0.0,0.37322515212981744,0.49290060851926976,0.0,0.016227180527383367,0.0
98,426,7,0.6227544910179641,0.10179640718562874,0.8233532934131736,2.338323353293413,0.0,0.0688622754491018,0.0,0.03592814371257485,0.0,0.0,0.25449101796407186,0.0,0.0,1.1347305389221556,0.18263473053892215,0.0,0.0,0.011976047904191617,0.6467065868263473,8.098802395209582,0.0,2.2934131736526946,0.0,4.380239520958084,0.6916167664670658,0.9640718562874252,7.341317365269461,0.0,0.0,0.0,0.0,0.0,0.014970059880239521,10.7874251497006,0.8502994011976048,0.0,0.0,0.0,0.0,0.2694610778443114,0.4880239520958084,0.0,0.0748502994011976,0.05089820359281437
93,562,4,0.725699067909454,0.085219707057257,0.14247669773635152,3.262316910785619,0.0,0.0,0.0,0.43275632490013316,0.0,0.0,0.17842876165113183,0.0,0.0,0.8029294274300932,0.022636484687083888,0.0,0.045272969374167776,0.05326231691078562,0.7736351531291611,9.283621837549934,0.0,1.8615179760319573,0.0,4.717709720372836,2.355525965379494,0.20372836218375498,3.7323568575233024,0.0,0.0,0.0,0.0,0.0,0.27030625832223704,14.58988015978695,1.758988015978695,0.0,0.0,0.03861517976031957,0.0,0.4434087882822903,0.39014647137150466,0.0,0.03462050599201065,4.881491344873502
93,1306,11,0.29959514170040485,0.3805668016194332,0.4089068825910931,6.51417004048583,0.0,0.0,0.0,0.0,0.0,0.0,0.09716599190283401,0.0,0.0,0.4777327935222672,0.08906882591093117,0.0,0.0,0.0,0.0,8.619433198380566,0.0,99.43724696356276,0.0,8.238866396761134,2.0040485829959516,0.15789473684210525,4.530364372469635,0.0,0.0,0.012145748987854251,0.0,0.0,0.0,16.06477732793522,1.0769230769230769,0.0,0.16194331983805668,0.0,0.0,0.03643724696356275,9.789473684210526,0.0,0.008097165991902834,0.7368421052631579
94,1475,5,0.6568181818181819,0.08409090909090909,0.35454545454545455,4.247727272727273,0.0,0.0,0.0,0.0,0.0,0.0,0.0,0.0,0.0,1.3136363636363637,0.0,0.0,0.0,0.0,0.0,11.495454545454546,0.031818181818181815,2.1931818181818183,0.0,3.5613636363636365,3.3840909090909093,0.6954545454545454,3.7613636363636362,0.0,0.0,0.35,0.0,0.0,0.8386363636363636,19.686363636363637,2.0863636363636364,0.0,0.0,0.0,0.0,0.4590909090909091,0.45227272727272727,0.0,0.04090909090909091,6.286363636363636
96,806,4,0.6886993603411514,0.12153518123667377,0.8294243070362474,4.959488272921109,0.0,0.0,0.0,0.042643923240938165,0.0,0.0,0.2345415778251599,0.0,0.1257995735607676,0.8635394456289979,0.5138592750533049,0.0,0.0,0.0,0.04477611940298507,15.797441364605543,0.0255863539445629,5.204690831556503,0.3368869936034115,11.021321961620469,6.848614072494669,0.34754797441364604,4.275053304904051,0.0,0.03837953091684435,0.12366737739872068,0.0,0.0,0.0,22.759061833688698,2.257995735607676,0.0,0.2579957356076759,0.0,0.0,0.7270788912579957,0.5245202558635395,0.0,0.057569296375266525,2.0426439232409384
108,1449,4,0.6905158069883528,0.05324459234608985,0.7953410981697171,2.449251247920133,0.0,0.0,0.0,0.07154742096505824,0.0,0.0,0.0,0.0,0.0,0.04159733777038269,0.009983361064891847,0.0,0.0,0.08319467554076539,0.0,4.001663893510815,0.03161397670549085,2.6206322795341097,0.0,2.6688851913477536,0.9151414309484193,0.10815307820299501,6.311148086522462,0.0,0.0,0.0,0.0,0.0,0.0,12.983361064891847,1.2945091514143094,0.0,0.12146422628951747,0.23294509151414308,0.0,0.09650582362728785,0.4908485856905158,0.0,0.019966722129783693,0.0
91,1110,4,0.6953846153846154,0.1158974358974359,0.3446153846153846,4.367179487179487,0.0,0.005128205128205128,0.0,0.09948717948717949,0.0,0.0,0.0041025641025641026,0.0,0.0010256410256410256,0.18974358974358974,0.055384615384615386,0.0,0.0,0.0,0.008205128205128205,14.63076923076923,0.0,3.7364102564102564,0.0,18.00102564102564,3.3579487179487177,0.18769230769230769,4.163076923076923,0.12205128205128205,0.38974358974358975,0.12512820512820513,0.04512820512820513,0.0,0.0,20.203076923076924,2.084102564102564,0.2676923076923077,0.2358974358974359,0.031794871794871796,0.0,1.2246153846153847,0.5425641025641026,0.0,0.07076923076923076,0.0
100,133,4,0.6146341463414634,0.0975609756097561,0.25853658536585367,3.819512195121951,0.0,0.0,0.0,0.0,0.0,0.0,0.0,0.0,0.0,0.0,0.0,0.0,0.0,0.0,0.0,10.492682926829268,0.0,2.4926829268292683,0.0,8.263414634146342,2.3609756097560974,0.07317073170731707,3.7804878048780486,0.0,0.0,0.2,0.17560975609756097,0.0,0.0,17.809756097560975,1.9658536585365853,0.0,0.32195121951219513,0.0,0.0,0.7268292682926829,0.4975609756097561,0.0,0.01951219512195122,0.0
112,257,4,0.9054054054054054,0.05067567567567568,0.30067567567567566,2.679054054054054,0.0,0.0,0.0,0.0,0.0,0.0,0.0,0.0,0.0,0.0,0.0,0.0,0.0,0.0,0.0,9.35135135135135,0.0,1.9324324324324325,0.0,7.047297297297297,0.8277027027027027,0.20945945945945946,3.6486486486486487,0.0,0.0,0.0,0.0,0.0,0.0,11.945945945945946,1.4493243243243243,0.0,0.25675675675675674,0.057432432432432436,0.0,0.4797297297297297,0.5,0.0,0.05067567567567568,0.0
103,203,4,0.684993531694696,0.08602846054333764,0.34670116429495473,2.7121604139715396,0.0,0.0,0.0,0.0,0.0,0.0,0.00258732212160414,0.0,0.0,0.07115135834411385,0.0,0.0,0.0,0.0019404915912031048,0.014230271668822769,12.033635187580854,0.0,1.4715394566623545,0.0,9.954075032341526,1.6617076326002587,0.1429495472186287,4.192108667529108,0.0,0.0,0.057567917205692105,0.0,0.0,0.02457956015523933,12.013583441138422,1.4417852522639067,0.0,0.032988357050452784,0.0,0.0,0.5860284605433377,0.4269081500646831,0.0,0.03880983182406209,0.06597671410090557
101,536,4,0.7612809315866085,0.07714701601164484,0.5283842794759825,2.8500727802037846,0.0,0.0,0.0,0.12663755458515283,0.0,0.0,0.002911208151382824,0.0,0.0,0.7219796215429404,0.18340611353711792,0.0,0.0,0.11644832605531295,0.001455604075691412,9.88646288209607,0.0,1.7438136826783115,0.0,1.9796215429403203,1.7234352256186318,0.4395924308588064,5.292576419213974,0.5502183406113537,0.0,0.0,0.0,0.0,0.18777292576419213,11.78311499272198,1.2314410480349345,0.0,0.033478893740902474,0.0,0.0,0.17612809315866085,0.42066957787481807,0.0,0.020378457059679767,1.5342066957787481
99,575,16,0.6018808777429467,0.15673981191222572,0.1755485893416928,4.197492163009405,0.0,0.0,0.0,0.07523510971786834,0.0,0.0,0.0,0.0,0.0,0.12852664576802508,0.0,0.0,0.0,0.0,0.0,10.67398119122257,0.0,30.33542319749216,0.0,7.8808777429467085,1.5830721003134796,0.18495297805642633,3.7460815047021945,0.0,0.0,0.0,0.10344827586206896,0.0,0.0,14.727272727272727,1.5799373040752351,0.0,0.0,0.0,0.0,0.3949843260188088,1.0626959247648904,0.0,0.034482758620689655,0.0
109,638,12,0.3054187192118227,0.18719211822660098,0.08866995073891626,9.344827586206897,0.0,0.0,0.0,0.0,0.0,0.0,0.0,0.0,0.0,0.3448275862068966,0.009852216748768473,0.0,0.0,0.0,0.0,14.123152709359607,0.0,106.7487684729064,0.0,18.354679802955665,4.679802955665025,0.014778325123152709,1.8226600985221675,0.0,0.0,0.0,0.0,0.0,0.0,21.236453201970445,2.374384236453202,0.0,0.0,0.0,0.0,0.5665024630541872,6.87192118226601,0.0,0.019704433497536946,0.0
111,1516,4,1.164516129032258,0.07741935483870968,0.6854838709677419,3.2451612903225806,0.0,0.025806451612903226,0.0,1.2096774193548387,0.0,0.0,0.0,0.0,0.0,1.0483870967741935,0.3790322580645161,0.0,0.03870967741935484,0.0,0.0,10.317741935483872,0.012903225806451613,2.57741935483871,0.0,5.622580645161291,1.8612903225806452,0.7338709677419355,5.7064516129032254,0.0,0.0,0.2725806451612903,0.0,0.0,0.0,13.791935483870967,1.4451612903225806,0.0,0.08709677419354839,0.10806451612903226,0.0,0.5709677419354838,0.4935483870967742,0.0,0.22096774193548388,4.435483870967742
100,229,7,0.7882882882882883,0.0945945945945946,0.6433933933933934,3.4774774774774775,0.0,0.0,0.0,0.0015015015015015015,0.0,0.0,0.0,0.0,0.012762762762762763,0.11336336336336336,0.028528528528528527,0.0,0.0015015015015015015,0.03978978978978979,0.013513513513513514,10.031531531531531,0.024774774774774775,4.38963963963964,0.0,12.628378378378379,2.2214714714714714,0.34984984984984985,5.756006006006006,0.0,0.0,0.2057057057057057,0.0,0.0,0.0,17.80930930930931,1.6253753753753755,0.1313813813813814,0.12087087087087087,0.04129129129129129,0.0,0.8731231231231231,0.5495495495495496,0.0,0.06756756756756757,0.027777777777777776
106,382,7,0.6859504132231405,0.12672176308539945,0.20385674931129477,2.647382920110193,0.0,0.0,0.0,0.005509641873278237,0.0,0.0,0.24793388429752067,0.0,0.0,0.6446280991735537,0.0743801652892562,0.0,0.0,0.0,0.3581267217630854,16.079889807162534,0.0,1.4462809917355373,0.0,8.575757575757576,1.421487603305785,0.15426997245179064,4.1597796143250685,0.008264462809917356,0.0,0.0,0.0,0.0,0.0,11.1267217630854,1.1570247933884297,0.0,0.0,0.0,0.0,0.6143250688705234,0.3691460055096419,0.0,0.05509641873278237,9.760330578512397
105,1424,11,0.6,0.09125,0.33,3.7525,0.0,0.0,0.0,0.17125,0.0,0.0,0.11,0.0,0.0,0.73375,0.05125,0.0,0.0,0.0,0.695,15.16375,0.0,2.32125,0.0,8.46125,2.315,0.19375,3.99,0.0,0.0,0.01625,0.0,0.0,0.0,15.02125,1.82125,0.0,0.0,0.01625,0.0,0.63125,0.54875,0.0,0.0525,0.915
98,33,4,0.6455882352941177,0.09117647058823529,0.4485294117647059,4.173529411764706,0.0,0.01764705882352941,0.0,0.11911764705882352,0.0,0.0,0.0,0.0,0.0,0.5088235294117647,0.060294117647058824,0.0,0.0,0.007352941176470588,0.0,8.304411764705883,0.0029411764705882353,3.0,0.0,6.3882352941176475,2.8132352941176473,0.14558823529411766,6.002941176470588,0.0,0.007352941176470588,0.09558823529411764,0.05588235294117647,0.0,0.6808823529411765,20.929411764705883,2.223529411764706,0.0,0.0,0.014705882352941176,0.0,0.5,0.5294117647058824,0.0,0.04411764705882353,0.023529411764705882
105,552,4,1.018181818181818,0.01818181818181818,1.9454545454545455,2.618181818181818,0.0,0.0,0.0,0.0,0.0,0.0,0.0,0.0,0.0,0.0,0.0,0.0,0.0,0.0,0.0,3.709090909090909,0.0,2.2363636363636363,0.0,2.7181818181818183,0.7454545454545455,0.4818181818181818,7.4,0.0,0.0,0.11818181818181818,0.0,0.0,0.0,11.49090909090909,1.018181818181818,0.0,0.8818181818181818,0.0,0.0,0.0,0.9272727272727272,0.0,0.1,0.0
101,715,12,0.46647230320699706,0.1749271137026239,0.09620991253644315,5.206997084548105,0.0,0.0,0.0,0.026239067055393587,0.0,0.0,0.0,0.0,0.0,0.09620991253644315,0.0,0.0,0.0,0.0,0.0,8.73469387755102,0.0,57.034985422740526,0.0,6.393586005830904,1.3265306122448979,0.061224489795918366,3.0903790087463556,0.0,0.0,0.0,0.0,0.0,0.0,13.03206997084548,1.2623906705539358,0.0,0.014577259475218658,0.0,0.0,0.37026239067055394,4.131195335276968,0.0,0.023323615160349854,0.0
109,1877,4,0.7991169977924945,0.08388520971302428,0.5540838852097131,2.9536423841059603,0.0,0.1368653421633554,0.0,1.4370860927152318,0.0,0.0,0.0,0.0,0.0,1.1942604856512142,0.13024282560706402,0.0,0.0,0.18322295805739514,0.0,10.097130242825607,0.0,2.615894039735099,0.0,1.7262693156732891,1.2406181015452538,0.48344370860927155,6.357615894039735,0.0,0.0,0.052980132450331126,0.0,0.0,0.0,12.814569536423841,1.1015452538631347,0.0,0.008830022075055188,0.12141280353200883,0.0,0.5408388520971302,0.4304635761589404,0.0,0.08830022075055188,1.6335540838852096
102,1280,4,1.3948387096774193,0.1329032258064516,0.5606451612903226,3.701935483870968,0.0,0.0,0.0,0.0,0.0,0.0,0.0,0.04903225806451613,0.0,0.17419354838709677,0.04774193548387097,0.0,0.0,0.0,0.0,14.604516129032259,0.03225806451612903,6.430322580645162,0.0,17.614838709677418,2.3238709677419354,0.8032258064516129,7.63741935483871,0.0,0.0,0.5458064516129032,0.0,0.0,0.0,20.13741935483871,1.5741935483870968,0.0,0.6929032258064516,0.10516129032258065,0.0,1.1780645161290322,0.6406451612903226,0.48774193548387096,0.23483870967741935,0.4890322580645161
113,99,4,0.6962962962962963,0.05925925925925926,1.782716049382716,2.1827160493827162,0.0,0.0,0.0,0.019753086419753086,0.0,0.0,0.0,0.0,0.0,0.13333333333333333,0.0,0.0,0.0,0.0,0.0,4.538271604938272,0.16049382716049382,3.1580246913580248,0.0,2.4296296296296296,0.20246913580246914,0.43209876543209874,8.02716049382716,0.0,0.0,0.08148148148148149,0.0,0.0,0.014814814814814815,12.651851851851852,0.7777777777777778,0.0,0.13580246913580246,0.18765432098765433,0.0,0.24938271604938272,0.5506172839506173,0.0,0.03209876543209877,0.14074074074074075
106,342,4,0.8292410714285714,0.10044642857142858,0.09486607142857142,2.9419642857142856,0.0,0.0,0.0,0.0078125,0.0,0.0,0.0,0.0,0.0,0.049107142857142856,0.011160714285714286,0.0,0.022321428571428572,0.0,0.0,14.925223214285714,0.0,1.8694196428571428,0.0,9.972098214285714,0.9866071428571429,0.17299107142857142,2.9776785714285716,0.0,0.0,0.0,0.0,0.0,0.0,12.043526785714286,1.5502232142857142,0.0,0.08705357142857142,0.0,0.0,0.609375,0.4799107142857143,0.0,0.0234375,0.0
104,1633,4,0.6503597122302158,0.07194244604316546,0.6316546762589929,2.466187050359712,0.0,0.0,0.0,0.031654676258992806,0.0,0.0,0.004316546762589928,0.0,0.0,0.06906474820143885,0.004316546762589928,0.0,0.0,0.0,0.0,10.53525179856115,0.0,2.0705035971223023,0.0,6.879136690647482,0.9179856115107914,0.26618705035971224,3.3798561151079136,0.0,0.0,0.1971223021582734,0.0,0.0,0.0,11.188489208633094,1.2345323741007195,0.0,0.0,0.0,0.0,0.42158273381294964,0.49928057553956834,0.0,0.017266187050359712,0.0
107,984,4,0.7775330396475771,0.05506607929515418,2.746696035242291,2.801762114537445,0.0,0.0,0.0,0.05506607929515418,0.0,0.0,0.06167400881057269,0.0,0.0,0.5969162995594713,0.3370044052863436,0.0,0.0,0.0,0.0,1.4251101321585904,0.15638766519823788,6.033039647577093,0.0,2.066079295154185,1.2885462555066078,2.1387665198237884,12.246696035242291,0.0,0.0,0.34140969162995594,0.0,0.0,0.0,17.81057268722467,0.8986784140969163,0.0,1.0374449339207048,0.07048458149779736,0.0,0.13656387665198239,0.5969162995594713,0.0,0.030837004405286344,0.5352422907488987
101,1733,12,0.5798319327731093,0.08403361344537816,0.6064425770308123,3.5364145658263304,0.0,0.0,0.0,0.0,0.0,0.0,0.08123249299719888,0.0,0.0,0.1484593837535014,0.02661064425770308,0.0,0.0,0.0,0.226890756302521,10.470588235294118,0.014005602240896359,2.19327731092437,0.0,10.068627450980392,2.275910364145658,0.0,4.823529411764706,0.0,0.0,0.10644257703081232,0.0,0.0,0.0,17.26750700280112,1.938375350140056,0.0,0.2857142857142857,0.01680672268907563,0.0,0.634453781512605,0.49299719887955185,0.0,0.0392156862745098,0.46218487394957986
123,1373,4,0.6689655172413793,0.07586206896551724,1.3448275862068966,2.896551724137931,0.2413793103448276,0.14482758620689656,0.0,1.717241379310345,0.0,0.0,0.0,0.0,0.0,1.5586206896551724,0.593103448275862,0.0,0.0,0.0,0.0,2.717241379310345,0.034482758620689655,5.213793103448276,0.0,1.5241379310344827,0.903448275862069,1.793103448275862,10.648275862068965,0.06896551724137931,0.0,0.0,0.0,0.0,0.38620689655172413,17.820689655172412,1.1793103448275861,0.0,0.0,0.13793103448275862,0.0,0.2413793103448276,0.46206896551724136,0.0,0.06896551724137931,1.1724137931034482
108,898,4,2.022644265887509,0.09569028487947406,0.9043097151205259,3.4382761139517894,0.0,0.0,0.0,0.028487947406866325,0.0,0.0,0.0,0.0,0.0,0.04747991234477721,0.0,0.0,0.0,0.0,0.0,12.599707815924033,0.03214024835646457,4.456537618699781,0.0,11.102264426588752,2.00073046018992,0.18115412710007306,5.631117604090577,0.0,0.0,0.18553688823959094,0.11468224981738495,0.0,0.0,17.404674945215486,1.6296566837107378,0.0,0.2710007304601899,0.15777940102264426,0.0,0.7494521548575602,0.5777940102264426,0.0,0.7640613586559533,0.0
106,1110,4,0.6033613445378151,0.07058823529411765,1.9176470588235295,2.40672268907563,0.0,0.0,0.0,0.16134453781512606,0.0,0.0,0.0,0.0,0.0,0.0,0.0,0.0,0.0,0.0,0.0,3.2974789915966385,0.05042016806722689,2.626890756302521,0.0,1.8403361344537814,0.6756302521008404,0.01680672268907563,7.295798319327731,0.0,0.0,0.09411764705882353,0.0,0.0,0.0,12.559663865546218,1.1243697478991597,0.0,0.4756302521008403,0.12941176470588237,0.0,0.20168067226890757,0.5058823529411764,0.0,0.06050420168067227,0.0
110,451,4,0.5019011406844106,0.07984790874524715,1.273764258555133,2.6425855513307983,0.0,0.0,0.0,0.0,0.0,0.0,0.0,0.0,0.0,0.0,0.0,0.0,0.0,0.0,0.0,7.220532319391635,0.0,2.209125475285171,0.0,3.0228136882129277,0.6577946768060836,0.28517110266159695,6.3688212927756656,0.0,0.0,0.5095057034220533,0.0,0.0,0.0,13.608365019011407,1.0038022813688212,0.0,0.6996197718631179,0.0,0.0,0.10266159695817491,0.5855513307984791,0.0,0.022813688212927757,0.0
108,465,4,0.6635220125786163,0.0660377358490566,0.6761006289308176,2.0220125786163523,0.0,0.0,0.0,0.0,0.0,0.0,0.0,0.0,0.0,0.0,0.0,0.0,0.0,0.0,0.0,3.3333333333333335,0.0,2.147798742138365,0.0,2.940251572327044,0.3867924528301887,0.49056603773584906,8.672955974842766,0.0,0.0,0.0,0.0,0.0,0.0,10.355345911949685,1.078616352201258,0.0,0.0,0.0,0.0,0.16666666666666666,0.4339622641509434,0.0,0.015723270440251572,0.0
108,1568,4,0.6863905325443787,0.03550295857988166,0.5857988165680473,2.1242603550295858,0.0,0.0,0.0,0.0,0.0,0.0,0.0,0.0,0.0,0.0,0.0,0.0,0.0,0.0,0.0,3.5798816568047336,0.0,2.2071005917159763,0.0,4.136094674556213,0.6568047337278107,0.28994082840236685,7.325443786982248,0.0,0.0,0.0,0.0,0.0,0.0,11.55621301775148,1.0769230769230769,0.0,0.0,0.0,0.0,0.25443786982248523,0.4378698224852071,0.0,0.011834319526627219,0.0
110,2012,6,0.7335766423357665,0.09854014598540146,0.7700729927007299,3.6386861313868613,0.0,0.0,0.0,0.0,0.0,0.0,0.0,0.0,0.0,0.0,0.0,0.0,0.0,0.0,0.0,13.795620437956204,0.0,4.536496350364963,0.0,7.7153284671532845,2.332116788321168,0.3686131386861314,6.04014598540146,0.0,0.0,0.18613138686131386,0.0,0.0,0.0,18.080291970802918,1.5364963503649636,0.0,0.2518248175182482,0.025547445255474453,0.0,0.48905109489051096,0.6496350364963503,0.0,0.032846715328467155,0.0
112,497,4,1.0815602836879432,0.11347517730496454,1.0177304964539007,3.8333333333333335,0.0,0.0,0.0,0.08156028368794327,0.0,0.0,0.3333333333333333,0.0,0.2127659574468085,0.900709219858156,0.6773049645390071,0.0,0.0,0.0,0.028368794326241134,4.585106382978723,0.0070921985815602835,5.365248226950355,0.0,3.7127659574468086,2.6595744680851063,0.900709219858156,6.468085106382978,0.0,0.0,0.08156028368794327,0.0,0.0,0.0,21.585106382978722,1.8900709219858156,0.0,0.03546099290780142,0.02127659574468085,0.0,0.32269503546099293,0.7021276595744681,0.0,0.09574468085106383,6.897163120567376
126,1546,4,0.7154471544715447,0.0943089430894309,0.2813008130081301,2.8910569105691057,0.0,0.0,0.0,0.0,0.0,0.0,0.05040650406504065,0.0,0.0,0.2682926829268293,0.12682926829268293,0.0,0.0,0.0,0.22764227642276422,8.608130081300812,0.0,1.9902439024390244,0.0,7.489430894308943,1.7235772357723578,0.16910569105691056,4.0,0.0,0.0,0.216260162601626,0.0,0.0,0.0,14.466666666666667,1.7658536585365854,0.0,0.17235772357723578,0.1902439024390244,0.0910569105691057,0.45203252032520325,0.5235772357723577,0.0,0.03739837398373984,0.11382113821138211
113,1990,4,0.6669224865694551,0.10437452033768227,0.476592478894858,3.9846508058326937,0.0,0.015349194167306216,0.0,0.035303146584804296,0.0,0.0,0.0,0.0,0.0015349194167306216,0.0844205679201842,0.01688411358403684,0.0,0.019953952417498082,0.0015349194167306216,0.0,12.11128165771297,0.011511895625479662,3.861857252494244,0.0,10.3584036838066,2.0721412125863394,0.3115886415963162,5.277820414428242,0.0,0.02916346891788181,0.23714504988488105,0.0,0.0,0.0,18.720644666155028,1.8311588641596317,0.0,0.19263238679969302,0.08595548733691481,0.0,0.6838066001534919,0.5748273215656178,0.0,0.03607060629316961,0.0061396776669224865
117,678,4,1.0080515297906603,0.1723027375201288,0.5974235104669887,4.120772946859903,0.0,0.0,0.0,0.0,0.0,0.0,0.12721417069243157,0.0,0.09822866344605476,0.48792270531400966,0.33494363929146537,0.0,0.0,0.0,0.04508856682769726,13.341384863123993,0.037037037037037035,8.38486312399356,0.0,13.317230273752013,3.07890499194847,0.6489533011272142,5.138486312399356,0.0,0.0,0.01932367149758454,0.0,0.0,0.0,21.199677938808374,1.790660225442834,0.0,0.00322061191626409,0.15136876006441224,0.0,1.2028985507246377,0.5845410628019324,0.0,0.06280193236714976,3.4122383252818036
118,780,4,1.0231958762886597,0.06958762886597938,0.6048109965635738,3.189003436426117,0.0,0.011168384879725086,0.0,0.08419243986254296,0.0,0.0,0.0,0.0,0.0,0.11855670103092783,0.02663230240549828,0.0,0.0,0.0,0.0,10.38831615120275,0.0,3.1512027491408934,0.0,4.810137457044673,1.5206185567010309,0.08161512027491409,6.805841924398625,0.0,0.0,0.0,0.0,0.0,0.0,13.43213058419244,1.3814432989690721,0.0,0.05584192439862543,0.04896907216494845,0.0,0.3281786941580756,0.6718213058419243,0.0,0.12714776632302405,0.0
110,815,4,0.7405978784956606,0.10896817743490839,0.8717454194792671,3.4329797492767598,0.0,0.0,0.0,0.0,0.0,0.0,0.0,0.0,0.0,0.05978784956605593,0.03664416586306654,0.0,0.0,0.0,0.0,11.574734811957569,0.0,2.3442622950819674,0.0,7.537126325940212,2.584378013500482,0.3452266152362584,6.627772420443587,0.0,0.0,0.11571841851494696,0.0,0.0,0.0,15.816779170684667,1.7791706846673097,0.0,0.18611378977820636,0.13211186113789777,0.0,0.4956605593056895,0.4918032786885246,0.0,0.029893924783027964,0.0
115,1606,6,0.7964601769911505,0.04424778761061947,1.6150442477876106,2.1415929203539825,0.0,0.0,0.0,0.0,0.0,0.0,0.0,0.0,0.0,0.0,0.0,0.0,0.0,0.0,0.0,4.013274336283186,0.0,1.915929203539823,0.0,1.1327433628318584,0.12831858407079647,0.061946902654867256,6.513274336283186,0.0,0.0,0.13716814159292035,0.0,0.0,0.0,11.172566371681416,0.7522123893805309,0.0,0.7079646017699115,0.2168141592920354,0.0,0.0,0.4646017699115044,0.0,0.022123893805309734,0.0
119,589,4,0.796875,0.1701388888888889,1.5451388888888888,7.541666666666667,0.0,0.0,0.0,0.046875,0.0,0.0,0.4861111111111111,0.0,0.21180555555555555,1.4895833333333333,0.7361111111111112,0.0,0.0,0.0,0.1440972222222222,17.961805555555557,0.06944444444444445,5.786458333333333,0.0,14.321180555555555,11.114583333333334,0.953125,10.383680555555555,0.0,0.0,0.25,0.0,0.0,0.0954861111111111,32.076388888888886,3.1909722222222223,0.0,0.5416666666666666,0.09375,0.0,0.9826388888888888,0.765625,2.8680555555555554,0.0642361111111111,12.20138888888889
112,1156,4,6.0797244094488185,0.07578740157480315,0.71751968503937,3.090551181102362,0.0,0.00984251968503937,0.0,0.0344488188976378,0.0,0.0,0.003937007874015748,0.0,0.0,0.0639763779527559,0.025590551181102362,0.0,0.0,0.0,0.045275590551181105,9.3248031496063,0.006889763779527559,3.923228346456693,0.0,6.418307086614173,1.7559055118110236,0.16929133858267717,4.821850393700787,0.0,0.0,0.022637795275590553,0.07086614173228346,0.0,0.0,14.176181102362206,1.5019685039370079,0.0,0.09448818897637795,0.10925196850393701,0.011811023622047244,0.4478346456692913,0.514763779527559,0.0,3.390748031496063,0.0
121,49,4,0.9288025889967637,0.0744336569579288,1.1423948220064726,3.4919093851132685,0.0,0.0,0.0,0.0,0.0,0.0,0.0,0.0,0.0,0.0,0.0,0.0,0.0,0.0,0.0,10.94822006472492,0.0,2.3042071197411005,0.0,10.300970873786408,1.598705501618123,0.4174757281553398,5.676375404530744,0.0,0.0,0.7119741100323624,0.0,0.0,0.0,19.854368932038835,1.889967637540453,0.0,1.0194174757281553,0.0,0.0,0.5469255663430421,0.540453074433657,0.0,0.061488673139158574,1.249190938511327
117,1963,4,0.87535953978907,0.09012464046021093,0.3835091083413231,2.8485139022051773,0.0,0.0,0.0,0.0,0.0,0.0,0.0,0.0,0.0,0.08245445829338446,0.0,0.0,0.010546500479386385,0.02205177372962608,0.014381591562799617,15.428571428571429,0.0,2.214765100671141,0.0,9.276126558005753,1.5119846596356663,0.2799616490891659,4.205177372962608,0.0,0.0,0.0,0.04122722914669223,0.0,0.0,11.818791946308725,1.4007670182166827,0.0,0.04697986577181208,0.015340364333652923,0.0,0.5695110258868649,0.5915627996164909,0.0,0.023010546500479387,0.0
125,835,4,1.1108490566037736,0.10377358490566038,1.4268867924528301,3.481132075471698,0.0,0.0,0.0,0.0,0.0,0.0,0.29245283018867924,0.0,0.0,1.025943396226415,0.37028301886792453,0.0,0.0,0.0,0.0,3.3632075471698113,0.10141509433962265,9.099056603773585,0.0,3.8632075471698113,1.7523584905660377,0.7547169811320755,11.502358490566039,0.0,0.0,0.33254716981132076,0.0,0.0,0.0,21.080188679245282,1.5613207547169812,0.0,0.46462264150943394,0.22169811320754718,0.0,0.29952830188679247,0.6037735849056604,0.0,0.054245283018867926,0.29245283018867924
117,1581,4,0.6428571428571429,0.1,0.8142857142857143,3.462857142857143,0.0,0.0,0.0,0.0,0.0,0.0,0.18476190476190477,0.0,0.0,0.6009523809523809,0.23904761904761904,0.0,0.0,0.0,0.04285714285714286,13.464761904761906,0.0,2.2076190476190476,0.0,5.2161904761904765,2.0,0.0838095238095238,5.388571428571429,0.0,0.0,0.1838095238095238,0.04666666666666667,0.0,0.0,15.897142857142857,1.6457142857142857,0.0,0.28285714285714286,0.09523809523809523,0.0,0.3142857142857143,0.4657142857142857,0.0,0.03619047619047619,0.5142857142857142
112,142,4,0.7072243346007605,0.12927756653992395,1.6653992395437263,4.0494296577946765,0.0,0.0,0.0,0.0,0.0,0.0,0.0,0.0,0.0,0.04182509505703422,0.0,0.0,0.0,0.0,0.0,11.627376425855513,0.0,5.714828897338403,0.0,5.684410646387833,1.8897338403041826,0.5095057034220533,7.726235741444867,0.0,0.0,0.10646387832699619,0.0,0.0,0.0,17.49809885931559,1.3307984790874525,0.0,0.04182509505703422,0.030418250950570342,0.0,0.34600760456273766,0.596958174904943,0.0,0.026615969581749048,0.10266159695817491
125,310,4,0.7244897959183674,0.02040816326530612,0.05102040816326531,1.7857142857142858,0.0,0.0,0.0,0.07142857142857142,0.0,0.0,0.0,0.0,0.0,0.09183673469387756,0.02040816326530612,0.0,0.0,0.02040816326530612,0.0,4.8061224489795915,0.0,1.969387755102041,0.0,2.9489795918367347,0.5204081632653061,0.030612244897959183,3.2346938775510203,0.0,0.0,0.0,0.0,0.0,0.21428571428571427,8.418367346938776,0.7244897959183674,0.0,0.0,0.0,0.0,0.24489795918367346,0.40816326530612246,0.0,0.05102040816326531,0.0
119,960,4,0.7508417508417509,0.06958473625140292,0.39169472502805835,3.0718294051627386,0.0,0.0,0.0,0.01122334455667789,0.0,0.0,0.0,0.0,0.0,0.11784511784511785,0.01122334455667789,0.0,0.0,0.0,0.0,12.384960718294051,0.0,1.9674523007856342,0.0,12.048260381593716,1.8877665544332212,0.20202020202020202,3.967452300785634,0.001122334455667789,0.0,0.22783389450056116,0.0,0.0,0.0,14.312008978675646,1.8731762065095399,0.0,0.1122334455667789,0.025813692480359147,0.001122334455667789,0.7564534231200898,0.4713804713804714,0.0,0.037037037037037035,0.015712682379349047
127,1927,4,0.5373134328358209,0.0914179104477612,0.6026119402985075,3.470149253731343,0.0,0.0,0.0,0.0,0.0,0.0,0.011194029850746268,0.0,0.0,0.08395522388059702,0.007462686567164179,0.0,0.0,0.0,0.03917910447761194,11.761194029850746,0.0,1.9477611940298507,0.0,5.9533582089552235,1.8208955223880596,0.0,3.626865671641791,0.0,0.0,0.166044776119403,0.0,0.0,0.0,15.841417910447761,1.6567164179104477,0.0,0.26492537313432835,0.0018656716417910447,0.0,0.40671641791044777,0.5410447761194029,0.0,0.020522388059701493,0.020522388059701493
131,414,4,0.9253731343283582,0.1451077943615257,1.144278606965174,2.9950248756218905,0.0,0.0,0.0,0.05804311774461028,0.0,0.0,0.0,0.0,0.0,0.06550580431177445,0.01824212271973466,0.0,0.0,0.18325041459369817,0.0,11.886401326699835,0.0812603648424544,7.755389718076286,0.0,7.994195688225539,1.5091210613598673,0.7520729684908789,5.617744610281924,0.0,0.0,0.48839137645107794,0.0,0.0,0.0,16.993366500829186,1.2976782752902156,0.0,0.3996683250414594,0.07131011608623548,0.0,0.5713101160862355,0.6293532338308457,0.05804311774461028,0.04228855721393035,3.9502487562189055
122,1287,4,0.8065134099616859,0.08173690932311622,0.5402298850574713,2.5306513409961684,0.0,0.0,0.0,0.1558109833971903,0.0,0.0,0.0,0.0,0.0,0.16922094508301405,0.011494252873563218,0.0,0.0,0.0006385696040868455,0.0140485312899106,10.005747126436782,0.0,2.6800766283524906,0.0,5.944444444444445,1.206896551724138,0.10089399744572158,3.9655172413793105,0.0,0.0,0.07151979565772669,0.0,0.0,0.0,11.924648786717752,1.3895274584929758,0.0,0.0,0.0038314176245210726,0.0,0.5632183908045977,0.7701149425287356,0.0,0.04342273307790549,0.11685823754789272
116,1469,12,0.7079276773296245,0.08623087621696801,0.9847009735744089,3.3073713490959666,0.0,0.0,0.0,0.0,0.0,0.0,0.0,0.0,0.0,0.0,0.0,0.0,0.0,0.0,0.0,10.115438108484005,0.03616133518776078,3.1863699582753826,0.0,7.584144645340751,1.5757997218358832,0.1905424200278164,5.606397774687065,0.0,0.0,0.08762169680111266,0.0,0.0,0.0,17.593880389429764,1.7273991655076495,0.0,0.14881780250347706,0.2086230876216968,0.0,0.48400556328233657,0.5312934631432545,0.0,0.02086230876216968,0.4325452016689847
116,1779,4,0.6359338061465721,0.1016548463356974,0.2222222222222222,5.340425531914893,0.009456264775413711,0.1867612293144208,0.0,0.8463356973995272,0.0,0.0,0.15602836879432624,0.0,0.002364066193853428,2.1016548463356974,0.7044917257683215,0.0,0.0,0.2222222222222222,0.3640661938534279,16.170212765957448,0.0,3.9574468085106385,0.004728132387706856,12.39243498817967,4.052009456264775,0.10401891252955082,3.6595744680851063,0.02364066193853428,0.0591016548463357,0.27423167848699764,0.0,0.0,0.3617021276595745,23.21276595744681,2.354609929078014,0.0,0.08983451536643026,0.0,0.0,1.037825059101655,0.5862884160756501,0.0,0.08983451536643026,4.24113475177305
117,937,4,0.7279693486590039,0.09195402298850575,0.4827586206896552,2.7011494252873565,0.0,0.0,0.0,0.0,0.0,0.0,0.0,0.0,0.0,0.0,0.0,0.0,0.0,0.0,0.0,7.919540229885057,0.06896551724137931,3.839080459770115,0.0,5.64367816091954,1.6398467432950192,0.5593869731800766,6.452107279693487,0.0,0.06513409961685823,0.6015325670498084,0.0,0.0,0.0,14.685823754789272,1.1647509578544062,0.0,0.3103448275862069,0.0,0.0,0.46360153256704983,0.4521072796934866,0.0,0.022988505747126436,0.0
124,166,12,0.5229885057471264,0.04310344827586207,1.2327586206896552,2.4022988505747125,0.0,0.0,0.0,0.0,0.0,0.0,0.0,0.0,0.0,0.0,0.0,0.0,0.0,0.0,0.0,7.75,0.05172413793103448,2.1522988505747125,0.0,2.8304597701149423,0.5747126436781609,0.07758620689655173,5.390804597701149,0.0,0.0,0.27586206896551724,0.0,0.0,0.0,11.454022988505747,0.9252873563218391,0.0,0.5316091954022989,0.020114942528735632,0.0,0.0,0.4885057471264368,0.0,0.031609195402298854,0.0
119,528,4,0.7684659090909091,0.09659090909090909,0.27982954545454547,3.481534090909091,0.0,0.028409090909090908,0.0,0.17329545454545456,0.0,0.0,0.10227272727272728,0.0,0.0,0.7173295454545454,0.21164772727272727,0.0,0.0,0.11789772727272728,0.1747159090909091,14.715909090909092,0.0,1.9332386363636365,0.0,8.436079545454545,3.241477272727273,0.36363636363636365,5.041193181818182,0.004261363636363636,0.0,0.0,0.0,0.0,0.18607954545454544,13.907670454545455,1.8678977272727273,0.0,0.08522727272727272,0.0,0.0,0.5738636363636364,0.43607954545454547,0.0,0.04971590909090909,0.9644886363636364
128,1221,4,0.7138263665594855,0.10610932475884244,0.7491961414790996,3.135048231511254,0.0,0.0,0.0,0.0,0.0,0.0,0.0,0.0,0.0,0.3890675241157556,0.0,0.0,0.0,0.0,0.006430868167202572,12.967845659163988,0.0,3.739549839228296,0.0,9.263665594855306,1.9067524115755627,0.5819935691318328,6.286173633440514,0.0,0.0,0.05144694533762058,0.17041800643086816,0.0,0.0,13.47266881028939,1.527331189710611,0.0,0.2057877813504823,0.0,0.0,0.6463022508038585,0.4919614147909968,0.0,0.05466237942122187,1.22508038585209
119,1139,4,0.6685606060606061,0.08049242424242424,1.2547348484848484,3.2670454545454546,0.0,0.0,0.0,0.0634469696969697,0.0,0.0,0.0,0.0,0.0,0.045454545454545456,0.0,0.0,0.0,0.0,0.0,10.948863636363637,0.05776515151515151,2.678030303030303,0.0,8.639204545454545,2.308712121212121,0.4744318181818182,5.74905303030303,0.0,0.032196969696969696,0.13352272727272727,0.0,0.0,0.0,17.41287878787879,1.7982954545454546,0.0,0.2774621212121212,0.09659090909090909,0.0,0.5577651515151515,0.5179924242424242,0.0,0.03409090909090909,0.4365530303030303
126,1683,4,0.706140350877193,0.10526315789473684,0.75,4.017543859649122,0.0,0.0,0.0,0.0,0.0,0.0,0.0,0.0,0.0,0.0,0.0,0.0,0.0,0.0,0.0,18.30263157894737,0.0,2.1315789473684212,0.0,17.04824561403509,2.508771929824561,0.14035087719298245,4.425438596491228,0.0,0.08333333333333333,0.7587719298245614,0.0,0.0,0.0,18.25438596491228,1.837719298245614,0.0,1.4912280701754386,0.0,0.0,1.1271929824561404,0.5307017543859649,0.0,0.03070175438596491,0.0
130,997,4,0.6255813953488372,0.10930232558139535,0.8662790697674418,3.7569767441860464,0.0,0.0,0.0,0.0,0.0,0.0,0.0,0.0,0.0,0.0,0.0,0.0,0.0,0.0,0.0,12.18953488372093,0.009302325581395349,3.0093023255813955,0.0,8.188372093023256,1.7313953488372094,1.0906976744186045,7.472093023255814,0.0,0.0,0.32325581395348835,0.0,0.0,0.0,19.733720930232558,1.5127906976744185,0.0,0.28488372093023256,0.08488372093023255,0.0,0.5581395348837209,0.6151162790697674,0.0,0.031395348837209305,0.0
126,218,12,0.6102394715111478,0.09413707679603633,0.48720066061106526,4.19570602807597,0.0,0.0,0.0,0.0,0.0,0.0,0.13212221304706853,0.0,0.0,0.3063583815028902,0.07844756399669695,0.0,0.0,0.0,0.2989265070189926,11.403798513625103,0.017341040462427744,2.0677126341866225,0.0,9.720066061106523,2.998348472336912,0.06440957886044592,3.4888521882741537,0.0,0.0,0.1593724194880264,0.0,0.0,0.0,19.71345995045417,2.5177539223782,0.0,0.3988439306358382,0.0,0.0,0.7126341866226259,0.5020644095788604,0.0,0.037159372419488024,2.906688687035508
131,1189,4,0.7037943696450428,0.07588739290085679,0.16768665850673195,3.5875152998776008,0.0,0.0,0.0,0.3108935128518972,0.0,0.0,0.004895960832313341,0.0,0.0,0.8653610771113831,0.23133414932680538,0.0,0.0,0.07711138310893513,0.012239902080783354,8.828641370869033,0.0,1.981640146878825,0.0,3.8629130966952263,2.357405140758874,0.13096695226438188,3.5042839657282743,0.006119951040391677,0.0,0.0,0.0,0.0,0.0,15.547123623011016,2.119951040391677,0.0,0.0,0.0,0.0,0.5042839657282742,0.4430844553243574,0.0,0.044063647490820076,3.167686658506732
121,1741,4,0.680633147113594,0.07728119180633147,0.6471135940409684,3.735567970204842,0.0,0.0,0.0,0.0,0.0,0.0,0.0,0.0,0.0,0.07076350093109869,0.0,0.0,0.0,0.004655493482309125,0.0,11.768156424581006,0.036312849162011177,2.3277467411545625,0.0,9.303538175046555,2.1303538175046555,0.38640595903165736,4.807262569832402,0.0,0.0,0.2746741154562384,0.020484171322160148,0.0,0.0,18.166666666666668,1.9357541899441342,0.0,0.5102420856610801,0.0,0.0,0.6741154562383612,0.553072625698324,0.0,0.040968342644320296,0.4106145251396648
131,546,4,0.7100591715976331,0.05917159763313609,1.6153846153846154,2.6153846153846154,0.0,0.0,0.0,0.0,0.0,0.0,0.0,0.0,0.0,0.0,0.0,0.0,0.0,0.0,0.0,4.461538461538462,0.0,5.035502958579881,0.0,2.7455621301775146,0.5325443786982249,2.1479289940828403,9.307692307692308,0.0,0.0,0.11242603550295859,0.0,0.0,0.0,13.57396449704142,0.9289940828402367,0.0,0.23076923076923078,0.0,0.0,0.0,0.5621301775147929,0.0,0.05325443786982249,0.0
131,1409,11,0.654054054054054,0.09594594594594595,0.39054054054054055,3.062162162162162,0.0,0.0,0.0,0.0,0.0,0.0,0.0,0.0,0.0,0.0945945945945946,0.0,0.0,0.0,0.0,0.0,12.425675675675675,0.016216216216216217,2.9864864864864864,0.0,9.524324324324324,1.9554054054054053,0.3162162162162162,4.5932432432432435,0.0,0.0,0.025675675675675677,0.13918918918918918,0.0,0.0,13.64054054054054,1.5824324324324324,0.0,0.08783783783783784,0.033783783783783786,0.0,0.5594594594594594,0.4864864864864865,0.0,0.05,0.08513513513513514
134,1032,4,0.5899880810488677,0.10369487485101311,0.6197854588796186,5.0715137067938025,0.0,0.0,0.0,0.02026221692491061,0.0,0.0,0.0,0.0,0.0,1.1179976162097736,0.02264600715137068,0.0,0.0,0.0,0.0,13.868891537544696,0.03575685339690107,3.303933253873659,0.0,3.32777115613826,4.6233611442193085,0.6269368295589988,7.912991656734207,0.0,0.0,0.08343265792610251,0.0,0.0,1.4171632896305124,23.078665077473183,2.4481525625744935,0.0,0.033373063170441,0.02026221692491061,0.0,0.5697258641239571,0.5566150178784267,0.0,0.07628128724672228,3.790226460071514
122,1642,4,0.7224299065420561,0.07850467289719626,0.49439252336448597,3.6588785046728973,0.0,0.0,0.0,0.022429906542056073,0.0,0.0,0.0,0.0,0.0,0.026168224299065422,0.007476635514018692,0.0,0.0,0.0,0.0,10.049532710280374,0.0,3.3158878504672895,0.0,10.200934579439252,2.7476635514018692,0.07383177570093458,3.8822429906542055,0.0,0.048598130841121495,0.3990654205607477,0.0,0.0,0.0,16.469158878504672,1.847663551401869,0.0,0.4280373831775701,0.0,0.0,0.6467289719626168,0.5401869158878505,0.0,0.03457943925233645,0.0
130,128,5,0.672,0.032,1.96,2.784,0.056,0.008,0.0,0.48,0.0,0.0,0.0,0.0,0.0,0.744,0.152,0.0,0.024,0.0,0.032,1.328,0.24,4.2,0.0,3.296,1.216,1.792,9.688,0.0,0.0,0.576,0.0,0.0,0.36,19.152,1.392,0.0,1.512,0.0,0.0,0.144,0.608,0.0,0.088,0.584
119,1630,15,0.842185128983308,0.11380880121396054,0.15781487101669195,3.324734446130501,0.0,0.0,0.0,0.03945371775417299,0.0,0.0,0.0819423368740516,0.0,0.0,0.6342943854324734,0.2094081942336874,0.0,0.0,0.02276176024279211,0.006069802731411229,16.707132018209407,0.0,1.9119878603945373,0.19423368740515934,8.257966616084977,3.525037936267071,0.4537177541729894,4.169954476479514,0.028831562974203338,0.0,0.0,0.0,0.0,0.17754172989377845,14.441578148710168,1.8755690440060697,0.0,0.1062215477996965,0.0,0.0,0.5204855842185129,0.44613050075872535,0.0,0.03945371775417299,0.03338391502276176
132,186,5,0.6732673267326733,0.039603960396039604,1.5346534653465347,2.4158415841584158,0.0,0.0,0.0,0.5742574257425742,0.0,0.0,0.0,0.0,0.0,0.7524752475247525,0.0,0.0,0.0,0.0,0.0,1.504950495049505,0.0,3.5445544554455446,0.0,2.0495049504950495,0.7920792079207921,1.6237623762376239,8.405940594059405,0.0,0.0,0.0,0.0,0.0,0.0,14.475247524752476,0.9504950495049505,0.0,0.7623762376237624,0.0,0.0,0.18811881188118812,0.5742574257425742,0.0,0.06930693069306931,0.04950495049504951
127,462,4,0.7660910518053375,0.08006279434850863,0.130298273155416,3.3532182103610677,0.0,0.0,0.0,0.0282574568288854,0.0,0.0,0.16012558869701726,0.0,0.09105180533751962,0.7032967032967034,0.4474097331240188,0.0,0.0,0.0,0.04395604395604396,13.712715855572998,0.0,2.5039246467817895,0.14285714285714285,12.68131868131868,3.5588697017268447,0.33437990580847726,4.274725274725275,0.0,0.0,0.0,0.0,0.0,0.0,13.103610675039246,1.662480376766091,0.0,0.14285714285714285,0.0,0.0,0.9309262166405023,0.4599686028257457,0.0,0.0565149136577708,0.41130298273155413
134,1100,4,0.6422018348623854,0.04892966360856269,0.599388379204893,2.18348623853211,0.0,0.05198776758409786,0.0,0.0,0.0,0.0,0.0,0.0,0.0,0.0030581039755351682,0.0,0.0,0.0,0.0,0.0,5.844036697247707,0.0,2.293577981651376,0.0,3.529051987767584,1.1009174311926606,0.11926605504587157,4.908256880733945,0.0,0.0,0.0,0.0,0.0,0.0,11.98165137614679,1.2324159021406729,0.0,0.0,0.012232415902140673,0.0,0.2018348623853211,0.4801223241590214,0.0,0.012232415902140673,0.0
130,337,15,0.573549257759784,0.06747638326585695,1.0823211875843455,2.816464237516869,0.0,0.0,0.0,0.0,0.0,0.0,0.0,0.0,0.0,0.0,0.0,0.0,0.0,0.0,0.0,9.917678812415655,0.0,1.9973009446693657,0.0,4.3063427800269904,0.7058029689608637,0.1659919028340081,5.364372469635628,0.0,0.0,0.2766531713900135,0.0,0.0,0.0,13.161943319838057,1.0620782726045883,0.0,0.4358974358974359,0.0,0.0,0.2321187584345479,0.49527665317139,0.0,0.03508771929824561,0.0
132,1830,4,0.918918918918919,0.07276507276507277,0.4365904365904366,3.266112266112266,0.0,0.0,0.0,0.35343035343035345,0.0,0.0,0.0,0.0,0.0,1.0145530145530146,0.1683991683991684,0.0,0.0,0.0,0.029106029106029108,9.8004158004158,0.0,1.6923076923076923,0.0,2.496881496881497,2.0706860706860706,0.7214137214137214,5.738045738045738,0.11434511434511435,0.0,0.04158004158004158,0.0,0.0,0.0,14.143451143451143,1.636174636174636,0.0,0.0,0.0,0.0,0.3804573804573805,0.46153846153846156,0.0,0.14137214137214138,2.873180873180873
131,505,7,0.8025594149908593,0.11882998171846434,1.3619744058500913,4.729433272394881,0.0,0.0,0.0,0.0,0.0,0.0,0.3126142595978062,0.0,0.13711151736745886,1.0493601462522852,0.7678244972577697,0.0,0.0,0.0,0.0,15.288848263254113,0.12248628884826325,4.292504570383913,0.0,13.177330895795247,5.246800731261426,1.8976234003656307,12.376599634369287,0.0,0.0,0.5301645338208409,0.0,0.0,0.0,21.787934186471663,1.623400365630713,0.0,0.7751371115173674,0.15173674588665448,0.0,0.8482632541133455,0.6215722120658135,1.3711151736745886,0.0712979890310786,0.506398537477148
132,913,4,0.6694214876033058,0.08677685950413223,0.2727272727272727,3.584710743801653,0.0,0.0,0.0,0.0,0.0,0.0,0.19834710743801653,0.0,0.0,0.8119834710743802,0.29958677685950413,0.0,0.0,0.0,1.0,14.15495867768595,0.0,1.6694214876033058,0.0,11.584710743801653,2.2851239669421486,0.22107438016528927,3.822314049586777,0.0,0.0,0.05578512396694215,0.0,0.0,0.0,15.210743801652892,1.81198347107438,0.0,0.0640495867768595,0.045454545454545456,0.256198347107438,0.7231404958677686,0.41735537190082644,0.0,0.047520661157024795,2.1818181818181817
132,1814,4,0.6188034188034188,0.10085470085470086,1.3606837606837607,2.8957264957264957,0.0,0.0,0.0,0.0,0.0,0.0,0.042735042735042736,0.0,0.0,0.035897435897435895,0.022222222222222223,0.0,0.0,0.0,0.2188034188034188,13.114529914529914,0.03247863247863248,2.3504273504273505,0.0,4.690598290598291,1.2495726495726496,0.13333333333333333,5.188034188034188,0.0,0.0,0.013675213675213675,0.0,0.0,0.0,14.246153846153845,1.4017094017094016,0.0,0.21025641025641026,0.0,0.0,0.2923076923076923,0.505982905982906,0.0,0.023931623931623933,0.0
136,479,4,0.7934782608695652,0.19927536231884058,0.32971014492753625,6.322463768115942,0.0,0.0,0.0,0.0,0.0,0.0,0.050724637681159424,0.0,0.021739130434782608,0.2246376811594203,0.13405797101449277,0.0,0.0,0.0,0.0,19.5,0.0,2.5253623188405796,0.0,12.47463768115942,4.807971014492754,0.5036231884057971,6.0,0.0,0.0,0.2608695652173913,0.018115942028985508,0.036231884057971016,0.0,30.192028985507246,3.170289855072464,0.0,0.11231884057971014,0.0,0.0,0.7717391304347826,0.6992753623188406,0.0,0.036231884057971016,0.043478260869565216
127,617,15,0.6233269598470363,0.05736137667304015,0.5258126195028681,2.973231357552581,0.0,0.22179732313575526,0.0,0.0,0.0,0.0,0.017208413001912046,0.0,0.0,0.6042065009560229,0.08221797323135756,0.0,0.0,0.0,0.08986615678776291,8.32695984703633,0.0,1.9024856596558317,0.0,2.520076481835564,1.344168260038241,1.1051625239005736,5.718929254302103,0.16252390057361377,0.0,0.030592734225621414,0.0,0.0,0.0,12.609942638623327,1.3365200764818355,0.0,0.019120458891013385,0.09369024856596558,0.019120458891013385,0.12237093690248566,0.4187380497131931,0.0,0.04780114722753346,0.8814531548757171
135,1574,4,0.7066666666666667,0.04666666666666667,1.7666666666666666,1.8866666666666667,0.0,0.21333333333333335,0.0,0.9466666666666667,0.0,0.0,0.0,0.0,0.0,0.7666666666666667,0.06666666666666667,0.0,0.006666666666666667,0.0,0.1,2.1866666666666665,0.09333333333333334,2.7933333333333334,0.0,1.24,0.22,0.7133333333333334,8.966666666666667,0.0,0.0,0.0,0.0,0.0,0.0,10.64,0.6066666666666667,0.0,0.11333333333333333,0.48,0.16,0.0,0.5,0.0,0.05333333333333334,0.0
147,1725,4,0.7211703958691911,0.11015490533562823,0.7228915662650602,4.790017211703959,0.0,0.0,0.0,0.0,0.0,0.0,0.08605851979345955,0.0,0.008605851979345954,0.3459552495697074,0.12564543889845095,0.0,0.0,0.0,0.270223752151463,11.034423407917384,0.0051635111876075735,4.015490533562823,0.0,12.21514629948365,2.8123924268502583,0.41308089500860584,5.580034423407917,0.0,0.0,0.14285714285714285,0.0,0.0,0.0,21.23407917383821,2.2667814113597244,0.0,0.18244406196213425,0.012048192771084338,0.0,0.8313253012048193,0.5817555938037866,0.0,0.029259896729776247,0.1566265060240964
132,1801,6,0.7572734829592684,0.10972568578553615,0.8711554447215295,4.383208645054031,0.0,0.0,0.0,0.0,0.0,0.0,0.0,0.0,0.0,0.0,0.0,0.0,0.0,0.0,0.0,13.888611803823775,0.022443890274314215,3.6467165419783876,0.0,12.310058187863675,2.768911055694098,0.6608478802992519,7.086450540315877,0.0,0.0,0.20199501246882792,0.0,0.0,0.0,20.700748129675812,1.8611803823773898,0.0,0.25602660016625106,0.10307564422277639,0.0,0.8096425602660017,0.5785536159600998,0.0,0.03574397339983375,0.0
145,804,4,0.7668711656441718,0.10429447852760736,0.656441717791411,3.6625766871165646,0.0,0.0,0.0,0.024539877300613498,0.0,0.0,0.43558282208588955,0.0,0.6073619631901841,1.165644171779141,0.5828220858895705,0.0,0.0,0.0,0.0,10.61963190184049,0.0,5.423312883435583,0.0,3.871165644171779,1.8711656441717792,2.2576687116564416,8.208588957055214,0.0,0.1165644171779141,0.9570552147239264,0.0,0.1411042944785276,0.0,18.21472392638037,1.4723926380368098,0.0,0.6134969325153374,0.2392638036809816,0.0,0.3006134969325153,0.6503067484662577,0.0,0.06748466257668712,5.539877300613497
137,1157,4,0.7538213998390989,0.07964601769911504,0.6363636363636364,2.9388576025744166,0.0,0.0,0.0,0.17055510860820594,0.0,0.0,0.007240547063555913,0.0,0.0,0.18584070796460178,0.06275140788415125,0.0,0.08286403861625101,0.14400643604183427,0.002413515687851971,9.20353982300885,0.0,3.271118262268705,0.0,7.085277554304103,1.917940466613033,0.12067578439259855,5.108608205953339,0.0,0.0,0.06516492357200322,0.0,0.0,0.0,14.690265486725664,1.5277554304102976,0.0,0.07481898632341111,0.13032984714400644,0.0,0.5526950925181013,0.5349959774738536,0.0,0.04424778761061947,2.572807723250201
140,1752,4,0.6412103746397695,0.09510086455331412,0.5273775216138329,4.097982708933718,0.0,0.0,0.0,0.0,0.0,0.0,0.0,0.0,0.0,0.0,0.0,0.0,0.0,0.0,0.0,11.530259365994237,0.0,2.2953890489913547,0.0,9.488472622478387,2.695965417867435,0.2521613832853026,3.7737752161383287,0.0,0.03890489913544669,0.28674351585014407,0.002881844380403458,0.0,0.0,19.802593659942364,2.1945244956772334,0.0,0.27953890489913547,0.008645533141210375,0.0,0.707492795389049,0.5403458213256485,0.0,0.03602305475504323,0.0
140,1980,4,0.8940397350993378,0.1205298013245033,0.39867549668874175,4.773509933774834,0.0,0.0,0.0,0.0,0.0,0.0,0.0,0.0,0.0,0.0,0.0,0.0,0.0,0.0,0.0,12.335099337748344,0.059602649006622516,4.0119205298013245,0.0,14.842384105960265,2.8609271523178808,0.5350993377483444,5.817218543046358,0.0,0.0,0.11655629139072848,0.11125827814569536,0.0,0.0,21.7841059602649,2.029139072847682,0.07152317880794702,0.09536423841059603,0.1271523178807947,0.0,1.0198675496688743,0.5456953642384106,0.0,0.07019867549668875,0.0
141,2011,4,1.0574826560951438,0.1506442021803766,1.047571853320119,3.6303270564915757,0.0,0.0,0.0,0.0,0.0,0.0,0.0009910802775024777,0.0,0.0,0.09217046580773043,0.018830525272547076,0.0,0.0,0.0,0.08126858275520317,12.498513379583747,0.1159563924677899,5.883052527254708,0.0,9.597621407333994,2.2586719524281467,0.7373637264618434,5.847373637264618,0.0,0.0,0.17542120911793854,0.06342913776015857,0.0,0.0,18.845391476709615,1.491575817641229,0.0,0.24281466798810702,0.06541129831516353,0.0,0.7651139742319127,0.6749256689791873,0.0,0.04261645193260654,0.06541129831516353
127,1629,12,0.9488888888888889,0.09333333333333334,0.39555555555555555,3.2688888888888887,0.0,0.0,0.0,0.03333333333333333,0.0,0.0,0.0,0.0,0.0,0.04,0.0,0.0,0.02,0.0,0.0,5.964444444444444,0.008888888888888889,4.364444444444445,0.0,1.6511111111111112,1.3955555555555557,0.29777777777777775,5.522222222222222,0.0,0.0,0.08222222222222222,0.0,0.0,0.0,18.77777777777778,1.568888888888889,0.0,0.03333333333333333,0.0,0.0,0.017777777777777778,0.64,0.0,0.013333333333333334,0.0
137,273,4,0.7222222222222222,0.05555555555555555,1.2222222222222223,3.2222222222222223,0.12962962962962962,0.0,0.0,1.1666666666666667,0.0,0.0,0.0,0.0,0.0,1.3333333333333333,0.24074074074074073,0.0,0.018518518518518517,0.0,0.0,2.3703703703703702,0.018518518518518517,3.2222222222222223,0.0,5.055555555555555,1.7037037037037037,1.7407407407407407,9.37037037037037,0.0,0.0,0.16666666666666666,0.0,0.0,0.2037037037037037,15.462962962962964,1.462962962962963,0.0,0.6851851851851852,0.0,0.0,0.3148148148148148,0.3148148148148148,0.0,0.05555555555555555,2.111111111111111
143,1489,11,0.7094240837696335,0.07329842931937172,0.6413612565445026,2.6910994764397906,0.0,0.0,0.0,0.0,0.0,0.0,0.0,0.0,0.0,0.0,0.0,0.0,0.0,0.0,0.0,9.863874345549739,0.0,1.780104712041885,0.0,9.56282722513089,1.036649214659686,0.19109947643979058,4.62565445026178,0.0,0.0,0.0,0.0,0.0,0.0,12.18586387434555,1.568062827225131,0.0,0.031413612565445025,0.0,0.0,0.46596858638743455,0.45287958115183247,0.0,0.007853403141361256,0.0
149,1695,4,0.6010165184243964,0.12325285895806862,1.1372299872935197,4.451080050825921,0.01905972045743329,0.08640406607369759,0.0,1.153748411689962,0.0,0.0,0.0,0.0,0.0,1.9745870393900888,0.45616264294790343,0.0,0.2935196950444727,0.04066073697585769,0.33799237611181704,14.740787801778907,0.03176620076238882,5.655654383735706,0.0,3.650571791613723,3.5921219822109274,1.2007623888182972,8.63405336721728,0.060991105463786534,0.0,0.22490470139771285,0.0,0.0,1.4282083862770012,20.703939008894537,1.8754764930114358,0.0,0.29860228716645487,0.25412960609911056,0.05717916137229987,0.45616264294790343,0.48538754764930114,0.0,0.05844980940279543,5.870393900889454
139,1868,4,0.7122430741733691,0.09294012511170688,0.5558534405719392,3.9642537980339587,0.0,0.0,0.0,0.0,0.0,0.0,0.0,0.0,0.0,0.0,0.0,0.0,0.0,0.0,0.0,12.345844504021448,0.025915996425379804,3.1000893655049153,0.0,9.369973190348526,2.5290437890974085,0.9133154602323503,5.353887399463807,0.0,0.0,0.09472743521000894,0.05451295799821269,0.0,0.0,19.052725647899912,1.6854334226988383,0.0,0.006255585344057194,0.02770330652368186,0.0,0.6684539767649688,0.5746201966041108,0.0,0.041108132260947276,0.0
140,289,4,0.8825174825174825,0.12727272727272726,0.7972027972027972,3.9692307692307693,0.0,0.0,0.0,0.0,0.0,0.0,0.0,0.0,0.0,0.016783216783216783,0.0,0.0,0.0,0.0,0.0,13.995804195804196,0.009790209790209791,5.976223776223776,0.0,14.74965034965035,1.8503496503496504,0.6881118881118881,6.0405594405594405,0.0,0.012587412587412588,0.6489510489510489,0.0,0.0,0.0,19.0,1.5034965034965035,0.0,0.9986013986013986,0.08111888111888112,0.0,0.986013986013986,0.6237762237762238,0.2055944055944056,0.046153846153846156,0.11328671328671329
138,381,15,0.7536231884057971,0.057971014492753624,0.21739130434782608,2.86231884057971,0.0,0.0,0.0,0.0,0.0,0.0,0.0,0.0,0.0,0.0036231884057971015,0.0,0.0,0.0,0.0,0.0,13.423913043478262,0.0,1.6992753623188406,0.0,13.876811594202898,1.431159420289855,0.028985507246376812,3.0,0.0,0.0,0.07246376811594203,0.0,0.0,0.0,12.721014492753623,1.6557971014492754,0.0,0.010869565217391304,0.09782608695652174,0.0,0.9420289855072463,0.4420289855072464,0.0,0.043478260869565216,0.0
138,574,4,0.6361256544502618,0.06544502617801047,0.8141361256544503,3.1649214659685865,0.0,0.0,0.0,0.418848167539267,0.0,0.0,0.0,0.0,0.0,0.5497382198952879,0.0,0.0,0.0,0.0,0.0,9.636125654450261,0.007853403141361256,2.157068062827225,0.0,3.2591623036649215,1.9240837696335078,0.4293193717277487,6.7434554973821985,0.0,0.0,0.005235602094240838,0.0,0.0,0.0,14.212041884816754,1.5785340314136125,0.0,0.0,0.0,0.0,0.43717277486910994,0.43455497382198954,0.0,0.04712041884816754,3.222513089005236
137,951,4,1.2962962962962963,0.06397306397306397,0.8249158249158249,2.1178451178451176,0.0,0.0,0.0,0.003367003367003367,0.0,0.0,0.0,0.0,0.0,0.010101010101010102,0.0,0.0,0.0,0.0,0.0,4.814814814814815,0.0,2.814814814814815,0.0,2.451178451178451,0.5286195286195287,0.5791245791245792,7.097643097643098,0.0,0.0,0.0,0.0,0.0,0.0,10.696969696969697,0.9461279461279462,0.0,0.20875420875420875,0.0,0.0,0.12457912457912458,0.5353535353535354,0.0,0.09090909090909091,0.0
136,1599,7,0.5423728813559322,0.08050847457627118,0.8283898305084746,3.0529661016949152,0.0,0.0,0.0,0.0,0.0,0.0,0.0,0.0,0.0,0.00847457627118644,0.0,0.0,0.0,0.0,0.00423728813559322,11.101694915254237,0.0,2.059322033898305,0.0,4.629237288135593,1.5317796610169492,0.0,3.9427966101694913,0.0,0.0,0.23516949152542374,0.0,0.0,0.0,14.48093220338983,1.4004237288135593,0.0,0.09745762711864407,0.04449152542372881,0.0,0.2627118644067797,0.5148305084745762,0.0,0.038135593220338986,0.0
136,1638,11,4.588757396449704,0.23964497041420119,0.8816568047337278,7.224852071005917,0.0,0.0,0.0,0.0,0.0,0.0,0.6005917159763313,0.0,0.0650887573964497,1.9082840236686391,0.9822485207100592,0.0,0.0,0.0,1.3698224852071006,18.215976331360945,0.038461538461538464,4.677514792899408,0.0,17.89644970414201,7.375739644970414,0.4911242603550296,7.985207100591716,0.0,0.0,0.2692307692307692,0.0,0.0,0.22485207100591717,28.0207100591716,2.78698224852071,0.0,0.39644970414201186,0.07988165680473373,0.0,1.2041420118343196,0.8461538461538461,1.9970414201183433,3.1834319526627217,7.236686390532545
157,1126,4,0.7137546468401487,0.13382899628252787,0.8698884758364313,6.643122676579925,0.5836431226765799,0.30111524163568776,0.0,0.7137546468401487,0.0,0.0,0.0,0.0,0.0,2.4721189591078065,0.8401486988847584,0.0,1.2527881040892193,0.5799256505576208,0.16356877323420074,13.79182156133829,0.09665427509293681,3.9516728624535316,0.0,7.892193308550186,4.635687732342007,2.87360594795539,7.739776951672862,0.44609665427509293,0.0,0.48698884758364314,0.0,0.0,7.197026022304833,28.34200743494424,2.613382899628253,0.0,0.7546468401486989,0.0,0.0,1.20817843866171,0.6877323420074349,0.0,0.08921933085501858,6.79182156133829
153,1287,4,0.6681299385425812,0.0781387181738367,0.6575943810359964,3.237050043898156,0.0,0.0,0.0,0.0,0.0,0.0,0.0,0.0,0.0,0.0,0.0,0.0,0.0,0.0,0.0,11.320456540825285,0.007901668129938543,2.4012291483757684,0.0,15.893766461808603,2.4837576821773486,0.520632133450395,5.321334503950834,0.0,0.007023705004389816,0.9657594381035997,0.0,0.0,0.0,15.750658472344162,1.6435469710272168,0.0,1.6198419666374013,0.08955223880597014,0.0,1.0500438981562774,0.5522388059701493,0.0,0.041264266900790166,0.025460930640913083
150,882,4,0.6723577235772358,0.10325203252032521,1.0390243902439025,3.7439024390243905,0.0,0.0,0.0,0.0024390243902439024,0.0,0.0,0.0040650406504065045,0.0,0.0,0.03170731707317073,0.023577235772357725,0.0,0.0,0.0,0.11788617886178862,13.573170731707316,0.03983739837398374,3.183739837398374,0.0,13.907317073170733,2.6707317073170733,0.24552845528455283,5.534959349593496,0.0,0.044715447154471545,0.07967479674796749,0.0,0.0,0.0,17.585365853658537,1.8731707317073172,0.0,0.15934959349593497,0.02113821138211382,0.0,0.9024390243902439,0.5422764227642276,0.0,0.03739837398373984,0.1772357723577236
140,64,4,0.6856465005931198,0.0937129300118624,0.9976275207591934,3.4958481613285883,0.0,0.07947805456702253,0.0,0.13048635824436536,0.0,0.0,0.0,0.0,0.0,0.3487544483985765,0.06998813760379596,0.0,0.0,0.066429418742586,0.010676156583629894,11.806642941874259,0.027283511269276393,2.6251482799525503,0.0,5.775800711743773,1.6405693950177935,0.1553973902728351,6.5895610913404505,0.0,0.0,0.060498220640569395,0.0,0.0,0.0,15.16488730723606,1.7129300118623962,0.0,0.3107947805456702,0.004744958481613286,0.0,0.5243179122182681,0.5266903914590747,0.0,0.036773428232502965,0.3902728351126928
156,729,4,0.7985865724381626,0.0812720848056537,0.6254416961130742,3.070671378091873,0.0,0.0,0.0,0.0,0.0,0.0,0.0,0.0,0.0,0.0,0.0,0.0,0.0,0.0,0.0,15.141342756183745,0.0,2.060070671378092,0.0,13.97173144876325,1.8056537102473498,0.23674911660777384,5.113074204946996,0.0,0.0,0.0,0.0,0.0,0.0,11.911660777385158,1.5088339222614842,0.0,0.1519434628975265,0.0,0.0,0.911660777385159,0.43462897526501765,0.0,0.0353356890459364,0.0
153,449,4,0.9352831362787803,0.08836341008089608,0.9464841319228375,3.255133789670193,0.0,0.0,0.0,0.0,0.0,0.0,0.0,0.0,0.0,0.053515868077162417,0.0031113876789047915,0.0,0.0,0.0,0.012445550715619166,11.365899191039203,0.023646546359676415,2.9483509645301806,0.0,6.27940261356565,1.5774735532047293,0.10640945861854387,6.319850653391413,0.0,0.0,0.21281891723708773,0.06845052893590542,0.0,0.0,14.866210329807094,1.6957062850031115,0.0,0.07654013690105788,0.134411947728687,0.0,0.4399502177971375,0.5276913503422527,0.0,0.0522713130056005,0.0
137,776,4,0.6271317829457365,0.08372093023255814,0.7992248062015503,2.764341085271318,0.0,0.002325581395348837,0.0,0.17519379844961241,0.0,0.0,0.0,0.0,0.0,0.2317829457364341,0.002325581395348837,0.0,0.0,0.0,0.009302325581395349,9.569767441860465,0.002325581395348837,2.3674418604651164,0.0,6.748062015503876,1.617829457364341,0.23953488372093024,6.2372093023255815,0.010852713178294573,0.0,0.26744186046511625,0.0,0.0,0.0,12.865116279069767,1.4209302325581394,0.0,0.06744186046511629,0.05116279069767442,0.0,0.5844961240310077,0.47674418604651164,0.12325581395348838,0.03565891472868217,0.0
150,1337,4,0.8910891089108911,0.04950495049504951,1.6435643564356435,2.3366336633663365,0.0,0.0,0.0,0.0,0.0,0.0,0.0,0.0,0.0,0.0,0.0,0.0,0.0,0.0,0.0,2.633663366336634,0.0,1.9306930693069306,0.0,2.0792079207920793,0.44554455445544555,0.16831683168316833,7.465346534653466,0.0,0.0,0.0,0.0,0.0,0.0,14.376237623762377,1.4752475247524752,0.0,0.297029702970297,0.0,0.0,0.0,0.48514851485148514,0.0,0.019801980198019802,0.0
151,1628,11,0.6562786434463794,0.12923923006416133,0.5838680109990834,5.556370302474794,0.0,0.0,0.0,0.0,0.0,0.0,0.00916590284142988,0.0,0.0,0.04216315307057745,0.010999083409715857,0.0,0.0,0.0,0.021081576535288724,19.19340054995417,0.03758020164986251,3.7910174152153986,0.0,10.217231897341888,2.2648945921173236,0.10265811182401467,2.993583868010999,0.0,0.0,0.06232813932172319,0.3400549954170486,0.0,0.0,24.768102658111825,2.844179651695692,0.0,0.0384967919340055,0.01924839596700275,0.0,0.7286892758936755,0.5802016498625114,0.0,0.027497708524289642,0.0
144,40,4,0.9818181818181818,0.13903743315508021,0.4203208556149733,5.670588235294118,0.026737967914438502,0.0021390374331550803,0.0,0.023529411764705882,0.0,0.0,0.0,0.0,0.0,0.38181818181818183,0.11657754010695187,0.0,0.03636363636363636,0.10374331550802139,0.0,17.71764705882353,0.011764705882352941,5.193582887700535,0.0,27.778609625668448,2.6064171122994653,1.1411764705882352,5.188235294117647,0.0010695187165775401,0.0,0.07272727272727272,0.0,0.0,0.6695187165775401,25.40427807486631,2.2181818181818183,0.0,0.983957219251337,0.0,0.0,1.8171122994652407,0.5454545454545454,0.2620320855614973,0.17005347593582887,3.4802139037433153
138,613,7,0.7767441860465116,0.13953488372093023,0.09302325581395349,3.390697674418605,0.0,0.0,0.0,0.0,0.0,0.0,0.0,0.0,0.0,0.04186046511627907,0.0,0.0,0.0,0.0,0.0,13.576744186046511,0.0,2.925581395348837,0.0,14.893023255813954,1.930232558139535,0.31627906976744186,3.1534883720930234,0.0,0.0,0.0,0.0,0.0,0.0,12.711627906976744,1.744186046511628,0.0,0.0,0.0,0.0,1.0651162790697675,0.5069767441860465,0.0,0.046511627906976744,0.018604651162790697
142,671,12,0.6217948717948718,0.04487179487179487,0.5512820512820513,1.2692307692307692,0.0,0.01282051282051282,0.0,0.34615384615384615,0.0,0.0,0.20512820512820512,0.0,0.0,1.2628205128205128,0.5641025641025641,0.0,0.0,0.0,0.7115384615384616,2.326923076923077,0.0,1.7884615384615385,0.0,0.9615384615384616,0.02564102564102564,0.16025641025641027,3.5128205128205128,0.0,0.0,0.0,0.0,0.0,0.0,7.987179487179487,0.3717948717948718,0.0,0.0,0.4423076923076923,0.16025641025641027,0.08333333333333333,0.46794871794871795,0.0,0.07051282051282051,0.0
148,234,4,1.382608695652174,0.09565217391304348,0.4956521739130435,5.2956521739130435,0.0,0.0,0.0,0.7304347826086957,0.0,0.030434782608695653,0.0,0.0,0.0,0.32608695652173914,0.013043478260869565,0.0,0.0,0.2782608695652174,0.0,2.226086956521739,0.0,5.373913043478261,0.0,1.7043478260869565,0.8260869565217391,0.06521739130434782,6.808695652173913,0.0,0.0,0.0,0.0,0.0,0.0,19.208695652173912,1.0608695652173914,0.0,0.09130434782608696,0.19130434782608696,0.0,0.2826086956521739,2.6739130434782608,0.0,0.1608695652173913,2.9347826086956523
145,149,12,0.7221238938053097,0.07964601769911504,0.6088495575221239,2.576991150442478,0.0,0.0,0.0,0.012389380530973451,0.0,0.0,0.0,0.0,0.0,0.2424778761061947,0.06725663716814159,0.0,0.0,0.06017699115044248,0.01415929203539823,13.984070796460177,0.0,2.48141592920354,0.0,9.76637168141593,1.24070796460177,0.2884955752212389,5.729203539823009,0.0,0.0,0.0,0.0035398230088495575,0.0,0.0,10.660176991150442,1.1663716814159293,0.0,0.03185840707964602,0.0,0.0,0.6212389380530974,0.4725663716814159,0.0,0.021238938053097345,2.725663716814159
154,692,4,0.7276422764227642,0.08943089430894309,0.4349593495934959,2.2560975609756095,0.0,0.056910569105691054,0.0,0.5528455284552846,0.0,0.0,0.0,0.0,0.0,0.9796747967479674,0.25609756097560976,0.0,0.0,0.4796747967479675,0.008130081300813009,6.321138211382114,0.0,2.394308943089431,0.0,4.41869918699187,1.0975609756097562,0.3983739837398374,4.979674796747967,0.02032520325203252,0.0,0.0,0.0,0.0,0.0,10.410569105691057,1.2520325203252032,0.0,0.008130081300813009,0.0,0.0,0.34959349593495936,0.5121951219512195,0.0,0.032520325203252036,1.8170731707317074
147,776,4,0.8657865786578658,0.07920792079207921,0.7898789878987899,3.1485148514851486,0.0,0.0,0.0,0.0121012101210121,0.0,0.0,0.0,0.0,0.0,0.030803080308030802,0.0,0.0,0.0,0.0,0.0,9.401540154015402,0.0,2.3454345434543455,0.0,5.921892189218922,1.869086908690869,0.050605060506050605,6.8349834983498345,0.0,0.0,0.0,0.0,0.0,0.0,14.576457645764576,1.7711771177117712,0.0,0.0,0.0242024202420242,0.0,0.37073707370737075,0.5214521452145214,0.0,0.0462046204620462,0.0
150,204,12,0.7424242424242424,0.06818181818181818,1.8371212121212122,2.4204545454545454,0.0,0.0,0.0,0.0,0.0,0.0,0.0,0.0,0.0,0.0,0.0,0.0,0.0,0.0,0.0,2.5606060606060606,0.0,2.2045454545454546,0.0,1.6401515151515151,0.5795454545454546,0.22727272727272727,7.28030303030303,0.0,0.0,0.16666666666666666,0.0,0.0,0.0,13.799242424242424,1.268939393939394,0.0,0.4621212121212121,0.2916666666666667,0.0,0.0,0.4659090909090909,0.0,0.022727272727272728,0.0
162,1053,4,0.7609108159392789,0.09108159392789374,0.018975332068311195,3.5939278937381403,0.0,0.0,0.0,0.1859582542694497,0.0,0.0,0.018975332068311195,0.0,0.026565464895635674,0.7229601518026565,0.27514231499051234,0.0,0.0,0.25996204933586337,0.017077798861480076,13.544592030360532,0.0,3.1195445920303606,0.0,7.823529411764706,2.6451612903225805,0.1555977229601518,2.9734345351043645,0.0,0.0,0.0,0.0,0.03225806451612903,0.0,15.003795066413662,2.0721062618595827,0.0,0.0,0.0,0.0,0.6451612903225806,0.47058823529411764,0.0,0.030360531309297913,4.121442125237191
153,86,4,0.951006711409396,0.08590604026845637,0.5355704697986577,3.6630872483221477,0.0,0.0,0.0,0.003355704697986577,0.0,0.0,0.0,0.0,0.0,0.015436241610738255,0.0020134228187919465,0.0,0.0,0.0026845637583892616,0.0,13.27248322147651,0.004697986577181208,3.0342281879194632,0.0,10.953691275167785,2.3375838926174497,0.11006711409395974,3.831543624161074,0.0,0.0,0.06308724832214765,0.11342281879194631,0.0,0.0,16.936912751677852,1.9140939597315436,0.0,0.14966442953020134,0.0348993288590604,0.0,0.7248322147651006,0.5563758389261745,0.0,0.11409395973154363,0.0
151,302,4,0.7703180212014135,0.09363957597173145,0.4416961130742049,2.581272084805654,0.0,0.0,0.0,0.0,0.0,0.0,0.0,0.0,0.0,0.014134275618374558,0.0,0.0,0.0,0.0,0.0,12.337455830388693,0.0,1.892226148409894,0.0,5.321554770318021,1.4169611307420495,0.25265017667844525,5.141342756183746,0.0,0.0,0.0,0.0,0.0,0.0,10.514134275618375,1.204946996466431,0.0,0.10247349823321555,0.03356890459363958,0.0,0.39045936395759717,0.5141342756183745,0.0,0.03356890459363958,0.0
158,1802,4,0.7047619047619048,0.10158730158730159,0.26666666666666666,3.1777777777777776,0.0,0.0,0.0,0.0,0.0,0.0,0.0031746031746031746,0.0,0.0,0.031746031746031744,0.0,0.0,0.0,0.0,0.044444444444444446,15.53968253968254,0.0,1.9333333333333333,0.0,18.288888888888888,1.9238095238095239,0.0761904761904762,2.787301587301587,0.0,0.0,0.07301587301587302,0.0,0.0,0.0,14.06031746031746,1.8984126984126983,0.0,0.015873015873015872,0.0,0.0,1.0507936507936508,0.5047619047619047,0.0,0.0380952380952381,0.0
146,31,4,0.7105882352941176,0.11294117647058824,0.37176470588235294,5.036470588235294,0.0,0.0,0.0,0.002352941176470588,0.0,0.0,0.012941176470588235,0.0,0.047058823529411764,0.07647058823529412,0.04470588235294118,0.0,0.0,0.0,0.0,12.588235294117647,0.002352941176470588,2.9435294117647057,0.0,8.112941176470589,3.2011764705882353,0.548235294117647,5.9270588235294115,0.0,0.00823529411764706,0.3764705882352941,0.052941176470588235,0.0,0.0,24.936470588235295,2.3388235294117647,0.0,0.18352941176470589,0.05411764705882353,0.0,0.5164705882352941,0.6141176470588235,0.0,0.02823529411764706,0.0
151,322,7,1.1666666666666667,0.03333333333333333,0.05,2.55,0.0,0.0,0.0,0.0,0.0,0.0,0.0,0.0,0.0,0.0,0.0,0.0,0.0,0.0,0.0,12.116666666666667,0.0,2.4,0.0,11.083333333333334,1.3166666666666667,0.26666666666666666,3.433333333333333,0.0,0.0,0.0,0.0,0.0,0.0,12.116666666666667,1.5833333333333333,0.0,0.0,0.0,0.0,0.7166666666666667,0.55,0.0,0.016666666666666666,0.0
153,1311,7,2.3142857142857145,0.08571428571428572,0.23376623376623376,3.9246753246753245,0.0,0.0,0.0,0.015584415584415584,0.0,0.0,0.16103896103896104,0.0,0.0,0.548051948051948,0.046753246753246755,0.0,0.0,0.0,0.5688311688311688,13.6,0.0,1.4623376623376623,0.0,11.92987012987013,3.742857142857143,0.23376623376623376,4.35064935064935,0.0,0.0,0.23636363636363636,0.0,0.0,0.0,17.01038961038961,2.2831168831168833,0.0,0.16103896103896104,0.0,0.0,0.8,0.5402597402597402,0.0,1.5246753246753246,0.6363636363636364
154,1457,15,0.6293103448275862,0.08620689655172414,0.7413793103448276,3.7672413793103448,0.0,0.0,0.0,0.0,0.0,0.0,0.4454022988505747,0.0,0.0,1.2614942528735633,0.7816091954022989,0.0,0.0,0.0,0.8419540229885057,4.462643678160919,0.017241379310344827,2.1867816091954024,0.0,3.7729885057471266,2.9051724137931036,0.2614942528735632,5.382183908045977,0.0,0.0,0.10632183908045977,0.0,0.14080459770114942,0.0,19.235632183908045,1.9540229885057472,0.0,0.10919540229885058,0.13218390804597702,0.0,0.3017241379310345,0.5660919540229885,0.0,0.06321839080459771,6.5
159,501,4,0.6033519553072626,0.11033519553072625,0.776536312849162,3.3910614525139664,0.0,0.1340782122905028,0.0,0.38687150837988826,0.0,0.0,0.0,0.0,0.0223463687150838,0.5921787709497207,0.15363128491620112,0.0,0.0,0.004189944134078212,0.002793296089385475,12.093575418994414,0.0,4.350558659217877,0.0,7.614525139664805,1.1410614525139664,0.30307262569832405,5.51536312849162,0.0,0.0,0.055865921787709494,0.0,0.0,0.0,16.39664804469274,1.4650837988826815,0.0,0.030726256983240222,0.2905027932960894,0.0,0.5837988826815642,0.5251396648044693,0.0,0.040502793296089384,0.055865921787709494
153,906,4,0.7748058671268335,0.07420189818809318,1.0327868852459017,2.9715271786022432,0.0,0.003451251078515962,0.0,0.0,0.0,0.0,0.0,0.0,0.0,0.1371872303710095,0.04486626402070751,0.0,0.0,0.0,0.01725625539257981,9.679896462467644,0.01639344262295082,2.176013805004314,0.0,7.9430543572044865,1.8455565142364108,0.47799827437446074,6.807592752372735,0.01984469370146678,0.05349439171699741,0.13977566867989646,0.0,0.0,0.0,12.600517687661778,1.4029335634167386,0.34943917169974115,0.31320103537532357,0.04400345125107852,0.001725625539257981,0.5962036238136325,0.47627264883520276,0.0,0.061259706643658325,0.007765314926660914
153,926,4,0.6086956521739131,0.12111801242236025,0.33540372670807456,3.5745341614906834,0.0,0.0,0.0,0.0,0.0,0.0,0.0,0.0,0.0,0.4472049689440994,0.0,0.0,0.0,0.0,0.027950310559006212,14.254658385093167,0.0,2.4472049689440993,0.0,11.288819875776397,2.4751552795031055,0.043478260869565216,3.3354037267080745,0.0,0.0,0.14596273291925466,0.0,0.0,0.0,16.804347826086957,2.0434782608695654,0.0,0.0,0.0,0.0,0.7422360248447205,0.5714285714285714,0.0,0.040372670807453416,0.11801242236024845
159,965,4,0.5182926829268293,0.10670731707317073,0.5914634146341463,3.2957317073170733,0.0,0.0,0.0,0.0,0.0,0.0,0.09451219512195122,0.0,0.0,0.39634146341463417,0.1951219512195122,0.0,0.0,0.0,0.39634146341463417,11.99390243902439,0.036585365853658534,2.6219512195121952,0.0,9.384146341463415,1.6981707317073171,0.0,3.8689024390243905,0.0,0.0,0.08536585365853659,0.0,0.0,0.0,16.21951219512195,1.8353658536585367,0.0,0.07621951219512195,0.006097560975609756,0.0,0.6310975609756098,0.5762195121951219,0.0,0.027439024390243903,0.0
161,1173,4,0.5868971792538672,0.08553230209281165,0.25204731574158323,3.462238398544131,0.0,0.0,0.0,0.0,0.0,0.0,0.0,0.0,0.0,0.0746132848043676,0.0,0.0,0.0,0.02183803457688808,0.003639672429481347,12.383075523202912,0.007279344858962694,2.427661510464058,0.0,9.949954504094631,1.737943585077343,0.0,3.0045495905368518,0.0,0.0,0.17197452229299362,0.0,0.0,0.0,15.954504094631483,1.9281164695177433,0.0,0.10282074613284804,0.020928116469517744,0.0018198362147406734,0.6205641492265697,0.5304822565969063,0.0,0.026387625113739762,0.0
152,1894,4,0.62,0.09066666666666667,0.064,4.577333333333334,0.0,0.0,0.0,0.0,0.0,0.0,0.0,0.0,0.0,0.0,0.04,0.0,0.0,0.0,0.0,14.548,0.0,2.2026666666666666,0.0,9.849333333333334,3.8226666666666667,0.12133333333333333,1.7013333333333334,0.07333333333333333,0.0,0.17733333333333334,0.18933333333333333,0.0,0.0,20.912,2.558666666666667,0.0,0.0,0.05466666666666667,0.0,0.6946666666666667,0.52,0.0,0.021333333333333333,0.0
156,1916,4,1.0439189189189189,0.11486486486486487,1.1081081081081081,2.581081081081081,0.0,0.0,0.0,0.016891891891891893,0.0,0.0,0.0,0.0,0.0,0.030405405405405407,0.0,0.0,0.0,0.013513513513513514,0.0,9.371621621621621,0.0777027027027027,5.324324324324325,0.0,6.35472972972973,0.7094594594594594,0.9932432432432432,6.925675675675675,0.0,0.0,1.2668918918918919,0.0,0.0,0.0,14.695945945945946,1.0304054054054055,0.0,1.3952702702702702,0.34121621621621623,0.0,0.4527027027027027,0.5405405405405406,0.0,0.10135135135135136,3.5405405405405403
155,127,4,0.8295652173913044,0.09043478260869565,0.8765217391304347,3.591304347826087,0.0,0.1426086956521739,0.0,0.22434782608695653,0.0,0.0,0.0,0.0,0.0,0.52,0.20695652173913043,0.0,0.0,0.1565217391304348,0.0,7.890434782608696,0.03130434782608696,11.04,0.0,8.956521739130435,2.4504347826086956,0.6069565217391304,5.850434782608696,0.0,0.0,0.20869565217391303,0.0,0.0,0.0,18.867826086956523,1.671304347826087,0.0,0.28347826086956524,0.13043478260869565,0.0,0.7060869565217391,0.6104347826086957,0.0,0.057391304347826085,5.48
156,1586,7,0.6631016042780749,0.058823529411764705,0.6042780748663101,1.8689839572192513,0.0,0.0,0.0,0.0,0.0,0.0,0.008021390374331552,0.0,0.0,0.034759358288770054,0.0106951871657754,0.0,0.0,0.0,0.0,8.29144385026738,0.0,2.0080213903743314,0.0,3.978609625668449,0.9491978609625669,0.3422459893048128,4.9411764705882355,0.0,0.0,0.0,0.0,0.0,0.0,9.719251336898395,1.0106951871657754,0.0,0.0,0.0053475935828877,0.0,0.19518716577540107,0.45454545454545453,0.0,0.01871657754010695,0.0
173,1778,4,4.2770562770562774,0.22943722943722944,0.38961038961038963,6.428571428571429,0.0,0.07792207792207792,0.0,0.18614718614718614,0.0,0.0,0.5,0.0,0.18181818181818182,2.0627705627705626,0.7619047619047619,0.0,0.06060606060606061,0.13203463203463203,0.9956709956709957,20.87012987012987,0.05627705627705628,11.779220779220779,0.0,15.363636363636363,6.3896103896103895,0.6645021645021645,7.183982683982684,0.0,0.0,0.2943722943722944,0.0,0.0,0.14935064935064934,25.547619047619047,2.497835497835498,0.0,0.33766233766233766,0.1341991341991342,0.0,0.9653679653679653,0.854978354978355,1.2792207792207793,1.341991341991342,8.64935064935065
155,53,4,0.728448275862069,0.0853448275862069,0.7724137931034483,4.05,0.0,0.03189655172413793,0.0,0.12586206896551724,0.0,0.0,0.0,0.0,0.0008620689655172414,0.09655172413793103,0.026724137931034484,0.0,0.0,0.008620689655172414,0.0,10.467241379310344,0.06724137931034482,4.343103448275862,0.0,10.352586206896552,1.835344827586207,0.6448275862068965,6.563793103448276,0.0,0.21465517241379312,0.253448275862069,0.0,0.0,0.0,20.125862068965517,1.7474137931034484,0.0,0.10948275862068965,0.14741379310344827,0.0,0.7094827586206897,0.5517241379310345,0.0,0.034482758620689655,0.0
160,1837,4,0.9429429429429429,0.13213213213213212,0.18618618618618618,3.810810810810811,0.0,0.0,0.0,0.0,0.0,0.0,0.0,0.0,0.0,0.23123123123123124,0.0,0.0,0.0,0.0,0.0,19.63963963963964,0.0,2.075075075075075,0.0,17.936936936936938,2.954954954954955,0.32732732732732733,3.744744744744745,0.08108108108108109,0.0,0.0,0.0,0.0,0.0,14.771771771771771,2.048048048048048,0.0,0.08108108108108109,0.0,0.0,1.3363363363363363,0.48348348348348347,0.0,0.057057057057057055,1.7087087087087087
158,1212,11,0.8385185185185186,0.09185185185185185,0.7407407407407407,3.357037037037037,0.0,0.0,0.0,0.0,0.0,0.0,0.0,0.0,0.0,0.01925925925925926,0.0014814814814814814,0.0,0.0,0.0,0.0,9.958518518518519,0.02074074074074074,3.9837037037037035,0.0,11.816296296296295,1.5614814814814815,0.56,5.6829629629629625,0.0,0.0,0.06962962962962962,0.0,0.0,0.0,17.721481481481483,1.5451851851851852,0.0,0.04148148148148148,0.07555555555555556,0.0,0.8740740740740741,0.6296296296296297,0.011851851851851851,0.056296296296296296,0.0
157,266,4,0.5506958250497018,0.09741550695825049,0.5506958250497018,3.1749502982107356,0.0,0.0,0.0,0.0,0.0,0.0,0.0,0.0,0.0,0.5009940357852882,0.0,0.0,0.1749502982107356,0.23856858846918488,0.0,7.753479125248509,0.003976143141153081,2.3658051689860833,0.0,4.007952286282306,1.7753479125248508,0.6282306163021869,4.449304174950298,0.0,0.0,0.16500994035785288,0.0,0.0,0.9145129224652088,16.97216699801193,1.68389662027833,0.0,0.10337972166998012,0.3081510934393638,0.0,0.5228628230616302,0.5069582504970179,0.0,0.039761431411530816,1.3300198807157058
163,377,4,0.7254901960784313,0.08088235294117647,0.4632352941176471,2.6127450980392157,0.0,0.0,0.0,0.0,0.0,0.0,0.029411764705882353,0.0,0.0,0.0784313725490196,0.0,0.0,0.0,0.0,0.07598039215686274,10.387254901960784,0.0,2.1470588235294117,0.0,9.333333333333334,1.286764705882353,0.1053921568627451,2.985294117647059,0.0,0.0,0.0,0.0,0.0,0.0,11.573529411764707,1.3333333333333333,0.0,0.15931372549019607,0.0,0.0,0.6348039215686274,0.4338235294117647,0.0,0.022058823529411766,0.0
158,998,4,0.703962703962704,0.05982905982905983,0.6262626262626263,2.582750582750583,0.0,0.0,0.0,0.041181041181041184,0.0,0.0,0.0,0.0,0.0,0.08469308469308469,0.0,0.0,0.0,0.0,0.0,9.674436674436674,0.012432012432012432,1.898989898989899,0.0,8.323232323232324,1.324009324009324,0.31934731934731936,5.987567987567988,0.0,0.13286713286713286,0.6122766122766122,0.0,0.0,0.0,11.381507381507381,1.3317793317793318,0.0,0.7117327117327117,0.0,0.0,0.5462315462315462,0.43356643356643354,0.0,0.037296037296037296,0.08313908313908314
156,1763,4,0.6336779911373708,0.103397341211226,0.5878877400295421,4.264401772525849,0.0,0.0,0.0,0.011816838995568686,0.0,0.0,0.004431314623338257,0.0,0.0,0.050221565731166914,0.004431314623338257,0.0,0.0,0.0,0.005908419497784343,14.372230428360414,0.0,3.1772525849335302,0.0,11.330871491875923,3.3929098966026587,0.0,2.675036927621861,0.0,0.10635155096011817,0.03840472673559823,0.0,0.0,0.0,19.233382570162483,2.478581979320532,0.2511078286558346,0.2791728212703102,0.04283604135893648,0.0,0.8035450516986706,0.5760709010339734,0.0,0.056129985228951254,0.026587887740029542
162,147,15,0.7,0.09523809523809523,0.1761904761904762,4.504761904761905,0.0,0.0,0.0,0.0,0.0,0.0,0.0,0.0,0.0,0.0,0.0,0.0,0.0,0.0,0.0,12.785714285714286,0.009523809523809525,3.8142857142857145,0.0,15.633333333333333,4.352380952380952,0.14285714285714285,4.476190476190476,0.0,0.0,0.24761904761904763,0.0,0.0,0.0,21.48095238095238,2.0714285714285716,0.49047619047619045,0.0,0.10476190476190476,0.0,1.138095238095238,0.49047619047619045,0.0,0.1,0.0
169,835,4,0.778021978021978,0.041758241758241756,0.5054945054945055,2.0175824175824175,0.0,0.05054945054945055,0.0,0.4857142857142857,0.0,0.0,0.0,0.0,0.0,0.34065934065934067,0.07032967032967033,0.0,0.0,0.0,0.0,6.118681318681318,0.0,2.024175824175824,0.0,4.318681318681318,0.9120879120879121,0.27912087912087913,4.487912087912088,0.0,0.0,0.0,0.0,0.0,0.0,10.026373626373626,1.0637362637362637,0.0,0.13406593406593406,0.08571428571428572,0.0,0.2989010989010989,0.44175824175824174,0.0,0.024175824175824177,0.0
172,183,12,0.7326578332034295,0.08963367108339829,0.5643024162120032,3.2260327357755263,0.0,0.029618082618862042,0.0,0.010132501948558068,0.0,0.0,0.024162120031176928,0.0,0.0,0.12003117692907249,0.03273577552611068,0.0,0.0,0.0,0.03507404520654715,10.623538581449727,0.0,2.1457521434138735,0.0,9.10132501948558,1.4380358534684334,0.25019485580670303,4.8269680436477005,0.005455962587685113,0.1044427123928293,0.22759158222915044,0.0,0.0,0.0,15.64614185502728,1.9204988308651598,0.0,0.34372564302416214,0.2564302416212003,0.0,0.6056118472330475,0.5074045206547155,0.0,0.036632891660171474,0.025720966484801246
175,1095,4,0.7123977344241661,0.07488986784140969,0.19509125235997482,2.458149779735683,0.0,0.022655758338577723,0.0,0.3058527375707992,0.0,0.0,0.0025173064820641915,0.0,0.0,0.4392699811202014,0.07048458149779736,0.0,0.0,0.20956576463184393,0.0062932662051604785,10.191315292636878,0.0,2.526746381371932,0.0,11.194461925739459,1.3052234109502832,0.2064191315292637,3.723096286972939,0.0,0.0,0.0,0.0,0.0,0.0,10.762114537444933,1.3071113908118313,0.0,0.06167400881057269,0.0144745122718691,0.0,0.8432976714915041,0.43738200125865323,0.0,0.03335431088735054,0.6884833228445564
164,1148,4,0.6501322751322751,0.07936507936507936,0.8128306878306878,4.044312169312169,0.0,0.0,0.0,0.0,0.0,0.0,0.0,0.0,0.0,0.0,0.05357142857142857,0.0,0.0,0.0,0.0,11.71957671957672,0.007936507936507936,2.710978835978836,0.0,11.138227513227513,2.2718253968253967,0.10185185185185185,5.513888888888889,0.0,0.0,0.3855820105820106,0.16600529100529102,0.0,0.0,17.802248677248677,2.14021164021164,0.0,0.48148148148148145,0.037698412698412696,0.0,0.7645502645502645,0.5396825396825397,0.0,0.046296296296296294,0.3888888888888889
168,1563,4,0.61,0.104,0.312,4.498,0.0,0.0,0.0,0.0,0.0,0.0,0.0,0.0,0.0,0.0,0.0,0.0,0.0,0.0,0.0,14.084,0.0,2.496,0.0,13.174,3.024,0.258,3.0,0.0,0.0,0.048,0.0,0.0,0.0,20.016,2.482,0.0,0.064,0.096,0.0,1.018,0.572,0.0,0.052,0.0
165,1609,3,0.8152777777777778,0.09305555555555556,1.0875,3.6152777777777776,0.0,0.14305555555555555,0.0,0.2916666666666667,0.0,0.0,0.006944444444444444,0.0,0.0125,0.49166666666666664,0.2222222222222222,0.0,0.0,0.006944444444444444,0.006944444444444444,7.408333333333333,0.1,8.459722222222222,0.0,5.405555555555556,1.3708333333333333,0.9208333333333333,7.604166666666667,0.0,0.11944444444444445,0.38472222222222224,0.0,0.0,0.0,17.368055555555557,1.3930555555555555,0.0,0.30416666666666664,0.18611111111111112,0.0,0.5277777777777778,0.6097222222222223,0.0,0.14583333333333334,0.7888888888888889
157,549,4,34.544520547945204,0.10616438356164383,0.0136986301369863,3.308219178082192,0.0,0.0,0.0,0.0,0.0,0.0,0.0,0.0,0.0,0.06164383561643835,0.09931506849315068,0.0,0.0,0.0,0.0,8.123287671232877,0.0,1.976027397260274,0.0,8.325342465753424,1.606164383561644,0.05821917808219178,2.7534246575342465,0.0,0.0,0.0,0.0,0.0,0.0,15.530821917808218,1.0513698630136987,0.0,0.0,0.0,0.0,0.6301369863013698,1.1609589041095891,1.928082191780822,33.013698630136986,9.448630136986301
165,286,4,0.6326530612244898,0.02040816326530612,1.5,2.2653061224489797,0.0,0.0,0.0,0.0,0.0,0.0,0.0,0.0,0.0,0.01020408163265306,0.0,0.0,0.0,0.0,0.0,5.3061224489795915,0.0,1.8571428571428572,0.0,0.8877551020408163,0.24489795918367346,0.3163265306122449,8.5,0.0,0.0,0.0,0.0,0.0,0.0,10.10204081632653,0.6836734693877551,0.0,0.3877551020408163,0.15306122448979592,0.0,0.0,0.4489795918367347,0.0,0.0,0.0
163,34,4,0.7227272727272728,0.08863636363636364,0.36363636363636365,2.8477272727272727,0.0,0.0,0.0,0.0,0.0,0.0,0.0,0.0,0.0,0.004545454545454545,0.0,0.0,0.0,0.0,0.006818181818181818,9.8,0.0,2.2386363636363638,0.0,10.540909090909091,1.3431818181818183,0.15454545454545454,2.359090909090909,0.0,0.0,0.006818181818181818,0.0,0.0,0.0,12.177272727272728,1.575,0.0,0.06818181818181818,0.0,0.0,0.634090909090909,0.5227272727272727,0.0,0.022727272727272728,0.0
162,413,4,1.0140845070422535,0.09389671361502347,0.12206572769953052,2.92018779342723,0.0,0.0,0.0,0.0,0.0,0.0,0.0,0.0,0.0,0.046948356807511735,0.0,0.0,0.0,0.0,0.0,10.230046948356808,0.0,2.4225352112676055,0.0,11.098591549295774,1.9577464788732395,0.13145539906103287,2.924882629107981,0.0,0.0,0.0,0.0,0.0,0.0,12.0,1.4131455399061033,0.0,0.0,0.0,0.0,0.7276995305164319,0.4835680751173709,0.0,0.018779342723004695,0.107981220657277
169,1021,7,0.7429305912596401,0.05398457583547558,0.7429305912596401,2.089974293059126,0.0,0.0,0.0,0.007712082262210797,0.0,0.0,0.0,0.0,0.0,0.0,0.0,0.0,0.0,0.0,0.0,4.174807197943445,0.0,1.7660668380462725,0.0,2.532133676092545,0.8946015424164524,0.3033419023136247,5.881748071979435,0.0,0.061696658097686374,0.23136246786632392,0.0,0.0,0.0,10.174807197943444,1.069408740359897,0.0,0.2982005141388175,0.043701799485861184,0.0,0.16452442159383032,0.4961439588688946,0.0,0.03598971722365039,0.0
167,222,7,0.9521739130434783,0.06086956521739131,1.2152173913043478,3.4065217391304348,0.0,0.0,0.0,0.3282608695652174,0.0,0.0,0.3,0.0,0.0,1.0130434782608695,0.20217391304347826,0.0,0.0,0.0,0.6152173913043478,4.547826086956522,0.0,8.189130434782609,0.0,5.280434782608696,2.2869565217391306,0.10217391304347827,4.873913043478261,0.0,0.0,0.0,0.0,0.0,0.0,17.241304347826087,1.6673913043478261,0.0,0.32608695652173914,0.07391304347826087,0.0,0.30869565217391304,0.5347826086956522,0.5,0.17608695652173914,0.39565217391304347
180,600,4,0.6745283018867925,0.11084905660377359,0.2971698113207547,3.2193396226415096,0.0,0.0,0.0,0.0,0.0,0.0,0.25,0.0,0.0,1.115566037735849,0.41037735849056606,0.0,0.0,0.014150943396226415,0.5330188679245284,16.257075471698112,0.0,2.063679245283019,0.0,7.320754716981132,1.650943396226415,0.5495283018867925,4.7665094339622645,0.0,0.0,0.01179245283018868,0.1320754716981132,0.42924528301886794,0.0,12.86320754716981,1.4669811320754718,0.0,0.02122641509433962,0.009433962264150943,0.06367924528301887,0.47641509433962265,0.37735849056603776,0.0,0.04009433962264151,0.6297169811320755
172,628,4,1.0683403068340307,0.09065550906555091,0.50139470013947,3.3263598326359833,0.0,0.0,0.0,0.041143654114365415,0.0,0.0,0.00697350069735007,0.0,0.000697350069735007,0.1701534170153417,0.045327754532775454,0.0,0.001394700139470014,0.005578800557880056,0.00906555090655509,13.319386331938633,0.0,2.108089260808926,0.0,12.667364016736402,2.4128312412831243,0.1708507670850767,4.348675034867504,0.0,0.0,0.27824267782426776,0.0,0.0,0.0,14.06694560669456,1.7398884239888424,0.0,0.07880055788005579,0.058577405857740586,0.0,0.9177126917712691,0.47629009762900976,0.0,0.13179916317991633,0.04602510460251046
167,775,4,6.194444444444445,0.0935672514619883,0.7426900584795322,2.818713450292398,0.0,0.0,0.0,0.0,0.0,0.0,0.0,0.0,0.0,0.12573099415204678,0.0,0.0,0.0,0.0,0.0847953216374269,12.808479532163743,0.0,2.111111111111111,0.0,3.4517543859649122,1.2894736842105263,0.4108187134502924,6.849415204678363,0.0,0.0,0.0014619883040935672,0.0,0.0,0.0,13.20906432748538,1.4239766081871346,0.0,0.0,0.22807017543859648,0.0,0.5570175438596491,0.52046783625731,0.0,3.760233918128655,0.0
167,80,4,0.7421686746987952,0.0746987951807229,0.7831325301204819,2.5518072289156626,0.0,0.0,0.0,0.12530120481927712,0.0,0.0,0.0,0.0,0.0,0.08433734939759036,0.00963855421686747,0.0,0.0,0.014457831325301205,0.0,5.773493975903614,0.0,2.3012048192771086,0.0,4.040963855421687,0.9397590361445783,0.20481927710843373,6.491566265060241,0.0,0.0,0.007228915662650603,0.0,0.0,0.0,13.83855421686747,1.510843373493976,0.0,0.014457831325301205,0.46265060240963857,0.0,0.1710843373493976,0.5397590361445783,0.0,0.033734939759036145,0.0
182,669,4,0.6891495601173021,0.07624633431085044,0.35777126099706746,2.9912023460410557,0.0,0.0,0.0,0.0,0.0,0.0,0.0,0.0,0.0,0.09090909090909091,0.0,0.0,0.0,0.0,0.0,11.67741935483871,0.0,1.8885630498533725,0.0,6.548387096774194,1.935483870967742,0.19941348973607037,3.5249266862170088,0.002932551319648094,0.0,0.0,0.0,0.0,0.0,11.853372434017595,1.5395894428152492,0.0,0.02932551319648094,0.0,0.0,0.5190615835777126,0.4633431085043988,0.0,0.011730205278592375,0.0
172,1668,4,0.8165574746873139,0.09946396664681358,0.6891006551518761,3.8761167361524715,0.0,0.0,0.0,0.03871351995235259,0.0,0.0,0.0,0.0,0.0,0.02084574151280524,0.0,0.0,0.0,0.0,0.0,12.854079809410363,0.0,2.2364502680166765,0.0,7.548540798094104,2.344252531268612,0.2120309708159619,5.126861226920786,0.0,0.0,0.0,0.098868374032162,0.0,0.001786777843954735,16.15842763549732,2.035139964264443,0.13579511614055986,0.0023823704586063135,0.029184038117927337,0.0,0.5580702799285289,0.5556879094699225,0.0,0.0631328171530673,0.0
171,899,4,0.6673511293634496,0.07392197125256673,1.375770020533881,2.9301848049281314,0.0,0.0,0.0,0.0,0.0,0.0,0.0,0.0,0.0,0.006160164271047228,0.0,0.0,0.0,0.0,0.0,10.322381930184806,0.11704312114989733,3.7720739219712525,0.0,5.342915811088296,1.1026694045174539,1.515400410677618,8.386036960985626,0.0,0.0,0.45790554414784396,0.0,0.0,0.0,14.819301848049282,1.0677618069815196,0.0,0.34291581108829566,0.27104722792607805,0.0,0.3162217659137577,0.5585215605749486,0.0,0.06570841889117043,0.0
165,1747,4,0.6585858585858586,0.11515151515151516,0.3414141414141414,6.0323232323232325,0.0,0.0,0.0,0.0,0.0,0.0,0.09494949494949495,0.0,0.0,0.5878787878787879,0.0,0.0,0.0,0.0,0.1414141414141414,15.456565656565656,0.0,1.6383838383838383,0.0,15.692929292929293,6.363636363636363,0.06464646464646465,3.6565656565656566,0.0,0.0,0.01818181818181818,0.0,0.0,0.0,24.361616161616162,3.4404040404040406,0.0,0.046464646464646465,0.0,0.0,0.9676767676767677,0.5131313131313131,0.0,0.03434343434343434,7.147474747474748
175,1889,4,0.8,0.19310344827586207,0.5172413793103449,4.675862068965517,0.0,0.0,0.0,0.0,0.0,0.0,0.0,0.0,0.0,0.0,0.0,0.0,0.0,0.0,0.0,13.710344827586207,0.0,3.606896551724138,0.0,16.958620689655174,3.896551724137931,0.36551724137931035,5.903448275862069,0.0,0.0,0.19310344827586207,0.0,0.0,0.0,21.427586206896553,2.0827586206896553,0.11724137931034483,0.2,0.0,0.0,1.193103448275862,0.6827586206896552,0.0,0.034482758620689655,0.0
172,1384,5,0.8202247191011236,0.10362047440699126,0.8938826466916354,3.2634207240948814,0.0,0.012484394506866416,0.0,0.0012484394506866417,0.0,0.0,0.0,0.0,0.0,0.00749063670411985,0.0,0.0,0.0,0.0,0.0,10.089887640449438,0.0898876404494382,4.751560549313358,0.0,12.403245942571786,1.5867665418227217,0.9176029962546817,6.213483146067416,0.0,0.13607990012484394,0.8401997503121099,0.0,0.0,0.0,17.642946317103622,1.3508114856429463,0.0,0.8002496878901373,0.04244694132334582,0.0,0.8739076154806492,0.5955056179775281,0.0,0.03745318352059925,0.2759051186017478
171,319,7,0.7915309446254072,0.05537459283387622,1.6579804560260587,3.3892508143322475,0.0,0.0,0.0,0.0781758957654723,0.0,0.0,0.5521172638436482,0.0,0.48859934853420195,1.4674267100977199,0.8159609120521173,0.0,0.0,0.0,0.06188925081433225,5.052117263843648,0.043973941368078175,5.45928338762215,0.13843648208469056,5.778501628664495,2.439739413680782,0.40716612377850164,8.931596091205211,0.0,0.0,0.25732899022801303,0.0,0.2719869706840391,0.0,18.679153094462542,1.8583061889250814,0.0,0.36319218241042345,0.09120521172638436,0.254071661237785,0.41205211726384366,0.5309446254071661,0.0,0.07654723127035831,0.6221498371335505
172,60,11,0.994328922495274,0.10207939508506617,0.21928166351606806,3.7485822306238186,0.0,0.0,0.0,0.0,0.0,0.0,0.2438563327032136,0.0,0.0,0.5954631379962193,0.18714555765595464,0.0,0.0,0.0,0.7996219281663516,16.53875236294896,0.0,1.612476370510397,0.0,8.506616257088847,2.3572778827977316,0.2722117202268431,4.809073724007561,0.0,0.0,0.20982986767485823,0.0,0.0,0.0,15.69187145557656,1.9395085066162572,0.0,0.09073724007561437,0.0,0.0,0.6880907372400756,0.555765595463138,0.0,0.2381852551984877,4.453686200378072
177,1193,4,0.8175046554934823,0.14711359404096835,0.2271880819366853,4.517690875232774,0.0,0.0,0.0,0.0,0.0,0.0,0.0,0.0,0.0,0.37057728119180633,0.0,0.0,0.0,0.0,0.0,20.387337057728118,0.0,1.9739292364990688,0.0,5.506517690875233,4.148975791433892,0.6052141527001862,4.290502793296089,0.24953445065176907,0.0,0.0,0.0,0.0,0.4264432029795158,15.795158286778399,2.1247672253258845,0.0,0.0,0.0,0.0,0.45996275605214154,0.41154562383612664,0.0,0.024208566108007448,2.670391061452514
176,537,4,0.6434494195688225,0.0845771144278607,0.23217247097844113,4.298507462686567,0.0,0.0,0.0,0.0,0.0,0.0,0.0,0.0,0.0,0.1310116086235489,0.0,0.0,0.01990049751243781,0.01658374792703151,0.0,12.439469320066335,0.0,1.9701492537313432,0.0,9.222222222222221,3.0613598673300166,0.2023217247097844,2.4112769485903813,0.1011608623548922,0.0,0.2769485903814262,0.006633499170812604,0.0,0.009950248756218905,20.366500829187398,2.374792703150912,0.0,0.0,0.05140961857379768,0.0,0.615257048092869,0.5456053067993366,0.0,0.026533996683250415,0.1310116086235489
177,1253,4,0.5725646123260437,0.0536779324055666,0.9900596421471173,2.190854870775348,0.0,0.0,0.0,0.0,0.0,0.0,0.0,0.0,0.0,0.0,0.0,0.0,0.0,0.0,0.0,3.3697813121272366,0.0,2.0636182902584492,0.0,1.8687872763419484,0.8071570576540755,0.43737574552683894,7.133200795228628,0.0,0.0,0.0,0.0,0.0,0.0,11.842942345924452,1.268389662027833,0.0,0.0636182902584493,0.09145129224652088,0.0,0.15109343936381708,0.4731610337972167,0.0,0.04572564612326044,0.0
186,1604,16,0.6460674157303371,0.08202247191011236,1.1292134831460674,3.0258426966292133,0.0,0.0,0.0,0.0,0.0,0.0,0.0,0.0,0.0,0.0,0.0,0.0,0.0,0.0,0.0,12.426966292134832,0.029213483146067417,1.9797752808988764,0.0,8.489887640449439,1.6617977528089887,0.18202247191011237,6.193258426966292,0.0,0.0,0.08089887640449438,0.0,0.0,0.0,15.66067415730337,1.40561797752809,0.0,0.20449438202247192,0.09101123595505618,0.0,0.5426966292134832,0.5303370786516854,0.0,0.0348314606741573,0.0
175,1823,4,41.090395480225986,0.11487758945386065,0.08097928436911488,5.0753295668549905,0.0,0.0,0.0,0.007532956685499058,0.0,0.0,0.07909604519774012,0.0,0.0,0.3050847457627119,0.23728813559322035,0.0,0.0,0.0,0.0,10.783427495291901,0.0,8.608286252354048,0.0,10.546139359698682,1.728813559322034,0.11299435028248588,2.890772128060264,0.0,0.0,0.0,0.0,0.0,0.0,24.13370998116761,1.1939736346516008,0.0,0.04519774011299435,0.0,0.0,0.6817325800376648,2.8455743879472695,2.286252354048964,43.61581920903955,5.222222222222222
182,1950,4,0.7846790890269151,0.12008281573498965,0.6997929606625258,4.262939958592132,0.0,0.0,0.0,0.0,0.0,0.0,0.0,0.0,0.0,0.0,0.0,0.0,0.0,0.0,0.0,14.18840579710145,0.049689440993788817,3.443064182194617,0.0,16.043478260869566,1.968944099378882,0.6790890269151139,7.2898550724637685,0.0,0.11594202898550725,0.2567287784679089,0.0,0.0,0.0,20.763975155279503,1.9316770186335404,0.0,0.053830227743271224,0.06625258799171843,0.0,1.0331262939958592,0.6376811594202898,0.0,0.057971014492753624,0.0
187,110,4,0.9173151750972762,0.11284046692607004,1.078793774319066,2.950389105058366,0.0,0.0,0.0,0.0,0.0,0.0,0.0,0.0,0.0,0.0029182879377431907,0.0,0.0,0.0,0.0,0.0,13.86089494163424,0.05544747081712062,5.592412451361867,0.0,12.509727626459144,1.2295719844357977,0.8093385214007782,7.575875486381323,0.0,0.0,0.45330739299610895,0.053501945525291826,0.0,0.0,16.989299610894943,1.2538910505836576,0.23346303501945526,0.6449416342412452,0.0311284046692607,0.0,0.8287937743190662,0.603112840466926,0.0,0.057392996108949414,0.6964980544747081
176,925,4,0.6995581737849779,0.10014727540500737,0.47717231222385864,2.695139911634757,0.0,0.0,0.0,0.0,0.0,0.0,0.0,0.0,0.0,0.05375552282768778,0.0,0.0,0.0,0.0,0.0,14.014727540500736,0.0,2.0751104565537557,0.0,3.7334315169366716,1.3033873343151694,0.2341678939617084,4.425625920471282,0.0,0.0,0.0,0.027982326951399118,0.0,0.0,11.31737849779087,1.3910162002945508,0.0,0.047128129602356406,0.022827687776141383,0.0,0.19072164948453607,0.45139911634756996,0.0,0.023564064801178203,0.0
181,1649,4,0.6039156626506024,0.09186746987951808,0.5045180722891566,4.024096385542169,0.0,0.0,0.0,0.0,0.0,0.0,0.010542168674698794,0.0,0.0,0.10993975903614457,0.0015060240963855422,0.0,0.0,0.0,0.060240963855421686,15.350903614457831,0.0391566265060241,2.2966867469879517,0.0,9.037650602409638,2.716867469879518,0.02108433734939759,3.7620481927710845,0.0,0.0,0.0286144578313253,0.0,0.0,0.0,18.201807228915662,2.1460843373493974,0.0,0.14457831325301204,0.0,0.0015060240963855422,0.6852409638554217,0.5240963855421686,0.0,0.01355421686746988,0.14457831325301204
186,1919,4,0.7894736842105263,0.11004784688995216,0.682615629984051,4.189792663476874,0.0,0.0,0.0,0.003189792663476874,0.0,0.0,0.0,0.0,0.0,0.291866028708134,0.06060606060606061,0.0,0.0,0.0,0.0,12.980861244019138,0.028708133971291867,3.8995215311004783,0.0,11.952153110047847,2.5247208931419456,0.9856459330143541,4.690590111642743,0.0,0.0,0.2934609250398724,0.0,0.0,0.0,19.395534290271133,1.6523125996810208,0.0,0.18341307814992025,0.004784688995215311,0.0,0.8261562998405104,0.6156299840510366,0.569377990430622,0.11323763955342903,0.0
168,1445,12,0.8596802841918295,0.13143872113676733,0.9813499111900533,3.907637655417407,0.0,0.016873889875666074,0.0,0.007992895204262877,0.0,0.0,0.03907637655417407,0.0,0.0,0.4325044404973357,0.1669626998223801,0.0,0.0,0.0,0.3410301953818828,16.41918294849023,0.06571936056838366,7.3126110124333925,0.0,12.672291296625222,2.600355239786856,0.6190053285968028,6.291296625222025,0.0,0.035523978685612786,0.4129662522202487,0.0,0.0,0.0,20.365896980461812,1.7957371225577266,0.0,0.302841918294849,0.13587921847246892,0.0,0.911190053285968,0.650088809946714,0.325044404973357,0.04262877442273535,1.086145648312611
176,1758,4,0.5673076923076923,0.10576923076923077,0.33653846153846156,3.7596153846153846,0.0,0.7403846153846154,0.0,1.4903846153846154,0.0,0.0,0.0,0.0,0.2692307692307692,1.8942307692307692,0.5480769230769231,0.0,0.0,0.07692307692307693,0.0,9.192307692307692,0.0,7.865384615384615,0.0,8.961538461538462,1.6538461538461537,0.4230769230769231,8.451923076923077,0.0,0.0,0.019230769230769232,0.0,0.0,0.0,19.067307692307693,1.625,0.0,0.0,0.038461538461538464,0.0,1.0,0.6634615384615384,0.0,0.08653846153846154,1.6538461538461537
175,465,4,0.696875,0.096875,0.1125,4.25625,0.0,0.0,0.0,0.0,0.0,0.0,0.0,0.0,0.0,0.0,0.0,0.0,0.0,0.0,0.0,8.653125,0.003125,3.125,0.0,11.365625,3.128125,0.028125,4.4,0.0,0.021875,0.13125,0.0,0.0,0.0,21.153125,2.059375,0.025,0.0,0.0,0.0,0.671875,0.578125,0.0,0.015625,0.0
176,1626,14,0.6340579710144928,0.10507246376811594,0.9710144927536232,3.818840579710145,0.0,0.0,0.0,0.0,0.0,0.0,0.15579710144927536,0.0,0.0,0.5108695652173914,0.0,0.0,0.0,0.0,0.38768115942028986,12.460144927536232,0.0,1.6920289855072463,0.0,5.496376811594203,2.6956521739130435,0.37318840579710144,5.655797101449275,0.0,0.0,0.0,0.0,0.0,0.0,14.942028985507246,1.923913043478261,0.0,0.11594202898550725,0.0,0.0,0.322463768115942,0.391304347826087,0.0,0.050724637681159424,0.0
178,262,7,1.0372340425531914,0.11170212765957446,0.19946808510638298,7.829787234042553,0.0,0.0,0.0,0.0,0.0,0.0,0.005319148936170213,0.0,0.0,1.074468085106383,0.10106382978723404,0.0,0.0,0.12234042553191489,0.0,19.154255319148938,0.0,3.8085106382978724,0.0,17.773936170212767,7.593085106382978,0.8617021276595744,5.303191489361702,0.0,0.0,0.10372340425531915,0.0,0.0,0.0,29.49468085106383,3.002659574468085,0.0,0.523936170212766,0.0,0.0,1.2127659574468086,0.5718085106382979,0.9601063829787234,0.2632978723404255,9.893617021276595
174,1702,4,0.6577868852459017,0.05327868852459016,0.5594262295081968,3.069672131147541,0.0,0.0,0.0,0.0,0.0,0.0,0.3709016393442623,0.0,0.0,0.7479508196721312,0.028688524590163935,0.0,0.0,0.0,0.7377049180327869,5.711065573770492,0.0,1.4487704918032787,0.0,4.620901639344262,2.07172131147541,0.36270491803278687,4.368852459016393,0.0,0.0,0.040983606557377046,0.0,0.0,0.0,14.225409836065573,1.9344262295081966,0.0,0.03278688524590164,0.0,0.0,0.24180327868852458,0.45286885245901637,0.0,0.055327868852459015,0.0
183,1737,4,0.7296416938110749,0.15309446254071662,1.3192182410423452,4.651465798045603,0.0,0.0,0.0,0.0,0.0,0.0,0.0,0.0,0.0,0.0,0.0,0.0,0.0,0.0,0.0,20.377850162866448,0.06514657980456026,4.306188925081433,0.0,11.592833876221498,2.758957654723127,1.234527687296417,8.472312703583063,0.0,0.0,0.5537459283387622,0.0,0.0,0.0,23.140065146579804,2.0553745928338762,0.0,0.5244299674267101,0.21172638436482086,0.0,0.7687296416938111,0.6775244299674267,0.0,0.06188925081433225,0.0
186,564,4,0.6354166666666666,0.11458333333333333,0.7413194444444444,3.888888888888889,0.0,0.0,0.0,0.0,0.0,0.0,0.0,0.0,0.0,0.0,0.0,0.0,0.0,0.0,0.0,14.26388888888889,0.041666666666666664,4.701388888888889,0.0,10.03125,1.5920138888888888,0.6597222222222222,9.87673611111111,0.0,0.0,0.1579861111111111,0.0,0.0,0.0,19.45659722222222,1.5399305555555556,0.0,0.006944444444444444,0.046875,0.0,0.5972222222222222,0.5694444444444444,0.0,0.03993055555555555,0.006944444444444444
186,485,4,0.6436781609195402,0.07105538140020899,0.7502612330198537,2.787878787878788,0.0,0.0,0.0,0.0010449320794148381,0.0,0.0,0.00522466039707419,0.0,0.0,0.00522466039707419,0.0,0.0,0.0,0.0,0.003134796238244514,9.721003134796238,0.0,2.1619644723093,0.0,6.700104493207942,0.851619644723093,0.109717868338558,4.271682340647858,0.0,0.0,0.0,0.0,0.0,0.0,12.644723092998955,1.5590386624869383,0.0,0.019853709508881923,0.11180773249738767,0.0,0.9258098223615465,0.46394984326018807,0.0,0.03970741901776385,0.0
183,1135,4,0.7133333333333334,0.06266666666666666,0.6026666666666667,2.9426666666666668,0.0,0.0,0.0,0.0,0.0,0.0,0.024,0.0,0.0,0.03866666666666667,0.0013333333333333333,0.0,0.0,0.0,0.05466666666666667,10.698666666666666,0.0,2.006666666666667,0.0,9.005333333333333,1.716,0.252,4.498666666666667,0.0,0.0,0.0,0.0,0.0,0.0,12.5,1.5026666666666666,0.0,0.08,0.04933333333333333,0.0,0.628,0.432,0.0,0.03866666666666667,0.0
183,1450,12,0.6290322580645161,0.12096774193548387,0.5080645161290323,4.537634408602151,0.0,0.0,0.0,0.0,0.0,0.0,0.0,0.0,0.0,0.0,0.0,0.0,0.0,0.0,0.0,14.271505376344086,0.005376344086021506,2.6021505376344085,0.0,14.924731182795698,3.543010752688172,0.1693548387096774,3.8010752688172045,0.0,0.0,0.10215053763440861,0.0,0.0,0.0,21.548387096774192,2.6693548387096775,0.0,0.2903225806451613,0.0,0.0,0.9301075268817204,0.5645161290322581,0.0,0.043010752688172046,0.0
185,297,4,0.6045197740112994,0.10357815442561205,0.0847457627118644,3.1186440677966103,0.0,0.3691148775894539,0.0,0.839924670433145,0.0,0.0,0.0,0.0,0.096045197740113,1.1732580037664784,0.24858757062146894,0.0,0.0,0.3013182674199623,0.047080979284369114,5.702448210922787,0.0,6.883239171374765,0.0,6.288135593220339,1.2278719397363465,0.2862523540489642,3.184557438794727,0.0,0.0,0.0,0.0,0.0,0.0,15.116760828625235,1.2259887005649717,0.0,0.0,0.013182674199623353,0.0,0.879472693032015,0.5160075329566854,0.0,0.05084745762711865,7.018832391713747
179,744,4,0.6622418879056047,0.07374631268436578,0.612094395280236,2.5191740412979353,0.0,0.0,0.0,0.0,0.0,0.0,0.0,0.0,0.0,0.02359882005899705,0.0029498525073746312,0.0,0.0,0.0,0.0029498525073746312,9.353982300884956,0.0,1.9675516224188792,0.0,7.867256637168142,1.0870206489675516,0.37315634218289084,4.758112094395281,0.0,0.0,0.07817109144542773,0.0,0.0,0.0,10.969026548672566,1.3333333333333333,0.0,0.10324483775811209,0.0,0.0,0.6651917404129793,0.4911504424778761,0.0,0.032448377581120944,0.0
188,949,7,0.7903225806451613,0.06854838709677419,1.0403225806451613,2.754032258064516,0.0,0.0,0.0,0.13306451612903225,0.0,0.0,0.0,0.0,0.0,0.4879032258064516,0.06451612903225806,0.0,0.0,0.0,0.0,9.713709677419354,0.012096774193548387,6.955645161290323,0.0,3.2620967741935485,1.0483870967741935,0.07258064516129033,6.649193548387097,0.0,0.0,0.2661290322580645,0.0,0.0,0.0,12.596774193548388,1.0685483870967742,0.0,0.4032258064516129,0.4274193548387097,0.0,0.22580645161290322,0.4798387096774194,0.0,0.04838709677419355,1.9274193548387097
182,994,4,0.6361788617886179,0.12195121951219512,0.5528455284552846,5.390243902439025,0.0,0.0,0.0,0.0,0.0,0.0,0.5060975609756098,0.0,0.0,1.1158536585365855,0.6077235772357723,0.0,0.0,0.0,1.4939024390243902,14.172764227642276,0.06300813008130081,2.268292682926829,0.0,13.508130081300813,4.876016260162602,0.04878048780487805,4.719512195121951,0.0,0.0,0.17073170731707318,0.0,0.0,0.0,21.788617886178862,2.967479674796748,0.0,0.3150406504065041,0.0,0.32723577235772355,0.8414634146341463,0.5203252032520326,0.0,0.06707317073170732,1.1991869918699187
175,1212,4,3.515862068965517,0.07448275862068965,0.2317241379310345,3.5820689655172413,0.0,0.0,0.0,0.08689655172413793,0.0,0.0,0.0,0.034482758620689655,0.0,0.07862068965517241,0.0,0.0,0.0,0.12689655172413794,0.0,6.488275862068965,0.0,7.0055172413793105,0.0,7.051034482758621,2.8772413793103446,0.0,2.3517241379310345,0.0,0.0,0.027586206896551724,0.0,0.0,0.0,16.98758620689655,1.7751724137931035,0.04551724137931035,0.05931034482758621,0.01793103448275862,0.0,0.5172413793103449,0.5586206896551724,0.6951724137931035,1.230344827586207,9.61103448275862
188,1504,4,0.7123287671232876,0.0273972602739726,1.5616438356164384,2.2739726027397262,0.0,0.0,0.0,0.0,0.0,0.0,0.0,0.0,0.0,0.0,0.0,0.0,0.0,0.0,0.0,2.904109589041096,0.0,1.821917808219178,0.0,3.547945205479452,1.178082191780822,0.7808219178082192,5.917808219178082,0.0,0.0,0.0410958904109589,0.0,0.0,0.0273972602739726,15.10958904109589,1.643835616438356,0.0,0.0,0.3424657534246575,0.0,0.1643835616438356,0.547945205479452,0.0,0.0136986301369863,0.0
183,1688,4,0.7037411526794742,0.10414560161779575,0.8210313447927199,4.2770475227502525,0.0,0.033367037411526794,0.0,0.0,0.0,0.0,0.0,0.0,0.0,0.0020222446916076846,0.0,0.0,0.0,0.0,0.0,12.57128412537917,0.029322548028311426,3.4853387259858444,0.0,14.417593528816987,3.800808897876643,1.1193124368048535,7.55510616784631,0.0,0.0,0.4711830131445905,0.0,0.0,0.0,19.96764408493428,2.129423660262892,0.0,0.301314459049545,0.11526794742163801,0.0,0.9241658240647118,0.5500505561172901,0.0,0.06066734074823053,0.0
186,878,4,0.7,0.09285714285714286,0.3738095238095238,3.433333333333333,0.0,0.0,0.0,0.0,0.0,0.0,0.0,0.0,0.0,0.0,0.0,0.0,0.0,0.0,0.0,11.702380952380953,0.0,3.738095238095238,0.0,7.9714285714285715,1.9714285714285715,0.5,4.697619047619048,0.0,0.0,0.11904761904761904,0.0,0.0,0.0,16.257142857142856,1.2738095238095237,0.0,0.0,0.0380952380952381,0.0,0.5357142857142857,0.55,0.0,0.05,0.0
196,1223,4,0.7263157894736842,0.10994152046783626,0.4421052631578947,3.536842105263158,0.0,0.0,0.0,0.0,0.0,0.0,0.0,0.0,0.0,0.06783625730994151,0.010526315789473684,0.0,0.0,0.0,0.0,13.394152046783626,0.0,1.857309941520468,0.0,7.684210526315789,2.3964912280701753,0.09824561403508772,5.2596491228070175,0.0035087719298245615,0.0,0.03391812865497076,0.16608187134502925,0.0,0.0,15.463157894736842,1.7391812865497076,0.0,0.18830409356725147,0.004678362573099415,0.0,0.49473684210526314,0.6046783625730994,0.0,0.022222222222222223,0.007017543859649123
183,39,4,0.663003663003663,0.08937728937728938,0.4967032967032967,3.33992673992674,0.0,0.0,0.0,0.0007326007326007326,0.0,0.0,0.0,0.0,0.0,0.05860805860805861,0.0,0.0,0.0,0.0,0.0,11.976556776556777,0.0014652014652014652,2.005860805860806,0.0,8.771428571428572,2.043223443223443,0.136996336996337,4.709157509157509,0.0,0.0,0.18315018315018314,0.041758241758241756,0.0,0.0,16.454945054945053,1.8117216117216117,0.0,0.030036630036630037,0.07106227106227106,0.0,0.5963369963369963,0.5626373626373626,0.0,0.05054945054945055,0.021245421245421246
190,767,4,0.7978142076502732,0.09836065573770492,0.4262295081967213,2.898907103825137,0.0,0.0,0.0,0.0,0.0,0.0,0.0,0.0,0.0,0.00273224043715847,0.0,0.0,0.0,0.0,0.0,12.693989071038251,0.0,2.2650273224043715,0.0,6.877049180327869,1.0846994535519126,0.2896174863387978,5.120218579234972,0.0,0.0,0.0,0.0,0.0,0.0,10.96448087431694,1.349726775956284,0.0,0.0,0.0,0.0,0.5409836065573771,0.4918032786885246,0.0,0.03278688524590164,0.0
197,1471,4,0.9069037656903766,0.08368200836820083,0.8399581589958159,3.0355648535564854,0.0,0.0,0.0,0.12761506276150628,0.0,0.0,0.0,0.0,0.0,0.0794979079497908,0.0,0.0,0.0,0.0,0.0,8.759414225941423,0.0,2.8901673640167362,0.0,6.043933054393306,1.4476987447698744,0.17364016736401675,5.9884937238493725,0.0,0.0,0.07531380753138076,0.0,0.0,0.0,14.75418410041841,1.7290794979079498,0.0,0.19456066945606695,0.11506276150627615,0.0,0.3619246861924686,0.551255230125523,0.0,0.03138075313807531,0.0
192,443,4,0.7440119760479041,0.08607784431137724,0.4341317365269461,3.9505988023952097,0.0,0.11601796407185629,0.0,0.2215568862275449,0.0,0.0,0.0,0.0,0.021706586826347306,0.41467065868263475,0.11152694610778444,0.0,0.0,0.01122754491017964,0.125,13.642964071856287,0.0074850299401197605,6.626497005988024,0.0,18.056137724550897,2.410928143712575,0.36227544910179643,5.466317365269461,0.0,0.0,0.23877245508982037,0.0,0.0,0.0,17.80688622754491,1.8615269461077844,0.0,0.20359281437125748,0.09730538922155689,0.0,1.2425149700598803,0.5456586826347305,0.0,0.04640718562874251,0.13997005988023953
183,963,4,0.6831072749691739,0.07398273736128237,0.4833538840937115,2.293464858199753,0.0,0.0,0.0,0.0,0.0,0.0,0.05425400739827373,0.0,0.0,0.2219482120838471,0.02219482120838471,0.0,0.02219482120838471,0.0,0.17385943279901356,9.112207151664611,0.0,1.9210850801479655,0.0,3.567200986436498,0.6436498150431565,0.31319358816276205,5.57829839704069,0.0,0.0,0.17139334155363747,0.0,0.0,0.0,10.511713933415537,0.9630086313193588,0.0,0.08261405672009864,0.1997533908754624,0.0,0.19112207151664612,0.47348951911220716,0.8175092478421702,0.03945745992601726,0.0
187,1171,4,0.5394736842105263,0.09868421052631579,0.9868421052631579,3.039473684210526,0.0,0.0,0.0,0.0,0.0,0.0,0.05921052631578947,0.0,0.0,0.18421052631578946,0.11842105263157894,0.0,0.0,0.0,0.3092105263157895,8.013157894736842,0.0,2.1447368421052633,0.0,4.546052631578948,1.269736842105263,0.0,3.8421052631578947,0.0,0.0,0.019736842105263157,0.0,0.0,0.0,14.677631578947368,1.6973684210526316,0.0,0.4473684210526316,0.03289473684210526,0.05921052631578947,0.24342105263157895,0.4934210526315789,0.0,0.019736842105263157,0.10526315789473684
199,1536,4,0.6111111111111112,0.08333333333333333,0.2881944444444444,3.8472222222222223,0.0,0.0,0.0,0.0,0.0,0.0,0.0,0.0,0.0,0.0,0.0,0.0,0.0,0.0,0.0,12.309027777777779,0.06597222222222222,2.4791666666666665,0.0,7.826388888888889,2.8645833333333335,0.5208333333333334,4.28125,0.0,0.0,0.8333333333333334,0.020833333333333332,0.0,0.0,18.010416666666668,2.09375,0.0,0.1076388888888889,0.15625,0.0,0.6388888888888888,0.5625,0.0,0.010416666666666666,0.0
191,387,7,0.8036006546644845,0.09574468085106383,0.8166939443535188,3.6636661211129296,0.0,0.040098199672667756,0.0,0.07528641571194762,0.0,0.0,0.0,0.0,0.0,0.12520458265139117,0.054009819967266774,0.0,0.0,0.0,0.0,11.913256955810148,0.058919803600654665,5.513911620294599,0.0,13.854337152209492,2.085924713584288,0.6816693944353519,8.396890343698855,0.0,0.0,0.45171849427168576,0.0,0.0,0.0,16.59328968903437,1.5474631751227497,0.0,0.339607201309329,0.088379705400982,0.0,0.9819967266775778,0.5842880523731587,0.0,0.08346972176759411,0.0
200,214,4,0.6061068702290077,0.0900763358778626,0.9053435114503817,3.451908396946565,0.0,0.035114503816793895,0.0,0.1465648854961832,0.0,0.0,0.250381679389313,0.0,0.0,0.5847328244274809,0.08396946564885496,0.0,0.0,0.0,0.4198473282442748,11.651908396946565,0.0015267175572519084,1.7206106870229008,0.0,6.6122137404580155,2.685496183206107,0.7343511450381679,6.523664122137404,0.0,0.0,0.3603053435114504,0.0,0.0,0.0,14.972519083969466,1.9450381679389313,0.0,0.33587786259541985,0.0,0.0,0.39236641221374047,0.5190839694656488,0.0,0.0717557251908397,1.5709923664122138
186,1153,4,0.7126805778491172,0.06982343499197431,0.6701444622792937,2.5256821829855536,0.0,0.0,0.0,0.018459069020866775,0.0,0.0,0.040930979133226325,0.0,0.025682182985553772,0.28491171749598715,0.11958266452648475,0.0,0.0,0.009630818619582664,0.025682182985553772,9.756821829855538,0.0,2.2479935794542536,0.0,8.618780096308186,1.2857142857142858,0.5176565008025682,7.074638844301766,0.0,0.0,0.18138041733547353,0.0,0.0,0.0,11.296147672552166,1.2391653290529696,0.0,0.21508828250401285,0.03290529695024077,0.0,0.5401284109149278,0.4871589085072231,0.0,0.05698234349919743,0.0
206,522,4,0.519650655021834,0.14410480349344978,0.3930131004366812,4.441048034934497,0.0,0.0,0.0,0.0,0.0,0.0,0.0,0.0,0.0,0.0,0.0,0.0,0.0,0.0,0.0,11.275109170305678,0.0,2.296943231441048,0.0,12.152838427947598,3.1703056768558953,0.2183406113537118,3.8384279475982535,0.0,0.0,0.07423580786026202,0.0,0.0,0.0,20.16593886462882,2.410480349344978,0.0,0.08296943231441048,0.1091703056768559,0.0,0.7729257641921398,0.5240174672489083,0.0,0.026200873362445413,0.0
197,1348,5,0.699290780141844,0.08368794326241134,0.6822695035460993,3.073758865248227,0.0,0.0,0.0,0.10567375886524823,0.0,0.0,0.0,0.0,0.0,0.17801418439716313,0.016312056737588652,0.0,0.0,0.0,0.006382978723404255,11.006382978723405,0.0,2.578723404255319,0.0,8.288652482269503,2.0042553191489363,0.1524822695035461,4.990780141843971,0.0,0.0,0.027659574468085105,0.0,0.0,0.0,13.523404255319148,1.5851063829787233,0.0,0.175177304964539,0.0574468085106383,0.0,0.5617021276595745,0.5106382978723404,0.0,0.03546099290780142,0.1900709219858156
190,361,7,0.7298701298701299,0.09740259740259741,0.5207792207792208,4.897402597402597,0.0,0.0,0.0,0.2038961038961039,0.0,0.0,0.16623376623376623,0.0,0.18571428571428572,1.3545454545454545,0.6766233766233766,0.0,0.0,0.025974025974025976,0.03506493506493506,14.166233766233766,0.006493506493506494,4.798701298701299,0.36753246753246754,12.118181818181819,7.509090909090909,0.14935064935064934,5.072727272727272,0.0,0.0,0.17792207792207793,0.0,0.032467532467532464,0.0,22.28181818181818,2.5285714285714285,0.0,0.45194805194805193,0.025974025974025976,0.0,0.7740259740259741,0.5571428571428572,0.0,0.05454545454545454,0.048051948051948054
202,1383,4,0.5523255813953488,0.07267441860465117,0.7238372093023255,3.258720930232558,0.0,0.1744186046511628,0.0,1.0930232558139534,0.0,0.0,0.42441860465116277,0.0,0.0,1.6133720930232558,0.38953488372093026,0.0,0.0,0.0,0.7761627906976745,4.438953488372093,0.0,1.7587209302325582,0.0,4.200581395348837,2.1569767441860463,0.438953488372093,4.851744186046512,0.0,0.0,0.17732558139534885,0.0,0.0,0.0,14.82267441860465,1.7936046511627908,0.0,0.18895348837209303,0.0,0.0,0.4186046511627907,0.38953488372093026,0.0,0.061046511627906974,0.0
204,1827,4,0.7430025445292621,0.1085665818490246,0.48091603053435117,4.825275657336726,0.0,0.0008481764206955047,0.0,0.1297709923664122,0.0,0.0,0.007633587786259542,0.0,0.009329940627650551,0.19168787107718405,0.090754877014419,0.0,0.0,0.0729431721798134,0.0,12.94147582697201,0.0,3.8473282442748094,0.0,7.729431721798134,3.946564885496183,0.09584393553859202,5.564037319762511,0.0,0.0,0.05597964376590331,0.15182357930449533,0.005937234944868533,0.0,23.955894826123835,3.0432569974554706,0.0,0.0729431721798134,0.06530958439355386,0.0008481764206955047,0.49872773536895676,0.5801526717557252,0.0,0.04410517387616624,0.31721798134011875
191,68,4,0.774365821094793,0.10146862483311081,0.7202937249666221,4.492656875834446,0.0,0.0,0.0,0.0006675567423230974,0.0,0.0,0.0,0.0,0.0,0.0026702269692923898,0.0,0.0,0.0,0.0,0.008678237650200267,13.200267022696929,0.037383177570093455,3.3411214953271027,0.0,13.029372496662216,2.9065420560747666,0.7536715620827771,8.32109479305741,0.0,0.10614152202937249,0.7216288384512684,0.0,0.0,0.0,21.80841121495327,1.951935914552737,0.0,0.2583444592790387,0.03404539385847797,0.0,0.9372496662216289,0.616822429906542,0.0,0.03204272363150868,0.0
189,1595,3,0.8333333333333334,0.0755813953488372,0.2713178294573643,2.5988372093023258,0.0,0.0,0.0,0.0,0.0,0.0,0.046511627906976744,0.0,0.009689922480620155,0.22674418604651161,0.02131782945736434,0.0,0.0,0.0,0.0,11.368217054263566,0.0,2.4069767441860463,0.0,7.412790697674419,1.6511627906976745,0.20930232558139536,4.614341085271318,0.0,0.0,0.13953488372093023,0.0,0.0,0.009689922480620155,11.01937984496124,1.447674418604651,0.0,0.044573643410852716,0.0,0.0,0.6162790697674418,0.5,0.0,0.04844961240310078,0.0
203,1867,4,75.51479289940828,0.17159763313609466,0.0,7.1301775147929,0.0,0.05917159763313609,0.0,0.07692307692307693,0.0,0.0,0.0,0.0,0.0,0.0,0.07692307692307693,0.0,0.0,0.0,0.0,4.863905325443787,0.0,19.390532544378697,0.0,3.8757396449704142,0.834319526627219,0.0,1.1183431952662721,0.0,0.0,0.0,0.0,0.0,0.0,26.715976331360945,0.3905325443786982,0.0,0.0,0.0,0.0,0.31952662721893493,7.940828402366864,0.0,58.71597633136095,1.047337278106509
195,1027,3,0.8602654176424668,0.09211553473848556,1.1077283372365339,3.199063231850117,0.0,0.0,0.0,0.00312256049960968,0.0,0.0,0.0,0.0,0.0,0.17486338797814208,0.01795472287275566,0.0,0.0,0.0,0.0,10.658860265417642,0.05932864949258392,4.304449648711944,0.0,8.76112412177986,1.7775175644028103,0.8329430132708822,8.068696330991413,0.0,0.8188914910226386,0.9437939110070258,0.0,0.0,0.0,17.65495706479313,1.2857142857142858,0.0,0.7439500390320063,0.0507416081186573,0.0,0.6167056986729118,0.6252927400468384,0.0,0.053864168618266976,0.0
195,1272,4,3.252016129032258,0.07459677419354839,0.5504032258064516,2.2963709677419355,0.0,0.0,0.0,0.0,0.0,0.0,0.0,0.008064516129032258,0.0,0.04032258064516129,0.0,0.0,0.0,0.012096774193548387,0.0,6.338709677419355,0.0,2.370967741935484,0.0,3.5766129032258065,2.118951612903226,0.0020161290322580645,3.3951612903225805,0.0,0.0,0.0,0.0,0.0,0.0,11.185483870967742,0.9979838709677419,0.0,0.0,0.0,0.0,0.22983870967741934,0.5846774193548387,2.256048387096774,1.465725806451613,6.536290322580645
200,854,4,0.970276008492569,0.04883227176220807,0.7091295116772823,3.0467091295116773,0.0,0.0,0.0,0.0,0.0,0.0,0.0,0.0,0.0,0.0,0.0,0.0,0.0,0.0,0.0,3.7728237791932058,0.0,2.6900212314225054,0.0,3.246284501061571,1.354564755838641,0.11677282377919321,5.745222929936306,0.0,0.0,0.23354564755838642,0.0,0.0,0.0,17.316348195329088,1.6072186836518048,0.0,0.23991507430997877,0.01910828025477707,0.0,0.15498938428874734,0.5881104033970276,0.0,0.01910828025477707,0.0
194,1619,4,1.5742574257425743,0.14285714285714285,0.157001414427157,4.8048090523338045,0.014144271570014143,0.04101838755304102,0.0,0.1669024045261669,0.0,0.0,0.0,0.0,0.0,0.33946251768033947,0.15841584158415842,0.0,0.0,0.0,0.0,17.202263083451204,0.0,4.5685997171145685,0.0,19.67043847241867,3.1258840169731257,0.1753889674681754,6.581329561527581,0.009900990099009901,0.3437057991513437,0.008486562942008486,0.0,0.0,0.0,20.233380480905232,2.0693069306930694,0.0,0.37906647807637905,0.04809052333804809,0.0,1.229137199434229,0.611032531824611,0.0,0.3536067892503536,0.0
200,257,5,1.0188679245283019,0.1320754716981132,0.8742138364779874,3.7232704402515724,0.0,0.0,0.0,0.0,0.0,0.0,0.06918238993710692,0.0,0.0,0.7484276729559748,0.3081761006289308,0.0,0.0,0.0,0.0,12.547169811320755,0.0,6.89937106918239,0.0,12.364779874213836,0.9811320754716981,2.641509433962264,11.50314465408805,0.0,0.1069182389937107,0.49056603773584906,0.0,0.0,0.0,18.78616352201258,1.2893081761006289,0.0,0.8679245283018868,0.1069182389937107,0.0,0.8176100628930818,0.5911949685534591,1.3836477987421383,0.20754716981132076,6.949685534591195
202,341,4,0.6879194630872483,0.09563758389261745,0.37919463087248323,4.135906040268456,0.0,0.0,0.0,0.0,0.0,0.0,0.2802013422818792,0.0,0.0,0.7063758389261745,0.3808724832214765,0.0,0.0,0.0,0.08221476510067115,14.971476510067115,0.0,2.0553691275167787,0.22818791946308725,6.171140939597316,3.6711409395973154,0.3540268456375839,5.156040268456376,0.0,0.0,0.020134228187919462,0.0,0.0,0.0,16.104026845637584,2.2416107382550337,0.0,0.026845637583892617,0.02348993288590604,0.0,0.5335570469798657,0.44798657718120805,0.0,0.040268456375838924,0.0
191,465,7,0.6331269349845201,0.07739938080495357,0.5495356037151703,3.431888544891641,0.0,0.0,0.0,0.0,0.0,0.0,0.018575851393188854,0.0,0.0,0.07739938080495357,0.007739938080495356,0.0,0.0,0.0,0.03560371517027864,13.030959752321982,0.05572755417956656,1.9272445820433437,0.0,14.1640866873065,1.521671826625387,0.2755417956656347,4.147058823529412,0.0,0.0,0.07120743034055728,0.0,0.0,0.0,14.078947368421053,1.8111455108359134,0.0,0.14705882352941177,0.0,0.0,1.0541795665634675,0.4953560371517028,0.0,0.04489164086687306,0.0
195,969,4,0.6172839506172839,0.1111111111111111,0.7037037037037037,2.925925925925926,0.0,0.0,0.0,0.0,0.0,0.0,0.11728395061728394,0.0,0.0,0.4567901234567901,0.0,0.0,0.0,0.0,0.691358024691358,11.32716049382716,0.0,1.7777777777777777,0.0,4.438271604938271,1.3703703703703705,0.41975308641975306,5.6234567901234565,0.0,0.0,0.06172839506172839,0.0,0.0,0.0,12.166666666666666,1.1790123456790123,0.0,0.0,0.0,0.0,0.2839506172839506,0.4506172839506173,0.0,0.04938271604938271,0.0
203,810,4,0.5938864628820961,0.07423580786026202,0.9126637554585153,3.7816593886462884,0.0,0.0,0.0,0.056768558951965066,0.0,0.0,0.008733624454148471,0.0,0.0,0.056768558951965066,0.0,0.0,0.0,0.0,0.017467248908296942,10.506550218340612,0.0,2.965065502183406,0.0,6.921397379912664,2.126637554585153,0.0,3.3624454148471616,0.0,0.0,0.08733624454148471,0.0,0.0,0.0,17.777292576419214,2.427947598253275,0.0,0.37554585152838427,0.10043668122270742,0.0,0.4410480349344978,0.5458515283842795,0.0,0.13100436681222707,0.07860262008733625
202,2000,4,0.6814516129032258,0.08870967741935484,0.561491935483871,3.2903225806451615,0.0,0.006048387096774193,0.0,0.07056451612903226,0.0,0.0,0.0,0.0,0.0,0.036290322580645164,0.007056451612903226,0.0,0.0,0.0030241935483870967,0.0,10.10483870967742,0.0,2.7993951612903225,0.0,5.11491935483871,1.3487903225806452,0.20262096774193547,6.707661290322581,0.42943548387096775,0.0,0.2550403225806452,0.0,0.0,0.0,15.21774193548387,1.8850806451612903,0.0,0.07056451612903226,0.07358870967741936,0.0,0.3175403225806452,0.4909274193548387,0.0,0.023185483870967742,0.0030241935483870967
204,34,4,1.031347962382445,0.14106583072100312,0.8338557993730408,5.244514106583072,0.0,0.0,0.0,0.06896551724137931,0.0,0.0,0.0,0.0,0.0,0.003134796238244514,0.0,0.0,0.0,0.0,0.0,12.468652037617554,0.02664576802507837,4.918495297805642,0.0,9.755485893416928,1.7774294670846396,0.6865203761755486,3.520376175548589,0.0,0.0,0.0,0.5344827586206896,0.0,0.0,27.9435736677116,2.8385579937304075,0.0,0.0,0.0219435736677116,0.0,1.109717868338558,0.6489028213166145,0.0,0.04075235109717868,0.0
198,694,11,0.8931034482758621,0.10344827586206896,0.596551724137931,3.386206896551724,0.0,0.0,0.0,0.0,0.0,0.0,0.0,0.0,0.0,0.0,0.0,0.0,0.0,0.0,0.0,16.21034482758621,0.0,2.282758620689655,0.0,12.33448275862069,2.331034482758621,0.2517241379310345,5.4655172413793105,0.0,0.0,0.0,0.0,0.0,0.0,13.279310344827586,1.7310344827586206,0.0,0.03793103448275862,0.0,0.0,0.9172413793103448,0.5103448275862069,0.0,0.02413793103448276,0.0
202,1635,4,0.738831615120275,0.09278350515463918,0.5567010309278351,3.3917525773195876,0.0,0.16494845360824742,0.0,0.0,0.0,0.0,0.0,0.0,0.0,1.5120274914089347,0.0,0.0,0.0,0.0,0.0,11.030927835051546,0.01718213058419244,1.824742268041237,0.0,1.3505154639175259,1.3711340206185567,0.23024054982817868,4.268041237113402,0.0,0.0,0.0,0.0,0.0,1.5429553264604812,13.436426116838488,1.302405498281787,0.0,0.030927835051546393,0.17525773195876287,0.0,0.8969072164948454,0.5120274914089347,0.0,0.07903780068728522,2.058419243986254
202,148,4,0.9015151515151515,0.08522727272727272,0.7196969696969697,4.03030303030303,0.003787878787878788,0.0,0.0,0.0,0.0,0.0,0.0,0.0,0.0,0.14583333333333334,0.043560606060606064,0.0,0.0,0.0,0.0,11.073863636363637,0.003787878787878788,4.0397727272727275,0.0,10.193181818181818,2.1666666666666665,1.2613636363636365,6.393939393939394,0.0,0.19886363636363635,1.0397727272727273,0.0,0.0,0.0,18.535984848484848,1.831439393939394,0.0,0.3465909090909091,0.03977272727272727,0.0,0.7310606060606061,0.6022727272727273,0.0,0.12121212121212122,0.00946969696969697
206,494,4,0.7462437395659433,0.08180300500834725,0.5909849749582637,2.8180300500834723,0.0,0.0,0.0,0.0,0.0,0.0,0.0,0.0,0.0,0.13856427378964942,0.0,0.0,0.0,0.0,0.011686143572621035,11.702838063439065,0.0,2.2053422370617697,0.0,9.075125208681134,0.7762938230383973,0.3005008347245409,5.223706176961603,0.0,0.0,0.0,0.0,0.0,0.0,12.974958263772955,1.5075125208681135,0.0,0.1652754590984975,0.0,0.0,0.4774624373956594,0.3989983305509182,0.0,0.02337228714524207,0.0
197,933,4,0.6039823008849557,0.05752212389380531,0.49557522123893805,2.922566371681416,0.0,0.0,0.0,0.0,0.0,0.0,0.0,0.0,0.0,0.0,0.0,0.0,0.0,0.0,0.0,11.0,0.0,1.9358407079646018,0.0,8.685840707964601,1.5464601769911503,0.2588495575221239,4.519911504424779,0.0,0.0,0.0,0.0,0.0,0.0,13.528761061946902,1.6615044247787611,0.0,0.0022123893805309734,0.061946902654867256,0.0,0.6039823008849557,0.4358407079646018,0.0,0.030973451327433628,0.0
199,1190,4,0.5898617511520737,0.059907834101382486,1.640552995391705,3.2442396313364057,0.0,0.0,0.0,0.0,0.0,0.0,0.059907834101382486,0.0,0.0,0.3087557603686636,0.11981566820276497,0.0,0.0,0.0,0.48847926267281105,5.419354838709677,0.02304147465437788,2.0230414746543777,0.0,4.064516129032258,1.6267281105990783,0.07373271889400922,6.105990783410138,0.0,0.0,0.2534562211981567,0.0,0.0,0.0,15.930875576036867,1.8709677419354838,0.0,0.39631336405529954,0.0,0.10599078341013825,0.2857142857142857,0.5023041474654378,0.0,0.05069124423963134,0.0
204,1695,4,0.623352165725047,0.064030131826742,0.5461393596986818,3.8342749529190208,0.0,0.0,0.0,0.0,0.0,0.0,0.0,0.0,0.0,0.0,0.0,0.0,0.0,0.0,0.0,11.116760828625235,0.0,2.493408662900188,0.0,8.32768361581921,2.87758945386064,0.288135593220339,4.033898305084746,0.07156308851224105,0.0,0.04331450094161959,0.05649717514124294,0.0,0.0,17.728813559322035,2.0583804143126176,0.0,0.09227871939736347,0.05649717514124294,0.0,0.519774011299435,0.504708097928437,0.0,0.013182674199623353,0.0
205,283,4,0.7443105756358769,0.10575635876840696,0.6733601070950469,4.449799196787149,0.0,0.0,0.0,0.0,0.0,0.0,0.03480589022757698,0.0,0.009370816599732263,0.12717536813922356,0.0963855421686747,0.0,0.0,0.0,0.0,13.113788487282463,0.012048192771084338,5.694779116465863,0.0,18.085676037483267,2.6157965194109773,0.6519410977242303,4.479250334672021,0.0,0.0,0.15261044176706828,0.0,0.0,0.0,19.50602409638554,1.8313253012048192,0.0,0.11914323962516733,0.0,0.0,1.1499330655957163,0.5943775100401606,0.0,0.05622489959839357,0.01606425702811245
209,315,4,0.638801261829653,0.05362776025236593,0.08990536277602523,2.416403785488959,0.0,0.0,0.0,0.0,0.0,0.0,0.0015772870662460567,0.0,0.0,0.02365930599369085,0.0031545741324921135,0.0,0.0,0.0,0.0,9.313880126182966,0.0,1.8958990536277602,0.0,9.149842271293375,1.088328075709779,0.050473186119873815,3.0094637223974763,0.0,0.0,0.33753943217665616,0.0,0.0,0.0,10.55993690851735,1.2854889589905363,0.0,0.2634069400630915,0.0015772870662460567,0.0,0.7618296529968455,0.4037854889589905,0.0,0.022082018927444796,0.0
200,1047,12,0.666005946481665,0.0753221010901883,0.07135777998017839,3.018830525272547,0.0,0.0,0.0,0.0,0.0,0.0,0.0,0.0,0.0,0.0,0.0,0.0,0.0,0.0,0.0,12.418235877106046,0.0,1.7145688800792864,0.0,12.420218037661051,1.3439048562933598,0.0753221010901883,3.43607532210109,0.0,0.0,0.07234886025768088,0.0,0.0,0.0,12.518334985133796,1.7195242814667988,0.0,0.008919722497522299,0.0,0.0,1.0138751238850348,0.4380574826560951,0.0,0.031714568880079286,0.0
209,642,4,0.5563380281690141,0.08098591549295775,0.9647887323943662,2.4014084507042255,0.0,0.08098591549295775,0.0,0.15845070422535212,0.0,0.10211267605633803,0.176056338028169,0.0,0.176056338028169,0.9436619718309859,0.2147887323943662,0.0,0.0528169014084507,1.045774647887324,0.0,8.330985915492958,0.017605633802816902,7.584507042253521,0.0,1.4753521126760563,0.8098591549295775,0.13380281690140844,7.334507042253521,0.0,0.0,0.03169014084507042,0.0,0.0,0.0,12.883802816901408,0.8697183098591549,0.0,0.0,0.056338028169014086,0.0,0.7535211267605634,0.4894366197183099,0.0,0.10915492957746478,5.042253521126761
196,580,4,0.8690476190476191,0.07142857142857142,0.6964285714285714,2.802380952380952,0.0,0.0,0.0,0.0,0.0,0.0,0.04880952380952381,0.0,0.0630952380952381,0.325,0.29642857142857143,0.0,0.0,0.0,0.0,6.429761904761905,0.0,2.1404761904761904,0.0,4.1154761904761905,1.3416666666666666,0.15476190476190477,7.3464285714285715,0.0,0.0,0.0,0.0,0.0,0.0,13.554761904761905,1.5380952380952382,0.0,0.013095238095238096,0.058333333333333334,0.0,0.19642857142857142,0.45357142857142857,0.0,0.055952380952380955,0.0
218,1120,4,0.8214285714285714,0.11904761904761904,0.5357142857142857,3.1666666666666665,0.0,0.0,0.0,0.0,0.0,0.0,0.0,0.0,0.0,0.10714285714285714,0.03571428571428571,0.0,0.0,0.0,0.0,7.4523809523809526,0.0,2.4166666666666665,0.0,10.119047619047619,1.1071428571428572,0.32142857142857145,4.321428571428571,0.0,0.0,0.0,0.0,0.0,0.0,14.880952380952381,1.869047619047619,0.0,0.4166666666666667,0.2261904761904762,0.0,0.9761904761904762,0.4523809523809524,0.0,0.047619047619047616,0.0
212,1150,4,0.6325925925925926,0.08444444444444445,0.942962962962963,3.9674074074074075,0.0,0.0,0.0,0.0,0.0,0.0,0.0,0.0,0.0,0.0,0.0,0.0,0.0,0.0,0.0,12.208148148148148,0.03111111111111111,2.591111111111111,0.0,9.652592592592592,2.5533333333333332,0.1,5.087407407407407,0.0,0.02962962962962963,0.2851851851851852,0.0,0.0,0.0,17.44814814814815,2.0,0.0,0.277037037037037,0.025185185185185185,0.0,0.6992592592592592,0.5451851851851852,0.0,0.04814814814814815,0.37703703703703706
214,1414,12,0.5873015873015873,0.08771929824561403,0.5664160401002506,3.6683375104427736,0.0,0.0,0.0,0.0,0.0,0.0,0.0,0.0,0.0,0.0,0.0,0.0,0.0,0.0,0.0,12.347535505430242,0.005847953216374269,2.7092731829573933,0.0,10.808688387635756,1.9557226399331662,0.1161236424394319,4.188805346700083,0.0,0.0,0.22389306599832914,0.0,0.0,0.0,16.53216374269006,1.8078529657477025,0.0,0.03341687552213868,0.10025062656641603,0.0,0.7050960735171261,0.5472013366750209,0.0,0.042606516290726815,0.0
197,42,4,0.6721698113207547,0.08844339622641509,0.43160377358490565,3.744103773584906,0.0,0.02240566037735849,0.0,0.6910377358490566,0.0,0.0,0.0,0.0,0.0,0.9823113207547169,0.18278301886792453,0.0,0.18396226415094338,0.44575471698113206,0.0,11.692216981132075,0.0,4.680424528301887,0.0,3.545990566037736,1.6273584905660377,0.6544811320754716,5.215801886792453,0.0,0.0,0.05660377358490566,0.0,0.0,0.14858490566037735,17.68632075471698,1.5766509433962264,0.0,0.15566037735849056,0.1391509433962264,0.0,0.7629716981132075,0.5400943396226415,0.0,0.05306603773584906,7.317216981132075
207,53,4,0.6470588235294118,0.09803921568627451,0.29411764705882354,3.2745098039215685,0.0,0.0,0.0,0.0,0.0,0.0,0.0,0.0,0.0,0.0,0.0,0.0,0.0,0.0,0.0,15.72549019607843,0.0,2.607843137254902,0.0,10.941176470588236,2.0784313725490198,0.0196078431372549,2.9411764705882355,0.0,0.0,0.0,0.0,0.0,0.0,12.862745098039216,1.4705882352941178,0.0,0.0,0.0,0.0,0.8823529411764706,0.4117647058823529,0.0,0.058823529411764705,0.0
210,987,4,0.7628571428571429,0.09142857142857143,0.32571428571428573,2.48,0.0,0.0,0.0,0.0,0.0,0.0,0.12857142857142856,0.0,0.11714285714285715,0.4085714285714286,0.34,0.0,0.0,0.0,0.0,10.902857142857142,0.0,2.1514285714285712,0.0,7.097142857142857,1.1314285714285715,0.3,4.968571428571429,0.0,0.0,0.0,0.0,0.0,0.0,10.614285714285714,1.3142857142857143,0.0,0.008571428571428572,0.0,0.0,0.49714285714285716,0.46285714285714286,0.0,0.03428571428571429,0.0
204,1657,4,23.790660225442835,0.0853462157809984,0.5475040257648953,5.760064412238325,0.0,0.0,0.0,0.008051529790660225,0.0,0.0,0.00644122383252818,0.10144927536231885,0.0,0.00322061191626409,0.00322061191626409,0.0,0.0,0.0,0.0,10.004830917874395,0.0,3.706924315619968,0.0,8.698872785829307,2.5925925925925926,0.0,3.674718196457327,0.0,0.0,0.1320450885668277,0.0,0.0,0.0,24.36231884057971,1.6199677938808374,0.0,0.16747181964573268,0.0,0.0,0.7085346215780999,3.3381642512077296,3.500805152979066,16.745571658615138,8.46376811594203
210,84,4,0.7638888888888888,0.041666666666666664,1.7824074074074074,3.3518518518518516,0.032407407407407406,0.0,0.0,0.0,0.0,0.0,0.0,0.0,0.0,1.0833333333333333,0.5509259259259259,0.0,0.0,0.0,0.032407407407407406,9.51388888888889,0.20833333333333334,4.944444444444445,0.0,4.0092592592592595,1.4212962962962963,3.199074074074074,9.375,0.0,0.0,0.3425925925925926,0.0,0.0,0.0,16.328703703703702,0.9166666666666666,0.0,0.38425925925925924,0.018518518518518517,0.0,0.1527777777777778,0.5648148148148148,0.05092592592592592,0.12037037037037036,0.0
211,178,12,0.7757774140752864,0.0851063829787234,0.23076923076923078,2.623567921440262,0.0,0.0,0.0,0.0,0.0,0.0,0.09819967266775777,0.0,0.060556464811783964,0.4337152209492635,0.062193126022913256,0.0,0.0,0.0,0.0,13.330605564648117,0.0,2.1227495908346974,0.0,8.16366612111293,0.8903436988543372,0.16693944353518822,6.150572831423895,0.0,0.0,0.3060556464811784,0.15057283142389524,0.0,0.0,11.075286415711947,1.2029459901800328,0.0,0.29132569558101473,0.0016366612111292963,0.0,0.4746317512274959,0.4828150572831424,0.0,0.03764320785597381,0.0
210,729,7,0.7303149606299213,0.0984251968503937,0.4015748031496063,3.354330708661417,0.0,0.03543307086614173,0.0,0.1830708661417323,0.0,0.0,0.0,0.0,0.0,0.8858267716535433,0.07480314960629922,0.0,0.0,0.2755905511811024,0.13188976377952755,11.291338582677165,0.0,2.466535433070866,0.0,8.466535433070867,2.236220472440945,0.4330708661417323,6.998031496062992,0.0,0.0,0.0,0.0,0.0,0.0,13.81496062992126,1.7893700787401574,0.0,0.20669291338582677,0.023622047244094488,0.0,0.5492125984251969,0.4625984251968504,0.0,0.0688976377952756,0.05905511811023622
213,1081,4,0.8805970149253731,0.11087420042643924,1.5053304904051172,3.213219616204691,0.0,0.0,0.0,0.06609808102345416,0.0,0.0,0.4605543710021322,0.0,0.0,1.349680170575693,0.34541577825159914,0.0,0.017057569296375266,0.014925373134328358,1.4904051172707888,12.970149253731343,0.010660980810234541,2.3795309168443497,0.0,6.021321961620469,1.6673773987206824,0.5394456289978679,6.362473347547974,0.0,0.0,0.18763326226012794,0.0,0.11513859275053305,0.21321961620469082,14.08315565031983,1.3454157782515992,0.0,0.4861407249466951,0.21961620469083157,0.0,0.4562899786780384,0.5565031982942431,0.0,0.0767590618336887,4.447761194029851
211,403,7,0.6044499381953028,0.0865265760197775,0.9740420271940667,3.1755253399258345,0.0,0.0,0.0,0.0,0.0,0.002472187886279357,0.0,0.0,0.0,0.016069221260815822,0.0012360939431396785,0.0,0.0580964153275649,0.0,0.0,12.798516687268233,0.034610630407911,2.265760197775031,0.0,7.789864029666255,1.8516687268232386,0.1841779975278121,5.11372064276885,0.0,0.0,0.07911001236093942,0.0,0.0,0.0,14.484548825710753,1.5809641532756489,0.0,0.11248454882571075,0.059332509270704575,0.0,0.4400494437577256,0.5648949320148331,0.0,0.049443757725587144,0.0
211,592,6,0.642706131078224,0.08879492600422834,1.1078224101479917,3.0,0.0,0.0,0.0,0.0,0.0,0.0,0.4799154334038055,0.0,0.0,0.9217758985200846,0.23255813953488372,0.0,0.0,0.0,1.4059196617336152,13.369978858350951,0.048625792811839326,1.6723044397463003,0.0,7.515856236786469,2.5792811839323466,0.5517970401691332,6.217758985200845,0.0,0.0,0.35095137420718814,0.0,0.0,0.0,13.226215644820297,1.3953488372093024,0.0,0.44820295983086683,0.02748414376321353,0.30655391120507397,0.5010570824524313,0.47780126849894294,0.0,0.040169133192389,2.0887949260042284
211,366,4,1.2594594594594595,0.11351351351351352,0.3108108108108108,3.3702702702702703,0.0,0.07297297297297298,0.0,0.2810810810810811,0.0,0.0,0.3027027027027027,0.0,0.37027027027027026,1.3972972972972972,0.7054054054054054,0.0,0.0,0.032432432432432434,0.08378378378378379,15.45135135135135,0.0,6.848648648648648,0.0,5.743243243243243,2.383783783783784,0.2918918918918919,6.0027027027027025,0.0,0.0,0.22702702702702704,0.0,0.0,0.0,15.262162162162163,1.7135135135135136,0.0,0.016216216216216217,0.11621621621621622,0.005405405405405406,0.5243243243243243,0.527027027027027,0.0,0.28378378378378377,3.0648648648648646
210,575,7,0.6459459459459459,0.05945945945945946,0.4594594594594595,2.8351351351351353,0.0,0.0,0.0,0.032432432432432434,0.0,0.0,0.0,0.0,0.0,0.14054054054054055,0.01891891891891892,0.0,0.0,0.0,0.02702702702702703,10.902702702702703,0.0,1.5945945945945945,0.0,10.462162162162162,1.2054054054054053,0.22702702702702704,4.4,0.0,0.0,0.41081081081081083,0.0,0.0,0.0,13.264864864864865,1.5945945945945945,0.0,0.8864864864864865,0.0,0.0,0.9027027027027027,0.4783783783783784,0.0,0.008108108108108109,0.0
206,708,4,0.7476635514018691,0.07009345794392523,0.8504672897196262,2.52803738317757,0.0,0.0,0.0,0.12149532710280374,0.0,0.0,0.8177570093457944,0.0,0.0,1.1074766355140186,0.42990654205607476,0.0,0.0,0.0,1.425233644859813,5.126168224299065,0.0,3.177570093457944,0.0,6.257009345794392,0.9626168224299065,0.2336448598130841,6.042056074766355,0.0,0.0,0.0,0.0,0.26635514018691586,0.0,12.850467289719626,1.4158878504672898,0.0,0.14018691588785046,0.02336448598130841,0.22897196261682243,0.6635514018691588,0.48130841121495327,0.0,0.0794392523364486,0.32710280373831774
215,879,4,1.7962962962962963,0.10185185185185185,2.064814814814815,2.8055555555555554,0.0,0.037037037037037035,0.0,0.4444444444444444,0.0,0.0,0.037037037037037035,0.0,0.0,0.5648148148148148,0.0,0.0,0.0,0.0,0.09259259259259259,3.1018518518518516,0.0,2.8425925925925926,0.0,2.0925925925925926,0.4444444444444444,0.3888888888888889,9.25,0.0,0.0,0.0,0.0,0.0,0.07407407407407407,13.222222222222221,1.1851851851851851,0.0,0.4166666666666667,0.046296296296296294,0.0,0.37037037037037035,0.5740740740740741,0.0,0.07407407407407407,0.0
223,1262,15,0.8725099601593626,0.11752988047808766,0.26693227091633465,13.97808764940239,0.0,0.0,0.0,0.04183266932270916,0.0,0.0,0.0,0.0,0.0,0.18326693227091634,0.05179282868525897,0.0,0.0,0.0,0.0,12.221115537848606,0.0,3.8386454183266934,0.0,12.50398406374502,2.231075697211155,0.27091633466135456,5.061752988047809,0.0,0.0,0.15139442231075698,0.0,0.0,0.0,19.54382470119522,1.8745019920318724,0.0,0.16135458167330677,0.08366533864541832,0.0,0.8087649402390438,11.360557768924302,0.0,0.10159362549800798,0.0
223,1893,4,0.7636217948717948,0.06490384615384616,0.4182692307692308,3.686698717948718,0.0,0.08333333333333333,0.0,0.2483974358974359,0.0,0.0,0.029647435897435896,0.0,0.036057692307692304,0.2668269230769231,0.13942307692307693,0.0,0.0,0.020032051282051284,0.0,12.84775641025641,0.003205128205128205,3.0416666666666665,0.0,10.809294871794872,2.3365384615384617,0.14262820512820512,5.948717948717949,0.008012820512820512,0.0,0.13060897435897437,0.0,0.0,0.0,16.95753205128205,1.7860576923076923,0.0,0.0641025641025641,0.12179487179487179,0.011217948717948718,0.7275641025641025,0.563301282051282,0.0,0.049679487179487176,0.38621794871794873
214,557,7,0.8326403326403327,0.10602910602910603,0.91995841995842,2.9781704781704783,0.0,0.0,0.0,0.037422037422037424,0.0,0.0,0.02390852390852391,0.0,0.0,0.18191268191268192,0.07380457380457381,0.0,0.07484407484407485,0.0,0.15280665280665282,10.613305613305613,0.037422037422037424,4.4376299376299375,0.0,7.553014553014553,1.470893970893971,0.6413721413721414,6.705821205821206,0.0,0.6340956340956341,0.7827442827442828,0.0,0.0,0.0,16.29209979209979,1.1995841995841996,0.0,0.5997920997920998,0.04054054054054054,0.0,0.5925155925155925,0.6008316008316008,0.2817047817047817,0.05197505197505198,0.4625779625779626
217,961,4,0.7376623376623377,0.08571428571428572,1.6493506493506493,2.8883116883116884,0.0,0.0,0.0,0.0,0.0,0.0,0.44155844155844154,0.0,0.0,0.8233766233766234,0.42337662337662335,0.0,0.0,0.0,1.0571428571428572,12.38961038961039,0.0,2.064935064935065,0.0,9.488311688311688,1.3688311688311687,0.4805194805194805,9.28051948051948,0.0,0.0,0.0,0.0,0.2571428571428571,0.0,12.63116883116883,1.2597402597402598,0.0,0.23896103896103896,0.14025974025974025,0.11428571428571428,0.7220779220779221,0.43376623376623374,0.0,0.06493506493506493,1.7792207792207793
215,753,4,0.7524613220815752,0.08579465541490858,0.729957805907173,3.769338959212377,0.0,0.0,0.0,0.0,0.0,0.0,0.009845288326300985,0.0,0.0,0.06469760900140648,0.011251758087201125,0.0,0.0,0.0,0.04922644163150492,12.563994374120956,0.0,2.4472573839662446,0.0,9.69901547116737,2.3656821378340367,0.01969057665260197,3.9563994374120957,0.0,0.0,0.11251758087201125,0.0,0.0,0.0,17.511954992967652,2.250351617440225,0.0,0.36849507735583686,0.07876230661040788,0.009845288326300985,0.6286919831223629,0.5471167369901547,0.0,0.10970464135021098,0.20956399437412096
212,933,4,0.9949238578680203,0.08121827411167512,1.5659898477157361,2.901015228426396,0.0,0.0,0.0,0.0,0.0,0.0,0.0,0.0,0.0,0.017766497461928935,0.0,0.0,0.0,0.0,0.012690355329949238,6.0,0.027918781725888325,3.1192893401015227,0.0,4.873096446700508,0.9390862944162437,0.3020304568527919,7.1421319796954315,0.0,0.0,0.09644670050761421,0.0,0.0,0.0,14.238578680203046,1.4543147208121827,0.0,0.4720812182741117,0.11421319796954314,0.007614213197969543,0.31725888324873097,0.5355329949238579,0.0,0.09898477157360407,0.0
214,1173,4,0.6442577030812325,0.08123249299719888,1.2745098039215685,3.2745098039215685,0.0,0.0,0.0,0.0,0.0,0.0,0.028011204481792718,0.0,0.0,0.10644257703081232,0.03361344537815126,0.0,0.0,0.0,0.27450980392156865,11.767507002801121,0.025210084033613446,2.5686274509803924,0.0,4.607843137254902,1.8431372549019607,0.18487394957983194,7.523809523809524,0.0,0.0,0.11764705882352941,0.11204481792717087,0.0,0.0,15.092436974789916,1.619047619047619,0.0,0.2661064425770308,0.0,0.05322128851540616,0.35294117647058826,0.5266106442577031,0.0,0.03361344537815126,0.0
219,1364,4,0.6061946902654868,0.06637168141592921,0.5796460176991151,2.836283185840708,0.0,0.0,0.0,0.0,0.0,0.0,0.0,0.0,0.0,0.0,0.0,0.0,0.0,0.0,0.0,2.8761061946902653,0.030973451327433628,2.3451327433628317,0.0,2.150442477876106,1.1858407079646018,0.5,7.252212389380531,0.0,0.0,0.15486725663716813,0.0,0.0,0.0,14.544247787610619,1.5530973451327434,0.0,0.07079646017699115,0.252212389380531,0.0,0.0,0.5442477876106194,0.0,0.008849557522123894,0.0
223,1738,4,0.6006006006006006,0.0990990990990991,0.14714714714714713,3.972972972972973,0.0,0.0,0.0,0.0,0.0,0.0,0.0,0.0,0.0,0.015015015015015015,0.08408408408408409,0.0,0.0,0.0,0.0,11.87987987987988,0.0,3.009009009009009,0.0,10.963963963963964,3.3843843843843846,0.0,2.75975975975976,0.0,0.0,0.24924924924924924,0.0,0.0,0.0,20.615615615615617,2.4984984984984986,0.0,0.3063063063063063,0.0,0.0,0.8168168168168168,0.6216216216216216,0.0,0.036036036036036036,0.0
220,896,4,0.6882290562036055,0.12301166489925769,1.3679745493107105,4.946977730646871,0.0,0.053022269353128315,0.0,0.28950159066808057,0.0,0.0,0.0010604453870625664,0.0,0.0,0.7126193001060446,0.14952279957582185,0.0,0.0911983032873807,0.20996818663838812,0.0,14.391304347826088,0.10180275715800637,4.571580063626723,0.0,5.4676564156945915,4.182396606574762,1.1696712619300107,7.900318133616119,0.07741251325556733,0.0,0.1537645811240721,0.0,0.0,0.1569459172852598,22.039236479321314,2.0689289501590666,0.0,0.09331919406150584,0.13467656415694593,0.0,0.7232237539766702,0.5715800636267232,0.0,0.05832449628844114,5.2439024390243905
231,1296,12,0.9050131926121372,0.07387862796833773,1.4986807387862797,5.055408970976253,0.0,0.0,0.0,0.0633245382585752,0.0,0.0,0.0,0.0,0.0,0.0712401055408971,0.0,0.0,0.0,0.0,0.0,6.33509234828496,0.0,2.5567282321899736,0.0,8.841688654353563,1.720316622691293,0.49868073878627966,7.844327176781003,0.0,0.0,0.39577836411609496,0.0,0.0,0.0,16.28496042216359,1.8390501319261214,0.0,0.5936675461741425,0.18469656992084432,0.0,0.9762532981530343,3.3060686015831133,0.0,0.07387862796833773,0.0
220,1941,4,0.824486301369863,0.07363013698630137,0.6549657534246576,3.3236301369863015,0.0,0.0,0.0,0.3604452054794521,0.0,0.0,0.025684931506849314,0.0,0.053082191780821915,0.6404109589041096,0.3073630136986301,0.0,0.0,0.0761986301369863,0.0,9.193493150684931,0.026541095890410957,3.86472602739726,0.0,9.07876712328767,2.1823630136986303,0.16352739726027396,5.412671232876712,0.0,0.0,0.3904109589041096,0.0410958904109589,0.03339041095890411,0.0,16.950342465753426,1.7457191780821917,0.0,0.05393835616438356,0.2628424657534247,0.007705479452054794,0.6934931506849316,0.7482876712328768,0.0,0.05821917808219178,0.3261986301369863
221,665,4,0.8752,0.1088,0.728,3.4816,0.0,0.0,0.0,0.0,0.0,0.0,0.0,0.0,0.0,0.0,0.0,0.0,0.0,0.0,0.0,13.5424,0.032,4.5008,0.0,10.128,1.1536,0.72,8.528,0.0,0.0,0.4528,0.0912,0.0,0.0,18.9488,1.4896,0.0,0.5024,0.0848,0.0,0.6432,0.6496,0.0,0.048,0.0
226,1671,5,0.8377581120943953,0.07079646017699115,0.5162241887905604,3.1047197640117994,0.0,0.0,0.0,0.01032448377581121,0.0,0.0,0.0014749262536873156,0.0,0.0,0.035398230088495575,0.011799410029498525,0.0,0.0,0.0,0.0,8.777286135693215,0.0,2.4911504424778763,0.0,5.333333333333333,1.168141592920354,0.23893805309734514,5.020648967551622,0.0,0.0,0.0,0.0,0.0,0.0,14.578171091445428,1.8097345132743363,0.0,0.05457227138643068,0.09587020648967552,0.0,0.308259587020649,0.5471976401179941,0.0,0.048672566371681415,0.0
223,256,4,0.6649916247906198,0.11725293132328309,0.8391959798994975,5.413735343383585,0.0,0.0,0.0,0.3417085427135678,0.0,0.0,0.47571189279731996,0.0,0.24958123953098826,1.8375209380234505,1.0938023450586265,0.0,0.1507537688442211,0.20100502512562815,0.1323283082077052,12.063651591289782,0.018425460636515914,3.9413735343383585,0.18425460636515914,4.809045226130653,4.452261306532663,1.8509212730318259,5.370184254606365,0.0,0.0,0.20938023450586266,0.22948073701842547,0.0,0.4539363484087102,25.197654941373536,2.4673366834170856,0.0,0.07872696817420435,0.01340033500837521,0.0,0.41708542713567837,0.5661641541038526,0.0,0.08877721943048576,0.6515912897822446
223,1018,4,0.6256218905472637,0.07960199004975124,0.5771144278606966,2.6666666666666665,0.0,0.0,0.0,0.0,0.0,0.0,0.036069651741293535,0.0,0.017412935323383085,0.14925373134328357,0.043532338308457715,0.0,0.0,0.0,0.014925373134328358,10.088308457711443,0.0,2.208955223880597,0.0,9.16044776119403,1.5248756218905473,0.4689054726368159,5.174129353233831,0.0,0.0,0.036069651741293535,0.0,0.0,0.0,11.86318407960199,1.4067164179104477,0.0,0.06965174129353234,0.09950248756218906,0.0,0.7014925373134329,0.4701492537313433,0.0,0.02736318407960199,0.0
222,1701,4,6.292882147024504,0.07934655775962661,0.31271878646441076,3.6546091015169195,0.0,0.0,0.0,0.007001166861143524,0.0,0.0,0.012835472578763127,0.08634772462077013,0.003500583430571762,0.08401400233372229,0.06884480746791131,0.0,0.0,0.0,0.0,7.292882147024504,0.0,2.088681446907818,0.0011668611435239206,4.593932322053676,2.5064177362893814,0.0,3.663943990665111,0.0,0.0,0.061843640606767794,0.0,0.0,0.0,17.44340723453909,2.099183197199533,0.0,0.0,0.0,0.0,0.37456242707117854,0.5764294049008168,0.5927654609101517,6.099183197199533,15.723453908984832
224,133,4,0.9153094462540716,0.10749185667752444,1.014657980456026,4.187296416938111,0.0,0.0,0.0,0.0,0.0,0.0,0.02768729641693811,0.0,0.009771986970684038,0.16123778501628663,0.0993485342019544,0.0,0.0,0.0,0.0,11.592833876221498,0.06026058631921824,7.099348534201955,0.0,15.952768729641694,2.6009771986970684,0.757328990228013,6.618892508143323,0.0,0.0,0.1986970684039088,0.0,0.0,0.0,19.19869706840391,1.8208469055374592,0.0,0.18566775244299674,0.18892508143322476,0.0,1.0667752442996743,0.5749185667752443,0.0,0.0732899022801303,0.11400651465798045
223,1986,4,0.7632950990615224,0.07507820646506778,0.3983315954118874,2.3743482794577684,0.0,0.0,0.0,0.0,0.0,0.0,0.0,0.0,0.0,0.11366006256517205,0.0,0.0,0.0,0.0,0.027111574556830033,11.096976016684046,0.0,1.8196037539103234,0.0,4.701772679874869,1.4400417101147027,0.23149113660062565,3.575599582898853,0.0,0.0,0.0072992700729927005,0.0,0.0,0.0,10.40667361835245,1.259645464025026,0.0,0.0072992700729927005,0.0,0.0,0.28258602711157454,0.45255474452554745,0.0,0.013555787278415016,0.0
227,442,4,2.284823284823285,0.14137214137214138,1.1891891891891893,5.754677754677755,0.0,0.0,0.0,0.29313929313929316,0.0,0.0,0.0,0.0,0.0,0.0,0.0,0.0,0.0,0.0,0.0,12.692307692307692,0.0,5.5654885654885655,0.0,13.503118503118504,2.2515592515592515,0.8835758835758836,4.363825363825364,0.0,0.0,0.018711018711018712,0.7754677754677755,0.0,0.0,28.72972972972973,2.5343035343035343,0.0,0.0,0.037422037422037424,0.0,1.7130977130977132,0.738045738045738,0.0,0.45322245322245325,0.0
219,472,6,0.6613995485327314,0.07373965387509406,0.3017306245297216,2.7351392024078254,0.0,0.0,0.0,0.0,0.0,0.0,0.009029345372460496,0.0,0.002257336343115124,0.033860045146726865,0.0007524454477050414,0.0,0.0,0.0,0.0,8.785553047404063,0.0,2.00451467268623,0.0,4.705041384499624,1.2121896162528216,0.10158013544018059,3.8683220466516177,0.0,0.0,0.15500376222723852,0.07750188111361926,0.0,0.0,12.45673438675696,1.5786305492851769,0.0,0.11136192626034612,0.046651617757712566,0.007524454477050414,0.27840481565086533,0.4251316779533484,0.0,0.0346124905944319,0.012039127163280662
224,1051,12,0.9159663865546218,0.0784313725490196,0.38095238095238093,4.1568627450980395,0.0,0.0,0.0,0.0,0.0,0.0,0.3697478991596639,0.0,0.21568627450980393,0.8627450980392157,0.4061624649859944,0.0,0.0,0.0,0.0,13.705882352941176,0.0,2.0252100840336134,0.0,6.336134453781512,3.6330532212885154,0.49299719887955185,7.288515406162465,0.0,0.0,0.0,0.0,0.0,0.0,16.394957983193276,1.9047619047619047,0.0,0.0,0.047619047619047616,0.13165266106442577,0.3641456582633053,0.5378151260504201,0.0,0.05042016806722689,2.3977591036414565
221,69,5,0.613251155624037,0.07858243451463791,0.9645608628659477,3.295839753466872,0.0,0.02465331278890601,0.0,0.33436055469953774,0.0,0.15716486902927582,0.0,0.07704160246533127,0.032357473035439135,0.613251155624037,0.1926040061633282,0.0,0.16024653312788906,0.7704160246533128,0.0,10.382126348228043,0.07087827426810478,6.6425269645608624,0.0,5.399075500770416,1.768875192604006,0.21417565485362094,6.62557781201849,0.0,0.026194144838212634,0.026194144838212634,0.0,0.0,0.0,16.48536209553159,1.6147919876733436,0.0,0.14175654853620956,0.01694915254237288,0.0,1.1494607087827426,0.5100154083204931,0.9784283513097073,0.10939907550077041,6.670261941448382
222,350,8,0.7859778597785978,0.1881918819188192,0.23247232472324722,3.4354243542435423,0.0,0.0,0.0,0.0,0.0,0.0,0.16974169741697417,0.0,0.2693726937269373,0.7158671586715867,0.4797047970479705,0.0,0.0,0.0,0.0,19.243542435424356,0.0,1.8929889298892988,0.06642066420664207,11.62730627306273,2.933579335793358,0.22509225092250923,5.158671586715867,0.0,0.0,0.16605166051660517,0.014760147601476014,0.0,0.0,13.365313653136532,1.8081180811808117,0.0,0.1881918819188192,0.0,0.0,0.6678966789667896,0.3985239852398524,0.0,0.06273062730627306,0.0
227,1778,4,0.6430976430976431,0.09764309764309764,0.2053872053872054,3.835016835016835,0.0,0.0,0.0,0.0,0.0,0.0,0.19528619528619529,0.0,0.0,0.5151515151515151,0.30303030303030304,0.0,0.0,0.0,0.0,17.26936026936027,0.0,1.7744107744107744,0.0,11.636363636363637,3.2053872053872055,0.26262626262626265,4.32996632996633,0.0,0.0,0.09090909090909091,0.0,0.0,0.0,16.22222222222222,2.121212121212121,0.0,0.2727272727272727,0.0,0.0,0.8922558922558923,0.468013468013468,0.0,0.037037037037037035,0.0
227,771,7,0.7405857740585774,0.10320781032078104,0.602510460251046,4.569037656903766,0.0,0.0,0.0,0.01813110181311018,0.0,0.0,0.03486750348675035,0.0,0.019525801952580194,0.1101813110181311,0.05578800557880056,0.0,0.0,0.0,0.0,13.489539748953975,0.03765690376569038,3.6317991631799162,0.0,13.741980474198048,2.589958158995816,0.6206415620641562,8.539748953974895,0.0,0.0,0.14086471408647142,0.0,0.0,0.0,21.04881450488145,1.9651324965132497,0.0,0.03207810320781032,0.07670850767085077,0.0,0.9748953974895398,0.6317991631799164,0.0,0.05578800557880056,0.0
228,169,4,0.7574850299401198,0.11676646706586827,0.9730538922155688,4.574850299401198,0.0,0.0,0.0,0.0,0.0,0.0,0.5389221556886228,0.0,0.0,0.9266467065868264,0.39520958083832336,0.0,0.0,0.0,1.1631736526946108,13.848802395209582,0.05389221556886228,2.0224550898203595,0.0,14.715568862275449,2.7050898203592815,0.3143712574850299,5.758982035928144,0.0,0.0,0.0718562874251497,0.0,0.3592814371257485,0.0,19.206586826347305,2.694610778443114,0.0,0.19760479041916168,0.0718562874251497,0.218562874251497,0.8772455089820359,0.5568862275449101,0.0,0.06736526946107785,3.3697604790419162
229,1193,12,0.6541218637992832,0.0913978494623656,0.7365591397849462,2.652329749103943,0.0,0.0,0.0,0.0,0.0,0.0,0.0,0.0,0.0,0.11827956989247312,0.0,0.0,0.0,0.0,0.03225806451612903,13.209677419354838,0.005376344086021506,2.482078853046595,0.0,5.543010752688172,1.3279569892473118,0.35842293906810035,6.926523297491039,0.0,0.0,0.0,0.0,0.0,0.0,11.017921146953405,1.2060931899641576,0.0,0.13620071684587814,0.0035842293906810036,0.0,0.4068100358422939,0.4838709677419355,0.0,0.026881720430107527,0.0
223,1219,4,0.6413223140495867,0.0859504132231405,1.4115702479338843,3.909090909090909,0.0,0.1322314049586777,0.0,1.0297520661157025,0.0,0.0,0.0,0.0,0.0,0.8743801652892562,0.22479338842975208,0.0,0.0,0.171900826446281,0.0,12.023140495867768,0.10413223140495868,4.426446280991735,0.0,4.614876033057851,2.428099173553719,0.6892561983471074,8.314049586776859,0.0,0.0,0.1669421487603306,0.0,0.0,0.0,17.679338842975206,1.7884297520661157,0.0,0.28429752066115704,0.1140495867768595,0.0,0.571900826446281,0.5537190082644629,0.0,0.08264462809917356,3.2280991735537192
234,1338,4,0.675392670157068,0.09947643979057591,0.7670157068062827,4.0785340314136125,0.0,0.007853403141361256,0.0,0.04450261780104712,0.0,0.0,0.0,0.0,0.0,0.08115183246073299,0.02356020942408377,0.0,0.0,0.002617801047120419,0.0,13.426701570680628,0.0,2.7539267015706805,0.0,11.143979057591624,2.303664921465969,0.4109947643979058,5.43455497382199,0.0,0.0,0.015706806282722512,0.10732984293193717,0.0,0.0,17.858638743455497,2.1204188481675392,0.0,0.060209424083769635,0.010471204188481676,0.0,0.6910994764397905,0.6518324607329843,0.0,0.028795811518324606,0.05759162303664921
229,40,4,0.7125,0.11826923076923077,0.0038461538461538464,4.923076923076923,0.0,0.0,0.0,0.0,0.0,0.0,0.0,0.0,0.0,0.025,0.0,0.0,0.0,0.0,0.0,15.729807692307693,0.0,2.830769230769231,0.0,15.232692307692307,3.5240384615384617,0.0,2.376923076923077,0.0,0.0,0.3096153846153846,0.2721153846153846,0.0,0.0,23.18076923076923,2.8663461538461537,0.0,0.20865384615384616,0.0,0.0,1.0192307692307692,0.5711538461538461,0.0,0.04230769230769231,0.0
232,1457,15,0.7462932454695222,0.10214168039538715,0.385502471169687,2.7149917627677103,0.0,0.0,0.0,0.0,0.0,0.0,0.0,0.0,0.0,0.0,0.0,0.0,0.0,0.0,0.0,12.596375617792422,0.0,2.2965403624382206,0.0,7.840197693574959,1.729818780889621,0.15321252059308071,3.5667215815485998,0.0,0.0,0.0016474464579901153,0.0,0.0,0.0,10.889621087314662,1.415156507413509,0.0,0.13344316309719934,0.02471169686985173,0.0,0.5107084019769358,0.5024711696869851,0.0,0.018121911037891267,0.0
249,1993,4,0.8362989323843416,0.10320284697508897,0.6512455516014235,3.8131672597864767,0.0,0.0071174377224199285,0.0,0.8683274021352313,0.0,0.0,0.0,0.0,0.0,1.001779359430605,0.1583629893238434,0.0,0.0,0.0,0.019572953736654804,6.7935943060498225,0.01601423487544484,10.672597864768683,0.0,2.8665480427046264,2.53914590747331,0.505338078291815,5.5338078291814945,0.0,0.0,0.28825622775800713,0.0,0.0,0.0,19.519572953736656,1.9483985765124556,0.0,0.2918149466192171,0.19572953736654805,0.0,0.2206405693950178,0.5444839857651246,0.0,0.09608540925266904,1.204626334519573
233,384,4,1.4817204301075269,0.14623655913978495,0.8817204301075269,4.686021505376344,0.0,0.0,0.0,0.0,0.0,0.0,0.0,0.0,0.0,0.02849462365591398,0.014516129032258065,0.0,0.0,0.0,0.030107526881720432,14.930645161290322,0.0,4.482795698924731,0.0,11.40752688172043,3.45752688172043,0.460752688172043,4.906451612903226,0.0,0.07526881720430108,0.23010752688172043,0.12634408602150538,0.0,0.0,23.15967741935484,2.2795698924731185,0.0,0.34408602150537637,0.03333333333333333,0.0,1.060752688172043,0.6940860215053763,0.0,0.2360215053763441,0.0
243,1847,4,0.5767634854771784,0.06950207468879668,0.38070539419087135,2.545643153526971,0.0,0.0,0.0,0.0,0.0,0.0,0.001037344398340249,0.0,0.0,0.16597510373443983,0.038381742738589214,0.0,0.0,0.0,0.03008298755186722,11.812240663900415,0.0,1.783195020746888,0.0,7.156639004149378,1.4522821576763485,0.22614107883817428,5.024896265560166,0.0,0.0,0.06950207468879668,0.0,0.0,0.0,11.799792531120332,1.4273858921161826,0.0,0.1441908713692946,0.004149377593360996,0.0,0.4460580912863071,0.4533195020746888,0.0,0.022821576763485476,0.0
229,491,4,0.7811203319502075,0.10684647302904564,0.9512448132780082,4.259336099585062,0.0,0.017634854771784232,0.0,0.0,0.0,0.0,0.0,0.0,0.0,0.08402489626556017,0.013485477178423237,0.0,0.0,0.0,0.0,13.969917012448132,0.06639004149377593,3.550829875518672,0.0,11.255186721991702,2.4429460580912865,0.5695020746887967,6.710580912863071,0.0,0.30601659751037347,0.46473029045643155,0.0,0.0,0.0,20.67116182572614,2.0601659751037342,0.0,0.35477178423236516,0.0,0.0,0.7385892116182573,0.5923236514522822,0.0,0.043568464730290454,0.0
230,939,4,0.8154981549815498,0.08118081180811808,0.6236162361623616,2.8339483394833946,0.0,0.0,0.0,0.0,0.0,0.0,0.014760147601476014,0.0,0.0,0.26199261992619927,0.11808118081180811,0.0,0.0,0.0,0.05904059040590406,9.918819188191883,0.0,1.9741697416974169,0.0,6.797047970479705,1.5719557195571956,0.4022140221402214,5.523985239852398,0.0,0.0,0.3763837638376384,0.22140221402214022,0.0,0.0,13.782287822878228,1.918819188191882,0.0,0.3210332103321033,0.07749077490774908,0.04797047970479705,0.5055350553505535,0.5092250922509225,0.0,0.055350553505535055,0.0959409594095941
237,1095,4,0.6798866855524079,0.09631728045325778,0.9546742209631728,3.1671388101983005,0.0,0.0,0.0,0.0028328611898017,0.0,0.0,0.0,0.0,0.0,0.1359773371104816,0.0,0.0,0.0,0.0,0.0,13.209631728045325,0.0,2.691218130311615,0.0,4.388101983002833,1.6033994334277621,0.2521246458923513,6.379603399433428,0.0169971671388102,0.0,0.29178470254957506,0.0169971671388102,0.0,0.0,13.461756373937677,1.3966005665722379,0.0,0.036827195467422094,0.0,0.0,0.6827195467422096,0.5070821529745042,0.0,0.059490084985835696,0.0
229,1389,4,0.7056451612903226,0.07526881720430108,1.2446236559139785,3.9448924731182795,0.0,0.0,0.0,0.0,0.0,0.0,0.0,0.0,0.0,0.0,0.0,0.0,0.06317204301075269,0.0,0.0,10.116935483870968,0.03494623655913978,2.321236559139785,0.0,9.486559139784946,2.721774193548387,0.14919354838709678,4.366935483870968,0.0,0.005376344086021506,0.10349462365591398,0.13844086021505375,0.0,0.0,17.783602150537636,2.200268817204301,0.0,0.041666666666666664,0.009408602150537635,0.0,0.5725806451612904,0.5362903225806451,0.0,0.024193548387096774,0.0
232,1834,4,0.6217228464419475,0.06367041198501873,0.26591760299625467,3.4831460674157304,0.0,0.0,0.0,0.07865168539325842,0.0,0.0,0.0,0.0,0.0,0.34831460674157305,0.0599250936329588,0.0,0.0,0.08614232209737828,0.0,5.891385767790262,0.0,3.805243445692884,0.0,3.9962546816479403,2.247191011235955,0.11610486891385768,6.760299625468165,0.0,0.0,0.22846441947565543,0.04868913857677903,0.0,0.0,19.01498127340824,2.284644194756554,0.0,0.0,0.23595505617977527,0.0,0.26591760299625467,0.5655430711610487,0.0,0.04119850187265917,0.07116104868913857
239,1227,4,0.7850746268656716,0.11044776119402985,1.4179104477611941,3.546268656716418,0.0,0.0,0.0,0.0,0.0,0.0,0.0,0.0,0.0,0.14626865671641792,0.0,0.0,0.0,0.0,0.023880597014925373,11.334328358208955,0.11044776119402985,3.716417910447761,0.0,6.7074626865671645,1.3164179104477611,1.680597014925373,8.853731343283583,0.0,0.4597014925373134,0.6805970149253732,0.0,0.0,0.0,17.95820895522388,1.492537313432836,0.0,0.7253731343283583,0.14328358208955225,0.0,0.5940298507462687,0.6119402985074627,0.0,0.04477611940298507,0.0
228,1356,4,0.675734494015234,0.08161044613710555,0.8106637649619152,3.6692056583242656,0.0,0.03264417845484222,0.0,0.176278563656148,0.0,0.0,0.004352557127312296,0.0,0.004352557127312296,0.13166485310119697,0.062023939064200215,0.0,0.0,0.0,0.0,13.956474428726876,0.041349292709466814,2.8476605005440696,0.0,8.092491838955386,1.8705114254624593,0.4581066376496192,6.517954298150163,0.036996735582154515,0.0,0.24374319912948858,0.0,0.0,0.0,16.41675734494015,1.7312295973884657,0.0,0.013057671381936888,0.07616974972796518,0.00544069640914037,0.5223068552774756,0.5832426550598476,0.0,0.04352557127312296,0.0
234,1545,12,0.5684210526315789,0.06315789473684211,0.0,4.11578947368421,0.0,0.0,0.0,0.0,0.0,0.0,0.0,0.0,0.0,0.0,0.1368421052631579,0.0,0.0,0.0,0.0,10.305263157894737,0.0,2.663157894736842,0.0,10.389473684210527,3.4105263157894736,0.0,1.8210526315789475,0.0,0.0,0.631578947368421,0.0,0.0,0.0,19.726315789473684,2.4210526315789473,0.0,0.22105263157894736,0.0,0.0,0.8,0.47368421052631576,0.0,0.010526315789473684,0.0
238,203,4,1.004909983633388,0.10147299509001637,0.7806873977086743,3.7708674304418985,0.0,0.12274959083469722,0.0,0.49754500818330605,0.0,0.0,0.0,0.0,0.0,0.6595744680851063,0.2078559738134206,0.0,0.19639934533551553,1.0016366612111294,0.0,10.914893617021276,0.009819967266775777,14.219312602291327,0.0,10.806873977086743,2.5662847790507364,1.0163666121112929,8.90671031096563,0.0,0.0,0.10474631751227496,0.0,0.0,0.0,18.563011456628477,1.5630114566284778,0.0,0.2225859247135843,0.1260229132569558,0.0,1.612111292962357,0.6677577741407529,0.04091653027823241,0.11947626841243862,6.242225859247136
233,334,4,0.6886075949367089,0.09451476793248945,0.2379746835443038,2.9375527426160337,0.0,0.0,0.0,0.0,0.0,0.0,0.0033755274261603376,0.0,0.0016877637130801688,0.08185654008438818,0.027848101265822784,0.0,0.0,0.0,0.0016877637130801688,10.579746835443038,0.0,2.350210970464135,0.0,5.675949367088608,1.6548523206751056,0.14261603375527426,3.49957805907173,0.0,0.0,0.0,0.05569620253164557,0.0,0.0,12.255696202531645,1.630379746835443,0.0,0.05147679324894515,0.0,0.0,0.4109704641350211,0.4438818565400844,0.0,0.02278481012658228,0.0
242,617,4,0.634,0.1,0.046,3.54,0.0,0.0,0.0,0.0,0.0,0.0,0.046,0.0,0.0,0.102,0.038,0.0,0.0,0.0,0.05,13.348,0.0,1.748,0.0,10.248,3.564,0.128,2.714,0.0,0.0,0.0,0.036,0.0,0.0,14.416,2.034,0.0,0.0,0.0,0.0,0.744,0.448,0.0,0.034,0.0
234,719,11,2.2013536379018612,0.09137055837563451,0.3147208121827411,2.978003384094755,0.0,0.0,0.0,0.023688663282571912,0.0,0.0,0.0,0.0,0.0,0.1065989847715736,0.0,0.0,0.0,0.0,0.0,8.568527918781726,0.0,2.4111675126903553,0.0,10.120135363790187,1.0592216582064298,0.18104906937394247,5.284263959390863,0.0,0.0,0.0,0.0,0.0,0.0,14.214890016920474,1.8494077834179357,0.0,0.09475465313028765,0.021996615905245348,0.0,0.622673434856176,0.5482233502538071,0.0,0.6785109983079526,0.2656514382402707
242,746,4,0.9036885245901639,0.0942622950819672,0.23975409836065573,3.0225409836065573,0.0,0.0,0.0,0.7540983606557377,0.0,0.0,0.00819672131147541,0.0,0.0,1.1844262295081966,0.16188524590163936,0.0,0.8299180327868853,0.39959016393442626,0.12090163934426229,10.90983606557377,0.0,1.7438524590163935,0.0,2.3422131147540983,1.6413934426229508,1.639344262295082,3.543032786885246,0.0,0.0,0.2069672131147541,0.0,0.0,5.719262295081967,12.301229508196721,1.1618852459016393,0.0,0.0,0.0020491803278688526,0.0,1.8032786885245902,0.4672131147540984,0.0,0.22336065573770492,16.709016393442624
234,515,7,0.7639956092206367,0.10098792535675083,0.8353457738748628,3.1130625686059274,0.0,0.0,0.0,0.09220636663007684,0.0,0.0,0.010976948408342482,0.0,0.0,0.2623490669593853,0.042810098792535674,0.0,0.0,0.0,0.027442371020856202,13.34357848518112,0.019758507135016465,2.2239297475301867,0.0,7.478594950603732,1.738748627881449,0.141602634467618,6.004390779363337,0.0,0.0,0.0,0.0,0.0,0.031833150384193196,14.362239297475302,1.5861690450054884,0.0,0.17014270032930845,0.06805708013172337,0.0010976948408342481,0.5729967069154775,0.5290889132821076,0.0,0.0570801317233809,0.15916575192096596
237,995,5,0.6428571428571429,0.09821428571428571,0.9375,3.935267857142857,0.0,0.0,0.0,0.35714285714285715,0.0,0.0,0.24776785714285715,0.0,0.0,1.2633928571428572,0.45535714285714285,0.0,0.0,0.0,1.1495535714285714,10.573660714285714,0.0,2.921875,0.0,7.830357142857143,4.337053571428571,0.5245535714285714,6.296875,0.0,0.0,0.3482142857142857,0.0,0.3125,0.0,16.790178571428573,2.1316964285714284,0.0,0.3169642857142857,0.08928571428571429,0.17857142857142858,0.5,0.49330357142857145,0.0,0.060267857142857144,2.0535714285714284
238,1756,6,2.90625,0.11019736842105263,0.37664473684210525,4.7730263157894735,0.0,0.02631578947368421,0.0,0.11019736842105263,0.0,0.0,0.22532894736842105,0.019736842105263157,0.20723684210526316,1.356907894736842,0.7993421052631579,0.0,0.0,0.0,0.001644736842105263,18.14638157894737,0.003289473684210526,3.049342105263158,0.2779605263157895,12.930921052631579,5.088815789473684,0.004934210526315789,4.542763157894737,0.0,0.0,0.30756578947368424,0.07730263157894737,0.23355263157894737,0.0,19.44078947368421,2.200657894736842,0.0,0.3059210526315789,0.04276315789473684,0.0,0.837171052631579,0.8634868421052632,0.125,0.8963815789473685,2.8733552631578947
234,566,4,0.7043478260869566,0.11594202898550725,0.6985507246376812,6.550724637681159,0.0,0.0,0.0,0.020289855072463767,0.0,0.0,0.37971014492753624,0.0,0.30144927536231886,1.1681159420289855,0.48695652173913045,0.0,0.0,0.0,0.0,13.855072463768115,0.0463768115942029,3.4811594202898553,0.0,11.994202898550725,6.857971014492754,0.6086956521739131,7.263768115942029,0.0,0.0,0.2028985507246377,0.0,0.0,0.0,29.150724637681158,3.327536231884058,0.0,0.19420289855072465,0.0463768115942029,0.0,0.8463768115942029,0.6260869565217392,0.0,0.06956521739130435,4.814492753623188
234,869,12,1.0521091811414391,0.04466501240694789,0.5285359801488834,2.5856079404466503,0.0,0.0,0.0,0.20099255583126552,0.0,0.0,0.007444168734491315,0.0,0.0,0.3746898263027295,0.17369727047146402,0.0,0.0,0.0,0.019851116625310174,3.9503722084367245,0.0,3.163771712158809,0.0,5.004962779156328,1.1091811414392059,0.08933002481389578,4.7568238213399505,0.0,0.0,0.0,0.0,0.0,0.0,12.890818858560793,1.5186104218362282,0.0,0.0,0.10918114143920596,0.0,0.2729528535980149,0.46898263027295284,0.0,0.04962779156327544,0.0
234,1173,4,1.3054393305439331,0.07112970711297072,2.071129707112971,3.1673640167364017,0.0,0.008368200836820083,0.0,1.2510460251046025,0.0,0.0,0.0,0.0,0.0,0.32217573221757323,0.11715481171548117,0.0,0.0,0.0,0.0,2.0209205020920504,0.0,3.7615062761506275,0.0,2.6778242677824267,0.6736401673640168,0.5439330543933054,10.171548117154812,0.0,0.0,0.2510460251046025,0.0,0.0,0.0,12.213389121338912,0.8200836820083682,0.0,0.7740585774058577,0.39748953974895396,0.0,0.4895397489539749,1.3179916317991631,0.0,0.12133891213389121,0.16736401673640167
240,1416,15,0.5816733067729084,0.043824701195219126,2.0677290836653386,2.6772908366533863,0.0,0.0,0.0,0.027888446215139442,0.0,0.0,0.0,0.0,0.0,0.027888446215139442,0.01195219123505976,0.0,0.0,0.0,0.0,3.5816733067729083,0.13147410358565736,2.49402390438247,0.0,2.5657370517928286,1.1474103585657371,0.3545816733067729,8.629482071713147,0.0,0.0,0.26693227091633465,0.0,0.0,0.0,14.892430278884461,1.4701195219123506,0.0,0.4701195219123506,0.08764940239043825,0.0,0.08764940239043825,0.5059760956175299,0.0,0.02390438247011952,0.0
239,1315,4,0.6608084358523726,0.1054481546572935,0.5922671353251318,3.4903339191564147,0.0,0.10193321616871705,0.0,0.5834797891036907,0.0,0.0,0.0,0.0,0.0,0.44639718804920914,0.08260105448154657,0.0,0.0,0.0210896309314587,0.0,15.827768014059753,0.0,5.611599297012302,0.0,6.829525483304042,1.7047451669595781,0.140597539543058,6.0,0.0,0.0,0.050966608084358524,0.09314586994727592,0.0,0.0,17.697715289982426,1.655536028119508,0.0,0.05975395430579965,0.022847100175746926,0.0,0.4446397188049209,0.632688927943761,0.0,0.043936731107205626,0.029876977152899824
236,81,5,0.6447876447876448,0.10424710424710425,0.21235521235521235,4.312741312741313,0.0,0.0,0.0,0.0,0.0,0.0,0.0,0.0,0.0,0.007722007722007722,0.0,0.0,0.0,0.0,0.0,7.505791505791506,0.0,2.9034749034749034,0.0,4.891891891891892,2.7953667953667956,0.04633204633204633,3.2741312741312742,0.0,0.0,0.3088803088803089,0.0,0.0,0.0,22.20849420849421,2.8996138996139,0.0,0.43243243243243246,0.06563706563706563,0.0,0.26640926640926643,0.555984555984556,0.0,0.03088803088803089,0.0
235,474,4,0.6651376146788991,0.0963302752293578,0.3577981651376147,3.0252293577981653,0.0,0.0,0.0,0.0,0.0,0.0,0.11467889908256881,0.0,0.14908256880733944,0.38073394495412843,0.23394495412844038,0.0,0.0,0.0,0.05504587155963303,16.094036697247706,0.0,2.0160550458715596,0.06422018348623854,7.075688073394495,1.8142201834862386,0.27293577981651373,6.8922018348623855,0.0,0.0,0.29128440366972475,0.0,0.0,0.0,11.442660550458715,1.3142201834862386,0.0,0.4334862385321101,0.10091743119266056,0.006880733944954129,0.481651376146789,0.4701834862385321,0.0,0.04357798165137615,0.0
243,1435,4,0.7340425531914894,0.05851063829787234,0.031914893617021274,3.021276595744681,0.0,0.0,0.0,0.0,0.0,0.0,0.015957446808510637,0.0,0.010638297872340425,0.10638297872340426,0.010638297872340425,0.0,0.0,0.0,0.0,9.085106382978724,0.0,2.101063829787234,0.0,5.925531914893617,1.446808510638298,0.0,2.904255319148936,0.0,0.0,0.0,0.0797872340425532,0.0,0.0,14.335106382978724,1.925531914893617,0.0,0.0,0.0,0.0,0.4627659574468085,0.43617021276595747,0.0,0.10106382978723404,0.0
246,310,4,0.6599552572706935,0.07829977628635347,0.6756152125279642,3.762863534675615,0.0,0.06935123042505593,0.0,0.28859060402684567,0.0,0.0,0.015659955257270694,0.0,0.0022371364653243847,0.2595078299776286,0.04697986577181208,0.0,0.0,0.0,0.0,9.677852348993289,0.0,6.29082774049217,0.0,8.70917225950783,2.970917225950783,0.12304250559284116,6.217002237136465,0.0,0.0,0.07158836689038031,0.0,0.0,0.0,18.747203579418343,1.9328859060402686,0.0,0.16554809843400448,0.0,0.0,0.5503355704697986,0.6062639821029083,0.0,0.06935123042505593,0.0
249,545,4,0.6025758969641214,0.0827966881324747,0.2999080036798528,3.315547378104876,0.0,0.0,0.0,0.0,0.0,0.0,0.0018399264029438822,0.0,0.0,0.01839926402943882,0.0018399264029438822,0.0,0.0,0.0,0.03311867525298988,13.311867525298988,0.00827966881324747,1.9153633854645815,0.0,9.932842686292549,3.3808647654093837,0.20055197792088317,3.080036798528059,0.0,0.0,0.00827966881324747,0.11775528978840846,0.0,0.0,13.68261269549218,1.8868445262189513,0.0,0.27874885004599814,0.0,0.0,0.7286108555657773,0.4609015639374425,0.0,0.025758969641214352,0.0
248,1718,4,0.7730263157894737,0.06907894736842106,0.48355263157894735,2.905701754385965,0.0,0.0,0.0,0.12390350877192982,0.0,0.0,0.05592105263157895,0.0,0.0,0.46710526315789475,0.13596491228070176,0.0,0.0,0.0,0.31469298245614036,11.786184210526315,0.0,2.8015350877192984,0.0,9.775219298245615,1.6425438596491229,0.26973684210526316,5.442982456140351,0.0,0.0,0.01644736842105263,0.0,0.009868421052631578,0.0,12.776315789473685,1.424342105263158,0.0,0.021929824561403508,0.0,0.02850877192982456,0.6885964912280702,0.5098684210526315,0.0,0.041666666666666664,0.06469298245614036
239,241,5,0.7292464878671775,0.08939974457215837,0.9897828863346104,3.73690932311622,0.0,0.0,0.0,0.0280970625798212,0.0,0.0,0.0,0.0,0.0,0.04469987228607918,0.001277139208173691,0.0,0.0,0.0,0.0,8.931034482758621,0.06768837803320563,4.462324393358876,0.0,9.218390804597702,1.7496807151979565,0.6206896551724138,6.574712643678161,0.0,0.0,0.23116219667943805,0.0,0.0,0.0,18.35759897828863,1.6462324393358876,0.0,0.14942528735632185,0.21455938697318008,0.0,0.5836526181353767,0.6155810983397191,0.0,0.035759897828863345,0.0
239,601,12,0.6280087527352297,0.1050328227571116,0.3544857768052516,4.564551422319475,0.0,0.0,0.0,0.0,0.0,0.0,0.25164113785557984,0.0,0.2100656455142232,1.1597374179431073,0.5120350109409191,0.0,0.0,0.0,0.06564551422319474,15.592997811816193,0.0,2.822757111597374,0.36980306345733044,9.99124726477024,4.978118161925602,0.2538293216630197,4.63019693654267,0.0,0.0,0.0,0.0,0.0,0.0,18.052516411378555,2.5317286652078774,0.0,0.12035010940919037,0.0,0.0,0.7352297592997812,0.5032822757111597,0.0,0.03938730853391685,2.597374179431072
240,634,4,1.0693877551020408,0.044897959183673466,0.7714285714285715,2.6040816326530614,0.0,0.0326530612244898,0.0,0.8367346938775511,0.0,0.0,0.0,0.0,0.0,0.5591836734693878,0.22857142857142856,0.0,0.0,0.3306122448979592,0.0,2.073469387755102,0.0,10.620408163265306,0.0,2.3714285714285714,1.1346938775510205,0.5142857142857142,8.016326530612245,0.0,0.0,0.0,0.0,0.0,0.0,13.922448979591836,1.4857142857142858,0.0,0.11020408163265306,0.2857142857142857,0.0,0.2938775510204082,0.4816326530612245,0.0,0.10612244897959183,11.322448979591837
245,1370,4,5.749279538904899,0.10951008645533142,0.723342939481268,3.994236311239193,0.0,0.0,0.0,0.0,0.0,0.0,0.05187319884726225,0.0,0.002881844380403458,0.1873198847262248,0.10951008645533142,0.0,0.0,0.0,0.11815561959654179,5.953890489913545,0.0,1.861671469740634,0.0,16.685878962536023,2.0922190201729105,0.1440922190201729,5.579250720461095,0.0,0.0,0.0,0.0,0.0,0.0,17.78386167146974,2.5936599423631126,0.0,0.3861671469740634,0.0,0.0,0.9740634005763689,0.6829971181556196,0.0,2.2651296829971184,0.01440922190201729
241,1944,4,0.6834437086092715,0.09403973509933775,0.05033112582781457,4.172185430463577,0.0,0.025165562913907286,0.0,0.0,0.0,0.0,0.0,0.0,0.0,0.07947019867549669,0.0,0.0,0.0,0.0,0.0,13.006622516556291,0.0,2.9576158940397352,0.0,14.139072847682119,3.370860927152318,0.0,2.172185430463576,0.0,0.0,0.3390728476821192,0.07417218543046358,0.0,0.0,19.635761589403973,2.35364238410596,0.0,0.16423841059602648,0.0,0.0,0.9854304635761589,0.5761589403973509,0.0,0.039735099337748346,0.0
245,961,4,9.937908496732026,0.13725490196078433,0.5637254901960784,4.669934640522876,0.0,0.0,0.0,0.0,0.0,0.0,0.008169934640522876,0.0,0.0,0.08333333333333333,0.0457516339869281,0.0,0.0,0.0,0.0,14.679738562091503,0.0,4.083333333333333,0.0,16.47875816993464,2.2859477124183005,0.28594771241830064,6.370915032679738,0.0,0.0,0.12581699346405228,0.20098039215686275,0.0,0.0,23.630718954248366,2.369281045751634,0.0,0.3415032679738562,0.06209150326797386,0.0,1.0065359477124183,0.6209150326797386,0.0,5.839869281045751,0.20915032679738563
242,1160,4,0.7002427184466019,0.08737864077669903,0.7548543689320388,3.66626213592233,0.0,0.0,0.0,0.0,0.0,0.0,0.0,0.0,0.0,0.0,0.0,0.0,0.0,0.0,0.0,12.680825242718447,0.0,2.3677184466019416,0.0,10.895631067961165,2.0570388349514563,0.08859223300970874,4.405339805825243,0.0,0.050970873786407765,0.279126213592233,0.0,0.0,0.0,16.96359223300971,2.091019417475728,0.0,0.6699029126213593,0.009708737864077669,0.0,0.6601941747572816,0.5728155339805825,0.0,0.07888349514563107,0.0
251,780,4,0.569377990430622,0.05741626794258373,0.5933014354066986,2.521531100478469,0.0,0.0,0.0,0.0,0.0,0.0,0.0,0.0,0.0,0.0,0.0,0.0,0.0,0.0,0.0,4.033492822966507,0.0,2.602870813397129,0.0,2.1913875598086126,1.1339712918660287,0.09569377990430622,4.583732057416268,0.0,0.0,0.20095693779904306,0.0,0.0,0.0,13.24401913875598,1.4066985645933014,0.0,0.12440191387559808,0.37799043062200954,0.0,0.04784688995215311,0.5550239234449761,0.0,0.009569377990430622,0.0
243,906,4,0.7432432432432432,0.0918918918918919,1.3567567567567567,3.347297297297297,0.0,0.0,0.0,0.008108108108108109,0.0,0.0,0.11621621621621622,0.0,0.0,0.2581081081081081,0.07567567567567568,0.0,0.0,0.0,0.2648648648648649,14.906756756756756,0.05540540540540541,2.5067567567567566,0.0,7.066216216216216,1.5445945945945947,0.2581081081081081,6.782432432432432,0.0,0.0,0.05,0.0,0.012162162162162163,0.0,14.112162162162162,1.568918918918919,0.0,0.1581081081081081,0.12972972972972974,0.05405405405405406,0.4297297297297297,0.5837837837837838,0.0,0.0445945945945946,0.06486486486486487
252,1808,4,0.7589098532494759,0.10272536687631027,1.0188679245283019,3.257861635220126,0.0,0.0,0.0,0.031446540880503145,0.0,0.0,0.0,0.0,0.0,0.03563941299790356,0.0,0.0,0.0,0.0,0.0,15.561844863731656,0.0,2.157232704402516,0.0,6.714884696016772,0.9287211740041929,0.5157232704402516,6.079664570230608,0.1278825995807128,0.0,0.11949685534591195,0.11530398322851153,0.0,0.0,14.631027253668764,1.5849056603773586,0.0,0.0,0.15513626834381553,0.0,2.1761006289308176,0.549266247379455,0.0,0.06079664570230608,0.0859538784067086
251,121,4,0.7153361344537815,0.10504201680672269,0.9642857142857143,3.892857142857143,0.0,0.0,0.0,0.0,0.0,0.0,0.0,0.0,0.0,0.01365546218487395,0.0,0.0,0.0,0.0,0.005252100840336135,11.41281512605042,0.046218487394957986,3.4989495798319328,0.0,12.305672268907562,2.286764705882353,1.009453781512605,7.684873949579832,0.0,0.15546218487394958,0.46113445378151263,0.0,0.0,0.0,19.36239495798319,1.7941176470588236,0.0,0.3235294117647059,0.03361344537815126,0.0,0.8813025210084033,1.5525210084033614,0.0,0.06197478991596639,0.0
246,654,7,0.6718192627824019,0.07491082045184304,0.3912009512485137,2.3210463733650415,0.0,0.0,0.0,0.0,0.0,0.0,0.0,0.0,0.0,0.0011890606420927466,0.0,0.0,0.0,0.0,0.0011890606420927466,11.474435196195007,0.0,1.7871581450653984,0.0,8.210463733650416,0.985731272294887,0.23781212841854935,5.639714625445897,0.0,0.0,0.028537455410225922,0.0,0.0,0.0,10.52794292508918,1.2687277051129608,0.0,0.0,0.09274673008323424,0.0,0.4756242568370987,0.4482758620689655,0.0,0.034482758620689655,0.0
243,702,4,15.044210526315789,0.09263157894736843,0.7347368421052631,3.671578947368421,0.0,0.004210526315789474,0.0,0.5894736842105263,0.0,0.0,0.38526315789473686,0.0,0.0,1.04,0.4105263157894737,0.0,0.0,0.02526315789473684,0.9052631578947369,6.9936842105263155,0.0,2.096842105263158,0.0,10.069473684210527,2.856842105263158,0.5452631578947369,9.730526315789474,0.023157894736842106,0.0,0.0,0.0,0.0,0.0,17.623157894736842,1.7726315789473683,0.0,0.5242105263157895,0.07578947368421053,0.0,0.6210526315789474,0.7768421052631579,0.0,11.406315789473684,2.103157894736842
246,890,4,0.7404255319148936,0.06382978723404255,0.6978723404255319,2.617021276595745,0.0,0.0,0.0,0.08936170212765958,0.0,0.0,0.0,0.0,0.01702127659574468,0.46808510638297873,0.00425531914893617,0.0,0.0,0.00425531914893617,0.0,9.417021276595746,0.0,2.8468085106382977,0.0,3.7617021276595746,0.4553191489361702,0.22127659574468084,5.642553191489362,0.0,0.0,0.0,0.0,0.0,0.2297872340425532,12.097872340425532,1.0765957446808512,0.0,0.0851063829787234,0.1276595744680851,0.0,0.8,0.5106382978723404,0.0,0.06382978723404255,0.1276595744680851
243,1276,6,0.5877862595419847,0.09923664122137404,1.5648854961832062,2.33587786259542,0.0,0.0,0.0,0.04580152671755725,0.0,0.0,0.0,0.0,0.0,0.09923664122137404,0.0,0.0,0.0,0.0,0.0,5.488549618320611,0.0,2.2748091603053435,0.0,2.1297709923664123,0.19083969465648856,0.7862595419847328,6.541984732824427,0.0,0.0,0.0,0.0,0.0,0.0,10.961832061068701,0.7404580152671756,0.0,0.22900763358778625,0.24427480916030533,0.0,1.633587786259542,0.5572519083969466,0.0,0.015267175572519083,33.396946564885496
245,1587,3,0.8013698630136986,0.0684931506849315,0.8013698630136986,4.239726027397261,0.0,0.19863013698630136,0.0,0.6986301369863014,0.0,0.0,0.684931506849315,0.0,0.5958904109589042,3.171232876712329,1.856164383561644,0.0,0.0,0.0,0.0,5.602739726027397,0.0,2.904109589041096,0.0,8.13013698630137,4.712328767123288,0.2054794520547945,8.020547945205479,0.0,0.0,0.4657534246575342,0.0,0.0,0.0,21.363013698630137,2.808219178082192,0.0,0.00684931506849315,0.4452054794520548,0.23972602739726026,0.636986301369863,0.6301369863013698,0.0,0.1506849315068493,5.506849315068493
253,1613,12,58.02089552238806,0.09850746268656717,0.0,4.46865671641791,0.0,0.0,0.0,0.0,0.0,0.0,0.0,0.0,0.0,0.03582089552238806,0.0,0.0,0.0,0.0,0.0,7.764179104477612,0.0,1.346268656716418,0.0,3.8447761194029852,1.0119402985074626,0.0,1.4776119402985075,0.0,0.0,0.0,0.0,0.0,0.0,20.579104477611942,0.5880597014925373,0.0,0.0,0.0,0.0,0.22388059701492538,4.161194029850746,0.0,52.232835820895524,5.2
254,1924,4,3.1012269938650308,0.10889570552147239,0.45245398773006135,5.007668711656442,0.01687116564417178,0.16104294478527606,0.0,0.7346625766871165,0.0,0.0,0.0,0.0,0.0,1.0659509202453987,0.44785276073619634,0.0,0.0,0.4171779141104294,0.006134969325153374,12.651840490797547,0.004601226993865031,6.156441717791411,0.0,7.904907975460123,4.360429447852761,0.6134969325153374,4.723926380368098,0.0,0.12269938650306748,0.14877300613496933,0.0,0.0,0.0,21.36196319018405,2.4493865030674846,0.07822085889570553,0.004601226993865031,0.13190184049079753,0.0,0.7392638036809815,0.6242331288343558,0.0,1.361963190184049,5.590490797546012
244,164,4,0.8829174664107485,0.15930902111324377,0.763915547024952,5.717850287907869,0.0,0.0,0.0,0.0,0.0,0.0,0.19001919385796545,0.0,0.0,0.8349328214971209,0.42226487523992323,0.0,0.0,0.0,0.1765834932821497,17.19961612284069,0.0671785028790787,3.4241842610364683,0.0,15.988483685220729,5.253358925143954,0.4145873320537428,6.140115163147793,0.0,0.12476007677543186,0.42226487523992323,0.0,0.0,0.0,27.491362763915546,2.7562380038387717,0.0,0.4952015355086372,0.08061420345489444,0.0,1.109404990403071,0.6487523992322457,0.0,0.08061420345489444,5.074856046065259
247,269,4,0.6374269005847953,0.07017543859649122,1.4152046783625731,2.3625730994152048,0.0,0.0,0.0,0.0,0.0,0.0,0.011695906432748537,0.0,0.0,0.04678362573099415,0.0,0.0,0.0,0.0,0.03508771929824561,5.3274853801169595,0.0935672514619883,3.1695906432748537,0.0,2.742690058479532,0.21637426900584794,0.7309941520467836,9.912280701754385,0.0,0.0,0.0,0.0,0.0,0.0,9.228070175438596,0.6666666666666666,0.0,0.19883040935672514,0.13450292397660818,0.0,0.26900584795321636,0.5380116959064327,0.0,0.029239766081871343,0.03508771929824561
245,486,6,0.6607142857142857,0.07142857142857142,1.1220238095238095,1.8720238095238095,0.0,0.0,0.0,0.0,0.0,0.0,0.0,0.0,0.0,0.047619047619047616,0.005952380952380952,0.0,0.0,0.0,0.0625,8.696428571428571,0.02976190476190476,2.9226190476190474,0.0,2.7142857142857144,0.4642857142857143,0.6458333333333334,6.907738095238095,0.0,0.0,0.0,0.0,0.0,0.0,8.970238095238095,0.8065476190476191,0.0,0.0,0.0,0.0,0.125,0.4166666666666667,0.0,0.03571428571428571,0.0
253,1694,4,0.6098484848484849,0.07575757575757576,0.3560606060606061,3.9545454545454546,0.0,0.0,0.0,0.0,0.0,0.0,0.3333333333333333,0.0,0.36363636363636365,0.8484848484848485,0.571969696969697,0.0,0.0,0.0,0.125,11.867424242424242,0.0,1.946969696969697,0.0,10.553030303030303,3.117424242424242,0.04924242424242424,4.295454545454546,0.0,0.0,0.12878787878787878,0.007575757575757576,0.3522727272727273,0.0,16.935606060606062,2.4734848484848486,0.0,0.16666666666666666,0.0,0.026515151515151516,0.7348484848484849,0.4621212121212121,0.0,0.05303030303030303,7.821969696969697
251,509,7,0.7532299741602068,0.10723514211886305,0.4780361757105943,4.236434108527132,0.0,0.0,0.0,0.0,0.0,0.0,0.0012919896640826874,0.0,0.0,0.020671834625323,0.0,0.0,0.0,0.0,0.0,11.124031007751938,0.0,3.838501291989664,0.0,11.645994832041344,3.05297157622739,0.7532299741602068,3.2325581395348837,0.0,0.0,0.2739018087855297,0.002583979328165375,0.0,0.0,20.41860465116279,2.011627906976744,0.0,0.040051679586563305,0.028423772609819122,0.0,0.8449612403100775,0.6356589147286822,0.0,0.05426356589147287,0.0
249,1787,4,0.6282306163021869,0.11332007952286283,0.5546719681908548,5.369781312127237,0.0,0.0,0.0,0.0019880715705765406,0.0,0.0,0.3697813121272366,0.0,0.03180914512922465,1.3817097415506958,0.5089463220675944,0.0,0.0,0.0,1.077534791252485,17.06361829025845,0.0,2.2047713717693838,0.0,13.878727634194831,6.21868787276342,0.2644135188866799,4.36779324055666,0.0,0.0,0.2584493041749503,0.0,0.18290258449304175,0.0,20.848906560636184,3.081510934393638,0.0,0.18290258449304175,0.0,0.06560636182902585,0.9602385685884692,0.5347912524850894,0.0,0.073558648111332,3.7992047713717696
259,590,4,0.7331081081081081,0.0945945945945946,0.7635135135135135,4.489864864864865,0.0,0.0,0.0,0.0,0.0,0.0,0.0,0.0,0.0,0.0,0.0,0.0,0.0,0.0,0.0,12.466216216216216,0.0033783783783783786,3.179054054054054,0.0,13.722972972972974,2.4121621621621623,1.0608108108108107,8.493243243243244,0.0,0.0,0.0033783783783783786,0.0,0.0,0.0,20.31756756756757,2.1182432432432434,0.0,0.04391891891891892,0.02702702702702703,0.0,0.8581081081081081,0.5709459459459459,0.0,0.033783783783783786,0.0
256,1068,4,1.3894039735099337,0.0728476821192053,0.6781456953642384,2.9841059602649005,0.0,0.0,0.0,0.0728476821192053,0.0,0.0,0.0,0.0,0.0,0.19337748344370861,0.060927152317880796,0.0,0.0,0.0,0.033112582781456956,9.496688741721854,0.0,3.694039735099338,0.0,10.690066225165562,2.0079470198675495,0.21324503311258278,4.87682119205298,0.0,0.0,0.0,0.0,0.0,0.0,13.347019867549669,1.7152317880794703,0.0,0.06490066225165562,0.052980132450331126,0.0,0.7682119205298014,0.5258278145695364,0.0,0.2119205298013245,0.033112582781456956
246,1121,4,0.5285234899328859,0.06543624161073826,1.0083892617449663,2.6258389261744965,0.0,0.0,0.0,0.0,0.0,0.0,0.0,0.0,0.0,0.0,0.0,0.0,0.0016778523489932886,0.0,0.0,4.409395973154362,0.09395973154362416,1.6761744966442953,0.0,2.37751677852349,0.802013422818792,0.2483221476510067,6.266778523489933,0.0,0.003355704697986577,0.21308724832214765,0.0,0.0,0.0,13.058724832214764,1.436241610738255,0.0,0.10234899328859061,0.22651006711409397,0.0,0.12751677852348994,0.575503355704698,0.0,0.030201342281879196,0.0
251,73,4,0.5757575757575758,0.07575757575757576,1.0833333333333333,2.5606060606060606,0.0,0.0,0.0,0.0,0.0,0.0,0.0,0.0,0.0,0.0,0.0,0.0,0.0,0.0,0.0,7.053030303030303,0.0,2.121212121212121,0.0,3.643939393939394,0.49242424242424243,0.12121212121212122,5.181818181818182,0.0,0.17424242424242425,0.4090909090909091,0.0,0.0,0.0,12.113636363636363,0.7878787878787878,0.0,0.20454545454545456,0.4090909090909091,0.0,0.3712121212121212,0.4772727272727273,0.0,0.030303030303030304,0.07575757575757576
263,572,4,0.9133858267716536,0.1220472440944882,0.7913385826771654,4.161417322834645,0.0,0.0,0.0,0.0,0.0,0.0,0.03543307086614173,0.0,0.0,0.023622047244094488,0.011811023622047244,0.0,0.0,0.0,0.06299212598425197,18.69685039370079,0.0,1.5511811023622046,0.0,28.677165354330707,2.0236220472440944,0.4015748031496063,5.366141732283465,0.0,0.0,0.08661417322834646,0.0,0.0,0.0,15.641732283464567,2.220472440944882,0.0,0.7637795275590551,0.003937007874015748,0.0,1.6181102362204725,0.5118110236220472,0.0,0.05905511811023622,0.0
253,1017,12,1.0467741935483872,0.07419354838709677,0.23225806451612904,3.4870967741935486,0.0,0.0,0.0,0.0,0.0,0.0,0.05806451612903226,0.0,0.0,0.2435483870967742,0.15,0.0,0.0,0.0,0.22741935483870968,11.006451612903225,0.0,2.5129032258064514,0.0,15.141935483870968,2.411290322580645,0.16612903225806452,3.9096774193548387,0.0,0.0,0.2709677419354839,0.0,0.0,0.0,15.306451612903226,2.014516129032258,0.0,0.06612903225806452,0.025806451612903226,0.0064516129032258064,1.1451612903225807,0.5241935483870968,0.0,0.13870967741935483,0.0
253,1770,4,0.8834586466165414,0.09022556390977443,0.2819548872180451,2.2142857142857144,0.0,0.2631578947368421,0.041353383458646614,1.7518796992481203,0.0,0.0,0.03759398496240601,0.045112781954887216,0.2744360902255639,1.1578947368421053,0.46616541353383456,0.0,0.24436090225563908,1.1842105263157894,0.08646616541353383,6.041353383458647,0.011278195488721804,17.357142857142858,0.0,2.9135338345864663,1.0037593984962405,0.22932330827067668,6.684210526315789,0.0,0.0,0.5150375939849624,0.0,0.0,0.0,12.69548872180451,0.6466165413533834,0.0,1.1428571428571428,0.09774436090225563,0.0,0.6466165413533834,0.5827067669172933,1.1917293233082706,0.16165413533834586,17.80827067669173
257,32,4,0.7034313725490197,0.08088235294117647,0.4019607843137255,3.823529411764706,0.0,0.0,0.0,0.0,0.0,0.0,0.0024509803921568627,0.0,0.0,0.014705882352941176,0.0,0.0,0.0,0.0,0.0,10.629901960784315,0.0,3.0833333333333335,0.0,10.507352941176471,2.301470588235294,0.3897058823529412,5.987745098039215,0.0,0.0,0.2769607843137255,0.0,0.0,0.0,19.17401960784314,1.713235294117647,0.0,0.0,0.0,0.0,0.7279411764705882,0.5931372549019608,0.0,0.03676470588235294,0.0
255,394,4,0.608433734939759,0.030120481927710843,0.7530120481927711,2.3493975903614457,0.0,0.0,0.0,0.0,0.0,0.0,0.0,0.0,0.0,0.0,0.0,0.0,0.0,0.0,0.0,4.186746987951807,0.0,2.566265060240964,0.0,2.536144578313253,0.3373493975903614,0.3493975903614458,5.686746987951807,0.0,0.0,0.0,0.0,0.0,0.0,9.421686746987952,1.0120481927710843,0.0,0.0,0.18674698795180722,0.0,0.05421686746987952,0.45180722891566266,0.0,0.030120481927710843,0.0
255,414,4,0.6219239373601789,0.06263982102908278,0.3333333333333333,2.7181208053691277,0.0,0.0022371364653243847,0.0,0.14093959731543623,0.0,0.0,0.0,0.0,0.0,0.203579418344519,0.049217002237136466,0.0,0.0,0.0,0.0,7.997762863534676,0.0,2.062639821029083,0.0,3.250559284116331,1.3266219239373602,0.37360178970917224,4.617449664429531,0.0,0.0,0.0,0.0,0.0,0.0,12.51454138702461,1.570469798657718,0.0,0.0,0.04697986577181208,0.0,0.10961968680089486,0.42058165548098436,0.0,0.017897091722595078,0.0
262,678,12,0.6145833333333334,0.03125,0.6979166666666666,2.2847222222222223,0.0,0.0,0.0,0.0,0.0,0.0,0.0,0.0,0.0,0.027777777777777776,0.0,0.0,0.0,0.0,0.0,4.923611111111111,0.03125,1.4826388888888888,0.0,2.048611111111111,0.9583333333333334,0.4895833333333333,6.798611111111111,0.0,0.0,0.0,0.0,0.0,0.0,11.70486111111111,1.3020833333333333,0.0,0.003472222222222222,0.0,0.0,0.0,0.4444444444444444,0.0,0.041666666666666664,0.0
256,1898,4,2.1816216216216215,0.0972972972972973,0.5362162162162162,3.2194594594594594,0.03351351351351351,0.0,0.0,0.7394594594594595,0.0,0.0,0.0,0.0,0.0075675675675675675,0.6648648648648648,0.21297297297297296,0.0,0.23135135135135135,0.2918918918918919,0.0,10.802162162162162,0.001081081081081081,2.8735135135135135,0.0,6.445405405405405,1.9805405405405405,1.0172972972972973,5.954594594594594,0.046486486486486484,0.0,0.0075675675675675675,0.0,0.0,0.0,14.228108108108108,1.7372972972972973,0.0,0.011891891891891892,0.15567567567567567,0.0,0.5232432432432432,0.5156756756756756,0.0,1.0183783783783784,1.4767567567567568
256,282,4,0.8414376321353065,0.14376321353065538,1.0,4.181818181818182,0.0,0.0,0.0,0.0,0.0,0.0,0.0,0.0,0.0,0.49471458773784355,0.2135306553911205,0.0,0.0,0.0,0.014799154334038054,15.12262156448203,0.0613107822410148,3.7864693446088795,0.0,17.186046511627907,2.3446088794926006,0.5835095137420718,7.4926004228329806,0.0,0.3488372093023256,0.5433403805496829,0.0,0.0,0.0,20.429175475687103,1.72938689217759,0.0,0.587737843551797,0.1226215644820296,0.0,1.3255813953488371,0.6596194503171248,2.6575052854122623,0.06765327695560254,2.441860465116279
254,1253,6,0.5221674876847291,0.04926108374384237,1.1280788177339902,1.6699507389162562,0.0,0.0,0.0,0.15270935960591134,0.0,0.0,0.0,0.0,0.0,0.33004926108374383,0.09852216748768473,0.0,0.0,0.0,0.019704433497536946,4.083743842364532,0.06896551724137931,13.206896551724139,0.0,1.2315270935960592,0.1477832512315271,0.4433497536945813,7.714285714285714,0.0,0.0,0.0,0.0,0.0,0.0,8.753694581280788,0.6157635467980296,0.0,0.014778325123152709,0.0,0.0,0.009852216748768473,0.4729064039408867,0.0,0.019704433497536946,0.0
257,1269,12,0.7306273062730627,0.0959409594095941,0.4575645756457565,3.4833948339483394,0.0,0.18081180811808117,0.0,0.6568265682656826,0.0,0.0,0.3948339483394834,0.0,0.3247232472324723,1.3394833948339484,0.6494464944649446,0.0,0.0,0.3505535055350554,0.0,12.512915129151292,0.0,3.3542435424354244,0.0,9.461254612546126,2.3837638376383765,0.17712177121771217,5.752767527675276,0.01845018450184502,0.0,0.23616236162361623,0.0,0.0,0.0,18.066420664206642,1.6383763837638377,0.0,0.033210332103321034,0.07011070110701106,0.12177121771217712,0.7822878228782287,0.5350553505535055,0.0,0.055350553505535055,8.841328413284133
263,1323,4,0.6701030927835051,0.061855670103092786,0.5498281786941581,3.6219931271477663,0.0,0.281786941580756,0.0,1.5945017182130585,0.0,0.0,0.13745704467353953,0.0,0.20962199312714777,1.1512027491408934,0.6391752577319587,0.0,0.0,0.0,0.0,6.274914089347079,0.0,3.542955326460481,0.0,2.910652920962199,2.202749140893471,0.17525773195876287,6.88659793814433,0.0,0.0,0.21649484536082475,0.0,0.0,0.0,18.467353951890033,2.0034364261168385,0.0,0.18556701030927836,0.041237113402061855,0.05154639175257732,0.5979381443298969,0.5257731958762887,0.0,0.07216494845360824,4.243986254295533
257,1541,12,0.662148070907195,0.11783107403545359,0.03753910323253389,5.018769551616267,0.0,0.0,0.0,0.010427528675703858,0.0,0.0,0.0,0.0,0.0,0.0,0.0,0.0,0.0,0.0,0.0,16.088633993743482,0.0,2.4202294056308653,0.0,16.345151199165798,4.10844629822732,0.01564129301355579,2.2690302398331594,0.0,0.0,0.1678832116788321,0.3149113660062565,0.0,0.0,23.858185610010427,3.070907194994786,0.0,0.25443169968717416,0.014598540145985401,0.0,1.0177267987486966,0.59436913451512,0.0,0.040667361835245046,0.0
271,1668,4,0.797270955165692,0.07212475633528265,1.064327485380117,2.8460038986354776,0.0,0.04093567251461988,0.0,0.38596491228070173,0.0,0.0,0.0,0.0,0.0,0.47953216374269003,0.17153996101364521,0.0,0.1539961013645224,0.8576998050682261,0.0,12.144249512670566,0.0,10.76608187134503,0.0,5.571150097465887,1.0896686159844056,0.7699805068226121,7.504873294346979,0.0,0.0,0.2807017543859649,0.0,0.0,0.0,14.666666666666666,1.060428849902534,0.0,0.4873294346978557,0.26705653021442494,0.0,0.8538011695906432,0.6023391812865497,0.06627680311890838,0.08771929824561403,6.454191033138401
255,91,7,0.7059611520428667,0.10314802411252512,0.46483590087073007,4.837910247823175,0.0,0.0,0.0,0.008037508372404554,0.0,0.0,0.0006697923643670462,0.0,0.0,0.032150033489618215,0.008037508372404554,0.0,0.0,0.0,0.0,15.040187541862023,0.024112525117213665,2.896182183523108,0.0,10.13596784996651,3.59410582719357,1.056932350971199,4.5385130609511055,0.0,0.0,0.08439383791024782,0.0971198928332217,0.0,0.0,21.60549229738781,2.1935699933020762,0.0,0.024112525117213665,0.004018754186202277,0.0,0.6898861352980576,0.5874079035498996,0.0,0.06296048225050234,0.0
259,254,4,0.7041666666666667,0.07083333333333333,0.475,2.1416666666666666,0.0,0.0,0.0,0.0,0.0,0.0,0.675,0.0,0.0,1.1541666666666666,0.5083333333333333,0.0,0.0,0.0,1.625,8.45,0.0,1.8583333333333334,0.0,2.625,0.7583333333333333,1.0,8.05,0.0,0.0,0.20416666666666666,0.0,0.0,0.0,9.379166666666666,0.7958333333333333,0.0,0.08333333333333333,0.16666666666666666,0.21666666666666667,0.18333333333333332,0.4875,0.0,0.05416666666666667,0.0
263,1402,12,0.6632911392405063,0.07088607594936709,0.1620253164556962,2.721518987341772,0.0,0.0,0.0,0.07848101265822785,0.0,0.0,0.0,0.0,0.0,0.33164556962025316,0.13924050632911392,0.0,0.0,0.0,0.0,8.362025316455696,0.0,1.8632911392405063,0.0,4.331645569620253,0.9215189873417722,0.26582278481012656,3.7848101265822787,0.0,0.0,0.0,0.0,0.0,0.0,11.20759493670886,1.2253164556962026,0.0,0.15949367088607594,0.0,0.0,0.2,0.37721518987341773,0.0,0.035443037974683546,0.010126582278481013
257,55,4,0.6487455197132617,0.10752688172043011,0.6827956989247311,4.664874551971326,0.0,0.20430107526881722,0.0,1.146953405017921,0.0,0.0,0.07706093189964158,0.0,0.06989247311827956,0.9695340501792115,0.2670250896057348,0.0,0.3010752688172043,0.8637992831541219,0.03942652329749104,11.725806451612904,0.03942652329749104,7.351254480286738,0.0,5.331541218637993,3.4516129032258065,0.15232974910394265,5.544802867383512,0.0,0.0,0.1953405017921147,0.0,0.0,0.48566308243727596,22.274193548387096,2.3440860215053765,0.0,0.27598566308243727,0.08602150537634409,0.0,0.45878136200716846,0.5878136200716846,0.0,0.08960573476702509,7.582437275985663
260,1439,15,0.7388724035608308,0.10682492581602374,0.599406528189911,2.5252225519287834,0.0,0.0,0.0,0.0,0.0,0.0,0.0,0.0,0.0,0.0,0.0,0.0,0.0,0.0,0.0,12.109792284866469,0.0,2.2403560830860534,0.0,3.2433234421364987,0.7626112759643917,0.23738872403560832,4.317507418397626,0.0,0.0,0.0,0.0,0.0,0.0,10.270029673590505,1.2789317507418398,0.0,0.020771513353115726,0.09198813056379822,0.0,0.19287833827893175,0.40059347181008903,0.0,0.017804154302670624,0.0
254,235,4,0.6505747126436782,0.07586206896551724,0.4781609195402299,2.949425287356322,0.0,0.0896551724137931,0.0,0.6137931034482759,0.0,0.0,0.04597701149425287,0.0,0.07586206896551724,0.8,0.2896551724137931,0.0,0.0,0.0,0.0,11.777011494252873,0.0,7.993103448275862,0.0,9.085057471264367,1.8275862068965518,0.11494252873563218,5.5425287356321835,0.0,0.0,0.35172413793103446,0.0,0.0,0.0,14.703448275862069,1.2367816091954023,0.0,0.18620689655172415,0.08275862068965517,0.0,0.5126436781609195,0.542528735632184,0.0,0.04827586206896552,0.0
261,736,15,0.5898876404494382,0.09550561797752809,0.25280898876404495,3.3258426966292136,0.0,0.0,0.0,0.0,0.0,0.0,0.06741573033707865,0.0,0.03932584269662921,0.550561797752809,0.15730337078651685,0.0,0.0,0.0,0.0,11.735955056179776,0.0,2.449438202247191,0.0,4.943820224719101,1.5449438202247192,0.38202247191011235,4.679775280898877,0.0,0.0,0.0,0.0,0.0,0.0,14.162921348314606,1.7921348314606742,0.0,0.0,0.0,0.0,0.3595505617977528,0.5842696629213483,0.0,0.033707865168539325,0.0
265,1000,4,1.272264631043257,0.10687022900763359,0.26463104325699743,5.931297709923665,0.0,0.0737913486005089,0.0,0.7175572519083969,0.0,0.0,0.0,0.0,0.002544529262086514,0.7404580152671756,0.19592875318066158,0.0,0.0,0.0,0.0,6.262086513994911,0.0,5.180661577608142,0.0,17.768447837150127,2.188295165394402,0.27989821882951654,5.592875318066158,0.0,0.0,0.007633587786259542,0.0,0.0,0.0,25.081424936386767,3.5572519083969465,0.0,0.5012722646310432,0.15267175572519084,0.0,1.1297709923664123,0.5419847328244275,0.0,0.16030534351145037,0.027989821882951654
262,174,7,0.9887640449438202,0.10955056179775281,0.8342696629213483,3.9719101123595504,0.0,0.023876404494382022,0.0,0.12359550561797752,0.0,0.0,0.10674157303370786,0.0,0.05056179775280899,0.49297752808988765,0.23735955056179775,0.0,0.02949438202247191,0.0,0.18117977528089887,14.672752808988765,0.07865168539325842,3.681179775280899,0.0,7.716292134831461,2.9115168539325844,0.14747191011235955,4.941011235955056,0.0,0.05196629213483146,0.14606741573033707,0.14887640449438203,0.0014044943820224719,0.0,17.290730337078653,2.1235955056179776,0.0,0.17837078651685392,0.0702247191011236,0.0,0.526685393258427,0.5224719101123596,0.0,0.1404494382022472,0.30758426966292135
257,703,6,0.6666666666666666,0.08876811594202899,0.7608695652173914,3.0942028985507246,0.0,0.0,0.0,0.0,0.0,0.0,0.2210144927536232,0.0,0.0,0.48731884057971014,0.2391304347826087,0.0,0.0,0.0,0.8568840579710145,9.03804347826087,0.0,2.0181159420289854,0.0,6.228260869565218,1.9384057971014492,0.48731884057971014,7.153985507246377,0.0,0.0,0.0,0.0,0.0,0.0,12.972826086956522,1.644927536231884,0.0,0.028985507246376812,0.04528985507246377,0.09601449275362318,0.42028985507246375,0.44021739130434784,0.0,0.04891304347826087,0.9257246376811594
272,1114,4,0.8049792531120332,0.12033195020746888,0.3360995850622407,4.485477178423237,0.0,0.0,0.0,0.04979253112033195,0.0,0.0,0.0,0.0,0.21161825726141079,0.7261410788381742,0.0,0.0,0.0,0.0,0.0,17.99585062240664,0.0,2.7178423236514524,0.0,7.659751037344399,3.8381742738589213,0.3278008298755187,4.340248962655601,0.0,0.0,0.44398340248962653,0.0,0.0,0.0,17.96265560165975,2.4190871369294604,0.0,0.08298755186721991,0.058091286307053944,0.0,0.6804979253112033,0.4605809128630705,0.0,0.04564315352697095,1.5518672199170125
270,1952,4,0.5767918088737202,0.07849829351535836,1.1797497155858931,3.4209328782707624,0.0,0.0,0.0,0.0,0.0,0.0,0.0,0.0,0.0,0.0011376564277588168,0.0,0.0,0.0,0.0,0.0,12.992036405005688,0.051194539249146756,2.1262798634812285,0.0,7.620022753128556,1.4505119453924915,0.28100113765642776,6.40386803185438,0.0,0.07622298065984073,0.2787258248009101,0.0,0.0,0.0,14.080773606370876,1.5267349260523322,0.0,0.32764505119453924,0.17064846416382254,0.0,1.304891922639363,0.5938566552901023,0.0,0.03526734926052332,0.33447098976109213
263,212,11,1.636046511627907,0.10232558139534884,0.5488372093023256,3.547674418604651,0.0,0.0,0.0,0.0,0.0,0.0,0.0069767441860465115,0.0,0.0,0.08255813953488372,0.018604651162790697,0.0,0.0,0.0,0.14767441860465116,13.734883720930233,0.018604651162790697,4.417441860465116,0.0,13.784883720930232,2.145348837209302,0.3174418604651163,6.915116279069768,0.0,0.023255813953488372,0.40348837209302324,0.0,0.0,0.0,19.61860465116279,1.7209302325581395,0.0,0.12906976744186047,0.23255813953488372,0.0,0.9465116279069767,0.6453488372093024,0.0,0.22441860465116278,0.00813953488372093
261,1352,4,0.6512301013024602,0.07380607814761216,0.37626628075253254,2.6975397973950797,0.0,0.07814761215629522,0.0,0.027496382054992764,0.0,0.0,0.0,0.0,0.0,0.2590448625180897,0.0361794500723589,0.0,0.08683068017366136,0.0361794500723589,0.0,9.282199710564399,0.0,2.4298118668596236,0.0,5.542691751085384,1.6367583212735166,0.6758321273516642,4.742402315484805,0.0,0.0,0.0,0.0,0.0,0.33285094066570187,12.613603473227206,1.6599131693198264,0.0,0.01447178002894356,0.041968162083936326,0.0,0.6150506512301013,0.4761215629522431,0.0,0.01881331403762663,0.0
263,493,5,0.6666666666666666,0.0913978494623656,0.0,4.655913978494624,0.0,0.0,0.0,0.0,0.0,0.0,0.0,0.0,0.0,0.0,0.0,0.0,0.0,0.0,0.0,15.075268817204302,0.0,2.5268817204301075,0.0,17.387096774193548,4.086021505376344,0.0,1.39247311827957,0.0,0.0,0.3817204301075269,0.23118279569892472,0.0,0.0,22.462365591397848,2.870967741935484,0.0,0.25268817204301075,0.0,0.0,1.096774193548387,0.6559139784946236,0.0,0.03763440860215054,0.0
262,639,4,0.6615384615384615,0.07948717948717948,0.5435897435897435,4.756410256410256,0.0,0.0,0.0,0.05384615384615385,0.0,0.0,0.4153846153846154,0.0,0.4128205128205128,1.0179487179487179,0.6051282051282051,0.0,0.0,0.0,0.1358974358974359,10.625641025641025,0.0,2.3025641025641024,0.16666666666666666,12.633333333333333,5.141025641025641,0.27692307692307694,5.6,0.0,0.0,0.18205128205128204,0.002564102564102564,0.06923076923076923,0.0,19.384615384615383,2.825641025641026,0.0,0.34615384615384615,0.0,0.0,0.8358974358974359,0.5487179487179488,0.0,0.05897435897435897,0.0
264,1131,4,56.27250608272506,0.09245742092457421,0.9440389294403893,3.420924574209246,0.0,0.0,0.0,0.1192214111922141,0.0,0.0,0.0024330900243309003,0.0,0.0,0.5620437956204379,0.1192214111922141,0.0,0.0,0.0,0.012165450121654502,4.155717761557177,0.0,2.7883211678832116,0.0,3.7153284671532845,1.0291970802919708,0.5401459854014599,11.70559610705596,0.0,0.0,0.4744525547445255,0.0,0.0,0.0,17.766423357664234,1.0413625304136254,0.0,0.2846715328467153,0.22871046228710462,0.0,0.1897810218978102,1.4866180048661801,0.0,39.92457420924574,0.0
269,1237,4,0.5434782608695652,0.07142857142857142,1.3074534161490683,3.313664596273292,0.0,0.0,0.0,0.0,0.0,0.0,0.003105590062111801,0.0,0.0,0.0,0.0,0.0,0.0,0.0,0.0,12.987577639751553,0.046583850931677016,1.8074534161490683,0.0,5.729813664596273,1.2391304347826086,0.35403726708074534,7.596273291925466,0.0,0.15217391304347827,0.6801242236024845,0.0,0.0,0.0,14.885093167701863,1.453416149068323,0.0,0.43167701863354035,0.040372670807453416,0.0,1.3540372670807452,0.6055900621118012,0.0,0.021739130434782608,0.16459627329192547
262,1587,4,0.6888387824126269,0.08455467869222097,1.0214205186020293,3.354002254791432,0.0,0.0,0.0,0.002254791431792559,0.0,0.0,0.002254791431792559,0.0,0.0,0.11724915445321307,0.02367531003382187,0.0,0.0,0.0,0.0,10.53664036076663,0.004509582863585118,2.5659526493799323,0.0,9.311161217587372,1.8410372040586245,0.2965050732807215,6.303269447576099,0.0,0.0,0.12288613303269448,0.0,0.0,0.0,16.356257046223224,1.6753100338218714,0.0,0.24351747463359638,0.08229988726042842,0.002254791431792559,0.6133032694475761,0.5535512965050733,0.0,0.040586245772266064,0.020293122886133032
279,1630,4,18.34090909090909,0.13383838383838384,0.22727272727272727,5.174242424242424,0.0,0.0,0.0,0.0,0.0,0.0,0.0,0.0,0.0,0.1414141414141414,0.06818181818181818,0.0,0.0,0.0,0.0,13.063131313131313,0.0,2.5934343434343434,0.0,8.219696969696969,2.6186868686868685,0.0,4.25,0.0,0.0,0.0,0.0,0.0,0.0,21.76010101010101,1.4116161616161615,0.025252525252525252,0.0,0.0,0.0,0.7146464646464646,2.813131313131313,2.0681818181818183,9.618686868686869,7.452020202020202
282,930,4,0.9441340782122905,0.10684357541899442,0.7164804469273743,4.696927374301676,0.0,0.02723463687150838,0.0,0.07960893854748603,0.0,0.0,0.013966480446927373,0.0,0.0,0.23812849162011174,0.052374301675977654,0.0,0.0,0.08310055865921788,0.05377094972067039,14.643854748603353,0.02653631284916201,4.169692737430168,0.0,14.10405027932961,3.1808659217877095,0.63268156424581,4.369413407821229,0.0,0.0,0.3722067039106145,0.1543296089385475,0.0,0.0,21.158519553072626,2.3009776536312847,0.002793296089385475,0.2206703910614525,0.0691340782122905,0.0,1.0076815642458101,0.6361731843575419,0.0,0.1808659217877095,0.46089385474860334
268,327,7,0.746268656716418,0.09833187006145742,0.4916593503072871,4.051799824407375,0.0,0.0026338893766461808,0.0,0.043898156277436345,0.0,0.0,0.0,0.0,0.0,0.07901668129938542,0.016681299385425813,0.0,0.0,0.021071115013169446,0.0,14.395083406496926,0.0,2.834942932396839,0.0,10.005267778753293,2.5285338015803336,0.2317822651448639,3.902546093064091,0.07199297629499561,0.0,0.04214223002633889,0.0,0.0,0.0,18.119402985074625,2.4899034240561897,0.0,0.0,0.053555750658472345,0.0,1.0403863037752414,0.5882352941176471,0.0,0.0649692712906058,0.33977172958735735
269,945,4,0.5982456140350877,0.11403508771929824,0.47368421052631576,4.568421052631579,0.0,0.0,0.0,0.0,0.0,0.0,0.22105263157894736,0.0,0.0,0.5719298245614035,0.24385964912280703,0.0,0.0,0.0,0.5824561403508772,11.549122807017543,0.0,2.2403508771929825,0.0,13.235087719298246,6.950877192982456,0.23684210526315788,4.517543859649122,0.0,0.0,0.007017543859649123,0.0,0.0,0.0,17.957894736842107,2.668421052631579,0.0,0.5403508771929825,0.0,0.05789473684210526,0.7947368421052632,0.45614035087719296,0.0,0.054385964912280704,0.9350877192982456
270,1828,4,0.746031746031746,0.12169312169312169,0.9047619047619048,3.7195767195767195,0.0,0.0,0.0,0.013227513227513227,0.0,0.0,0.0,0.0,0.0,0.0,0.0,0.0,0.0,0.0,0.0,15.084656084656086,0.0,2.748677248677249,0.0,9.544973544973544,2.044973544973545,0.20899470899470898,4.735449735449736,0.04497354497354497,0.0,0.1164021164021164,0.0,0.0,0.0,17.097883597883598,2.1534391534391535,0.0,0.2328042328042328,0.0,0.0,0.917989417989418,0.6137566137566137,0.0,0.018518518518518517,0.0
268,834,4,0.6964285714285714,0.09325396825396826,0.8353174603174603,3.5892857142857144,0.0,0.0,0.0,0.0,0.0,0.0,0.0,0.0,0.0,0.0,0.0,0.0,0.0,0.0,0.0,12.101190476190476,0.06944444444444445,3.984126984126984,0.0,12.257936507936508,2.003968253968254,0.6111111111111112,6.132936507936508,0.0,0.44642857142857145,0.4503968253968254,0.0,0.0,0.0,17.793650793650794,1.5694444444444444,0.0,0.3115079365079365,0.0,0.0,0.8670634920634921,0.6051587301587301,0.0,0.015873015873015872,0.0
276,1149,5,0.887434554973822,0.09162303664921466,1.3455497382198953,2.8795811518324608,0.0,0.0,0.0,0.010471204188481676,0.0,0.0,0.0,0.0,0.0,0.005235602094240838,0.0,0.0,0.0,0.0,0.0,11.782722513089006,0.0,2.9973821989528795,0.0,2.5287958115183247,0.8952879581151832,0.17277486910994763,6.217277486910994,0.0,0.0,0.17539267015706805,0.0,0.0,0.0,12.866492146596858,1.2827225130890052,0.0,0.14397905759162305,0.3219895287958115,0.0,0.3586387434554974,0.6047120418848168,0.0,0.041884816753926704,0.0
271,1204,4,0.6708683473389355,0.10644257703081232,1.2380952380952381,5.421568627450981,0.0,0.0,0.0,0.0,0.0,0.0,0.2759103641456583,0.0,0.0,0.23809523809523808,0.19467787114845939,0.0,0.0,0.0,0.0,17.394957983193276,0.07563025210084033,2.288515406162465,0.1400560224089636,16.330532212885153,6.446778711484594,0.36554621848739494,6.69467787114846,0.0,0.0,0.25770308123249297,0.0,0.0,0.0,22.77310924369748,2.969187675070028,0.0,0.530812324929972,0.10784313725490197,0.0,1.112044817927171,0.6106442577030813,0.0,0.05182072829131653,1.3291316526610644
282,1475,4,0.725,0.09090909090909091,1.4477272727272728,3.3636363636363638,0.0,0.04090909090909091,0.0,0.12045454545454545,0.0,0.0,0.18181818181818182,0.0,0.0,0.7022727272727273,0.23636363636363636,0.0,0.0,0.0,0.0,11.970454545454546,0.02727272727272727,3.168181818181818,0.0,11.340909090909092,1.9204545454545454,0.30227272727272725,8.847727272727273,0.0,0.0,0.5363636363636364,0.0,0.0,0.0,15.159090909090908,1.3409090909090908,0.0,0.4409090909090909,0.02727272727272727,0.0,0.7704545454545455,0.49318181818181817,0.0,0.045454545454545456,0.26590909090909093
287,1569,4,0.8115015974440895,0.07987220447284345,0.9105431309904153,3.139776357827476,0.0,0.009584664536741214,0.0,0.03354632587859425,0.0,0.0,0.0,0.0,0.0,0.05750798722044728,0.018370607028753993,0.0,0.0,0.0,0.0,10.146166134185304,0.04073482428115016,5.900958466453674,0.0,12.856230031948881,1.518370607028754,0.7859424920127795,6.136581469648562,0.0,0.0,0.652555910543131,0.0,0.0,0.0,15.890575079872205,1.4257188498402555,0.0,0.5814696485623003,0.02875399361022364,0.0,0.8746006389776357,0.5886581469648562,0.0,0.0926517571884984,0.1062300319488818
273,78,4,1.2428466617754952,0.09391049156272928,0.7703595011005135,3.5847395451210566,0.0,0.034482758620689655,0.0,0.18341892883345562,0.0,0.0,0.003668378576669112,0.0,0.004402054292002935,0.21129860601614087,0.11812179016874541,0.0,0.0,0.00880410858400587,0.0,9.027879677182685,0.013206162876008804,6.154071900220103,0.0,2.904622157006603,2.864269992663243,0.8312545854732208,5.67938371239912,0.0,0.0,0.11371973587674249,0.0,0.0,0.0,17.74321349963316,1.4475421863536317,0.11298606016140866,0.0,0.13499633162142333,0.0,0.528980190755686,0.6515040352164343,3.198092443140132,0.2391782831988261,11.043286867204696
271,379,6,0.693196405648267,0.10526315789473684,0.47753530166880614,3.025673940949936,0.0,0.0,0.0,0.0,0.0,0.0,0.0,0.0,0.0,0.06418485237483953,0.03209242618741977,0.0,0.0,0.0,0.14120667522464697,13.74454428754814,0.0,2.073170731707317,0.0,5.55584082156611,1.4685494223363287,0.18741976893453144,4.052631578947368,0.0,0.0,0.09499358151476252,0.09242618741976893,0.0,0.0,12.7599486521181,1.6983311938382541,0.0,0.057766367137355584,0.0012836970474967907,0.0,0.3594351732991014,0.43645699614890887,0.0,0.021822849807445442,0.0
274,1879,4,0.6309523809523809,0.05952380952380952,0.6845238095238095,2.3392857142857144,0.0,0.0,0.0,0.002976190476190476,0.0,0.0,0.20238095238095238,0.0,0.3333333333333333,0.8690476190476191,0.75,0.0,0.0,0.0,0.0,8.580357142857142,0.0,3.4583333333333335,0.0,3.767857142857143,1.119047619047619,0.5059523809523809,6.931547619047619,0.13392857142857142,0.0,0.09523809523809523,0.0,0.0,0.0,10.773809523809524,0.8928571428571429,0.011904761904761904,0.10416666666666667,0.041666666666666664,0.0,0.19345238095238096,0.4494047619047619,0.09523809523809523,0.05952380952380952,2.181547619047619
274,238,16,0.7551789077212806,0.096045197740113,0.847457627118644,3.7288135593220337,0.0,0.0,0.0,0.0,0.0,0.0,0.0,0.0,0.0,0.04331450094161959,0.030131826741996232,0.0,0.0,0.0,0.0,10.538606403013183,0.013182674199623353,3.7645951035781544,0.0,13.868173258003766,2.7043314500941618,0.6271186440677966,4.870056497175141,0.0,0.3258003766478343,0.5555555555555556,0.0,0.0,0.0,19.338983050847457,1.8210922787193973,0.0,0.536723163841808,0.08097928436911488,0.0,1.015065913370998,0.6365348399246704,0.0,0.054613935969868174,0.0
274,450,15,0.6470588235294118,0.1075050709939148,0.16227180527383367,3.947261663286004,0.0,0.0,0.0,0.0,0.0,0.0,0.07099391480730223,0.0,0.0,0.6247464503042597,0.25557809330628806,0.0,0.010141987829614604,0.02231237322515213,0.0,16.41176470588235,0.0,2.3772819472616633,0.0,6.36105476673428,3.5415821501014197,0.48073022312373226,4.949290060851927,0.0,0.0,0.0,0.0,0.0,0.15010141987829614,16.02231237322515,2.2170385395537524,0.0,0.21906693711967545,0.04462474645030426,0.0,0.45841784989858014,0.4827586206896552,0.0,0.036511156186612576,0.0
270,723,4,0.6520618556701031,0.04639175257731959,1.3994845360824741,2.0927835051546393,0.0,0.03865979381443299,0.0,0.5051546391752577,0.0,0.0,0.0,0.0,0.0,0.5902061855670103,0.04896907216494845,0.0,0.0,0.0,0.030927835051546393,2.1804123711340204,0.0,2.384020618556701,0.0,1.5463917525773196,0.4484536082474227,0.7628865979381443,8.6340206185567,0.0,0.0,0.10309278350515463,0.0,0.0,0.0,10.29896907216495,1.0025773195876289,0.0,0.13144329896907217,0.028350515463917526,0.0,0.29896907216494845,0.46649484536082475,0.0,0.04381443298969072,0.2860824742268041
280,987,7,1.458128078817734,0.06896551724137931,0.32019704433497537,6.014778325123153,0.0,0.0,0.0,0.2019704433497537,0.0,0.0,0.0,0.0,0.0,0.3103448275862069,0.04433497536945813,0.0,0.0,0.0,0.0,6.384236453201971,0.0,3.2216748768472905,0.0,18.00985221674877,1.896551724137931,0.30049261083743845,5.394088669950739,0.0,0.0,0.0,0.0,0.0,0.0,24.246305418719214,3.6995073891625614,0.0,0.3793103448275862,0.3054187192118227,0.0,1.0738916256157636,0.5369458128078818,0.0,0.3448275862068966,0.0
281,1364,4,1.5516759776536313,0.1005586592178771,0.520949720670391,4.645251396648045,0.0,0.0,0.0,0.0,0.0,0.0,0.3463687150837989,0.0,0.0,0.9930167597765364,0.43435754189944137,0.0,0.0,0.0,1.2136871508379887,15.590782122905027,0.0013966480446927375,2.939944134078212,0.0,10.613128491620111,3.005586592178771,0.1857541899441341,3.910614525139665,0.0,0.0,0.12569832402234637,0.0,0.1005586592178771,0.0,19.768156424581004,2.554469273743017,0.0,0.36033519553072624,0.0111731843575419,0.0,0.7053072625698324,0.6508379888268156,0.0,0.2276536312849162,1.920391061452514
270,1710,4,0.6983655274888558,0.0713224368499257,0.3774145616641902,3.765230312035661,0.0,0.05052005943536404,0.0,0.0,0.0,0.0,0.0,0.0,0.0,0.005943536404160475,0.0,0.0,0.0,0.0,0.0,10.151560178306092,0.01634472511144131,3.346210995542348,0.0,10.49479940564636,2.445765230312036,0.03417533432392273,3.5334323922734026,0.0,0.0,0.2674591381872214,0.08320950965824665,0.0,0.0,18.316493313521544,2.0668647845468056,0.0,0.28083209509658247,0.0,0.0,0.7949479940564635,0.5839524517087668,0.0,0.02823179791976226,0.0
275,121,4,0.6385542168674698,0.1144578313253012,1.1024096385542168,4.162650602409639,0.0,0.0,0.0,0.0,0.0,0.0,0.0,0.0,0.0,0.0,0.0,0.0,0.0,0.0,0.0,13.72289156626506,0.0,4.572289156626506,0.0,9.283132530120483,1.4457831325301205,0.7831325301204819,5.180722891566265,0.0,0.0,0.21084337349397592,0.0,0.0,0.0,19.08433734939759,1.7048192771084338,0.0,0.3072289156626506,0.09036144578313253,0.0,0.6204819277108434,0.6626506024096386,0.0,0.04819277108433735,0.0
275,429,7,0.6506300114547537,0.08476517754868271,0.5028636884306987,2.5715922107674687,0.0,0.0,0.0,0.0,0.0,0.0,0.0,0.0,0.0,0.010309278350515464,0.0057273768613974796,0.0,0.0,0.0,0.030927835051546393,11.0893470790378,0.0,2.0813287514318444,0.0,3.7216494845360826,0.9965635738831615,0.24742268041237114,4.218785796105384,0.0,0.0,0.0,0.010309278350515464,0.0,0.0,11.206185567010309,1.3791523482245132,0.0,0.0,0.08247422680412371,0.0,0.20618556701030927,0.47766323024054985,0.0,0.0286368843069874,0.0
274,542,7,0.6307692307692307,0.06813186813186813,0.5384615384615384,3.4043956043956043,0.0,0.03956043956043956,0.0,0.27692307692307694,0.0,0.0,0.45054945054945056,0.0,0.0,1.989010989010989,1.1802197802197802,0.0,0.0,0.0,1.6747252747252748,5.2505494505494505,0.004395604395604396,1.687912087912088,0.0,4.136263736263737,2.0813186813186815,0.4307692307692308,5.969230769230769,0.0,0.0,0.0,0.0,0.2,0.0,15.05054945054945,2.10989010989011,0.0,0.006593406593406593,0.046153846153846156,0.0,0.3230769230769231,0.45494505494505494,0.0,0.06813186813186813,7.874725274725274
285,1898,7,0.5889423076923077,0.07211538461538461,0.29086538461538464,3.362980769230769,0.0,0.0,0.0,0.0,0.0,0.0,0.12259615384615384,0.0,0.0,0.23557692307692307,0.1346153846153846,0.0,0.0,0.0,0.5168269230769231,11.807692307692308,0.0,2.1971153846153846,0.0,9.415865384615385,3.987980769230769,0.24759615384615385,3.9759615384615383,0.0,0.0,0.0985576923076923,0.0,0.0,0.0,14.891826923076923,1.9519230769230769,0.0,0.040865384615384616,0.0,0.02403846153846154,0.6899038461538461,0.5168269230769231,0.0,0.04567307692307692,0.014423076923076924
278,153,4,0.7630922693266833,0.11221945137157108,0.5386533665835411,5.314214463840399,0.0,0.0,0.0,0.0,0.0,0.0,0.1970074812967581,0.0,0.0,0.6483790523690773,0.39650872817955113,0.0,0.0,0.0,1.0511221945137157,14.800498753117207,0.02369077306733167,3.281795511221945,0.0,15.319201995012468,4.08354114713217,0.6309226932668329,4.679551122194514,0.0,0.11845386533665836,0.3553615960099751,0.0,0.06483790523690773,0.0,26.33790523690773,2.811720698254364,0.0,0.3341645885286783,0.04488778054862843,0.12094763092269327,1.054862842892768,0.669576059850374,0.0,0.05610972568578554,1.5261845386533666
282,288,4,0.6773504273504274,0.11752136752136752,0.49786324786324787,3.4017094017094016,0.0,0.0,0.0,0.0,0.0,0.0,0.0,0.0,0.0,0.021367521367521368,0.0,0.0,0.0,0.0,0.01282051282051282,13.852564102564102,0.0,2.1367521367521367,0.0,6.42948717948718,1.75,0.2692307692307692,4.433760683760684,0.0,0.0,0.0,0.03632478632478633,0.0,0.0,13.803418803418804,1.9252136752136753,0.0,0.0,0.0,0.0,0.4700854700854701,0.4081196581196581,0.0,0.03418803418803419,0.0
282,709,4,0.8968363136176066,0.07840440165061899,0.27785419532324623,3.4167812929848695,0.0,0.0,0.0,0.10591471801925723,0.0,0.0,0.19257221458046767,0.0,0.0,0.9669876203576341,0.1155433287482806,0.0,0.0,0.0,0.026134800550206328,13.856946354883082,0.0,15.64786795048143,0.0,11.76203576341128,2.53232462173315,0.2627235213204952,4.977991746905089,0.0,0.0,0.0,0.0,0.0,0.0,13.130674002751032,1.6987620357634112,0.0,0.5584594222833562,0.0,0.0,0.7303988995873453,0.4649243466299862,0.0,0.06052269601100413,0.0
279,1924,4,1.2177215189873418,0.08227848101265822,0.39746835443037976,3.721518987341772,0.0,0.0,0.0,0.0810126582278481,0.0,0.0,0.0,0.0,0.0,0.1,0.0,0.0,0.0,0.0,0.0,11.434177215189873,0.0,2.3607594936708862,0.0,8.688607594936709,3.070886075949367,0.25063291139240507,4.146835443037975,0.14303797468354432,0.0,0.06835443037974684,0.06835443037974684,0.0,0.0,16.416455696202533,2.248101265822785,0.0,0.0,0.08481012658227848,0.0,0.5987341772151898,0.46835443037974683,0.0,0.26329113924050634,0.0
276,409,12,0.8210526315789474,0.11403508771929824,0.6701754385964912,3.5789473684210527,0.0,0.0,0.0,0.0,0.0,0.0,0.06666666666666667,0.0,0.0,0.18070175438596492,0.08421052631578947,0.0,0.0,0.0,0.23859649122807017,11.905263157894737,0.0017543859649122807,3.4789473684210526,0.0,9.008771929824562,1.6280701754385964,0.2614035087719298,6.756140350877193,0.0,1.1175438596491227,1.5403508771929824,0.0,0.005263157894736842,0.0,20.064912280701755,1.7719298245614035,0.0,0.2789473684210526,0.07894736842105263,0.02280701754385965,0.6035087719298246,0.6491228070175439,0.0,0.03333333333333333,0.12631578947368421
281,509,15,0.6207865168539326,0.09831460674157304,0.7078651685393258,3.603932584269663,0.0,0.16853932584269662,0.0,1.0,0.0,0.0,0.06460674157303371,0.0,0.0,1.1882022471910112,0.31179775280898875,0.0,0.0,0.14887640449438203,0.17415730337078653,13.019662921348315,0.0,2.558988764044944,0.0,4.382022471910112,2.418539325842697,1.2331460674157304,6.02808988764045,0.033707865168539325,0.0,0.014044943820224719,0.0,0.008426966292134831,0.0,15.640449438202246,1.8651685393258426,0.0,0.008426966292134831,0.0,0.0,0.25842696629213485,0.6039325842696629,0.0,0.0898876404494382,4.966292134831461
282,563,7,0.7034313725490197,0.056372549019607844,0.5269607843137255,3.514705882352941,0.0,0.0,0.0,0.7279411764705882,0.0,0.0,0.25980392156862747,0.0,0.12745098039215685,1.1715686274509804,0.5196078431372549,0.0,0.0,0.0,0.0784313725490196,8.08578431372549,0.0,3.6544117647058822,0.0,6.720588235294118,3.230392156862745,0.4264705882352941,6.698529411764706,0.0,0.0,0.0,0.0,0.0,0.0,15.169117647058824,1.9583333333333333,0.0,0.01715686274509804,0.061274509803921566,0.0,0.9754901960784313,0.47794117647058826,0.0,0.04656862745098039,2.9779411764705883
286,856,4,0.7507692307692307,0.12615384615384614,0.2523076923076923,4.5661538461538465,0.0,0.0,0.0,0.0,0.0,0.0,0.27692307692307694,0.0,0.0,0.7753846153846153,0.3446153846153846,0.0,0.0,0.0,0.7384615384615385,17.501538461538463,0.0,2.3661538461538463,0.0,11.732307692307693,4.72,0.2153846153846154,4.5661538461538465,0.0,0.0,0.07076923076923076,0.0,0.0,0.0,18.72,2.6369230769230767,0.0,0.17846153846153845,0.0,0.015384615384615385,0.7353846153846154,0.56,0.0,0.10461538461538461,0.0
284,1301,4,0.7161936560934892,0.10517529215358931,0.9449081803005008,3.3964941569282137,0.0,0.0,0.0,0.008347245409015025,0.0,0.0,0.0,0.0,0.0,0.05008347245409015,0.001669449081803005,0.0,0.0,0.0,0.0,13.184474123539232,0.0,2.7863105175292153,0.0,6.181135225375626,2.0692821368948247,0.10934891485809682,4.205342237061769,0.0,0.0,0.0333889816360601,0.0,0.0,0.0,15.303839732888147,1.9649415692821368,0.0,0.18113522537562604,0.07762938230383973,0.0,0.41569282136894825,0.510016694490818,0.0,0.05342237061769616,0.05342237061769616
279,1345,4,0.6014760147601476,0.07933579335793357,0.02952029520295203,3.595940959409594,0.0,0.0,0.0,0.0,0.0,0.0,0.0,0.0,0.0,0.0,0.0,0.0,0.0,0.0,0.0,9.881918819188192,0.0,3.7398523985239853,0.0,7.671586715867159,1.8284132841328413,0.0,3.025830258302583,0.0,0.0,0.3173431734317343,0.04981549815498155,0.0,0.0,17.70848708487085,2.0645756457564577,0.0,0.35608856088560886,0.005535055350553505,0.0,0.44649446494464945,0.5811808118081181,0.0,0.03690036900369004,0.0
286,1510,4,0.6463104325699746,0.08396946564885496,0.005089058524173028,4.430025445292621,0.0,0.0,0.0,0.0,0.0,0.0,0.0,0.0,0.0,0.0,0.0,0.0,0.0,0.0,0.0,13.346055979643767,0.0,2.687022900763359,0.0,15.358778625954198,3.2391857506361323,0.0,2.223918575063613,0.0,0.0,0.20610687022900764,0.06361323155216285,0.0,0.0,21.0,2.7938931297709924,0.0,0.21119592875318066,0.0,0.0,1.1348600508905853,0.5597964376590331,0.0,0.03307888040712468,0.0
277,1602,12,0.7237076648841355,0.12121212121212122,0.4037433155080214,3.894830659536542,0.0,0.0,0.0,0.00980392156862745,0.07308377896613191,0.0,0.0,0.0,0.0,0.040106951871657755,0.00089126559714795,0.0,0.0,0.0,0.0,14.375222816399287,0.00980392156862745,5.472370766488414,0.0,14.975935828877006,1.82174688057041,0.5748663101604278,6.577540106951871,0.0,0.0,0.035650623885918005,0.0,0.0,0.0,19.184491978609625,1.750445632798574,0.0,0.23351158645276293,0.15240641711229946,0.0,0.8796791443850267,0.5704099821746881,0.0,0.04367201426024955,0.0
284,902,4,28.132203389830508,0.10847457627118644,0.29491525423728815,3.9152542372881354,0.0,0.01694915254237288,0.0,0.34915254237288135,0.0,0.0,0.04745762711864407,0.006779661016949152,0.0,0.34915254237288135,0.13559322033898305,0.0,0.0,0.5220338983050847,0.023728813559322035,7.013559322033898,0.0,4.684745762711865,0.0,8.43728813559322,3.3254237288135595,0.2542372881355932,5.013559322033898,0.0,0.06440677966101695,0.023728813559322035,0.0,0.0,0.0,18.27457627118644,1.416949152542373,0.38305084745762713,0.0,0.0,0.0,0.8915254237288136,0.9322033898305084,0.0,22.39322033898305,7.749152542372881
281,491,4,0.6682615629984051,0.08452950558213716,1.0685805422647527,3.496012759170654,0.0,0.011164274322169059,0.0,0.07496012759170653,0.0,0.0,0.0,0.0,0.0,0.03508771929824561,0.006379585326953748,0.0,0.03827751196172249,0.0,0.0,7.623604465709729,0.0,2.730462519936204,0.0,3.149920255183413,1.813397129186603,0.2535885167464115,4.539074960127592,0.0,0.0,0.09090909090909091,0.0,0.0,0.0,16.56937799043062,2.124401913875598,0.0,0.11004784688995216,0.20733652312599682,0.0,0.19298245614035087,0.5629984051036683,0.0,0.028708133971291867,0.2727272727272727
280,778,5,0.6329479768786127,0.1329479768786127,0.7369942196531792,3.658959537572254,0.0,0.0,0.0,0.049132947976878616,0.0,0.0,0.023121387283236993,0.0,0.002890173410404624,0.24566473988439305,0.046242774566473986,0.0,0.0,0.0,0.0,18.760115606936417,0.0,2.4190751445086707,0.0,9.008670520231213,1.6560693641618498,0.43352601156069365,7.468208092485549,0.0,0.0,0.046242774566473986,0.3439306358381503,0.0,0.0,14.384393063583815,1.7514450867052023,0.0,0.14450867052023122,0.1791907514450867,0.0,1.2572254335260116,0.5144508670520231,0.0,0.028901734104046242,0.0
278,53,4,0.7609561752988048,0.09163346613545817,0.9123505976095617,4.438247011952191,0.0,0.03187250996015936,0.0,0.22111553784860558,0.0,0.0,0.3047808764940239,0.0,0.1852589641434263,0.9601593625498008,0.5119521912350598,0.0,0.0,0.0,0.0,9.910358565737052,0.0,2.9661354581673307,0.1593625498007968,9.930278884462151,3.8784860557768925,0.23904382470119523,6.053784860557769,0.0,0.0,0.10756972111553785,0.0,0.0,0.0,18.185258964143426,2.5796812749003983,0.0,0.05776892430278884,0.18725099601593626,0.099601593625498,0.6573705179282868,0.5239043824701195,0.0,0.08565737051792828,5.294820717131474
290,1393,4,0.6842105263157895,0.10526315789473684,0.4276315789473684,1.9736842105263157,0.0,0.0,0.0,0.0,0.0,0.0,0.0,0.0,0.0,0.0,0.0,0.0,0.0,0.0,0.0,5.598684210526316,0.0,1.6513157894736843,0.0,1.6842105263157894,0.05921052631578947,0.23684210526315788,4.223684210526316,0.0,0.0,0.0,0.0,0.0,0.0,8.677631578947368,0.881578947368421,0.0,0.0,0.17105263157894737,0.0,0.0,0.45394736842105265,0.0,0.019736842105263157,0.0
277,1697,4,0.6296703296703297,0.0989010989010989,0.7175824175824176,4.694505494505495,0.0,0.015384615384615385,0.0,0.04725274725274725,0.0,0.0,0.0,0.0,0.001098901098901099,0.06593406593406594,0.015384615384615385,0.0,0.0,0.01098901098901099,0.0,13.893406593406594,0.013186813186813187,3.924175824175824,0.0,11.375824175824176,3.5406593406593405,0.08241758241758242,5.175824175824176,0.0,0.0,0.2879120879120879,0.0,0.0,0.0,21.59010989010989,2.6175824175824176,0.0,0.3626373626373626,0.0,0.0,0.7802197802197802,0.6461538461538462,0.0,0.05054945054945055,0.1912087912087912
283,178,4,0.6330935251798561,0.12949640287769784,0.6906474820143885,4.345323741007194,0.0,0.0,0.0,0.0,0.0,0.0,0.0,0.0,0.0,0.0,0.0,0.0,0.0,0.0,0.0,17.201438848920862,0.0,3.633093525179856,0.0,13.70503597122302,2.2517985611510793,1.0287769784172662,5.136690647482014,0.0,0.0,0.05755395683453238,0.0,0.0,0.0,20.58273381294964,2.0575539568345325,0.0,0.0,0.0,0.0,0.8345323741007195,0.7410071942446043,0.0,0.007194244604316547,0.0
282,308,4,0.7057569296375267,0.07036247334754797,0.6076759061833689,3.449893390191898,0.0,0.0,0.0,0.0,0.0,0.0,0.017057569296375266,0.0,0.0,0.029850746268656716,0.0,0.0,0.0,0.0,0.06609808102345416,13.955223880597014,0.0,2.11727078891258,0.0,9.136460554371002,2.411513859275053,0.16631130063965885,3.840085287846482,0.0,0.0,0.0,0.12153518123667377,0.0,0.0,13.639658848614072,1.8507462686567164,0.029850746268656716,0.0,0.0,0.0,0.5650319829424307,0.47121535181236673,0.0,0.06183368869936034,0.0
279,735,15,0.6493506493506493,0.05627705627705628,0.4458874458874459,3.2467532467532467,0.0,0.0,0.0,0.0,0.0,0.0,0.0,0.0,0.0,0.06060606060606061,0.0,0.0,0.0,0.0,0.0,13.857142857142858,0.0,3.1255411255411256,0.0,8.848484848484848,1.4935064935064934,0.23376623376623376,4.653679653679654,0.0,0.0,0.0,0.0,0.0,0.0,12.796536796536797,1.41991341991342,0.0,2.069264069264069,0.0,0.0,0.6233766233766234,0.5541125541125541,0.0,0.030303030303030304,0.0
285,1975,4,1.050561797752809,0.056179775280898875,0.5617977528089888,4.061797752808989,0.0,0.14606741573033707,0.0,0.7640449438202247,0.0,0.0,0.0,0.0,0.0,0.9662921348314607,0.1797752808988764,0.0,0.0,0.0,0.0,10.01123595505618,0.0,3.0224719101123596,0.0,9.179775280898877,1.7191011235955056,0.6067415730337079,5.561797752808989,0.0,0.0,0.0,0.0,0.0,0.0,17.910112359550563,2.0280898876404496,0.0,0.15168539325842698,0.2640449438202247,0.0,0.7134831460674157,0.6179775280898876,0.0,0.1404494382022472,2.5
287,1189,4,1.1576923076923078,0.125,1.1615384615384616,2.919230769230769,0.0,0.0,0.0,0.0,0.0,0.0,0.0,0.0,0.0,0.0,0.0,0.0,0.0,0.0,0.0,3.4096153846153845,0.0,4.0576923076923075,0.0,2.1865384615384613,1.001923076923077,0.5096153846153846,6.190384615384615,0.0,0.676923076923077,0.9923076923076923,0.0,0.0,0.0,18.338461538461537,1.626923076923077,0.0,0.9653846153846154,0.057692307692307696,0.0,0.08076923076923077,0.6192307692307693,0.0,0.09230769230769231,0.0
288,346,4,0.5756385068762279,0.09037328094302555,1.1316306483300589,3.1218074656188604,0.0,0.03929273084479371,0.0,0.10412573673870335,0.0,0.0,0.0,0.0,0.0,0.15520628683693516,0.043222003929273084,0.0,0.011787819253438114,0.025540275049115914,0.0,12.302554027504911,0.04911591355599214,2.7465618860510808,0.0,5.218074656188605,1.149312377210216,0.019646365422396856,6.817288801571709,0.0,0.0,0.23968565815324164,0.0,0.0,0.0,13.838899803536346,1.3791748526522594,0.0,0.4086444007858546,0.1100196463654224,0.0,0.32612966601178783,0.6051080550098232,0.0,0.07072691552062868,0.1237721021611002
289,743,6,0.6796338672768879,0.041189931350114416,0.851258581235698,2.0503432494279177,0.0,0.0,0.0,0.043478260869565216,0.0,0.0,0.0,0.0,0.0,0.09610983981693363,0.004576659038901602,0.0,0.0,0.0,0.0,3.009153318077803,0.0,3.517162471395881,0.0,2.734553775743707,0.5125858123569794,0.2791762013729977,4.212814645308924,0.0,0.0,0.041189931350114416,0.0,0.0,0.0,9.91075514874142,1.1075514874141876,0.0,0.4073226544622426,0.11212814645308924,0.0,0.10068649885583524,0.4805491990846682,0.2334096109839817,0.038901601830663615,0.5491990846681922
286,1418,4,0.7096774193548387,0.06666666666666667,0.5397849462365591,2.653763440860215,0.0,0.11397849462365592,0.0,0.5634408602150538,0.0,0.0,0.18494623655913978,0.0,0.21935483870967742,1.264516129032258,0.2924731182795699,0.0,0.0,0.0,0.0,5.56989247311828,0.0,2.7978494623655914,0.0,4.780645161290322,1.29247311827957,0.2946236559139785,6.111827956989248,0.0,0.0,0.0,0.0,0.0,0.0,13.275268817204301,1.5419354838709678,0.0,0.0,0.04516129032258064,0.06236559139784946,0.26666666666666666,0.5634408602150538,0.0,0.08387096774193549,0.26666666666666666
288,1865,4,0.6902173913043478,0.11141304347826086,0.9375,4.508152173913044,0.0,0.019021739130434784,0.0,0.25,0.0,0.0,0.002717391304347826,0.0,0.021739130434782608,0.3451086956521739,0.051630434782608696,0.0,0.0,0.024456521739130436,0.0,15.69836956521739,0.0,5.546195652173913,0.0,9.078804347826088,2.777173913043478,0.03804347826086957,6.144021739130435,0.0,0.0,0.29891304347826086,0.0,0.0,0.0,20.141304347826086,2.2880434782608696,0.0,0.4701086956521739,0.024456521739130436,0.0,0.6304347826086957,0.5380434782608695,0.0,0.0625,0.0
292,392,15,0.8503401360544217,0.07482993197278912,0.13945578231292516,3.2244897959183674,0.0,0.0,0.0,0.0,0.0,0.0,0.07482993197278912,0.0,0.0,0.23129251700680273,0.09183673469387756,0.0,0.0,0.0,0.17006802721088435,9.843537414965986,0.0,3.1156462585034013,0.0,12.047619047619047,2.493197278911565,0.22789115646258504,3.6122448979591835,0.0,0.0,0.1836734693877551,0.0,0.0,0.0,17.428571428571427,1.5952380952380953,0.0,0.1836734693877551,0.017006802721088437,0.0,0.9727891156462585,0.5340136054421769,0.0,0.047619047619047616,0.19727891156462585
291,528,8,0.6924050632911393,0.0949367088607595,0.20379746835443038,3.681012658227848,0.0,0.04050632911392405,0.0,0.38354430379746834,0.0,0.0,0.0,0.006329113924050633,0.0,0.23670886075949368,0.21139240506329113,0.0,0.0,0.016455696202531647,0.0,11.359493670886076,0.0,4.189873417721519,0.0,13.581012658227849,3.536708860759494,0.1670886075949367,3.80253164556962,0.10759493670886076,0.0,0.22025316455696203,0.0,0.0,0.0,14.305063291139241,1.9835443037974683,0.2759493670886076,0.013924050632911392,0.0,0.0,0.9772151898734177,0.489873417721519,3.608860759493671,0.05822784810126582,1.581012658227848
293,267,4,0.6122047244094488,0.09251968503937008,0.2755905511811024,3.956692913385827,0.0,0.007874015748031496,0.0,0.09055118110236221,0.0,0.0,0.1515748031496063,0.0,0.08464566929133858,0.7933070866141733,0.2578740157480315,0.0,0.0,0.0,0.0,16.14566929133858,0.0,5.669291338582677,0.0,12.051181102362206,3.12007874015748,0.35039370078740156,5.448818897637795,0.0,0.0,0.10826771653543307,0.2125984251968504,0.0,0.0,15.793307086614174,2.2578740157480315,0.0,0.15748031496062992,0.1377952755905512,0.0,0.8267716535433071,0.47834645669291337,0.0,0.03740157480314961,1.3228346456692914
286,1095,4,1.5853994490358128,0.09090909090909091,0.1887052341597796,4.454545454545454,0.0,0.0,0.06060606060606061,0.05234159779614325,0.0,0.0,0.0013774104683195593,0.0,0.0,0.13636363636363635,0.0,0.0,0.0,0.0,0.009641873278236915,14.47245179063361,0.0,2.849862258953168,0.0,8.858126721763085,2.505509641873278,0.081267217630854,3.0082644628099175,0.0,0.0,0.0,0.0,0.0,0.0,17.742424242424242,2.352617079889807,0.0,0.8801652892561983,0.0,0.0,0.45867768595041325,0.49586776859504134,0.0,0.2865013774104683,0.0
294,1698,4,0.4798387096774194,0.05241935483870968,2.1975806451612905,2.310483870967742,0.0,0.0,0.0,0.0,0.0,0.0,0.0,0.0,0.0,0.0,0.0,0.0,0.0,0.0,0.0,6.346774193548387,0.1774193548387097,2.745967741935484,0.0,1.4758064516129032,0.41935483870967744,0.39919354838709675,8.116935483870968,0.0,0.0,0.012096774193548387,0.0,0.0,0.0,12.21774193548387,0.9314516129032258,0.0,0.3346774193548387,0.17338709677419356,0.0,0.07258064516129033,0.5080645161290323,0.0,0.03225806451612903,0.0
302,197,4,0.7324723247232472,0.09778597785977859,0.4354243542435424,4.429889298892989,0.0,0.0,0.0,0.0,0.0,0.0,0.0,0.0,0.0,0.014760147601476014,0.0,0.0,0.0,0.0,0.0,15.29520295202952,0.00922509225092251,3.8339483394833946,0.0,13.5,2.607011070110701,0.6254612546125461,3.988929889298893,0.0,0.0,0.1752767527675277,0.027675276752767528,0.0,0.0,19.940959409594097,2.07380073800738,0.0,0.02952029520295203,0.03874538745387454,0.0,0.966789667896679,0.6826568265682657,0.0,0.05719557195571956,0.0
285,327,4,0.7053435114503817,0.08854961832061069,0.5129770992366413,3.1435114503816792,0.0,0.00916030534351145,0.0,0.0,0.0,0.0,0.0,0.0,0.0,0.0,0.0,0.0,0.0,0.0,0.0,11.580152671755725,0.0,2.334351145038168,0.0,6.3938931297709924,2.302290076335878,0.19541984732824427,4.254961832061069,0.0,0.0,0.0,0.15267175572519084,0.0,0.0,12.683969465648856,1.717557251908397,0.0,0.007633587786259542,0.0,0.0,0.5847328244274809,0.44274809160305345,0.0,0.03206106870229008,0.0
291,475,15,0.7758620689655172,0.08620689655172414,0.05747126436781609,3.160919540229885,0.0,0.0,0.0,0.0,0.0,0.0,0.0,0.0,0.0,0.05747126436781609,0.0,0.0,0.0,0.0,0.06896551724137931,14.488505747126437,0.0,2.9770114942528734,0.0,9.724137931034482,2.132183908045977,0.0,1.9310344827586208,0.0,0.0,0.0,0.0,0.0,0.0,13.879310344827585,1.8620689655172413,0.0,0.9597701149425287,0.0,0.0,0.6149425287356322,0.4540229885057471,0.0,0.017241379310344827,0.0
294,1265,11,0.6218181818181818,0.09636363636363636,0.6381818181818182,3.8163636363636364,0.0,0.005454545454545455,0.0,0.14,0.0,0.0,0.1,0.0,0.09454545454545454,0.6709090909090909,0.1781818181818182,0.0,0.0,0.0,0.0,16.632727272727273,0.0,2.590909090909091,0.0,7.44,1.4654545454545456,0.37454545454545457,7.423636363636364,0.0,0.0,0.0,0.5163636363636364,0.0,0.09090909090909091,15.881818181818181,2.112727272727273,0.0,0.0,0.10545454545454545,0.03090909090909091,1.0727272727272728,0.4672727272727273,0.0,0.04,0.8563636363636363
295,1545,12,0.7656565656565657,0.08282828282828283,0.7737373737373737,3.6161616161616164,0.0,0.07474747474747474,0.0,0.08282828282828283,0.0,0.0,0.0,0.0,0.0,0.9818181818181818,0.21616161616161617,0.0,0.0,0.0,0.0,11.008080808080807,0.03838383838383838,2.995959595959596,0.0,6.4080808080808085,2.1777777777777776,0.12525252525252525,5.315151515151515,0.0,0.0,0.30707070707070705,0.21616161616161617,0.0,2.2040404040404042,17.85050505050505,2.0868686868686868,0.0,0.2585858585858586,0.1595959595959596,0.0,0.7313131313131314,0.604040404040404,0.0,0.05858585858585859,0.6464646464646465
296,600,4,0.9554848966613673,0.08267090620031796,1.0588235294117647,2.942766295707472,0.0,0.046104928457869634,0.0,0.32114467408585057,0.0,0.0,0.0,0.0,0.0,0.3958664546899841,0.09220985691573927,0.0,0.36089030206677264,0.5532591414944356,0.0,8.14308426073132,0.009538950715421303,14.476947535771066,0.0,7.4308426073131955,1.397456279809221,0.7901430842607313,8.507154213036566,0.0,0.0,0.13354531001589826,0.0,0.0,0.0,16.093799682034977,1.136724960254372,0.0,0.3847376788553259,0.37201907790143085,0.0,1.0317965023847377,0.5739268680445151,0.0,0.07472178060413355,1.1589825119236883
292,1318,4,1.1016949152542372,0.06779661016949153,0.4824858757062147,2.519774011299435,0.0,0.0,0.0,0.011299435028248588,0.0,0.0,0.0,0.0,0.0,0.02824858757062147,0.0,0.0,0.0,0.0,0.02824858757062147,8.781920903954802,0.0,2.0406779661016947,0.0,7.317514124293785,1.6,0.2858757062146893,6.222598870056498,0.0,0.0,0.023728813559322035,0.05649717514124294,0.0,0.0,12.68587570621469,1.4836158192090396,0.0,0.0011299435028248588,0.1977401129943503,0.0,0.5796610169491525,0.519774011299435,0.0,0.1423728813559322,0.0
303,1714,4,0.6353591160220995,0.09944751381215469,0.2569060773480663,3.6933701657458564,0.0,0.0,0.0,0.0,0.0,0.0,0.0,0.0,0.0,0.0,0.0,0.0,0.0,0.0,0.0,11.096685082872929,0.0,3.734806629834254,0.0,9.342541436464089,2.091160220994475,0.0,3.798342541436464,0.0,0.0,0.3756906077348066,0.11878453038674033,0.0,0.0,18.549723756906076,2.367403314917127,0.0,0.42265193370165743,0.008287292817679558,0.0,0.5718232044198895,0.5165745856353591,0.0,0.03038674033149171,0.0
292,210,4,0.6725860155382908,0.09433962264150944,0.6992230854605993,4.203107658157602,0.0,0.0,0.0,0.0,0.0,0.0,0.0,0.0,0.0,0.0,0.0,0.0,0.0,0.0,0.0,12.961154273029967,0.06770255271920089,3.5982241953385126,0.0,8.53718091009989,2.849056603773585,0.9611542730299667,5.633740288568258,0.0,0.0,0.23307436182019978,0.18091009988901222,0.0,0.0,19.83906770255272,2.104328523862375,0.0,0.16870144284128746,0.06881243063263041,0.0,0.607103218645949,0.6625971143174251,0.0,0.03440621531631521,0.0
288,694,4,0.5964285714285714,0.04642857142857143,0.625,2.6464285714285714,0.0,0.0,0.0,0.010714285714285714,0.0,0.0,0.13214285714285715,0.0,0.0,0.7571428571428571,0.3142857142857143,0.0,0.0,0.0,0.0,11.239285714285714,0.0,2.7607142857142857,0.0,6.107142857142857,1.4535714285714285,0.4642857142857143,4.753571428571429,0.0,0.0,0.0,0.03214285714285714,0.0,0.0,10.907142857142857,1.3,0.0,0.0,0.0,0.0,0.5428571428571428,0.43214285714285716,0.0,0.04642857142857143,0.0
303,687,4,0.8840579710144928,0.10144927536231885,0.5652173913043478,4.130434782608695,0.0,0.0,0.0,0.0,0.0,0.0,0.0,0.0,0.0,0.0,0.0,0.0,0.0,0.0,0.0,12.492753623188406,0.0,2.5434782608695654,0.0,8.268115942028986,3.0217391304347827,0.18115942028985507,4.913043478260869,0.2246376811594203,0.0,0.0,0.17391304347826086,0.0,0.0,17.028985507246375,2.471014492753623,0.0,0.0,0.0,0.0,0.5289855072463768,0.5072463768115942,0.0,0.08695652173913043,0.0
301,759,3,0.9792979297929792,0.07650765076507651,0.5958595859585959,3.1845184518451846,0.0,0.0,0.0,0.009900990099009901,0.0,0.0,0.0,0.0,0.0,0.0063006300630063005,0.0,0.0,0.0,0.09720972097209721,0.0,11.378937893789379,0.0,2.5796579657965797,0.0,7.558955895589559,1.5553555355535553,0.052205220522052204,4.805580558055806,0.0,0.0,0.13771377137713772,0.12151215121512152,0.0,0.0,13.654365436543655,1.7731773177317731,0.0,0.0,0.04770477047704771,0.0,0.621962196219622,0.5778577857785778,0.0,0.06570657065706571,0.0
299,1244,4,0.693200663349917,0.12603648424543948,0.27197346600331673,4.023217247097844,0.0,0.009950248756218905,0.0,0.011608623548922056,0.0,0.0,0.10945273631840796,0.0,0.12437810945273632,0.4311774461028192,0.12603648424543948,0.0,0.0,0.0,0.0,14.393034825870647,0.0,2.27363184079602,0.0,8.190713101160862,1.693200663349917,0.001658374792703151,3.933665008291874,0.0,0.0,0.0,0.14593698175787728,0.0,0.0,15.383084577114428,1.9751243781094527,0.0,0.0,0.0,0.04809286898839138,0.5771144278606966,0.5041459369817579,0.0,0.05638474295190713,1.835820895522388
296,1335,4,0.7061728395061728,0.08271604938271605,0.5691358024691358,4.193827160493827,0.0,0.0,0.0,0.0345679012345679,0.0,0.0,0.0,0.0,0.0,0.06172839506172839,0.0654320987654321,0.0,0.0,0.0,0.0,13.103703703703705,0.04197530864197531,3.095061728395062,0.0,10.479012345679012,3.123456790123457,0.07777777777777778,4.916049382716049,0.0,0.0,0.31851851851851853,0.18888888888888888,0.0,0.0,19.54567901234568,2.3296296296296295,0.0,0.4049382716049383,0.07654320987654321,0.0,0.7802469135802469,0.5777777777777777,0.0,0.03950617283950617,0.0
287,551,4,0.5972972972972973,0.07297297297297298,0.08108108108108109,3.151351351351351,0.0,0.0,0.0,0.0,0.0,0.0,0.0,0.0,0.0,0.0,0.0,0.0,0.0,0.0,0.0,8.12972972972973,0.010810810810810811,3.4351351351351354,0.0,6.683783783783784,1.3783783783783783,0.0,4.297297297297297,0.0,0.0,0.3675675675675676,0.13783783783783785,0.0,0.0,16.237837837837837,1.7945945945945947,0.0,0.2918918918918919,0.0,0.0,0.4243243243243243,0.5351351351351351,0.0,0.01891891891891892,0.0
295,798,4,0.6794871794871795,0.10256410256410256,0.3717948717948718,4.538461538461538,0.0,0.0,0.0,0.0,0.0,0.0,0.0,0.0,0.0,0.0,0.0,0.0,0.0,0.0,0.0,16.307692307692307,0.0,2.717948717948718,0.0,16.17948717948718,6.3076923076923075,0.0641025641025641,2.9871794871794872,0.0,0.0,0.15384615384615385,0.0,0.0,0.0,19.23076923076923,3.076923076923077,0.0,0.19230769230769232,0.0,0.0,1.294871794871795,0.6410256410256411,0.0,0.038461538461538464,0.0
299,235,4,0.6987577639751553,0.11801242236024845,0.546583850931677,3.459627329192547,0.0,0.024844720496894408,0.0,0.08695652173913043,0.0,0.0,0.052795031055900624,0.0,0.027950310559006212,0.2826086956521739,0.15838509316770186,0.0,0.0,0.021739130434782608,0.0,14.229813664596273,0.018633540372670808,2.8385093167701863,0.0,5.760869565217392,1.326086956521739,0.055900621118012424,5.406832298136646,0.0,0.0,0.07763975155279502,0.09627329192546584,0.0,0.0,15.459627329192546,1.906832298136646,0.0,0.0,0.30124223602484473,0.08074534161490683,0.4440993788819876,0.5186335403726708,0.0,0.024844720496894408,0.0
297,443,15,0.5893648449039882,0.06942392909896603,0.2688330871491876,2.8493353028064994,0.0,0.0,0.0,0.0,0.0,0.0,0.011816838995568686,0.0,0.0,0.14623338257016247,0.051698670605613,0.0,0.0,0.0,0.0,10.228951255539144,0.0,1.982274741506647,0.0,4.397341211225997,1.5539143279172822,0.2466765140324963,3.7828655834564255,0.0,0.0,0.2378138847858198,0.0,0.0,0.0,12.599704579025111,1.723781388478582,0.0,0.08862629246676514,0.059084194977843424,0.0,0.2378138847858198,0.44165435745937964,0.0,0.01772525849335303,0.0
300,135,4,0.6152416356877324,0.08364312267657993,0.26022304832713755,3.130111524163569,0.0,0.06691449814126393,0.0,0.4628252788104089,0.0,0.0,0.03345724907063197,0.0,0.07806691449814127,0.7527881040892194,0.2527881040892193,0.0,0.0,0.0,0.10037174721189591,8.823420074349443,0.0,2.9776951672862455,0.0,4.377323420074349,1.912639405204461,0.34572490706319703,3.8810408921933086,0.0,0.0,0.0,0.0,0.0,0.0,14.096654275092936,1.8661710037174721,0.0,0.03531598513011153,0.0,0.0,0.5743494423791822,0.5315985130111525,0.0,0.027881040892193308,4.592936802973978
296,1210,12,0.6592274678111588,0.09356223175965665,0.6025751072961374,3.0952789699570817,0.0,0.0,0.0,0.0,0.0,0.0,0.0,0.0,0.0,0.0,0.0,0.0,0.0,0.0,0.0,12.623175965665236,0.0,2.1090128755364805,0.0,7.381974248927039,2.423175965665236,0.10815450643776824,3.5725321888412016,0.0,0.0,0.0008583690987124463,0.17510729613733905,0.0,0.0,12.466094420600859,1.7339055793991416,0.0,0.15879828326180256,0.030042918454935622,0.0,0.7072961373390558,0.4334763948497854,0.0,0.04377682403433476,0.0
298,71,4,0.6930091185410334,0.10030395136778116,0.8024316109422492,3.975683890577508,0.0,0.47112462006079026,0.0,1.358662613981763,0.0,0.0,0.0,0.0,0.0,1.5714285714285714,0.48024316109422494,0.0,0.3586626139817629,1.0638297872340425,0.0,14.80547112462006,0.03951367781155015,6.522796352583587,0.0,3.653495440729483,2.0060790273556233,0.17325227963525835,5.361702127659575,0.0,0.0,0.2887537993920973,0.0,0.0,0.3100303951367781,16.29483282674772,1.3191489361702127,0.0,0.2553191489361702,0.12158054711246201,0.0,0.3495440729483283,0.7325227963525835,0.5927051671732523,0.0790273556231003,18.565349544072948
301,1950,4,0.7324675324675325,0.11948051948051948,0.5402597402597402,3.1844155844155844,0.0,0.0,0.0,0.0,0.0,0.0,0.0,0.0,0.0,0.0,0.005194805194805195,0.0,0.0,0.0,0.0,12.97922077922078,0.0,2.090909090909091,0.0,7.127272727272727,1.3194805194805195,0.11688311688311688,3.898701298701299,0.0,0.0,0.24675324675324675,0.0,0.0,0.0,12.501298701298701,1.5974025974025974,0.0,0.2805194805194805,0.0,0.0,0.5116883116883116,0.45454545454545453,0.0,0.04415584415584416,0.033766233766233764
296,322,4,1.6580459770114941,0.11350574712643678,0.1925287356321839,3.3045977011494254,0.0,0.0,0.0,0.0,0.0,0.0,0.10057471264367816,0.0,0.0,0.16810344827586207,0.0,0.0,0.0,0.0,0.034482758620689655,10.636494252873563,0.0,3.7514367816091956,0.0,12.320402298850574,2.1422413793103448,0.10344827586206896,3.9224137931034484,0.0,0.0,0.20833333333333334,0.0,0.0,0.0,18.689655172413794,1.721264367816092,0.0,0.035919540229885055,0.08333333333333333,0.0,0.8462643678160919,0.6494252873563219,0.0,0.1867816091954023,0.008620689655172414
299,550,4,0.6953125,0.09635416666666667,0.328125,3.8958333333333335,0.0,0.0,0.0,0.005208333333333333,0.0,0.0,0.0,0.0,0.0,0.09114583333333333,0.0,0.0,0.0,0.0,0.0,16.0390625,0.0,3.1640625,0.0,11.401041666666666,2.1380208333333335,0.052083333333333336,3.1848958333333335,0.0,0.0,0.0,0.0,0.0,0.0,15.5703125,2.0026041666666665,0.0,1.2552083333333333,0.0,0.0,0.7317708333333334,0.4895833333333333,0.0,0.03125,0.0
310,1046,4,0.677115987460815,0.10658307210031348,0.3949843260188088,4.163009404388715,0.0,0.0,0.0,0.034482758620689655,0.0,0.0,0.0,0.0,0.0,0.11912225705329153,0.003134796238244514,0.0,0.0,0.05642633228840126,0.0,14.915360501567399,0.003134796238244514,4.423197492163009,0.0,13.181818181818182,3.6614420062695925,0.1974921630094044,4.266457680250784,0.0,0.0,0.09717868338557993,0.2413793103448276,0.0,0.0,17.79310344827586,2.58307210031348,0.0,0.09717868338557993,0.012539184952978056,0.0,0.8056426332288401,0.43260188087774293,0.0,0.047021943573667714,0.5172413793103449
306,1076,4,0.5801704105344694,0.09914794732765299,0.8249419054996127,3.6870642912470952,0.0,0.0,0.0,0.0,0.0,0.0,0.0,0.0,0.0,0.000774593338497289,0.0,0.0,0.0,0.0,0.001549186676994578,12.40821068938807,0.056545313710302095,2.516653756777692,0.0,6.948876839659179,2.193648334624322,0.10766847405112316,4.838884585592564,0.0,0.07436096049573973,0.024786986831913247,0.0,0.0,0.0,16.184353214562353,1.9899302865995352,0.0,0.08133230054221534,0.0704879938032533,0.0,0.45081332300542215,0.5344694035631293,0.0,0.038729666924864445,0.0
305,94,4,0.49596309111880044,0.11534025374855825,0.8154555940023068,3.748558246828143,0.0,0.0,0.0,0.0,0.0,0.0,0.03690888119953864,0.0,0.0,0.08881199538638986,0.03460207612456748,0.0,0.0,0.0,0.07151095732410612,18.659746251441753,0.01384083044982699,2.8131487889273354,0.0,5.096885813148789,1.8765859284890427,0.2422145328719723,4.959630911188005,0.0,0.0,0.3806228373702422,0.07151095732410612,0.0,0.0,16.16724336793541,1.9354094579008074,0.0,0.09457900807381776,0.05074971164936563,0.011534025374855825,0.30565167243367936,0.5282583621683967,0.0,0.03460207612456748,0.6516724336793541
298,166,4,0.6613603473227206,0.0955137481910275,0.7452966714905933,3.0578871201157742,0.0,0.0,0.0,0.0,0.0,0.0,0.002894356005788712,0.0,0.0,0.02894356005788712,0.0,0.0,0.0,0.0,0.0,13.814761215629522,0.0,2.238784370477569,0.0,6.61794500723589,1.1736613603473227,0.23299565846599132,5.189580318379161,0.0,0.0,0.0824891461649783,0.0,0.0,0.0,11.811866859623734,1.4616497829232995,0.0,0.2170767004341534,0.03762662807525326,0.0,0.4732272069464544,0.4356005788712012,0.0,0.041968162083936326,0.17655571635311143
307,1103,4,0.7012448132780082,0.11203319502074689,0.3651452282157676,3.676348547717842,0.0,0.0,0.0,0.0,0.0,0.0,0.0,0.0,0.0,0.0,0.0,0.0,0.0,0.0,0.0,13.576763485477178,0.0,1.887966804979253,0.0,8.838174273858922,2.4439834024896268,0.008298755186721992,3.236514522821577,0.0,0.0,0.0,0.11618257261410789,0.0,0.0,14.232365145228215,2.078838174273859,0.0954356846473029,0.0,0.0,0.0,0.5601659751037344,0.46887966804979253,0.0,0.07053941908713693,0.0
300,425,4,0.5392491467576792,0.059726962457337884,2.4402730375426622,2.6808873720136517,0.0,0.0,0.0,0.0,0.0,0.0,0.0,0.0,0.0,0.0,0.0,0.0,0.0,0.0,0.0,7.395904436860068,0.15358361774744028,3.266211604095563,0.0,2.363481228668942,0.46245733788395904,0.3464163822525597,8.291808873720136,0.0,0.09897610921501707,0.17747440273037543,0.0,0.0,0.0,12.196245733788396,1.023890784982935,0.0,0.5597269624573379,0.1621160409556314,0.0,0.13822525597269625,0.5546075085324232,0.0,0.02901023890784983,0.5392491467576792
300,1931,7,0.7450980392156863,0.13333333333333333,0.3058823529411765,5.584313725490196,0.0,0.01568627450980392,0.0,0.06274509803921569,0.0,0.0,0.0,0.0,0.0,0.2784313725490196,0.058823529411764705,0.0,0.0,0.0,0.00784313725490196,16.109803921568627,0.0,2.0862745098039217,0.0,22.79607843137255,4.298039215686274,0.5843137254901961,4.007843137254902,0.0,0.0,0.0,0.0,0.0,0.12941176470588237,21.83921568627451,3.388235294117647,0.0,1.0274509803921568,0.0,0.0,1.384313725490196,0.5019607843137255,0.01568627450980392,0.043137254901960784,0.09411764705882353
317,2003,4,0.7601476014760148,0.06273062730627306,0.45018450184501846,3.2472324723247232,0.0,0.0,0.0,0.0,0.0,0.0,0.9372693726937269,0.0,0.0,1.992619926199262,0.0,0.0,0.0,0.0,0.47232472324723246,2.6309963099630997,0.05904059040590406,3.756457564575646,0.0,3.5756457564575648,1.6236162361623616,0.24723247232472326,8.114391143911439,0.0,0.19557195571955718,0.5535055350553506,0.0,0.0,0.0,19.605166051660518,1.4169741697416973,0.0,0.0,0.19557195571955718,0.0,0.2656826568265683,0.6088560885608856,0.0,0.0959409594095941,1.8191881918819188
316,660,4,0.8579365079365079,0.11031746031746031,0.40714285714285714,3.8968253968253967,0.0,0.0,0.0,0.0,0.0,0.0,0.0,0.0,0.0,0.020634920634920634,0.007142857142857143,0.0,0.0,0.0,0.0,13.102380952380953,0.0,3.192857142857143,0.0,14.68968253968254,2.076984126984127,0.36666666666666664,5.532539682539682,0.0,0.0,0.14682539682539683,0.0,0.0,0.0,21.192063492063493,2.06984126984127,0.007142857142857143,0.11746031746031746,0.022222222222222223,0.0,0.9492063492063492,0.676984126984127,0.0,0.03888888888888889,0.020634920634920634
308,1139,4,1.5158415841584159,0.09900990099009901,0.21683168316831683,3.5386138613861386,0.0,0.0,0.0,0.0,0.0,0.0,0.0,0.0,0.0,0.02277227722772277,0.0,0.0,0.0,0.0,0.0,12.045544554455445,0.0,2.8455445544554454,0.0,9.692079207920791,1.883168316831683,0.011881188118811881,3.274257425742574,0.0,0.06732673267326733,0.19207920792079208,0.06633663366336634,0.0,0.0,14.575247524752475,1.997029702970297,0.0,0.0,0.03663366336633663,0.0,0.6712871287128713,0.5712871287128712,0.0,0.19603960396039605,0.0
299,1991,4,0.5975794251134644,0.0680786686838124,0.7367624810892587,3.3146747352496218,0.0,0.0,0.0,0.0,0.0,0.0,0.009077155824508321,0.0,0.0,0.006051437216338881,0.0,0.0,0.0,0.0,0.0,8.60211800302572,0.03479576399394856,2.2118003025718607,0.0,3.3978819969742813,2.195158850226929,0.057488653555219364,4.416036308623298,0.0,0.0,0.07110438729198185,0.0,0.0,0.0,16.447806354009078,1.9500756429652042,0.0,0.13767019667170954,0.06959152798789713,0.0,0.1361573373676248,0.6021180030257186,0.0,0.019667170953101363,0.0
301,569,4,0.8082191780821918,0.0273972602739726,0.8356164383561644,2.0205479452054793,0.0,0.0,0.0,0.0,0.0,0.0,0.0,0.0,0.0,0.0,0.0,0.0,0.0,0.0,0.0,3.3767123287671232,0.0,3.6232876712328768,0.0,2.3767123287671232,0.4863013698630137,0.589041095890411,7.458904109589041,0.0,0.0,0.0410958904109589,0.0,0.0,0.0,12.938356164383562,0.8013698630136986,0.0,0.0821917808219178,0.0,0.0,0.0410958904109589,0.6712328767123288,0.0,0.0821917808219178,0.0
308,783,4,0.5797872340425532,0.0425531914893617,1.351063829787234,2.574468085106383,0.0,0.0,0.0,0.13829787234042554,0.0,0.0,0.0,0.0,0.0,0.2765957446808511,0.06382978723404255,0.0,0.0,0.0,0.10106382978723404,3.872340425531915,0.047872340425531915,2.75531914893617,0.0,2.7606382978723403,1.5638297872340425,0.4787234042553192,7.7287234042553195,0.0,0.0,0.2393617021276596,0.0,0.0,0.0,12.01063829787234,1.5319148936170213,0.0,0.5159574468085106,0.09042553191489362,0.0,0.031914893617021274,0.5159574468085106,0.0,0.031914893617021274,0.13829787234042554
302,1158,4,0.7145085803432137,0.09516380655226209,0.5631825273010921,4.209048361934477,0.0,0.0,0.0,0.0,0.0,0.0,0.0093603744149766,0.0,0.0046801872074883,0.09516380655226209,0.0171606864274571,0.0,0.0,0.0,0.0,14.633385335413417,0.0,2.549141965678627,0.0,8.594383775351014,1.859594383775351,0.0530421216848674,4.003120124804992,0.0,0.0,0.0,0.11388455538221529,0.0,0.0,16.825273010920437,2.3868954758190326,0.0,0.0062402496099844,0.0405616224648986,0.0093603744149766,0.5631825273010921,0.5179407176287052,0.0,0.0514820592823713,0.0
302,1666,4,0.6038961038961039,0.048701298701298704,1.4902597402597402,2.8051948051948052,0.0,0.0,0.0,0.0,0.0,0.0,0.0,0.0,0.0,0.0,0.0,0.0,0.0,0.0,0.0,4.532467532467533,0.09740259740259741,2.1720779220779223,0.0,2.0357142857142856,1.4188311688311688,0.2532467532467532,5.76948051948052,0.0,0.0,0.1266233766233766,0.0,0.0,0.0,15.457792207792208,1.7629870129870129,0.0,0.15584415584415584,0.0,0.0,0.02922077922077922,0.5064935064935064,0.0,0.022727272727272728,0.0
306,50,4,0.7110481586402266,0.0821529745042493,0.6090651558073654,2.685552407932011,0.0,0.0,0.0,0.0226628895184136,0.0,0.0,0.0,0.0,0.0,0.028328611898016998,0.0,0.0,0.0,0.0,0.0,8.830028328611897,0.0821529745042493,3.1756373937677056,0.0,3.1359773371104818,0.8158640226628895,1.093484419263456,6.538243626062323,0.0,0.0,0.19263456090651557,0.0,0.0,0.0,16.008498583569406,0.9716713881019831,0.0,0.0113314447592068,0.20679886685552407,0.0,0.12464589235127478,0.623229461756374,0.0,0.059490084985835696,0.0
302,510,5,0.6948275862068966,0.08793103448275862,0.646551724137931,2.8448275862068964,0.0,0.0,0.0,0.0,0.0,0.0,0.07413793103448275,0.0,0.0,0.09137931034482759,0.04827586206896552,0.0,0.0,0.0,0.0,15.063793103448276,0.0,1.993103448275862,0.0,5.313793103448276,0.95,0.1793103448275862,4.982758620689655,0.0,0.0,0.006896551724137931,0.1103448275862069,0.0,0.0,11.16551724137931,1.4655172413793103,0.0,0.06206896551724138,0.07758620689655173,0.0,0.42586206896551726,0.4724137931034483,0.0,0.01896551724137931,0.0
310,1418,4,1.110655737704918,0.11065573770491803,0.7295081967213115,4.180327868852459,0.0,0.0,0.0,0.27049180327868855,0.0,0.0,0.23770491803278687,0.0,0.11475409836065574,1.221311475409836,0.42213114754098363,0.0,0.0,0.0,0.0,13.12295081967213,0.0,3.098360655737705,0.2786885245901639,15.651639344262295,3.401639344262295,0.430327868852459,7.139344262295082,0.0,0.0,0.040983606557377046,0.03278688524590164,0.0,0.0,16.389344262295083,2.3934426229508197,0.0,0.30327868852459017,0.1885245901639344,0.0,1.3811475409836065,0.5614754098360656,0.0,0.22950819672131148,2.7172131147540983
308,1842,4,0.791958041958042,0.1258741258741259,0.8374125874125874,4.311188811188811,0.0,0.0,0.0,0.04195804195804196,0.0,0.0,0.0,0.0,0.0,0.12937062937062938,0.027972027972027972,0.0,0.17307692307692307,0.479020979020979,0.0,15.262237762237762,0.0,4.222027972027972,0.0,14.068181818181818,2.4003496503496504,0.008741258741258742,5.795454545454546,0.0,0.0,0.4370629370629371,0.006993006993006993,0.0,0.0,19.571678321678323,2.237762237762238,0.0,0.2395104895104895,0.03146853146853147,0.0,1.0874125874125875,0.5716783216783217,0.0,0.07342657342657342,2.5874125874125875
309,1860,7,0.8126410835214447,0.12866817155756208,1.5169300225733635,3.7381489841986455,0.0,0.0,0.0,0.0,0.0,0.0,0.013544018058690745,0.0,0.0,0.16930022573363432,0.022573363431151242,0.0,0.0,0.0,0.08803611738148984,12.975169300225733,0.13769751693002258,3.9909706546275396,0.0,15.790067720090294,2.0835214446952595,1.440180586907449,7.652370203160271,0.0,0.0,0.24830699774266365,0.0,0.0,0.0,19.426636568848757,1.7178329571106095,0.0,0.24604966139954854,0.06772009029345373,0.0,1.0993227990970655,0.6139954853273137,0.0,0.05869074492099323,0.0
308,180,4,0.8205128205128205,0.18233618233618235,0.7321937321937322,6.968660968660969,0.0,0.0,0.0,0.0,0.0,0.0,0.6068376068376068,0.0,0.0,1.6353276353276354,0.7720797720797721,0.0,0.0,0.0,2.735042735042735,19.988603988603987,0.06267806267806268,2.8575498575498575,0.0,19.153846153846153,8.364672364672364,0.7264957264957265,6.5413105413105415,0.0,0.0,0.36752136752136755,0.0,0.0,0.0,32.464387464387464,3.7094017094017095,0.0,0.47293447293447294,0.07692307692307693,0.08831908831908832,1.3247863247863247,0.6467236467236467,0.0,0.09116809116809117,1.8831908831908832
309,415,4,0.7527272727272727,0.09090909090909091,0.3781818181818182,3.6145454545454547,0.0,0.0,0.0,0.0,0.0,0.0,0.0,0.0,0.0,0.0,0.0,0.0,0.0,0.0,0.0,13.010909090909092,0.0,2.3381818181818184,0.0,8.472727272727273,3.0727272727272728,0.10545454545454545,2.570909090909091,0.0,0.0,0.0,0.2,0.0,0.0,14.403636363636364,2.272727272727273,0.41454545454545455,0.10545454545454545,0.0,0.0,0.84,0.4072727272727273,0.0,0.02909090909090909,0.0
302,461,6,0.7798507462686567,0.17164179104477612,0.1044776119402985,6.119402985074627,0.0,0.0,0.0,0.0,0.0,0.0,0.0,0.048507462686567165,0.0,0.029850746268656716,0.06343283582089553,0.0,0.0,0.0,0.0,25.51865671641791,0.0,2.3171641791044775,0.0,29.936567164179106,4.940298507462686,0.26492537313432835,4.9216417910447765,0.0,0.0,0.11940298507462686,0.0,0.0,0.09701492537313433,22.96641791044776,3.716417910447761,0.0,0.8694029850746269,0.0,0.0,1.7649253731343284,0.5597014925373134,3.0186567164179103,0.048507462686567165,0.5634328358208955
304,584,7,0.5730337078651685,0.12359550561797752,0.12359550561797752,2.49438202247191,0.0,0.06741573033707865,0.0,0.4044943820224719,0.0,0.0,0.5617977528089888,0.0,0.651685393258427,2.056179775280899,0.7078651685393258,0.0,0.0,0.0,0.0,9.146067415730338,0.0,3.269662921348315,0.0,2.3820224719101124,1.0337078651685394,0.42696629213483145,5.595505617977528,0.0,0.0,0.0,0.0,0.0,0.0,9.0,0.6629213483146067,0.0,0.0,0.0,0.0898876404494382,0.2696629213483146,0.39325842696629215,0.0,0.0449438202247191,3.157303370786517
309,1780,11,0.8888888888888888,0.044444444444444446,0.55,2.4,0.0,0.0,0.0,0.08333333333333333,0.0,0.0,0.17777777777777778,0.0,0.0,0.7944444444444444,0.2777777777777778,0.0,0.0,0.0,0.4888888888888889,2.683333333333333,0.0,2.8444444444444446,0.0,2.938888888888889,1.011111111111111,0.3611111111111111,5.988888888888889,0.0,0.0,0.17777777777777778,0.0,0.0,0.0,12.016666666666667,1.0777777777777777,0.0,0.05555555555555555,0.1388888888888889,0.2,0.4666666666666667,0.5222222222222223,0.0,0.08888888888888889,0.7611111111111111
306,1876,7,0.666189111747851,0.12893982808022922,0.7349570200573066,4.713467048710601,0.25358166189111747,0.24498567335243554,0.0,0.0,0.0,0.0,0.0,0.0,0.0,1.66189111747851,0.3997134670487106,0.0,0.37106017191977075,0.46275071633237824,0.0,14.335243553008596,0.0057306590257879654,3.0329512893982806,0.0,2.646131805157593,2.997134670487106,0.8151862464183381,6.79512893982808,0.24355300859598855,0.0,0.4297994269340974,0.0,0.0,3.8008595988538683,20.388252148997136,1.7851002865329513,0.0,0.04727793696275072,0.02005730659025788,0.0,0.335243553008596,0.5744985673352435,0.0,0.054441260744985676,4.027220630372493
308,1979,4,0.7156862745098039,0.10130718954248366,0.2875816993464052,4.741830065359477,0.0,0.0,0.0,0.0,0.0,0.0,0.24183006535947713,0.0,0.0,0.5163398692810458,0.3137254901960784,0.0,0.0,0.0,0.9575163398692811,13.630718954248366,0.00980392156862745,3.9901960784313726,0.0,20.794117647058822,4.647058823529412,0.6111111111111112,4.300653594771242,0.0,0.0,0.37254901960784315,0.0,0.0,0.0,24.640522875816995,2.7745098039215685,0.0,0.13725490196078433,0.049019607843137254,0.11764705882352941,1.4411764705882353,0.6699346405228758,0.0,0.0784313725490196,0.16013071895424835
314,912,9,0.9966442953020134,0.06711409395973154,0.6040268456375839,2.6442953020134228,0.0,0.0,0.0,0.0,0.0,0.0,0.0,0.0,0.0,0.0,0.0,0.0,0.0,0.0,0.0,5.5,0.0,4.050335570469799,0.0,2.3288590604026846,0.412751677852349,0.6677852348993288,7.006711409395973,0.0,0.0,0.31543624161073824,0.0,0.0,0.0,15.211409395973154,0.9664429530201343,0.0,0.09060402684563758,0.0,0.0,0.06711409395973154,0.6476510067114094,0.0,0.0436241610738255,0.0
310,264,4,0.6962209302325582,0.13517441860465115,0.3183139534883721,4.75,0.0,0.35319767441860467,0.0,0.625,0.0,0.023255813953488372,0.11337209302325581,0.0,0.0,1.1540697674418605,0.3066860465116279,0.12645348837209303,0.15406976744186046,0.06686046511627906,0.0,16.34011627906977,0.0,4.65406976744186,0.0,13.593023255813954,4.1395348837209305,0.15261627906976744,5.030523255813954,0.0,0.0,0.0625,0.0,0.0,0.0,19.99127906976744,2.6875,0.0,0.0,0.1308139534883721,0.0,1.114825581395349,0.502906976744186,0.0,0.0872093023255814,6.968023255813954
310,309,4,0.7291196388261851,0.12641083521444696,0.4492099322799097,5.1376975169300225,0.0,0.0,0.0,0.0,0.0,0.0,0.0,0.0,0.0,0.09255079006772009,0.0,0.0,0.0,0.0,0.0,19.530474040632054,0.0,2.8329571106094806,0.0,12.316027088036117,3.4875846501128667,0.17832957110609482,2.325056433408578,0.0,0.0,0.0,0.0,0.0,0.0,20.227990970654627,2.785553047404063,0.0,0.9932279909706546,0.0,0.0,0.5936794582392777,0.510158013544018,0.0,0.03837471783295711,0.0
306,1199,12,1.5275459098497495,0.10517529215358931,0.335559265442404,3.7963272120200333,0.0,0.0,0.02671118530884808,0.001669449081803005,0.0,0.0,0.0,0.0,0.0,0.4557595993322204,0.0,0.0,0.0,0.0,0.0,12.13355592654424,0.0,3.8196994991652753,0.0,9.801335559265443,2.954924874791319,0.12353923205342238,3.4574290484140233,0.0,0.0,0.0,0.0,0.0,0.0,15.565943238731219,2.0868113522537564,0.0,0.6861435726210351,0.035058430717863104,0.0,0.6160267111853088,0.5626043405676127,0.0,0.19532554257095158,0.672787979966611
326,634,4,0.6451612903225806,0.08870967741935484,1.8548387096774193,3.1129032258064515,0.0,0.6612903225806451,0.0,1.75,0.0,0.0,0.0,0.0,0.0,2.2419354838709675,0.6612903225806451,0.0,0.04838709677419355,0.5161290322580645,0.0,8.951612903225806,0.14516129032258066,5.42741935483871,0.0,1.8790322580645162,0.9516129032258065,0.3064516129032258,9.064516129032258,0.0,0.0,0.6290322580645161,0.0,0.0,0.0,13.137096774193548,0.8629032258064516,0.0,0.9516129032258065,0.11290322580645161,0.0,0.20161290322580644,0.5080645161290323,0.08064516129032258,0.056451612903225805,3.4193548387096775
314,732,5,3.8687440982058545,0.10103871576959396,0.6864966949952785,3.3305004721435316,0.0,0.0,0.0,0.0,0.0,0.0,0.0,0.0,0.0,0.10103871576959396,0.0,0.0,0.0,0.0,0.061378659112370164,13.30028328611898,0.0009442870632672333,2.4145420207743156,0.0,7.216241737488196,1.853635505193579,0.11992445703493862,5.39565627950897,0.0,0.0,0.07554296506137866,0.26440037771482533,0.0,0.0,13.614730878186968,1.7374881964117093,0.0,0.02644003777148253,0.08781869688385269,0.0,0.49575070821529743,0.5722379603399433,0.0,1.2559017941454202,0.0
312,935,12,0.7272727272727273,0.12181818181818181,0.8290909090909091,4.076363636363636,0.0,0.005454545454545455,0.0,0.0036363636363636364,0.0,0.0,0.26181818181818184,0.0,0.25636363636363635,0.8072727272727273,0.3018181818181818,0.0,0.0,0.0,0.0,14.252727272727272,0.01818181818181818,2.207272727272727,0.1,13.530909090909091,4.330909090909091,0.1290909090909091,6.434545454545455,0.0,0.0,0.10909090909090909,0.014545454545454545,0.0,0.0,16.298181818181817,2.056363636363636,0.0,0.11272727272727273,0.05454545454545454,0.0,0.9036363636363637,0.49272727272727274,0.0,0.04181818181818182,0.0
307,1643,4,0.6584440227703985,0.09487666034155598,0.3757115749525617,3.5578747628083494,0.0,0.0056925996204933585,0.0,0.13851992409867173,0.0,0.0,0.0018975332068311196,0.0,0.0,0.34345351043643263,0.10246679316888045,0.003795066413662239,0.0,0.3548387096774194,0.0,13.022770398481974,0.0,4.060721062618596,0.0,12.278937381404175,2.25426944971537,0.06451612903225806,3.6925996204933584,0.0,0.0,0.0,0.0,0.0,0.0,16.032258064516128,2.047438330170778,0.0,0.026565464895635674,0.05313092979127135,0.0,0.9089184060721063,0.603415559772296,0.0,0.05313092979127135,0.7210626185958254
318,1680,4,0.7676767676767676,0.04040404040404041,1.1919191919191918,3.111111111111111,0.0,0.0,0.0,0.0,0.0,0.0,0.0,0.0,0.0,0.0707070707070707,0.0,0.0,0.0,0.0,0.0,3.595959595959596,0.29292929292929293,3.393939393939394,0.0,1.3535353535353536,0.8787878787878788,0.5555555555555556,8.404040404040405,0.0,0.0,0.8383838383838383,0.0,0.0,0.0,17.060606060606062,1.5757575757575757,0.0,0.8686868686868687,0.0,0.0,0.0,0.6868686868686869,0.0,0.08080808080808081,0.0
323,1303,4,0.8972125435540069,0.09930313588850175,0.7508710801393729,3.423344947735192,0.0,0.0,0.0,0.2578397212543554,0.0,0.0,0.0,0.0,0.0,0.4094076655052265,0.10975609756097561,0.0,0.0,0.14111498257839722,0.0,12.160278745644598,0.0313588850174216,5.367595818815331,0.0,4.954703832752613,0.980836236933798,1.0069686411149825,9.625435540069686,0.0,0.04006968641114982,0.397212543554007,0.0,0.0,0.0,18.458188153310104,1.078397212543554,0.0,0.24738675958188153,0.21080139372822299,0.0,0.4163763066202091,0.60801393728223,0.0,0.06968641114982578,2.937282229965157
325,1624,4,0.6883780332056194,0.07279693486590039,0.6947637292464879,3.4770114942528734,0.0,0.0,0.0,0.0,0.0,0.0,0.0,0.0,0.0,0.0,0.0,0.0,0.04342273307790549,0.0,0.0,12.30970625798212,0.018518518518518517,3.978927203065134,0.0,10.58492975734355,1.9840357598978289,0.04533844189016603,5.2790549169859515,0.0,0.0,0.25734355044699875,0.0,0.0,0.0,16.005108556832695,1.8275862068965518,0.0,0.2886334610472541,0.13984674329501914,0.0,0.7694763729246488,0.5849297573435505,0.0,0.03384418901660281,0.0
310,1806,4,0.9043659043659044,0.10741510741510742,0.7886347886347886,4.371448371448372,0.0,0.013167013167013167,0.0,0.08177408177408177,0.0,0.0,0.05751905751905752,0.0,0.0,0.36382536382536385,0.14414414414414414,0.0,0.0,0.07207207207207207,0.23977823977823978,13.595980595980595,0.06514206514206514,4.788634788634789,0.0,11.04019404019404,2.34996534996535,0.5162855162855163,5.505197505197505,0.0,0.09078309078309078,0.33471933471933474,0.21275121275121275,0.003465003465003465,0.0,20.5017325017325,2.185724185724186,0.0,0.23977823977823978,0.10395010395010396,0.007623007623007623,0.8406098406098406,0.6313236313236313,0.004158004158004158,0.13028413028413027,1.2668052668052667
316,356,12,0.7455197132616488,0.08602150537634409,1.6236559139784945,2.727598566308244,0.0,0.0,0.0,0.0,0.0,0.0,0.0,0.0,0.0,0.0,0.0,0.0,0.0,0.0,0.0,7.422939068100359,0.02867383512544803,4.265232974910394,0.0,2.4874551971326166,0.45161290322580644,2.2795698924731185,9.075268817204302,0.0,0.0,0.43010752688172044,0.0,0.0,0.0,15.21863799283154,0.8673835125448028,0.0,0.5806451612903226,0.0,0.0,0.15053763440860216,0.5017921146953405,0.0,0.03942652329749104,0.8494623655913979
309,388,4,0.6141304347826086,0.07427536231884058,0.29528985507246375,2.528985507246377,0.0,0.0,0.0,0.39855072463768115,0.0,0.0,0.0,0.05615942028985507,0.0,0.5271739130434783,0.09420289855072464,0.0,0.0,0.10144927536231885,0.0,9.210144927536232,0.0,4.125,0.0,4.768115942028985,1.5797101449275361,0.6992753623188406,4.740942028985507,0.0,0.0,0.0,0.0,0.0,0.0,11.570652173913043,1.269927536231884,0.0,0.009057971014492754,0.0,0.0,0.7844202898550725,0.4746376811594203,1.2047101449275361,0.05434782608695652,10.152173913043478
313,487,11,0.6893491124260355,0.08875739644970414,0.44970414201183434,3.5502958579881656,0.0,0.0,0.0,0.0,0.0,0.0,0.0,0.23076923076923078,0.0,0.0,0.0029585798816568047,0.0,0.0,0.0,0.0,11.168639053254438,0.0,2.0236686390532546,0.0,7.224852071005917,3.0798816568047336,0.0,4.405325443786983,0.0,0.0,0.11242603550295859,0.0,0.0,0.0,14.94378698224852,2.002958579881657,0.0,0.0,0.0,0.0,0.606508875739645,0.5177514792899408,1.2958579881656804,0.038461538461538464,15.52662721893491
312,1227,11,0.7761557177615572,0.04866180048661801,0.902676399026764,3.2481751824817517,0.0,0.0,0.0,0.1678832116788321,0.0,0.0,0.024330900243309004,0.0,0.019464720194647202,0.8637469586374696,0.051094890510948905,0.0,0.0,0.0,0.0,6.253041362530413,0.019464720194647202,2.564476885644769,0.0,1.7226277372262773,1.8880778588807785,0.927007299270073,8.832116788321168,0.0,0.0,0.031630170316301706,0.0340632603406326,0.0,0.5425790754257908,13.851581508515816,1.637469586374696,0.0,0.0,0.021897810218978103,0.0,0.6155717761557178,0.5036496350364964,0.0,0.12408759124087591,0.7031630170316302
314,1500,4,0.6666666666666666,0.09053497942386832,0.45267489711934156,4.419753086419753,0.0,0.037037037037037035,0.0,0.102880658436214,0.0,0.0,0.13580246913580246,0.0,0.07818930041152264,1.2263374485596708,0.6625514403292181,0.0,0.0,0.0,0.0,13.209876543209877,0.0411522633744856,3.1728395061728394,0.00411522633744856,3.8559670781893005,4.193415637860082,1.4897119341563787,5.193415637860082,0.0,0.0,0.36213991769547327,0.0,0.0,0.7818930041152263,19.078189300411523,2.4362139917695473,0.0,0.3868312757201646,0.205761316872428,0.0,0.7695473251028807,0.551440329218107,0.0,0.10699588477366255,7.02880658436214
317,1365,11,0.7509803921568627,0.09803921568627451,0.3980392156862745,4.525490196078431,0.0,0.0,0.0,0.0,0.0,0.0,0.0,0.0,0.0,0.01568627450980392,0.00196078431372549,0.0,0.0,0.0,0.0,12.798039215686275,0.00196078431372549,5.184313725490196,0.0,14.115686274509804,4.094117647058823,0.4823529411764706,4.988235294117647,0.0392156862745098,0.0,0.33137254901960783,0.013725490196078431,0.0,0.0,20.68235294117647,2.3411764705882354,0.0,0.13333333333333333,0.09607843137254903,0.0,1.1294117647058823,0.6549019607843137,0.0,0.060784313725490195,0.0
314,544,12,0.6380368098159509,0.0785276073619632,0.7092024539877301,3.6564417177914113,0.0,0.0,0.0,0.0,0.0,0.0,0.0,0.0,0.0,0.32515337423312884,0.0,0.0,0.0,0.0,0.0,10.251533742331288,0.022085889570552148,3.7411042944785278,0.0,8.592638036809817,1.9840490797546013,0.03558282208588957,5.7533742331288344,0.0,0.0,0.25644171779141106,0.0,0.0,0.6503067484662577,18.148466257668712,2.0662576687116565,0.0,0.21226993865030674,0.06257668711656442,0.0,0.6331288343558282,0.5717791411042945,0.0,0.04539877300613497,0.0
318,813,4,0.5880398671096345,0.08970099667774087,0.016611295681063124,2.833887043189369,0.0,0.07641196013289037,0.0,0.3953488372093023,0.0,0.0,0.006644518272425249,0.0,0.016611295681063124,0.7508305647840532,0.22591362126245848,0.0,0.046511627906976744,0.5182724252491694,0.0,8.691029900332225,0.0,11.3421926910299,0.0,10.17607973421927,2.116279069767442,0.29900332225913623,3.5847176079734218,0.0,0.0,0.23255813953488372,0.0,0.0,0.21926910299003322,13.624584717607974,1.4485049833887043,0.0,0.0,0.26245847176079734,0.0,0.7541528239202658,0.5116279069767442,0.0,0.06312292358803986,9.415282392026578
319,842,4,0.7393715341959335,0.07578558225508318,0.9316081330868762,3.1848428835489835,0.0,0.0,0.0,0.0,0.0,0.0,0.04621072088724584,0.0,0.036968576709796676,0.17375231053604437,0.06469500924214418,0.0,0.0,0.0,0.0,7.2255083179297594,0.02033271719038817,2.698706099815157,0.0,5.312384473197782,1.4602587800369686,0.26062846580406657,4.704251386321626,0.0,0.0,0.0,0.0,0.0,0.0,14.147874306839187,1.8613678373382625,0.0,0.16635859519408502,0.02033271719038817,0.0,0.2957486136783734,0.5600739371534196,0.0,0.031423290203327174,0.051756007393715345
321,1213,5,0.6624472573839663,0.11673699015471167,0.8030942334739803,3.3066104078762306,0.0,0.0,0.0,0.0379746835443038,0.0,0.0,0.0,0.0,0.0,0.26019690576652604,0.06610407876230662,0.0,0.0,0.0,0.0,10.545710267229255,0.004219409282700422,2.6202531645569622,0.0,6.590717299578059,1.669479606188467,0.21940928270042195,5.265822784810126,0.0,0.0,0.0,0.0,0.0,0.0,14.79324894514768,1.8874824191279886,0.0,0.08438818565400844,0.13642756680731363,0.0,0.4317862165963432,0.5724331926863573,0.0,0.03656821378340366,0.0
318,1461,11,0.8183908045977012,0.09885057471264368,1.5954022988505747,5.512643678160919,0.0,0.029885057471264367,0.0,0.12413793103448276,0.0,0.0,0.296551724137931,0.0,0.09195402298850575,1.1563218390804597,0.9586206896551724,0.0,0.013793103448275862,0.0022988505747126436,0.0,14.285057471264368,0.11264367816091954,2.935632183908046,0.31264367816091954,17.528735632183906,7.055172413793104,0.36091954022988504,7.993103448275862,0.0,0.0,0.7816091954022989,0.0,0.0,0.15632183908045977,22.098850574712642,2.981609195402299,0.0,0.9310344827586207,0.08505747126436781,0.0,1.1126436781609195,0.5655172413793104,0.0,0.05057471264367816,0.009195402298850575
315,519,5,7.488612836438923,0.12422360248447205,0.6252587991718427,5.544513457556936,0.0,0.08695652173913043,0.0,0.09523809523809523,0.0,0.0,0.0,0.0,0.0,1.1387163561076605,0.11387163561076605,0.0,0.3188405797101449,0.3146997929606625,0.0,13.27536231884058,0.0,9.70807453416149,0.0,3.751552795031056,4.12008281573499,0.9213250517598344,5.6853002070393375,0.0,0.0,0.20082815734989648,0.0,0.0,3.577639751552795,24.734989648033125,2.74120082815735,0.0,0.08074534161490683,0.020703933747412008,0.0,0.5507246376811594,0.7971014492753623,0.0,4.2815734989648035,4.751552795031056
320,223,4,0.5868421052631579,0.1,0.4763157894736842,4.323684210526316,0.0,0.09736842105263158,0.0,0.23421052631578948,0.0,0.0,0.35,0.0,0.21052631578947367,1.481578947368421,0.7684210526315789,0.0,0.0,0.19473684210526315,0.0,9.623684210526315,0.02631578947368421,7.0473684210526315,0.1736842105263158,9.321052631578947,3.1473684210526316,0.47368421052631576,5.963157894736842,0.0,0.0,0.15263157894736842,0.0,0.0,0.0,18.0,2.5157894736842104,0.0,0.010526315789473684,0.19473684210526315,0.0,0.5421052631578948,0.4421052631578947,0.0,0.06842105263157895,1.5736842105263158
317,332,15,0.6462264150943396,0.0660377358490566,0.5566037735849056,2.691823899371069,0.0,0.0,0.0,0.0,0.0,0.0,0.0,0.0,0.0,0.0,0.0,0.0,0.0,0.0,0.0,10.9874213836478,0.0,2.3852201257861636,0.0,4.6430817610062896,1.171383647798742,0.07075471698113207,4.663522012578617,0.0,0.0,0.055031446540880505,0.0,0.0,0.0,11.885220125786164,1.569182389937107,0.0,0.08962264150943396,0.06446540880503145,0.0,0.279874213836478,0.5015723270440252,0.0,0.036163522012578615,0.0
316,433,4,0.46706586826347307,0.09580838323353294,0.2874251497005988,2.838323353293413,0.0,0.0,0.0,0.3592814371257485,0.0,0.0,0.0,0.0,0.0,0.7784431137724551,0.10179640718562874,0.0,0.0,0.029940119760479042,0.0,9.67065868263473,0.0,4.88622754491018,0.0,9.610778443113773,1.9820359281437125,0.6467065868263473,4.652694610778443,0.0,0.0,0.0,0.0,0.0,0.0,13.508982035928144,1.844311377245509,0.0,0.029940119760479042,0.0,0.0,0.8862275449101796,0.4311377245508982,0.0,0.0718562874251497,1.964071856287425
316,465,6,1.1481481481481481,0.16203703703703703,0.39814814814814814,6.787037037037037,0.0,0.0,0.0,0.0,0.0,0.0,0.0,0.0,0.0,0.1111111111111111,0.0,0.0,0.0,0.0,0.0,14.13888888888889,0.0,2.6203703703703702,0.0,27.689814814814813,5.458333333333333,0.6898148148148148,5.180555555555555,0.0,0.0,0.0,0.0,0.0,0.032407407407407406,28.01851851851852,4.12962962962963,0.0,0.9675925925925926,0.0,0.0,1.8333333333333333,0.4444444444444444,0.0,0.05555555555555555,0.0
321,75,4,0.5102040816326531,0.05714285714285714,0.5387755102040817,2.020408163265306,0.0,0.0,0.0,0.6530612244897959,0.0,0.0,0.15510204081632653,0.0,0.22857142857142856,1.0979591836734695,0.2163265306122449,0.0,0.0,0.0,0.0,5.461224489795918,0.0,2.440816326530612,0.0,1.2081632653061225,0.3795918367346939,0.6489795918367347,8.853061224489796,0.0,0.0,0.0,0.0,0.0,0.0,9.338775510204082,0.8408163265306122,0.0,0.0,0.05714285714285714,0.004081632653061225,0.1510204081632653,0.5346938775510204,0.0,0.0326530612244898,0.2571428571428571
324,165,4,0.7315175097276264,0.15369649805447472,0.33657587548638135,4.5680933852140075,0.0,0.0,0.0,0.0,0.0,0.0,0.16926070038910507,0.0,0.0,0.3657587548638132,0.11478599221789883,0.0,0.0,0.0,0.0,18.67898832684825,0.0,1.7957198443579767,0.0,9.357976653696499,5.023346303501945,0.1264591439688716,3.9571984435797667,0.0,0.0,0.0,0.0,0.0,0.0,15.82490272373541,2.3385214007782102,0.0,0.03501945525291829,0.0,0.0,0.7354085603112841,0.49221789883268485,0.0,0.04669260700389105,2.044747081712062
322,1518,4,0.6749116607773852,0.1431095406360424,0.3674911660777385,5.402826855123675,0.0,0.0,0.0,0.0,0.0,0.0,0.0,0.0,0.0,0.0,0.0,0.0,0.0,0.0,0.0,21.323321554770317,0.0,1.5865724381625441,0.0,12.597173144876326,2.3551236749116606,0.08833922261484099,3.047703180212014,0.0,0.0,0.0,0.4717314487632509,0.0,0.0,19.886925795053003,3.1130742049469964,0.0,0.19081272084805653,0.0,0.0,1.1837455830388692,0.48586572438162545,0.0,0.024734982332155476,0.0
326,1399,4,0.891566265060241,0.03614457831325301,0.6024096385542169,3.9879518072289155,0.0,0.004016064257028112,0.0,0.09236947791164658,0.0,0.0,0.0,0.0,0.0,0.24096385542168675,0.04417670682730924,0.0,0.0,0.01606425702811245,0.0,10.835341365461847,0.0,6.955823293172691,0.0,10.987951807228916,3.0963855421686746,0.606425702811245,5.835341365461847,0.020080321285140562,0.0,0.321285140562249,0.07228915662650602,0.0,0.0,19.16867469879518,1.9919678714859437,0.0,0.23694779116465864,0.024096385542168676,0.0,0.7991967871485943,0.5622489959839357,0.0,0.0963855421686747,0.36947791164658633
326,563,11,0.6621160409556314,0.07167235494880546,1.1160409556313993,4.235494880546075,0.0,0.0,0.0,0.0,0.0,0.0,0.005119453924914676,0.0,0.0,0.023890784982935155,0.0034129692832764505,0.0,0.0,0.0,0.0,14.356655290102388,0.006825938566552901,3.9590443686006824,0.0,15.46245733788396,3.2064846416382253,0.03583617747440273,5.7593856655290105,0.0,0.0,0.39078498293515357,0.14846416382252559,0.0,0.0,19.63481228668942,2.3208191126279862,0.0,0.552901023890785,0.034129692832764506,0.0,1.0255972696245734,0.5955631399317406,0.0,0.052901023890784986,0.02218430034129693
335,1949,4,0.566793893129771,0.08015267175572519,0.41603053435114506,4.290076335877862,0.0,0.0,0.0,0.08206106870229007,0.0,0.0,0.0057251908396946565,0.0,0.0,0.8874045801526718,0.24427480916030533,0.0,0.11259541984732824,0.29770992366412213,0.0019083969465648854,13.715648854961833,0.0,5.026717557251908,0.0,3.704198473282443,3.812977099236641,0.32061068702290074,3.950381679389313,0.0,0.0,0.10687022900763359,0.0,0.0,1.9599236641221374,16.10114503816794,2.236641221374046,0.0,0.08015267175572519,0.04389312977099236,0.0,0.5057251908396947,0.4580152671755725,0.0,0.06679389312977099,4.8816793893129775
321,1601,12,0.9059674502712477,0.12537673297166968,0.5286317058468957,4.701627486437613,0.0,0.0024110910186859553,0.0,0.01567209162145871,0.0,0.0,0.0,0.0,0.0,0.027727546714888487,0.009644364074743821,0.0,0.0,0.0030138637733574444,0.0,14.270644966847499,0.010247136829415311,3.8583484026522,0.0,19.494273658830622,3.986738999397227,0.3471971066907776,5.142857142857143,0.0,0.006630500301386378,0.10669077757685352,0.0,0.0,0.010247136829415311,24.462326702833032,2.6811332127787826,0.0,0.10548523206751055,0.10910186859553948,0.0,1.3092224231464737,0.6811332127787824,0.0,0.054249547920433995,0.05726341169379144
324,1886,4,5.0,0.10429447852760736,0.18404907975460122,3.687116564417178,0.0,0.25153374233128833,0.0,1.7423312883435582,0.0,0.0,0.0,0.0,0.0,1.6993865030674846,0.5705521472392638,0.0,0.17177914110429449,0.5398773006134969,0.0,11.184049079754601,0.0,10.43558282208589,0.0,1.9570552147239264,1.4539877300613497,0.9386503067484663,4.251533742331288,0.0,0.0,0.06748466257668712,0.0,0.0,0.0,19.539877300613497,1.0368098159509203,0.0,0.0,0.36809815950920244,0.0,0.4539877300613497,0.5521472392638037,0.0,1.3987730061349692,8.325153374233128
320,399,4,0.8114478114478114,0.12457912457912458,1.1026936026936027,3.483164983164983,0.0,0.0,0.0,0.0,0.0,0.0,0.0016835016835016834,0.0,0.0,0.025252525252525252,0.0,0.0,0.0,0.0,0.07912457912457913,13.764309764309765,0.08249158249158249,3.2643097643097643,0.0,13.691919191919192,1.9831649831649831,1.4696969696969697,7.656565656565657,0.0,0.008417508417508417,0.7003367003367004,0.02861952861952862,0.0,0.0,18.106060606060606,1.5740740740740742,0.030303030303030304,0.7525252525252525,0.1111111111111111,0.04208754208754209,0.8080808080808081,0.6077441077441077,0.0,0.037037037037037035,0.04040404040404041
329,1248,4,0.6077170418006431,0.09967845659163987,0.3954983922829582,4.061093247588424,0.0,0.0,0.0,0.0,0.0,0.0,0.0,0.08360128617363344,0.0,0.0,0.06430868167202572,0.0,0.0,0.0,0.0,13.411575562700964,0.0,2.607717041800643,0.0,12.77491961414791,4.012861736334405,0.02572347266881029,4.463022508038585,0.0,0.0,0.17363344051446947,0.0,0.0,0.0,16.392282958199356,2.3311897106109325,0.0,0.09003215434083602,0.0,0.0,1.0,0.5112540192926045,0.0,0.09003215434083602,4.385852090032154
332,377,4,0.7182497331910352,0.07790821771611527,0.5709711846318036,3.47812166488794,0.0,0.0,0.0,0.07470651013874066,0.0,0.0,0.0021344717182497333,0.0,0.0,0.11419423692636073,0.02454642475987193,0.0,0.0,0.0,0.0,10.935965848452508,0.0,3.072572038420491,0.0,10.386339381003202,2.2038420490928496,0.13874066168623267,6.573105656350053,0.030949839914621132,0.0,0.22305229455709713,0.0,0.0,0.03948772678762007,15.669156883671292,1.8260405549626468,0.0,0.26680896478121663,0.08110992529348986,0.0,0.7491995731056563,0.6072572038420491,0.0,0.04055496264674493,0.10138740661686232
332,747,4,0.6672077922077922,0.07142857142857142,0.4707792207792208,2.6201298701298703,0.0,0.0,0.0,0.0016233766233766235,0.0,0.0,0.0,0.00974025974025974,0.0,0.03896103896103896,0.0,0.0,0.0,0.0,0.0,11.715909090909092,0.0,2.909090909090909,0.0,7.871753246753247,1.5227272727272727,0.2353896103896104,4.10551948051948,0.0,0.0,0.0,0.12824675324675325,0.0,0.0,11.753246753246753,1.37987012987013,0.0,0.00487012987012987,0.003246753246753247,0.0,0.663961038961039,0.43344155844155846,0.030844155844155844,0.03571428571428571,1.0633116883116882
326,866,4,1.0877551020408163,0.08673469387755102,0.45918367346938777,4.094897959183673,0.0,0.0,0.0,0.17142857142857143,0.0,0.0,0.018367346938775512,0.0,0.027551020408163266,0.16326530612244897,0.061224489795918366,0.0,0.0,0.0,0.0,10.986734693877551,0.015306122448979591,2.7775510204081635,0.0,6.392857142857143,2.454081632653061,0.14183673469387756,4.1755102040816325,0.0,0.1,0.06836734693877551,0.2724489795918367,0.0,0.0,15.408163265306122,2.039795918367347,0.0,0.04387755102040816,0.0,0.0,0.5520408163265306,0.5581632653061225,0.0,0.05408163265306123,0.0
326,1440,4,0.6223277909738717,0.0665083135391924,1.4441805225653206,2.3895486935866983,0.0,0.0,0.0,0.021377672209026127,0.0,0.0,0.0,0.0,0.0,0.1995249406175772,0.0498812351543943,0.0,0.0,0.0,0.0,7.280285035629453,0.05463182897862233,2.643705463182898,0.0,2.320665083135392,0.4584323040380047,0.2589073634204275,6.052256532066508,0.0,0.0,0.2826603325415677,0.0,0.0,0.0,10.805225653206652,1.0166270783847982,0.0,0.29691211401425177,0.21140142517814728,0.0,0.166270783847981,0.5154394299287411,0.0,0.03800475059382423,0.0
325,1481,4,11.668874172185431,0.0728476821192053,0.6688741721854304,4.011037527593819,0.0,0.0,0.0,0.08167770419426049,0.0,0.0,0.0,0.0,0.0,0.08167770419426049,0.0,0.0,0.0,0.0,0.0,8.101545253863135,0.0,6.430463576158941,0.0,5.057395143487859,2.377483443708609,0.02207505518763797,6.02869757174393,0.0,0.0,0.09050772626931568,0.06181015452538632,0.0,0.004415011037527594,18.233995584988964,1.7439293598233996,0.0,0.08167770419426049,0.002207505518763797,0.0,0.3620309050772627,0.9315673289183223,0.0,7.004415011037527,0.052980132450331126
324,1753,4,0.8620689655172413,0.07758620689655173,0.6522988505747126,3.9913793103448274,0.0,0.0,0.0,0.0,0.0,0.0,0.0,0.0,0.0,0.0603448275862069,0.0,0.0,0.0,0.0,0.0,12.198275862068966,0.008620689655172414,4.718390804597701,0.0,18.896551724137932,3.132183908045977,0.514367816091954,5.014367816091954,0.0,0.04597701149425287,0.382183908045977,0.0,0.0,0.02586206896551724,18.399425287356323,2.2586206896551726,0.0,0.23563218390804597,0.040229885057471264,0.0,1.1235632183908046,0.5833333333333334,0.0,0.11206896551724138,0.031609195402298854
339,1815,4,0.7285223367697594,0.07560137457044673,0.718213058419244,2.7731958762886597,0.0,0.0,0.0,0.0,0.0,0.0,0.0,0.0,0.0,0.22336769759450173,0.0,0.0,0.0,0.0,0.058419243986254296,8.529209621993127,0.041237113402061855,3.6804123711340204,0.0,5.752577319587629,1.6529209621993126,0.5085910652920962,5.305841924398625,0.0,0.0,0.4570446735395189,0.0,0.0,0.0,14.006872852233677,1.3230240549828178,0.0,0.12027491408934708,0.0,0.0,0.46048109965635736,0.5085910652920962,0.0,0.05154639175257732,1.563573883161512
328,704,4,0.7248182762201454,0.0976116303219107,0.7455867082035307,4.229491173416407,0.0,0.007268951194184839,0.0,0.0,0.0,0.0,0.0,0.0,0.007268951194184839,0.036344755970924195,0.0,0.0,0.0,0.0,0.0,11.045690550363448,0.07476635514018691,5.050882658359294,0.0,11.500519210799585,3.115264797507788,1.3167185877466252,5.376947040498442,0.0,0.0,0.6407061266874351,0.0,0.0,0.0,20.286604361370717,2.0332294911734166,0.0778816199376947,0.8161993769470405,0.01557632398753894,0.0,0.8463136033229491,0.5898234683281413,0.0,0.04672897196261682,0.0
337,896,4,0.8938547486033519,0.07635009310986965,1.4916201117318435,2.7858472998137804,0.0,0.0,0.0,0.0,0.0,0.0,0.0,0.0,0.0,0.0595903165735568,0.0,0.0,0.0,0.0,0.0,9.541899441340782,0.00558659217877095,2.6517690875232773,0.0,3.4655493482309123,0.6070763500931099,0.29236499068901306,6.964618249534451,0.0,0.0,0.037243947858473,0.0,0.0,0.0,11.992551210428305,1.277467411545624,0.0,0.21787709497206703,0.03165735567970205,0.0,0.8584729981378026,0.5437616387337058,0.0,0.054003724394785846,0.0
336,1196,4,0.6742209631728046,0.0906515580736544,0.7884796978281398,3.8640226628895182,0.0,0.009442870632672332,0.0,0.0226628895184136,0.0,0.009442870632672332,0.0,0.0,0.0,0.2077431539187913,0.003777148253068933,0.0,0.0,0.02644003777148253,0.0,13.136921624173748,0.0113314447592068,3.003777148253069,0.0,9.051935788479698,2.461756373937677,0.11331444759206799,3.6298394711992445,0.0,0.0,0.11520302171860246,0.11803588290840415,0.0,0.0,17.056657223796034,2.320113314447592,0.0,0.16336166194523136,0.047214353163361665,0.0,0.6619452313503305,0.5637393767705382,0.0,0.04154863078375826,0.1907459867799811
323,1653,7,0.693854748603352,0.0670391061452514,2.2569832402234637,3.2055865921787707,0.0,0.00782122905027933,0.0,0.1217877094972067,0.0,0.0,0.0,0.0,0.0,0.10726256983240223,0.02011173184357542,0.0,0.0,0.0,0.0,13.270391061452514,0.18659217877094972,3.2100558659217877,0.0,5.120670391061452,1.1396648044692737,0.13854748603351955,10.130726256983241,0.0,0.0,0.5340782122905028,0.0,0.0,0.0,14.515083798882682,1.3318435754189943,0.0,0.9039106145251397,0.06256983240223464,0.0,0.29832402234636873,0.529608938547486,0.0,0.05251396648044693,0.0
335,1589,12,0.7243589743589743,0.07051282051282051,0.8717948717948718,3.621794871794872,0.0,0.0,0.0,0.5128205128205128,0.0,0.0,0.6666666666666666,0.0,0.24358974358974358,2.7756410256410255,1.7179487179487178,0.0,0.0,0.0,1.2371794871794872,2.2243589743589745,0.16025641025641027,8.044871794871796,0.0,3.5384615384615383,1.858974358974359,2.3461538461538463,10.352564102564102,0.0,0.0,0.27564102564102566,0.0,0.1794871794871795,0.0,21.525641025641026,2.0576923076923075,0.0,0.0,0.0,0.2564102564102564,0.1794871794871795,0.7307692307692307,0.0,0.1282051282051282,0.0
331,113,4,2.0953150242326335,0.1147011308562197,0.16639741518578352,3.9176090468497575,0.0,0.05331179321486268,0.0,1.0387722132471728,0.0,0.0,0.0,0.0,0.0,1.0290791599353797,0.3069466882067851,0.0,0.12277867528271405,0.39418416801292405,0.0,12.474959612277868,0.0,9.022617124394184,0.0,3.159935379644588,2.4329563812600967,0.4410339256865913,3.5621970920840065,0.0,0.0,0.0,0.0,0.0,0.0,19.21324717285945,1.481421647819063,0.0,0.0,0.1470113085621971,0.0,0.5912762520193862,0.5945072697899838,0.5525040387722132,0.4087237479806139,7.1340872374798066
325,319,4,0.7248576850094877,0.13282732447817835,0.9506641366223909,3.764705882352941,0.0,0.0,0.0,0.0,0.0,0.0,0.0,0.0,0.0,0.0,0.0,0.0,0.0,0.0,0.0,18.554079696394687,0.0,1.2087286527514232,0.0,8.747628083491461,0.9278937381404174,0.17836812144212524,3.2466793168880455,0.0,0.0,0.2618595825426945,0.0,0.0,0.0,14.070208728652752,1.8368121442125238,0.0,0.4686907020872865,0.0018975332068311196,0.0,0.5180265654648957,0.4667931688804554,0.0,0.020872865275142316,0.0
328,582,8,0.697986577181208,0.0738255033557047,0.4697986577181208,3.6912751677852347,0.0,0.0,0.0,0.0,0.0,0.0,0.0,0.0,0.0,0.087248322147651,0.0,0.0,0.0,0.0,0.0,13.906040268456376,0.0,3.5503355704697985,0.0,17.29530201342282,2.7315436241610738,0.1342281879194631,3.530201342281879,0.0,0.0,0.0,0.0,0.0,0.0,14.093959731543624,2.248322147651007,0.0,0.0,0.0,0.0,1.3154362416107384,0.4899328859060403,0.0,0.053691275167785234,0.0
331,954,4,0.8683274021352313,0.08540925266903915,0.6761565836298933,4.451957295373665,0.0,0.0,0.0,0.09608540925266904,0.0,0.0,0.3096085409252669,0.0,0.060498220640569395,1.1245551601423487,0.501779359430605,0.0,0.0,0.0,0.0711743772241993,15.875444839857652,0.0035587188612099642,2.5693950177935942,0.0,12.829181494661922,5.124555160142349,0.298932384341637,5.213523131672598,0.0,0.0,0.23843416370106763,0.0,0.0,0.0,18.373665480427047,2.6512455516014235,0.0,0.26334519572953735,0.05693950177935943,0.017793594306049824,0.8576512455516014,0.47686832740213525,0.0,0.05693950177935943,8.740213523131672
339,1131,4,0.556350626118068,0.08944543828264759,0.7817531305903399,3.2468694096601074,0.0,0.0,0.0,0.02146690518783542,0.0,0.0,0.0,0.0,0.0,0.0,0.0,0.0,0.0,0.0,0.0,12.211091234347048,0.0,2.629695885509839,0.0,6.930232558139535,1.9481216457960644,0.1252236135957066,5.72093023255814,0.0,0.0,0.0,0.0,0.0,0.0,15.237924865831843,1.9713774597495528,0.0,0.0,0.10196779964221825,0.0,0.38998211091234347,0.5438282647584973,0.0,0.023255813953488372,0.0
329,35,4,0.5959839357429719,0.07309236947791165,0.7333333333333333,3.9983935742971886,0.0,0.0,0.0,0.0,0.0,0.0,0.0,0.0,0.0,0.0,0.0,0.0,0.0,0.0,0.0,14.158232931726907,0.02891566265060241,3.0281124497991967,0.0,8.062650602409638,2.3180722891566266,0.03855421686746988,3.8265060240963855,0.0,0.0,0.07389558232931727,0.04257028112449799,0.0,0.0,16.991967871485944,2.2096385542168675,0.0,0.14216867469879518,0.0819277108433735,0.0,0.6080321285140562,0.5493975903614458,0.0,0.030522088353413655,0.0
327,825,4,0.720164609053498,0.11934156378600823,0.49794238683127573,2.962962962962963,0.0,0.0,0.0,0.0,0.0,0.0,0.08641975308641975,0.0,0.0,0.42386831275720166,0.06584362139917696,0.0,0.0,0.0,0.2962962962962963,12.707818930041153,0.0,2.6707818930041154,0.0,6.185185185185185,1.2181069958847737,0.1934156378600823,5.238683127572016,0.0,0.0,0.0,0.0,0.0,0.0,11.308641975308642,1.382716049382716,0.0,0.0,0.0,0.0,0.27983539094650206,0.48148148148148145,0.0,0.012345679012345678,0.0
332,1563,12,0.7777777777777778,0.09803921568627451,0.8235294117647058,3.6666666666666665,0.0,0.0,0.0,0.0,0.0,0.0,0.0,0.0,0.0,0.0,0.0,0.0,0.0,0.0,0.0,12.03921568627451,0.0,2.2091503267973858,0.0,7.816993464052287,1.8758169934640523,0.11764705882352941,3.712418300653595,0.0,0.0,0.0,0.0,0.0,0.0,15.457516339869281,2.281045751633987,0.0,0.30718954248366015,0.1503267973856209,0.0,0.39869281045751637,0.477124183006536,0.0,0.05228758169934641,0.0
330,1802,4,0.7821138211382114,0.08455284552845528,0.3154471544715447,4.300813008130081,0.0,0.17073170731707318,0.0,1.367479674796748,0.0,0.0,0.0,0.0,0.0,2.078048780487805,0.3333333333333333,0.0,0.0,0.06666666666666667,0.07154471544715447,8.75609756097561,0.026016260162601626,10.640650406504065,0.0,4.385365853658537,2.4682926829268292,0.8130081300813008,5.895934959349593,0.0,0.0,0.0016260162601626016,0.0,0.0,0.0,21.73170731707317,2.1951219512195124,0.0,0.024390243902439025,0.14634146341463414,0.0,0.5382113821138211,0.5756097560975609,0.0,0.08943089430894309,1.8504065040650406
331,337,4,0.752,0.096,0.8186666666666667,4.434666666666667,0.0,0.0,0.0,0.0,0.0,0.0,0.0,0.0,0.0,0.0,0.0,0.0,0.0,0.0,0.0,12.616,0.08533333333333333,5.530666666666667,0.0,10.850666666666667,2.978666666666667,1.848,6.714666666666667,0.0,0.0,0.3333333333333333,0.0,0.0,0.0,20.794666666666668,2.2133333333333334,0.336,0.416,0.0,0.0,0.712,0.6426666666666667,0.0,0.07466666666666667,0.0
335,441,4,0.7322580645161291,0.054838709677419356,0.8903225806451613,2.5612903225806454,0.0,0.0,0.0,0.02903225806451613,0.0,0.0,0.0,0.0,0.0,0.12903225806451613,0.03225806451612903,0.0,0.0,0.0,0.0,10.570967741935483,0.0,3.274193548387097,0.0,8.725806451612904,1.5677419354838709,0.7064516129032258,6.258064516129032,0.0,0.0,0.0,0.0,0.0,0.0,11.303225806451612,1.3774193548387097,0.0,0.0,0.0064516129032258064,0.0,0.5548387096774193,0.44516129032258067,0.0,0.02903225806451613,0.07096774193548387
336,1772,4,0.6473988439306358,0.10404624277456648,0.2928709055876686,4.527938342967245,0.0,0.0,0.0,0.0,0.0,0.0,0.04046242774566474,0.0,0.0,0.42003853564547206,0.0,0.0,0.0,0.0,0.0,14.389210019267823,0.0,2.3140655105973025,0.0,9.655105973025048,3.932562620423892,0.24855491329479767,4.776493256262042,0.0,0.0,0.0,0.2813102119460501,0.0,0.0,17.606936416184972,2.585741811175337,0.0,0.03275529865125241,0.0038535645472061657,0.0,0.6589595375722543,0.4142581888246628,0.0,0.03275529865125241,0.48747591522157996
330,1849,4,0.7418604651162791,0.08837209302325581,0.8662790697674418,4.565116279069767,0.0,0.0,0.0,0.0,0.0,0.0,0.0,0.0,0.0,0.05232558139534884,0.04534883720930233,0.0,0.0,0.002325581395348837,0.0,13.324418604651163,0.053488372093023255,4.551162790697674,0.0,14.454651162790698,2.547674418604651,0.8093023255813954,5.506976744186047,0.0,0.0,0.23604651162790696,0.0,0.0,0.06511627906976744,20.76279069767442,2.145348837209302,0.0,0.15348837209302327,0.09069767441860466,0.0,0.9848837209302326,0.6267441860465116,0.0,0.04186046511627907,0.005813953488372093
338,308,4,0.6957983193277311,0.1226890756302521,0.8016806722689076,4.512605042016807,0.0,0.0,0.0,0.0,0.0,0.0,0.008403361344537815,0.0,0.0,0.08907563025210084,0.025210084033613446,0.0,0.0,0.0,0.09747899159663866,16.1781512605042,0.06386554621848739,5.055462184873949,0.0,20.783193277310925,2.7529411764705882,1.1294117647058823,5.552941176470588,0.0,0.2,0.7764705882352941,0.0,0.0,0.0,22.26050420168067,2.161344537815126,0.0,0.3310924369747899,0.07226890756302522,0.0,1.3092436974789916,0.6621848739495798,0.0,0.06218487394957983,0.018487394957983194
343,423,4,0.7466666666666667,0.10518518518518519,0.7703703703703704,3.0044444444444443,0.0,0.0,0.037037037037037035,0.0,0.0,0.0,0.0,0.0,0.0,0.0,0.0,0.0,0.0,0.0,0.0,12.965925925925927,0.0,3.025185185185185,0.0,6.24,1.551111111111111,0.3437037037037037,4.684444444444445,0.0,0.0,0.0,0.09777777777777778,0.0,0.0,12.594074074074074,1.4933333333333334,0.0,0.3837037037037037,0.02074074074074074,0.0,0.4177777777777778,0.48148148148148145,0.0,0.09333333333333334,0.0
337,794,5,0.6751445086705202,0.07398843930635839,0.3919075144508671,3.0820809248554912,0.0,0.0,0.0,0.0,0.0,0.0,0.0,0.0,0.0,0.023121387283236993,0.0,0.0,0.0,0.0,0.0,9.635838150289016,0.0,2.424277456647399,0.0,8.191907514450866,2.0601156069364164,0.14566473988439307,3.1017341040462427,0.0,0.0,0.016184971098265895,0.020809248554913295,0.0,0.0,12.998843930635838,1.7410404624277456,0.0,0.05317919075144509,0.027745664739884393,0.0,0.9144508670520232,0.43815028901734104,0.0,0.027745664739884393,0.0
329,1382,4,0.7880434782608695,0.14266304347826086,0.6345108695652174,4.572010869565218,0.0,0.0,0.0,0.264945652173913,0.0,0.0,0.4008152173913043,0.0,0.3220108695652174,1.3016304347826086,0.6983695652173914,0.0,0.008152173913043478,0.14673913043478262,0.033967391304347824,13.567934782608695,0.025815217391304348,12.547554347826088,0.3328804347826087,13.740489130434783,8.03804347826087,0.375,7.782608695652174,0.0,0.0,0.021739130434782608,0.0,0.0,0.0,18.661684782608695,2.5176630434782608,0.0,0.2608695652173913,0.22146739130434784,0.0,1.0720108695652173,0.5679347826086957,0.0,0.09375,2.9144021739130435
335,500,4,0.6320754716981132,0.12264150943396226,1.179245283018868,3.688679245283019,0.0,0.0,0.0,0.0,0.0,0.0,0.0,0.0,0.0,0.0,0.0,0.0,0.0,0.0,0.0,13.69811320754717,0.0660377358490566,4.433962264150943,0.0,8.924528301886792,1.8773584905660377,0.09433962264150944,6.971698113207547,0.0,0.0,0.330188679245283,0.0,0.0,0.0,16.754716981132077,1.6981132075471699,0.0,0.3584905660377358,0.009433962264150943,0.0,0.6132075471698113,0.5849056603773585,0.0,0.08490566037735849,0.0
332,526,12,0.6394557823129252,0.08390022675736962,0.47845804988662133,3.2947845804988662,0.0,0.0,0.0,0.0,0.0,0.0,0.05442176870748299,0.0,0.013605442176870748,0.16780045351473924,0.08163265306122448,0.0,0.0,0.0,0.0,11.047619047619047,0.015873015873015872,2.3197278911564627,0.0,12.816326530612244,1.4875283446712018,0.30612244897959184,5.551020408163265,0.0,0.0,0.48072562358276644,0.0,0.0,0.0,13.217687074829932,1.689342403628118,0.0,0.11791383219954649,0.0,0.0,0.9115646258503401,0.5238095238095238,0.0,0.03854875283446712,0.0
333,211,4,0.6145251396648045,0.09217877094972067,0.20391061452513967,3.622905027932961,0.0,0.0223463687150838,0.0,0.13128491620111732,0.0,0.0,0.10335195530726257,0.0,0.0782122905027933,0.8128491620111732,0.3994413407821229,0.0,0.0,0.7206703910614525,0.0,10.994413407821229,0.0223463687150838,13.3268156424581,0.0,10.997206703910615,2.53072625698324,0.2849162011173184,4.575418994413408,0.0,0.0,0.11452513966480447,0.0,0.0,0.0,15.466480446927374,1.8798882681564246,0.0,0.05865921787709497,0.2346368715083799,0.0,0.8324022346368715,0.5363128491620112,0.0111731843575419,0.04748603351955307,7.106145251396648
339,548,12,0.6167979002624672,0.06036745406824147,0.5984251968503937,2.5118110236220472,0.0,0.0,0.0,0.0,0.0,0.0,0.0,0.0,0.0,0.0,0.0,0.0,0.0,0.0,0.0,5.110236220472441,0.0,2.3805774278215224,0.0,2.661417322834646,0.847769028871391,0.24671916010498687,4.902887139107611,0.0,0.0,0.0,0.0,0.0,0.0,11.280839895013123,1.3963254593175853,0.0,0.0,0.06036745406824147,0.0,0.09711286089238845,0.49343832020997375,0.0,0.03937007874015748,0.0
336,932,4,0.754601226993865,0.10224948875255624,0.35787321063394684,3.6973415132924337,0.0,0.02044989775051125,0.0,0.40286298568507156,0.0,0.0,0.0,0.065439672801636,0.0,0.32515337423312884,0.25971370143149286,0.0,0.00408997955010225,0.17177914110429449,0.0,11.112474437627812,0.0,4.940695296523518,0.0,11.14519427402863,3.5869120654396727,0.014314928425357873,3.922290388548057,0.0,0.11247443762781185,0.13496932515337423,0.0,0.0,0.23517382413087934,15.120654396728016,2.0408997955010224,0.0,0.0,0.07566462167689161,0.0,0.9488752556237219,0.48261758691206547,0.39059304703476483,0.07975460122699386,6.23517382413088
339,1008,4,0.5924932975871313,0.11796246648793565,0.7345844504021448,4.2198391420911525,0.0,0.002680965147453083,0.0,0.08042895442359249,0.0,0.0,0.0,0.0,0.0,0.05093833780160858,0.005361930294906166,0.002680965147453083,0.0,0.002680965147453083,0.0,13.847184986595174,0.0,2.9490616621983916,0.0,10.613941018766756,3.155495978552279,0.1260053619302949,6.136729222520107,0.0,0.0,0.10455764075067024,0.0,0.0,0.0,18.766756032171582,2.6729222520107236,0.0,0.0,0.05630026809651475,0.0,0.7560321715817694,0.5281501340482574,0.0,0.032171581769437,0.0
348,1898,4,0.6770963704630788,0.08760951188986232,1.2853566958698373,3.564455569461827,0.0,0.0,0.0,0.0,0.0,0.0,0.0,0.0,0.0,0.0,0.0,0.0,0.0,0.0,0.0,9.690863579474343,0.03754693366708386,2.4630788485607007,0.0,5.5494367959949935,1.690863579474343,0.35168961201501875,6.020025031289111,0.0,0.0,0.023779724655819776,0.10387984981226533,0.0,0.0,16.240300375469335,2.086357947434293,0.0,0.13642052565707133,0.11639549436795996,0.0,0.32665832290362956,0.5006257822277848,0.0,0.04005006257822278,0.0
349,1068,4,0.757679180887372,0.1037542662116041,0.49351535836177474,3.6641638225255972,0.0,0.08464163822525597,0.0,0.0,0.0,0.0,0.0,0.0,0.0,0.0,0.0,0.0,0.0,0.0,0.0,11.545392491467577,0.026621160409556314,3.503071672354949,0.0,10.067576791808873,1.5255972696245734,0.5747440273037543,5.90580204778157,0.0,0.14812286689419796,0.5044368600682594,0.0,0.0,0.0,19.31126279863481,1.8313993174061434,0.0,0.20273037542662117,0.049146757679180884,0.0,0.741296928327645,0.6136518771331058,0.0,0.049829351535836175,0.0
343,1512,4,0.549512987012987,0.08116883116883117,1.0121753246753247,3.6217532467532467,0.0,0.0,0.0,0.0,0.0,0.0,0.0,0.0,0.0,0.0,0.0,0.0,0.0,0.0,0.0,14.116071428571429,0.026785714285714284,2.737824675324675,0.0,10.387175324675324,1.6193181818181819,0.07548701298701299,6.029220779220779,0.0,0.0,0.11282467532467533,0.07711038961038962,0.0,0.0,15.616883116883116,1.9569805194805194,0.0,0.19967532467532467,0.04301948051948052,0.0,0.6461038961038961,0.5616883116883117,0.0,0.030032467532467532,0.003246753246753247
342,481,11,0.7779097387173397,0.11163895486935867,0.36104513064133015,4.771971496437055,0.0,0.0059382422802850355,0.0,0.06294536817102138,0.0,0.0,0.0,0.0,0.0,0.07719714964370546,0.020190023752969122,0.0,0.0,0.0,0.029691211401425176,13.410926365795724,0.0,5.846793349168646,0.0,15.46793349168646,4.228028503562945,0.3527315914489311,5.520190023752969,0.06769596199524941,0.0,0.3004750593824228,0.026128266033254157,0.0,0.0,20.434679334916865,2.5332541567695963,0.0,0.22209026128266032,0.03800475059382423,0.0,1.017814726840855,0.5688836104513064,0.0,0.055819477434679333,0.02494061757719715
342,1094,4,0.6309751434034416,0.06883365200764818,0.3231357552581262,3.676864244741874,0.0,0.0,0.0,0.0,0.0,0.0,0.0,0.0,0.0,0.3919694072657744,0.0,0.0,0.0,0.0,0.0,10.81453154875717,0.0,2.1548757170172084,0.0,13.625239005736137,1.8221797323135756,0.2294455066921606,4.261950286806884,0.0,0.0,0.1988527724665392,0.0,0.0,1.3652007648183557,13.91395793499044,1.9483747609942639,0.0,0.02676864244741874,0.0,0.0,0.9254302103250478,0.502868068833652,0.0,0.036328871892925434,0.0
340,595,6,0.4910277324632953,0.06035889070146819,2.0309951060358893,2.8548123980424145,0.0,0.0,0.0,0.0,0.0,0.0,0.0,0.0,0.0,0.0,0.0,0.0,0.0,0.0,0.0,9.474714518760196,0.13376835236541598,2.905383360522023,0.0,3.902120717781403,1.1305057096247961,0.33442088091353994,7.512234910277325,0.0,0.0,0.12071778140293637,0.0,0.0,0.0,13.605220228384992,1.3132137030995106,0.0,0.5122349102773246,0.13376835236541598,0.0,0.19902120717781402,0.5595432300163132,0.0,0.040783034257748776,0.0
344,1369,4,0.8,0.090625,0.7,3.94375,0.0,0.003125,0.0,0.728125,0.0,0.0,0.41875,0.0,0.253125,1.7,0.63125,0.0,0.0,0.096875,0.0,9.103125,0.028125,3.25,0.0,6.475,3.24375,0.34375,6.13125,0.0,0.0,0.225,0.0,0.0,0.0,16.55,2.41875,0.0,0.31875,0.109375,0.0,0.60625,0.49375,0.0,0.090625,2.1625
342,1421,4,0.5797101449275363,0.0893719806763285,0.893719806763285,4.084541062801932,0.0,0.0,0.0,0.0,0.0,0.0,0.016908212560386472,0.0,0.0,0.043478260869565216,0.0,0.0,0.0,0.0,0.0,14.391304347826088,0.0,4.108695652173913,0.0,10.623188405797102,2.497584541062802,0.007246376811594203,4.528985507246377,0.0,0.0,0.10144927536231885,0.0,0.0,0.0,17.61111111111111,1.9879227053140096,0.0,0.021739130434782608,0.10386473429951691,0.0,0.7101449275362319,0.533816425120773,0.0,0.014492753623188406,0.0
338,177,4,0.7187948350071736,0.12769010043041606,0.44763271162123386,4.889526542324247,0.0,0.0,0.0,0.0,0.0,0.0,0.040172166427546625,0.0,0.020086083213773313,0.13629842180774748,0.03443328550932568,0.0,0.0,0.0,0.00430416068866571,14.615494978479196,0.0,4.140602582496413,0.0,9.255380200860833,3.684361549497848,0.0014347202295552368,4.892395982783357,0.0,0.0,0.007173601147776184,0.0975609756097561,0.0,0.0,20.905308464849355,2.472022955523673,0.0,0.0,0.0,0.0,0.6901004304160688,0.6456241032998565,0.0,0.09469153515064563,0.06743185078909612
338,397,4,0.5625,0.09539473684210527,0.680921052631579,3.976973684210526,0.0,0.0,0.0,0.0,0.0,0.0,0.0,0.0,0.0,0.0,0.0,0.0,0.0,0.0,0.0,15.582236842105264,0.0,1.7894736842105263,0.0,8.279605263157896,1.3355263157894737,0.15460526315789475,4.384868421052632,0.0,0.0,0.0,0.4144736842105263,0.0,0.0,13.980263157894736,1.894736842105263,0.0,0.25,0.12828947368421054,0.0,1.144736842105263,0.4276315789473684,0.0,0.03289473684210526,0.0
338,1656,5,0.5853018372703412,0.07611548556430446,1.041994750656168,2.7664041994750654,0.0,0.0,0.0,0.0,0.0,0.0,0.0,0.0,0.0,0.0,0.0,0.0,0.0,0.0,0.0,10.67716535433071,0.0,2.425196850393701,0.0,7.671916010498688,1.5826771653543308,0.6692913385826772,5.097112860892389,0.0,0.0,0.29133858267716534,0.15223097112860892,0.0,0.0,12.299212598425196,1.5065616797900263,0.0,0.44881889763779526,0.0,0.0,0.5826771653543307,0.44881889763779526,0.0,0.049868766404199474,0.0
342,357,4,0.7150837988826816,0.03910614525139665,1.488826815642458,4.567039106145251,0.0,0.0,0.0,0.09217877094972067,0.0,0.0,0.61731843575419,0.0,0.2905027932960894,2.606145251396648,1.5837988826815643,0.0,0.0,0.013966480446927373,0.9581005586592178,4.4972067039106145,0.07262569832402235,5.039106145251397,0.2541899441340782,5.332402234636872,4.5474860335195535,2.310055865921788,11.594972067039107,0.0,0.0,0.5754189944134078,0.0,0.05027932960893855,0.0,23.09776536312849,2.421787709497207,0.0,0.5223463687150838,0.00558659217877095,0.20391061452513967,0.48324022346368717,0.5810055865921788,0.0,0.1424581005586592,0.3854748603351955
343,768,4,0.5421686746987951,0.07228915662650602,1.1036144578313254,2.424096385542169,0.0,0.0,0.0,0.043373493975903614,0.0,0.0,0.0,0.0,0.0,0.14457831325301204,0.0024096385542168677,0.0,0.0,0.0,0.0,8.56144578313253,0.0,4.021686746987951,0.0,2.9156626506024095,0.5084337349397591,0.39518072289156625,5.971084337349398,0.0,0.0,0.05783132530120482,0.0,0.0,0.0,10.065060240963856,1.0939759036144578,0.0,0.05060240963855422,0.004819277108433735,0.0,0.29397590361445786,0.41204819277108434,0.0,0.04096385542168675,0.0
346,1721,8,2.1878048780487807,0.1048780487804878,0.35365853658536583,3.9097560975609755,0.0,0.0,0.0,0.01707317073170732,0.0,0.0,0.0,0.0,0.0,0.0975609756097561,0.01951219512195122,0.0,0.0,0.1073170731707317,0.0,9.229268292682926,0.0,4.012195121951219,0.0,5.85609756097561,2.5390243902439025,0.2146341463414634,4.719512195121951,0.0,0.04390243902439024,0.23170731707317074,0.1,0.0,0.0,16.865853658536587,2.148780487804878,0.0,0.0,0.024390243902439025,0.0,0.4097560975609756,0.6048780487804878,0.0,0.11463414634146342,0.0
346,194,4,0.6705882352941176,0.12941176470588237,0.7109243697478992,5.4184873949579835,0.0,0.0,0.0,0.0,0.0,0.0,0.32605042016806723,0.0,0.0,1.2789915966386554,0.3949579831932773,0.0,0.0,0.0,0.02689075630252101,16.873949579831933,0.10588235294117647,4.890756302521009,0.0,8.194957983193277,3.489075630252101,0.7949579831932773,6.326050420168067,0.0,0.0,0.12436974789915967,0.0,0.0,0.0,23.672268907563026,2.346218487394958,0.0,0.146218487394958,0.15126050420168066,0.0,0.46554621848739497,0.653781512605042,0.0,0.07058823529411765,1.6067226890756303
340,984,4,0.6162361623616236,0.04797047970479705,0.6494464944649446,2.4649446494464944,0.0,0.0,0.0,0.0,0.0,0.0,0.0,0.0,0.0,0.0,0.0,0.0,0.0,0.0,0.0,7.376383763837638,0.0,2.007380073800738,0.0,3.738007380073801,0.3837638376383764,0.12915129151291513,3.8154981549815496,0.0,0.0,0.0,0.0,0.0,0.0,10.435424354243542,1.0590405904059041,0.0,0.0,0.07749077490774908,0.0,1.066420664206642,0.4797047970479705,0.0,0.04059040590405904,0.0
347,1034,4,0.5970149253731343,0.029850746268656716,1.455223880597015,2.4029850746268657,0.0,0.0,0.0,0.0,0.0,0.0,0.0,0.0,0.0,0.0,0.0,0.0,0.0,0.0,0.0,7.817164179104478,0.05223880597014925,1.9813432835820894,0.0,1.75,0.43656716417910446,0.30223880597014924,8.16044776119403,0.0,0.0,0.055970149253731345,0.0,0.0,0.0,11.652985074626866,1.0261194029850746,0.0,0.25,0.03731343283582089,0.0,0.0,0.5,0.0,0.03731343283582089,0.0
357,1858,4,0.5521172638436482,0.07003257328990228,2.043973941368078,2.993485342019544,0.0,0.0,0.0,0.0,0.0,0.0,0.0,0.0,0.0,0.003257328990228013,0.0,0.0,0.0,0.0,0.0,12.307817589576548,0.10749185667752444,3.047231270358306,0.0,4.1107491856677525,1.0700325732899023,0.38273615635179153,8.485342019543975,0.0,0.0,0.10586319218241043,0.0,0.0,0.0,13.651465798045603,1.4153094462540716,0.0,0.4169381107491857,0.09771986970684039,0.0,0.2182410423452769,0.5342019543973942,0.0,0.02768729641693811,0.0
341,1488,4,0.787719298245614,0.11315789473684211,0.8991228070175439,5.019298245614035,0.0,0.0008771929824561404,0.0,0.005263157894736842,0.0,0.0,0.0,0.0,0.0,0.012280701754385965,0.0412280701754386,0.0,0.0,0.0,0.0,14.076315789473684,0.03333333333333333,3.4973684210526317,0.0,14.939473684210526,3.837719298245614,0.8640350877192983,5.319298245614035,0.12368421052631579,2.268421052631579,5.519298245614035,0.07719298245614035,0.0,0.0,23.839473684210525,2.491228070175439,0.15526315789473685,0.781578947368421,0.09824561403508772,0.0,1.0578947368421052,0.6885964912280702,0.0,0.04736842105263158,0.10964912280701754
348,836,4,0.8857142857142857,0.1,0.32142857142857145,4.992857142857143,0.0,0.0,0.0,0.017857142857142856,0.0,0.0,0.0,0.0,0.0,0.03571428571428571,0.0,0.0,0.0,0.0,0.0,14.857142857142858,0.0,4.171428571428572,0.0,27.039285714285715,4.285714285714286,0.2892857142857143,4.660714285714286,0.0,0.17857142857142858,0.2642857142857143,0.0,0.0,0.0,22.064285714285713,3.0892857142857144,0.0,0.3392857142857143,0.0,0.0,1.6464285714285714,0.6285714285714286,0.0,0.09285714285714286,0.0
343,1241,4,0.6894049346879536,0.08563134978229318,2.0537010159651667,2.8403483309143684,0.0,0.02467343976777939,0.0,0.14513788098693758,0.0,0.0,0.0,0.0,0.0,0.17271407837445574,0.010159651669085631,0.0,0.0,0.01451378809869376,0.026124818577648767,5.965166908563135,0.05805515239477504,2.7779390420899857,0.0,5.068214804063861,1.4034833091436865,0.5645863570391872,11.876632801161103,0.008708272859216255,0.0,0.03773584905660377,0.0,0.0,0.0,14.098693759071118,1.625544267053701,0.0,0.5457184325108854,0.23802612481857766,0.0,0.34107402031930334,0.5805515239477503,0.0,0.06095791001451379,0.03193033381712627
342,1451,4,0.7068965517241379,0.09482758620689655,0.9827586206896551,4.375,0.0,0.0,0.0,0.10775862068965517,0.0,0.0,0.0,0.0,0.0,0.0,0.21551724137931033,0.0,0.3793103448275862,0.0,0.0,13.21551724137931,0.017241379310344827,3.4956896551724137,0.0,16.564655172413794,3.853448275862069,0.04310344827586207,5.655172413793103,0.008620689655172414,0.0,0.2543103448275862,0.0,0.0,0.0,19.0,2.3577586206896552,0.0,0.41810344827586204,0.09913793103448276,0.0,1.1896551724137931,0.7198275862068966,0.0,0.08620689655172414,0.0
351,521,6,1.1379310344827587,0.0603448275862069,1.3620689655172413,2.896551724137931,0.0,0.0,0.0,0.0,0.0,0.0,0.0,0.0,0.0,0.29310344827586204,0.0,0.0,0.0,0.0,0.07758620689655173,5.551724137931035,0.0,5.560344827586207,0.0,2.1379310344827585,1.3706896551724137,0.05172413793103448,6.9655172413793105,0.0,0.0,0.29310344827586204,0.0,0.0,0.0,14.991379310344827,1.2413793103448276,0.0,0.27586206896551724,0.0,0.0,0.1206896551724138,0.7155172413793104,0.0,0.2413793103448276,0.0
357,710,4,0.574235807860262,0.11790393013100436,0.5502183406113537,4.600436681222708,0.0,0.026200873362445413,0.0,0.185589519650655,0.0,0.0,0.2423580786026201,0.0,0.23580786026200873,1.4716157205240175,0.7074235807860262,0.0,0.0,0.11572052401746726,0.09388646288209607,19.61353711790393,0.03056768558951965,3.3209606986899565,0.0,11.04585152838428,4.4803493449781655,0.4104803493449782,6.137554585152839,0.0,0.0,0.12663755458515283,0.0,0.0,0.0,17.299126637554586,2.423580786026201,0.0,0.5043668122270742,0.11790393013100436,0.0,0.7925764192139738,0.4847161572052402,0.0,0.08296943231441048,5.403930131004367
347,817,12,0.8925049309664694,0.09664694280078895,0.5374753451676528,3.6025641025641026,0.0,0.0,0.0,0.0,0.0,0.0,0.0,0.0,0.0,0.013806706114398421,0.0,0.0,0.0,0.0,0.0,12.84516765285996,0.015779092702169626,2.5828402366863905,0.0,9.919132149901381,1.9940828402366864,0.4625246548323471,4.04930966469428,0.0,0.0,0.04043392504930966,0.06804733727810651,0.0,0.0,14.705128205128204,2.0177514792899407,0.0,0.15187376725838264,0.026627218934911243,0.0,0.7051282051282052,0.5710059171597633,0.0,0.0611439842209073,0.0
363,1347,4,0.6931407942238267,0.05054151624548736,1.2707581227436824,2.696750902527076,0.0,0.0,0.0,0.38267148014440433,0.0,0.0,0.0036101083032490976,0.0,0.0,0.3140794223826715,0.007220216606498195,0.0,0.0,0.2743682310469314,0.0,3.151624548736462,0.0,5.44043321299639,0.0,3.555956678700361,0.8916967509025271,0.5848375451263538,10.740072202166065,0.0,0.0,0.02888086642599278,0.0,0.0,0.0,13.101083032490974,1.4945848375451263,0.0,0.20938628158844766,0.1552346570397112,0.0,0.8339350180505415,0.5306859205776173,0.0,0.07581227436823104,5.873646209386282
340,1380,4,0.6705320600272852,0.082537517053206,0.7387448840381992,3.7407912687585267,0.0,0.038881309686221006,0.0,0.2100954979536153,0.0,0.0,0.0,0.0,0.0,0.165075034106412,0.045020463847203276,0.0,0.0,0.0,0.0,10.991132332878582,0.0068212824010914054,5.423601637107776,0.0,9.819236016371077,2.485675306957708,0.061391541609822645,5.076398362892224,0.0,0.0,0.08867667121418826,0.06275579809004093,0.0,0.0,17.358799454297408,2.0463847203274215,0.0,0.09754433833560709,0.03819918144611187,0.0,0.7100954979536153,0.6002728512960437,0.0,0.022510231923601638,0.0
350,1473,4,0.6990291262135923,0.019417475728155338,0.7766990291262136,5.12621359223301,0.0,0.0,0.0,0.0,0.0,0.0,0.0,0.0,0.0,0.05825242718446602,0.019417475728155338,0.0,0.0,0.0,0.0,18.524271844660195,0.0,4.0,0.0,14.932038834951456,3.378640776699029,0.0,3.70873786407767,0.0,0.0,0.038834951456310676,0.0,0.0,0.0,21.990291262135923,2.6019417475728157,0.0,0.10679611650485436,0.0,0.0,1.0776699029126213,0.5533980582524272,0.0,0.02912621359223301,0.0
354,1638,7,0.7696428571428572,0.13214285714285715,0.2392857142857143,4.896428571428571,0.0,0.0,0.0,0.0,0.0,0.0,0.0,0.0,0.0,0.0,0.0,0.0,0.0,0.0,0.0,15.6125,0.0,4.133928571428571,0.0,17.26607142857143,2.780357142857143,0.05892857142857143,3.5017857142857145,0.0,0.0,0.17857142857142858,0.0,0.0,0.0,20.876785714285713,2.617857142857143,0.0,0.26785714285714285,0.0035714285714285713,0.0,1.1196428571428572,0.5714285714285714,0.0,0.05714285714285714,0.0
355,1752,4,0.7191413237924866,0.1073345259391771,1.0196779964221825,5.937388193202147,0.0,0.0,0.0,0.0,0.0,0.0,0.6976744186046512,0.0,0.028622540250447227,1.7531305903398926,0.8676207513416816,0.0,0.0,0.0,1.298747763864043,19.792486583184257,0.13237924865831843,3.9481216457960646,0.0017889087656529517,11.821109123434704,5.316636851520572,1.4901610017889089,7.590339892665474,0.0,0.01967799642218247,0.4007155635062612,0.24508050089445438,0.11627906976744186,0.0,24.75134168157424,2.67262969588551,0.0,0.3756708407871199,0.13595706618962433,0.2182468694096601,1.141323792486583,0.6171735241502684,0.0,0.11985688729874776,3.178890876565295
350,122,4,0.6672694394213382,0.09584086799276673,0.8155515370705244,3.5551537070524413,0.0,0.0,0.0,0.0,0.0,0.0,0.0,0.0,0.0,0.023508137432188065,0.0,0.0,0.0,0.0,0.012658227848101266,7.376130198915009,0.02531645569620253,4.079566003616637,0.0,4.76491862567812,1.2296564195298372,1.2025316455696202,6.4159132007233275,0.0,0.0,0.2766726943942134,0.0,0.0,0.0,17.5750452079566,1.6021699819168174,0.0,0.06871609403254973,0.1301989150090416,0.0,0.2332730560578662,0.5804701627486437,0.0,0.0379746835443038,0.0
348,328,4,0.6804979253112033,0.0954356846473029,0.5394190871369294,2.9377593360995853,0.0,0.0,0.0,0.0,0.0,0.0,0.0,0.0,0.0,0.0,0.0,0.0,0.0,0.0,0.0,11.759336099585063,0.0,1.9211618257261411,0.0,7.342323651452282,1.387966804979253,0.16390041493775934,3.676348547717842,0.0,0.0,0.06016597510373444,0.0,0.0,0.0,12.08298755186722,1.612033195020747,0.0,0.1887966804979253,0.06431535269709543,0.0,0.6244813278008299,0.46887966804979253,0.0,0.04564315352697095,0.0
350,578,12,0.5566037735849056,0.08490566037735849,1.320754716981132,2.4764150943396226,0.0,0.0,0.0,0.0,0.0,0.0,0.0,0.0,0.0,0.19339622641509435,0.0,0.0,0.0,0.0,0.3632075471698113,10.283018867924529,0.0,2.6226415094339623,0.0,4.0,0.9905660377358491,0.6367924528301887,7.872641509433962,0.0,0.0,0.03773584905660377,0.0,0.0,0.0,11.566037735849056,1.2169811320754718,0.0,0.42452830188679247,0.02358490566037736,0.0,0.18396226415094338,0.5188679245283019,0.0,0.0330188679245283,0.0
356,875,4,0.9314285714285714,0.09428571428571429,0.4257142857142857,4.154285714285714,0.0,0.02,0.0,0.7857142857142857,0.0,0.0,0.025714285714285714,0.05714285714285714,0.0,0.6371428571428571,0.3142857142857143,0.0,0.0,0.054285714285714284,0.0,12.551428571428572,0.011428571428571429,6.22,0.0,9.817142857142857,3.374285714285714,0.3028571428571429,5.291428571428572,0.0,0.0,0.06,0.0,0.0,0.0,16.105714285714285,2.137142857142857,0.0,0.11142857142857143,0.10857142857142857,0.0,0.8085714285714286,0.5857142857142857,0.0,0.06,5.628571428571429
348,1550,12,0.7339449541284404,0.109072375127421,0.6707441386340469,3.7186544342507646,0.0,0.0,0.0,0.0,0.0,0.0,0.0,0.0,0.0,0.027522935779816515,0.0,0.0,0.0,0.0,0.020387359836901122,14.322120285423038,0.020387359836901122,2.7186544342507646,0.0,8.587155963302752,2.305810397553517,0.06116207951070336,4.4209989806320085,0.0,0.0,0.07543323139653414,0.0998980632008155,0.0,0.0,15.569826707441386,1.9653414882772682,0.0,0.11518858307849134,0.06422018348623854,0.0,0.5504587155963303,0.5331294597349643,0.0,0.026503567787971458,0.0
356,79,4,0.7160883280757098,0.07255520504731862,0.5520504731861199,2.892744479495268,0.2113564668769716,0.3028391167192429,0.0,3.1545741324921135,0.0,0.0,0.20504731861198738,0.0,0.0,3.107255520504732,1.0410094637223974,0.0,0.10725552050473186,0.6151419558359621,1.0473186119873816,2.302839116719243,0.11356466876971609,10.406940063091483,0.0,1.4952681388012619,1.3470031545741326,1.4858044164037856,10.555205047318612,0.0,0.0,0.11041009463722397,0.0,0.0,0.11987381703470032,16.29968454258675,1.1072555205047319,0.0,0.0031545741324921135,0.501577287066246,0.0946372239747634,0.3249211356466877,0.5772870662460567,0.0,0.10725552050473186,3.053627760252366
352,684,4,0.707492795389049,0.11095100864553314,0.6167146974063401,2.9870317002881843,0.0,0.0,0.0,0.0,0.0,0.0,0.0,0.0,0.0,0.01729106628242075,0.0,0.0,0.0,0.0,0.0,15.763688760806916,0.0,2.090778097982709,0.0,7.74207492795389,0.9855907780979827,0.5244956772334294,6.07492795389049,0.0,0.0,0.02881844380403458,0.0,0.0,0.0,11.926512968299711,1.5028818443804035,0.0,0.27089337175792505,0.012968299711815562,0.0,0.8933717579250721,0.4956772334293948,0.0,0.03025936599423631,0.0
347,974,4,0.7918781725888325,0.09306260575296109,0.688663282571912,3.5736040609137056,0.0,0.0,0.0,0.0,0.0,0.0,0.0,0.0,0.0,0.11844331641285956,0.0,0.0,0.0,0.0,0.0,11.536379018612521,0.0,2.83248730964467,0.0,7.95600676818951,2.050761421319797,0.18104906937394247,4.531302876480542,0.0,0.0,0.05414551607445008,0.0,0.0,0.0,14.766497461928934,1.9289340101522843,0.0,0.01015228426395939,0.08798646362098139,0.0,0.49746192893401014,0.4873096446700508,0.0,0.04230118443316413,0.0
355,1386,6,0.48427672955974843,0.05660377358490566,1.1383647798742138,2.6666666666666665,0.0,0.0,0.0,0.0,0.0,0.0,0.0,0.0,0.0,0.0,0.0,0.0,0.0,0.0,0.0,8.742138364779874,0.0,1.880503144654088,0.0,1.8679245283018868,0.5220125786163522,0.10062893081761007,6.345911949685535,0.0,0.0,0.0,0.0,0.0,0.0,11.90566037735849,1.0817610062893082,0.0,0.0,0.0,0.0,0.0,0.6540880503144654,0.0,0.031446540880503145,0.0
354,1676,12,0.6691176470588235,0.0784313725490196,0.9068627450980392,4.943627450980392,0.0,0.0,0.0,0.0,0.0,0.0,0.3480392156862745,0.0,0.2965686274509804,0.6887254901960784,0.38480392156862747,0.0,0.0,0.0,0.0,8.357843137254902,0.0,4.607843137254902,0.0,9.333333333333334,4.115196078431373,0.03676470588235294,6.139705882352941,0.0,0.0,0.125,0.0,0.0,0.0,22.45098039215686,2.9313725490196076,0.0,0.15196078431372548,0.09313725490196079,0.0,0.5637254901960784,0.6151960784313726,0.0,0.06372549019607843,0.0
353,1831,4,0.6520874751491054,0.10337972166998012,1.0457256461232605,3.94831013916501,0.0,0.13916500994035785,0.0,0.5248508946322068,0.0,0.0,0.0,0.0,0.0,1.077534791252485,0.2823061630218688,0.0,0.27037773359840955,1.4035785288270377,0.005964214711729622,12.417495029821074,0.04572564612326044,5.21272365805169,0.0,4.145129224652088,3.055666003976143,1.1073558648111332,5.980119284294235,0.0,0.4532803180914513,0.6302186878727635,0.0,0.0,0.4572564612326044,19.504970178926442,1.654075546719682,0.0,0.43538767395626243,0.12127236580516898,0.0,0.42147117296222664,0.6341948310139165,0.0,0.04771371769383698,5.083499005964215
347,949,4,0.683991683991684,0.10602910602910603,1.2515592515592515,4.600831600831601,0.0,0.4968814968814969,0.0,0.0,0.0,0.0,0.0,0.0,0.13513513513513514,1.1787941787941787,0.0,0.0,0.0,0.0,0.0,10.91891891891892,0.07484407484407485,5.667359667359667,0.0,6.925155925155925,3.677754677754678,2.1975051975051976,7.386694386694387,0.41164241164241167,1.523908523908524,4.120582120582121,0.0,0.0,0.0,22.28898128898129,2.2453222453222454,0.0,0.49064449064449067,0.11850311850311851,0.0,0.5987525987525988,0.6632016632016632,0.0,0.060291060291060294,1.1101871101871101
355,1975,12,0.6204379562043796,0.043795620437956206,0.9708029197080292,2.9197080291970803,0.0,0.0,0.0,0.0,0.0,0.0,0.0,0.0,0.0,0.0,0.0,0.0,0.0,0.0,0.0,7.226277372262774,0.0,1.8175182481751824,0.0,5.576642335766423,1.8175182481751824,0.11678832116788321,8.547445255474452,0.0,0.0,0.0,0.0,0.0,0.0,14.021897810218977,1.781021897810219,0.0,0.0,0.5474452554744526,0.0,0.3795620437956204,0.45985401459854014,0.0,0.021897810218978103,0.0
351,1401,6,1.0,0.1317365269461078,0.4171656686626746,4.42315369261477,0.0,0.17165668662674652,0.0,0.4431137724550898,0.0,0.0,0.00998003992015968,0.0,0.0,0.6347305389221557,0.3772455089820359,0.0,0.2774451097804391,0.7964071856287425,0.07385229540918163,11.405189620758483,0.0,10.972055888223553,0.0,11.744510978043913,3.187624750499002,0.5888223552894212,5.516966067864272,0.0,0.0,0.1377245508982036,0.0,0.0,0.0,24.710578842315368,2.317365269461078,0.0,0.2155688622754491,0.07984031936127745,0.0,1.0439121756487026,0.5868263473053892,0.0,0.08782435129740519,9.161676646706587
356,57,4,0.6149068322981367,0.043478260869565216,1.4658385093167703,2.900621118012422,0.0,0.0,0.0,0.0,0.0,0.0,0.5341614906832298,0.0,0.5714285714285714,2.68944099378882,1.093167701863354,0.0,0.0,0.0,0.0,6.0,0.0,5.012422360248447,0.0,2.5527950310559007,0.8695652173913043,0.16770186335403728,10.770186335403727,0.0,0.0,0.34782608695652173,0.0,0.0,0.0,13.639751552795031,0.9875776397515528,0.0,0.17391304347826086,0.0,0.0,0.2670807453416149,0.6086956521739131,0.0,0.06832298136645963,5.167701863354037
365,1434,4,0.6470588235294118,0.08333333333333333,0.75,2.360294117647059,0.0,0.0,0.0,0.0,0.0,0.0,0.0,0.0,0.0,0.14460784313725492,0.0,0.0,0.0,0.0,0.0,9.843137254901961,0.0,1.875,0.0,4.463235294117647,0.42401960784313725,0.2818627450980392,6.426470588235294,0.0,0.0,0.0,0.0,0.0,0.0,9.463235294117647,1.017156862745098,0.0,0.16911764705882354,0.14950980392156862,0.0,0.29901960784313725,0.4534313725490196,0.0,0.00980392156862745,0.33578431372549017
367,1944,4,0.7752442996742671,0.08469055374592833,0.4560260586319218,4.049945711183496,0.0,0.0,0.0,0.0,0.0,0.0,0.0749185667752443,0.0,0.0,0.24538545059717698,0.05754614549402823,0.0,0.0,0.0,0.25950054288816504,9.968512486427796,0.0,3.8545059717698154,0.0,6.998914223669924,3.7111834961997827,0.09011943539630836,5.204125950054289,0.0,0.0,0.12269272529858849,0.0,0.0,0.0,19.710097719869708,2.2888165038002173,0.0,0.013029315960912053,0.009771986970684038,0.0,0.46471226927252984,0.6026058631921825,0.0,0.05971769815418024,0.0
366,2010,4,0.8596256684491979,0.10962566844919786,0.46524064171123,4.883689839572193,0.0,0.0213903743315508,0.0,0.0,0.0,0.0,0.03208556149732621,0.0,0.00267379679144385,0.1804812834224599,0.15775401069518716,0.0,0.0,0.0,0.0,14.751336898395722,0.001336898395721925,3.4532085561497325,0.0,21.344919786096256,4.237967914438503,0.232620320855615,4.201871657754011,0.0,0.0,0.2647058823529412,0.0,0.0,0.017379679144385027,25.16176470588235,2.8302139037433154,0.0,0.18181818181818182,0.014705882352941176,0.014705882352941176,1.4050802139037433,0.6537433155080213,0.0,0.03074866310160428,0.053475935828877004
363,507,4,0.8801571709233792,0.13555992141453832,0.9587426326129665,3.4891944990176817,0.0,0.007858546168958742,0.0,0.023575638506876228,0.0,0.0,0.0,0.0,0.0,0.007858546168958742,0.0,0.0,0.0,0.0,0.0,13.732809430255402,0.0,2.848722986247544,0.0,10.988212180746562,2.8742632612966603,0.5776031434184676,7.392927308447937,0.0,0.0,0.10412573673870335,0.0,0.0,0.0,18.414538310412574,1.738703339882122,0.0,0.14538310412573674,0.32612966601178783,0.0,0.7662082514734774,0.581532416502947,0.0,0.0275049115913556,0.0
355,543,7,0.6054794520547945,0.0958904109589041,0.536986301369863,3.315068493150685,0.0,0.0,0.0,0.0,0.0,0.0,0.005479452054794521,0.0,0.0,0.0136986301369863,0.021917808219178082,0.0,0.0,0.0,0.0,11.315068493150685,0.00821917808219178,2.4684931506849317,0.0,14.315068493150685,2.345205479452055,0.19726027397260273,4.271232876712329,0.0,0.0,0.12054794520547946,0.0,0.0,0.0,13.197260273972603,1.7068493150684931,0.0,0.15616438356164383,0.06027397260273973,0.0,0.9616438356164384,0.5232876712328767,0.0,0.0410958904109589,0.0
355,750,4,0.6157024793388429,0.07024793388429752,0.14049586776859505,2.3512396694214877,0.0,0.10330578512396695,0.0,0.9669421487603306,0.0,0.0,0.19834710743801653,0.0,0.05371900826446281,1.1611570247933884,0.371900826446281,0.0,0.0,0.19421487603305784,0.6900826446280992,7.805785123966942,0.0,5.363636363636363,0.0,5.698347107438017,0.9545454545454546,0.17355371900826447,4.863636363636363,0.0,0.0,0.008264462809917356,0.0,0.0,0.0,11.512396694214877,0.8925619834710744,0.0,0.0,0.09504132231404959,0.0,0.45867768595041325,0.5206611570247934,6.590909090909091,0.1115702479338843,2.268595041322314
362,938,11,9.513513513513514,0.0972972972972973,1.1081081081081081,3.7567567567567566,0.0,0.0,0.0,0.0,0.0,0.0,0.0,0.0,0.0,0.07567567567567568,0.0,0.0,0.0,0.0,0.0,15.027027027027026,0.12432432432432433,5.243243243243243,0.0,3.3675675675675674,1.335135135135135,1.2432432432432432,9.805405405405406,0.0,0.0,0.14594594594594595,0.005405405405405406,0.0,0.0,16.156756756756756,1.8756756756756756,0.0,0.5891891891891892,0.0,0.0,0.16216216216216217,0.5945945945945946,0.0,6.708108108108108,0.0
358,174,4,0.5330396475770925,0.09544787077826726,0.23201174743024963,4.121879588839941,0.0,0.0,0.09104258443465492,0.0,0.0,0.0,0.0,0.041116005873715125,0.0,1.2437591776798824,0.15712187958883994,0.19676945668135096,0.0,0.3245227606461087,0.0,15.386196769456681,0.0,1.7019089574155652,0.0,2.8854625550660793,3.013215859030837,0.24522760646108663,4.568281938325991,0.0,0.0,0.14831130690161526,0.0,0.0,2.518355359765051,17.826725403817914,2.120411160058737,0.0,0.0,0.049926578560939794,0.0,0.2657856093979442,0.48164464023494863,0.0,0.0513950073421439,7.079295154185022
359,564,11,0.6725978647686833,0.060498220640569395,1.2277580071174377,2.412811387900356,0.0,0.0,0.0,0.0,0.0,0.0,0.0,0.0,0.0,0.0,0.0,0.0,0.0,0.0,0.0,8.174377224199288,0.0,1.7864768683274022,0.0,4.409252669039146,0.5266903914590747,0.19572953736654805,6.334519572953736,0.0,0.0,0.0,0.0,0.0,0.0,10.459074733096086,1.188612099644128,0.0,0.05693950177935943,0.0,0.0,0.45907473309608543,0.5124555160142349,0.0,0.03202846975088968,0.0
366,109,4,0.6793103448275862,0.1206896551724138,0.28620689655172415,3.8,0.0,0.20344827586206896,0.0,0.3310344827586207,0.0,0.0,0.020689655172413793,0.17586206896551723,0.0,2.803448275862069,0.23448275862068965,0.0,0.0,0.22413793103448276,0.16896551724137931,19.451724137931034,0.0,3.0689655172413794,0.0,5.458620689655173,3.1448275862068966,0.5241379310344828,4.241379310344827,0.0,0.0,0.1206896551724138,0.0,0.0,0.47586206896551725,15.413793103448276,1.6724137931034482,0.0,0.010344827586206896,0.3896551724137931,0.0,1.4620689655172414,0.5275862068965518,3.6241379310344826,0.06896551724137931,8.544827586206896
367,476,4,0.703125,0.08948863636363637,0.47017045454545453,2.850852272727273,0.0,0.0,0.0,0.0,0.0,0.0,0.0,0.0,0.0,0.0,0.0,0.0,0.0,0.0,0.0,11.495738636363637,0.0,1.8991477272727273,0.0,7.860795454545454,1.6306818181818181,0.296875,4.044034090909091,0.0,0.01278409090909091,0.24573863636363635,0.0,0.0,0.0,12.622159090909092,1.6775568181818181,0.0,0.22585227272727273,0.0,0.0,1.0625,0.5298295454545454,0.0,0.015625,0.0
369,1247,4,0.7128205128205128,0.0782051282051282,0.3217948717948718,3.6525641025641025,0.0,0.0,0.0,0.0,0.0,0.0,0.0,0.0,0.0,0.019230769230769232,0.052564102564102565,0.0,0.0,0.0,0.0,12.36025641025641,0.0,2.2141025641025642,0.0,17.326923076923077,2.694871794871795,0.046153846153846156,3.4871794871794872,0.0,0.15256410256410258,0.23461538461538461,0.0,0.0,0.07692307692307693,14.538461538461538,2.026923076923077,0.0,0.15384615384615385,0.05,0.0,1.167948717948718,0.4858974358974359,0.0,0.026923076923076925,0.0
365,1657,4,0.6550324675324676,0.10146103896103896,0.7613636363636364,4.6144480519480515,0.0,0.0,0.0,0.0,0.0,0.0,0.0,0.0,0.0,0.0,0.0,0.0,0.0,0.0,0.0,16.36038961038961,0.018668831168831168,3.4740259740259742,0.0,13.518668831168831,3.1103896103896105,0.048701298701298704,4.037337662337662,0.0,0.0,0.09740259740259741,0.2224025974025974,0.0,0.0,18.396915584415584,2.396103896103896,0.0,0.09009740259740259,0.00487012987012987,0.0,0.859577922077922,0.5722402597402597,0.0,0.030844155844155844,0.0
358,187,4,0.6241007194244604,0.1079136690647482,0.5809352517985612,4.246402877697841,0.0,0.0017985611510791368,0.0,0.023381294964028777,0.0,0.0,0.012589928057553957,0.0,0.0,0.1510791366906475,0.03776978417266187,0.0,0.0,0.012589928057553957,0.0539568345323741,10.956834532374101,0.04136690647482014,3.58273381294964,0.0,11.321942446043165,3.327338129496403,0.9334532374100719,6.7428057553956835,0.0,0.0,0.4064748201438849,0.0,0.0,0.0,21.26618705035971,2.278776978417266,0.0,0.21223021582733814,0.025179856115107913,0.0035971223021582736,0.7212230215827338,0.6312949640287769,0.0,0.046762589928057555,0.0
361,623,11,0.6886792452830188,0.12264150943396226,0.41509433962264153,3.1792452830188678,0.0,0.0,0.0,0.0,0.0,0.0,0.0,0.0,0.0,0.0,0.0,0.0,0.0,0.0,0.0,13.028301886792454,0.0,2.0943396226415096,0.0,7.5,0.9433962264150944,0.0,2.4150943396226414,0.0,0.0,0.0,0.0,0.0,0.0,11.924528301886792,2.0283018867924527,0.0,0.0,0.018867924528301886,0.0,0.6320754716981132,0.5377358490566038,0.0,0.08490566037735849,0.0
359,793,12,0.8920086393088553,0.09287257019438445,1.5961123110151187,4.069114470842333,0.0,0.0,0.0,0.0,0.0,0.0,0.017278617710583154,0.0,0.0,1.205183585313175,0.22894168466522677,0.0,0.17926565874730022,0.0,0.4298056155507559,12.095032397408207,0.06695464362850972,2.4384449244060473,0.0,2.6630669546436283,2.412526997840173,0.38876889848812096,6.244060475161987,0.0,0.0,0.5399568034557235,0.0,0.0,0.9352051835853131,15.684665226781858,2.0669546436285096,0.0,0.367170626349892,0.06695464362850972,0.0,0.20086393088552915,0.5291576673866091,0.0,0.11447084233261338,1.3758099352051836
356,1049,4,1.3343108504398826,0.08797653958944282,0.16715542521994134,3.167155425219941,0.0,0.0,0.0,0.2756598240469208,0.0,0.0,0.011730205278592375,0.0,0.005865102639296188,0.6011730205278593,0.11730205278592376,0.0,0.530791788856305,1.595307917888563,0.1466275659824047,5.868035190615836,0.0,59.87683284457478,0.0,4.7595307917888565,2.0762463343108504,0.3724340175953079,7.187683284457478,0.0,0.0,0.10263929618768329,0.0,0.0,0.0,14.897360703812316,1.5483870967741935,0.0,0.3284457478005865,0.22580645161290322,0.0,1.0234604105571847,0.7038123167155426,0.0,0.17595307917888564,6.043988269794721
366,1123,4,0.6701030927835051,0.05154639175257732,3.618556701030928,3.350515463917526,0.0,0.0,0.0,0.0,0.0,0.0,0.0,0.0,0.0,0.0,0.0,0.0,0.0,0.0,0.0,3.216494845360825,0.16494845360824742,2.8969072164948453,0.0,1.8969072164948453,1.1855670103092784,0.6391752577319587,15.525773195876289,0.0,0.0,0.15463917525773196,0.0,0.0,0.0,16.072164948453608,2.0,0.0,0.6082474226804123,0.0,0.0,0.07216494845360824,0.5257731958762887,0.0,0.041237113402061855,0.0
358,1164,4,0.6135057471264368,0.09770114942528736,0.8103448275862069,4.186781609195402,0.0,0.0,0.0,0.0,0.0,0.0,0.010057471264367816,0.0,0.007183908045977011,0.20114942528735633,0.10344827586206896,0.0,0.0,0.05747126436781609,0.0,15.673850574712644,0.05603448275862069,3.9813218390804597,0.0,9.28448275862069,2.8721264367816093,0.05747126436781609,4.349137931034483,0.0,0.0,0.010057471264367816,0.0,0.0,0.0,17.320402298850574,2.2442528735632186,0.0,0.30028735632183906,0.07471264367816093,0.05028735632183908,0.7054597701149425,0.5603448275862069,0.0,0.03735632183908046,0.11925287356321838
371,1154,4,0.9436619718309859,0.04929577464788732,1.0633802816901408,2.2253521126760565,0.0,0.0,0.0,0.19718309859154928,0.0,0.0,0.0,0.0,0.0,0.04929577464788732,0.0,0.0,0.0,0.0,0.0,2.3380281690140845,0.19014084507042253,2.1901408450704225,0.0,2.1338028169014085,0.5211267605633803,0.0,5.894366197183099,0.0,0.0,0.06338028169014084,0.0,0.0,0.0,12.56338028169014,1.1549295774647887,0.0,0.2887323943661972,0.14084507042253522,0.0,0.5633802816901409,0.6619718309859155,0.0,0.04225352112676056,0.0
369,1192,4,0.8703427719821163,0.037257824143070044,0.7272727272727273,2.8360655737704916,0.0,0.0,0.0,0.0,0.0,0.0,0.0,0.0,0.0,0.026825633383010434,0.0,0.0,0.0,0.0,0.0,3.774962742175857,0.08345752608047691,2.7391952309985097,0.0,4.059612518628912,0.9970193740685543,0.00894187779433681,4.786885245901639,0.0,0.0,0.07749627421758569,0.0,0.0,0.0,14.39940387481371,1.526080476900149,0.0,0.20715350223546944,0.17436661698956782,0.0,0.5529061102831595,0.5916542473919523,0.0,0.04769001490312966,0.0
362,254,4,0.8151724137931035,0.08689655172413793,0.6372413793103449,3.820689655172414,0.0,0.0,0.0,0.011034482758620689,0.0,0.0,0.0,0.0,0.0,0.008275862068965517,0.0,0.0,0.05241379310344828,0.0,0.0,12.739310344827587,0.04,3.6082758620689654,0.0,10.79448275862069,2.8275862068965516,0.0,4.681379310344828,0.0,0.0,0.20413793103448277,0.09379310344827586,0.0,0.0,17.351724137931033,2.1586206896551725,0.0,0.20689655172413793,0.004137931034482759,0.0,0.7006896551724138,0.5337931034482759,0.0,0.03586206896551724,0.0
369,976,4,0.5384615384615384,0.057692307692307696,1.0521978021978022,2.75,0.0,0.0,0.0,0.0,0.0,0.0,0.013736263736263736,0.0,0.0,0.0521978021978022,0.06043956043956044,0.0,0.0,0.0,0.0,8.835164835164836,0.0,2.260989010989011,0.0,4.3708791208791204,1.1456043956043955,0.12087912087912088,5.024725274725275,0.0,0.0,0.03296703296703297,0.0,0.0,0.0,12.81043956043956,1.6263736263736264,0.0,0.42857142857142855,0.0027472527472527475,0.0,0.17307692307692307,0.41483516483516486,0.0,0.03296703296703297,0.0
375,149,4,0.5765673175745119,0.08633093525179857,0.8663926002055499,3.2846865364850975,0.0,0.0,0.0,0.0,0.0,0.0,0.0,0.0,0.0,0.047276464542651594,0.0,0.0,0.0,0.0,0.0,10.584789311408016,0.0010277492291880781,2.736896197327852,0.0,5.723535457348407,1.8735868448098665,0.34532374100719426,4.359712230215828,0.0,0.0,0.0,0.10277492291880781,0.0,0.0,15.161356628982528,2.050359712230216,0.0,0.0,0.03699897225077081,0.0,0.32168550873586843,0.6166495375128469,0.0,0.030832476875642344,0.06166495375128469
365,729,4,0.7393894266567387,0.08637379002233805,0.6031273268801192,3.046909903201787,0.0,0.0,0.0,0.0,0.0,0.0,0.0,0.0,0.0,0.0,0.0,0.0,0.0,0.0,0.0,12.287416232315712,0.0,2.2829486224869693,0.0,6.622486969471333,1.2457185405807893,0.17944899478778853,4.179448994787789,0.0,0.045420699925539834,0.10349962769918093,0.114668652271035,0.0,0.0,12.395383469843633,1.5912137006701415,0.0,0.24422933730454208,0.010424422933730455,0.0,0.5874906924795235,0.5070737155621743,0.0,0.0387192851824274,0.0
373,1692,4,2.638036809815951,0.0736196319018405,0.26993865030674846,2.7484662576687118,0.0,0.0,0.0,0.006134969325153374,0.0,0.0,0.0,0.0,0.0,0.018404907975460124,0.0,0.0,0.0,0.0,0.0,8.94478527607362,0.018404907975460124,4.423312883435583,0.0,5.475460122699387,1.1134969325153374,0.4447852760736196,4.49079754601227,0.0,0.0,0.03067484662576687,0.0,0.0,0.0,12.674846625766872,1.48159509202454,0.0,0.08282208588957055,0.046012269938650305,0.0,0.29141104294478526,0.5061349693251533,0.0,1.0552147239263803,0.0
364,203,4,0.6385135135135135,0.08671171171171171,0.9436936936936937,3.864864864864865,0.0,0.039414414414414414,0.0,0.024774774774774775,0.0,0.0,0.0,0.0,0.0,0.23986486486486486,0.1036036036036036,0.0,0.0,0.0,0.09234234234234234,13.676801801801801,0.0990990990990991,5.087837837837838,0.0,12.471846846846846,2.8265765765765765,0.8952702702702703,5.649774774774775,0.0,0.5518018018018018,0.4864864864864865,0.0,0.0,0.0,18.666666666666668,1.8986486486486487,0.0,0.45382882882882886,0.05855855855855856,0.0,0.8806306306306306,0.5867117117117117,0.0,0.02702702702702703,0.838963963963964
371,1791,4,0.65625,0.125,0.528125,3.3375,0.0,0.0,0.0,0.0,0.0,0.0,0.0,0.0,0.0,0.0,0.0,0.0,0.0,0.0,0.0,16.246875,0.0,2.18125,0.0,5.784375,1.559375,0.1,3.459375,0.0,0.0,0.0,0.0,0.0,0.0,13.4,2.01875,0.0,0.0625,0.053125,0.0,0.46875,0.440625,0.0,0.028125,0.0
371,338,4,0.6285714285714286,0.07755102040816327,1.0680272108843538,3.63265306122449,0.0,0.0,0.0,0.0,0.0,0.0,0.0,0.0,0.0,0.0,0.0,0.0,0.0,0.0,0.0,12.11156462585034,0.04897959183673469,3.802721088435374,0.0,7.695238095238095,1.5931972789115647,0.9210884353741496,6.727891156462585,0.0,0.0,0.2965986394557823,0.0,0.0,0.0,17.712925170068026,1.5918367346938775,0.0,0.20816326530612245,0.06394557823129252,0.0,0.46802721088435373,0.6027210884353742,0.0,0.03945578231292517,0.0
369,766,4,0.6390449438202247,0.11938202247191011,0.7514044943820225,4.360955056179775,0.0,0.0,0.0,0.0,0.0,0.0,0.18820224719101122,0.0,0.0,0.4789325842696629,0.2345505617977528,0.0,0.0,0.0,0.6278089887640449,14.360955056179776,0.175561797752809,2.087078651685393,0.0,13.051966292134832,3.5280898876404496,0.29775280898876405,5.949438202247191,0.0,0.0,0.0,0.0,0.0,0.0,17.084269662921347,2.668539325842697,0.0,0.125,0.04353932584269663,0.07443820224719101,0.7429775280898876,0.4789325842696629,0.0,0.05758426966292135,0.7682584269662921
368,1217,4,2.445721583652618,0.10217113665389528,0.6385696040868455,3.4776500638569603,0.0,0.0,0.0,0.13026819923371646,0.0,0.0,0.0,0.0,0.0,0.33205619412515963,0.14942528735632185,0.0,0.0,0.0842911877394636,0.0038314176245210726,8.616858237547893,0.0,10.482758620689655,0.0,9.867177522349936,2.684546615581098,0.5466155810983397,6.703703703703703,0.0,0.0,0.23116219667943805,0.0,0.0,0.0,14.606641123882504,1.9144316730523627,0.0,0.8441890166028098,0.10089399744572158,0.0,0.7573435504469987,0.632183908045977,0.0,0.6360153256704981,0.3895274584929757
366,1557,7,0.6713286713286714,0.06118881118881119,1.236013986013986,3.4405594405594404,0.0,0.0,0.0,0.0,0.0,0.0,0.0,0.0,0.0,0.0,0.0,0.0,0.06293706293706294,0.0,0.0,10.211538461538462,0.07692307692307693,2.861888111888112,0.0,8.865384615384615,1.9283216783216783,0.017482517482517484,6.136363636363637,0.0,0.0,0.42132867132867136,0.07167832167832168,0.0,0.0,15.952797202797203,1.9562937062937062,0.0,0.5052447552447552,0.12412587412587413,0.0,0.5559440559440559,0.5944055944055944,0.0,0.055944055944055944,0.0
368,1731,7,0.8032407407407407,0.0763888888888889,0.3773148148148148,4.856481481481482,0.0,0.0,0.07175925925925926,0.24768518518518517,0.0,0.0,0.44675925925925924,0.0,0.0625,2.2453703703703702,1.3101851851851851,0.0,0.0,0.013888888888888888,2.1412037037037037,7.016203703703703,0.03009259259259259,8.983796296296296,0.0,6.0625,3.9837962962962963,1.1736111111111112,7.962962962962963,0.032407407407407406,0.0,0.09490740740740741,0.0,0.0,0.0,24.016203703703702,2.7685185185185186,0.0,0.046296296296296294,0.18981481481481483,0.06481481481481481,0.3773148148148148,0.6712962962962963,0.0,0.06481481481481481,7.078703703703703
368,1278,4,0.639921722113503,0.12720156555772993,0.6183953033268101,4.673189823874756,0.0,0.0,0.0,0.0,0.0,0.0,0.37181996086105673,0.0,0.0,1.162426614481409,0.512720156555773,0.0,0.0,0.0,0.8258317025440313,11.847358121330725,0.04500978473581213,4.780821917808219,0.0,11.694716242661448,4.739726027397261,0.675146771037182,5.61839530332681,0.0,0.021526418786692758,0.1350293542074364,0.0,0.0,0.0,22.45792563600783,2.452054794520548,0.0,0.3131115459882583,0.08023483365949119,0.025440313111545987,0.8238747553816047,0.5753424657534246,0.0,0.04892367906066536,2.949119373776908
372,1001,8,0.6512820512820513,0.0905982905982906,0.9316239316239316,3.694017094017094,0.0,0.0,0.0,0.0,0.0,0.0,0.0,0.0,0.0,0.0,0.0,0.0,0.0,0.0,0.0,13.314529914529915,0.006837606837606838,3.405128205128205,0.0,9.394871794871795,2.4905982905982906,0.0,4.811965811965812,0.0,0.0,0.06495726495726496,0.08717948717948718,0.0,0.0,17.268376068376067,1.8888888888888888,0.0,0.06324786324786325,0.02564102564102564,0.0,0.7196581196581197,0.582905982905983,0.0,0.046153846153846156,0.0
375,1473,4,0.6146572104018913,0.06619385342789598,1.1820330969267139,3.557919621749409,0.0,0.0,0.0,0.0,0.0,0.0,0.28368794326241137,0.018912529550827423,0.0,1.7328605200945626,0.6926713947990544,0.0,0.0,0.0,0.0,3.9054373522458627,0.07801418439716312,2.8156028368794326,0.0,4.57919621749409,1.8486997635933806,0.5295508274231678,7.8274231678487,0.0,0.0,0.13002364066193853,0.0,0.0,0.0,16.86761229314421,1.8699763593380614,0.0,0.09219858156028368,0.2789598108747045,0.23167848699763594,0.2293144208037825,0.5177304964539007,1.839243498817967,0.05673758865248227,6.723404255319149
375,449,11,0.8404154863078376,0.11048158640226628,0.311614730878187,4.461756373937677,0.0,0.0,0.0,0.009442870632672332,0.0,0.0,0.0,0.0,0.0,0.10670443814919736,0.0,0.0,0.0,0.0,0.0,15.662889518413598,0.0,5.664778092540132,0.0,15.82625118035883,2.550519357884797,0.24457034938621341,3.991501416430595,0.0,0.0,0.11425873465533522,0.0,0.0,0.09254013220018886,19.444759206798867,2.4305949008498584,0.0,0.23984891406987724,0.033050047214353166,0.0,1.028328611898017,0.591123701605288,0.0,0.06987724268177525,0.027384324834749764
365,1048,4,0.7154929577464789,0.08732394366197183,0.5732394366197183,3.8422535211267608,0.0,0.0,0.0,0.0,0.0,0.0,0.0,0.0,0.0,0.4591549295774648,0.0,0.0,0.0,0.18028169014084508,0.0,12.198591549295775,0.011267605633802818,2.0943661971830987,0.0,2.7366197183098593,3.370422535211268,0.31408450704225355,3.8647887323943664,0.0,0.0,0.2802816901408451,0.0,0.0,2.3549295774647887,14.992957746478874,2.1422535211267606,0.0,0.14929577464788732,0.054929577464788736,0.0,0.37464788732394366,0.4732394366197183,0.0,0.11408450704225352,2.5295774647887326
375,1319,4,0.6176470588235294,0.06862745098039216,4.794117647058823,3.4019607843137254,0.0,0.0,0.0,0.058823529411764705,0.0,0.0,0.0,0.0,0.0,0.06862745098039216,0.0,0.0,0.0,0.0,0.0,3.284313725490196,0.3137254901960784,4.0,0.0,2.127450980392157,1.2058823529411764,0.6568627450980392,13.333333333333334,0.0,0.0,0.4411764705882353,0.0,0.0,0.0,16.362745098039216,1.7450980392156863,0.0,1.1666666666666667,0.00980392156862745,0.0,0.19607843137254902,0.6176470588235294,0.0,0.0784313725490196,0.0
376,1411,4,0.5992779783393501,0.08664259927797834,0.5541516245487365,3.306859205776173,0.0,0.0,0.0,0.0,0.0,0.0,0.0,0.0,0.0,0.0,0.0,0.0,0.0,0.0,0.0,12.074007220216606,0.0,3.5758122743682312,0.0,6.9891696750902526,1.5306859205776173,0.0,5.351985559566787,0.0,0.0,0.023465703971119134,0.0,0.0,0.0,16.63898916967509,1.6498194945848375,0.0,0.0,0.0812274368231047,0.0,0.48194945848375453,0.5956678700361011,0.0,0.018050541516245487,0.0
371,543,7,0.6376470588235295,0.08941176470588236,0.6211764705882353,3.8423529411764705,0.0,0.0,0.0,0.0,0.0,0.0,0.01411764705882353,0.0,0.0,0.2188235294117647,0.01411764705882353,0.0,0.0,0.0,0.06823529411764706,11.12,0.0,4.152941176470589,0.0,5.670588235294118,2.7529411764705882,0.009411764705882352,6.247058823529412,0.0,0.0,0.10823529411764705,0.0,0.0,0.0,18.367058823529412,2.124705882352941,0.0,0.0,0.06823529411764706,0.0,0.3764705882352941,0.5505882352941176,0.0,0.04941176470588235,0.0
375,1032,12,0.697560975609756,0.05365853658536585,1.4634146341463414,3.3073170731707315,0.0,0.0,0.0,0.551219512195122,0.0,0.0,0.47317073170731705,0.0,0.0,1.2097560975609756,0.0,0.0,0.0,0.0,1.8,2.9414634146341463,0.01951219512195122,1.9170731707317072,0.0,4.190243902439025,1.9951219512195122,1.1317073170731706,7.892682926829268,0.0,0.0,0.21951219512195122,0.0,0.0,0.0,13.61951219512195,1.775609756097561,0.0,0.43902439024390244,0.0,0.0,0.2780487804878049,0.5073170731707317,0.0,0.08292682926829269,3.6682926829268294
385,318,4,0.5384615384615384,0.05714285714285714,1.232967032967033,3.10989010989011,0.0,0.3384615384615385,0.0,0.9164835164835164,0.0,0.0,0.0,0.0967032967032967,0.0,0.832967032967033,0.34065934065934067,0.0,0.0,0.3758241758241758,0.0,8.641758241758241,0.06153846153846154,15.604395604395604,0.0,4.923076923076923,2.035164835164835,0.14945054945054945,5.6219780219780215,0.0,0.0,0.08131868131868132,0.0,0.0,0.0,14.092307692307692,1.4813186813186814,0.0,0.1934065934065934,0.10989010989010989,0.0,1.0615384615384615,0.5538461538461539,0.1912087912087912,0.054945054945054944,7.578021978021978
385,1294,4,0.6262482168330956,0.09700427960057062,0.6405135520684736,3.390870185449358,0.0,0.0,0.0,0.0,0.0,0.0,0.0,0.0,0.0,0.008559201141226819,0.007132667617689016,0.0,0.0,0.0,0.012838801711840228,13.258202567760343,0.0,2.3637660485021397,0.0,8.954350927246791,1.9172610556348073,0.2296718972895863,3.847360912981455,0.0,0.0,0.0028530670470756064,0.0,0.0,0.0,13.82453637660485,1.9771754636233951,0.0,0.0028530670470756064,0.0,0.0,0.6904422253922967,0.46790299572039945,0.0,0.029957203994293864,0.0
374,1824,4,0.6870629370629371,0.08566433566433566,0.7902097902097902,4.468531468531468,0.0,0.0,0.0,0.0,0.0,0.0,0.0,0.0,0.0,0.0,0.0,0.0,0.0,0.0,0.0,12.270979020979022,0.0,3.424825174825175,0.0,9.026223776223777,2.8986013986013988,0.0,5.486013986013986,0.0,0.0,0.30244755244755245,0.18706293706293706,0.0,0.0,19.524475524475523,2.5384615384615383,0.0,0.05944055944055944,0.03671328671328671,0.0,0.8548951048951049,0.6048951048951049,0.0,0.017482517482517484,0.0
384,1867,12,0.6206896551724138,0.08753315649867374,0.8647214854111406,3.4748010610079576,0.0,0.002652519893899204,0.0,0.0,0.0,0.0,0.0,0.0,0.0,0.05305039787798409,0.0,0.0,0.0,0.0,0.0,10.03448275862069,0.005305039787798408,5.312997347480106,0.0,6.5119363395225465,1.6286472148541113,0.6657824933687002,4.824933687002653,0.0,1.2493368700265253,3.4827586206896552,0.0,0.0,0.0,16.79045092838196,1.5039787798408488,0.0,0.3819628647214854,0.3660477453580902,0.0,0.40318302387267907,0.5888594164456233,0.0,0.04509283819628647,0.0
375,1966,6,0.6529209621993127,0.11855670103092783,1.2233676975945018,3.2869415807560136,0.0,0.0,0.0,0.33505154639175255,0.0,0.0,0.0,0.00859106529209622,0.0,0.5223367697594502,0.19072164948453607,0.0,0.012027491408934709,0.5103092783505154,0.0,10.286941580756015,0.11168384879725086,11.070446735395189,0.0,9.625429553264604,2.9123711340206184,0.9810996563573883,7.680412371134021,0.0,0.6993127147766323,1.6288659793814433,0.0,0.0,0.0,19.218213058419245,1.3762886597938144,0.0,0.31443298969072164,0.23711340206185566,0.0,0.7250859106529209,0.6443298969072165,1.140893470790378,0.07903780068728522,8.195876288659793
376,181,4,0.8575197889182058,0.11873350923482849,0.6015831134564644,4.477572559366755,0.0,0.052770448548812667,0.0,0.0,0.0,0.0,0.32717678100263853,0.0,0.20316622691292877,1.229551451187335,1.1372031662269129,0.0,0.0,0.0,0.0,11.58311345646438,0.0,5.2928759894459105,0.0,13.796833773087071,3.266490765171504,0.5857519788918206,6.2348284960422165,0.0,0.0,0.14511873350923482,0.0,0.0,0.0,24.41688654353562,2.3403693931398415,0.0,0.48021108179419525,0.06068601583113457,0.10026385224274406,1.0844327176781003,0.6253298153034301,0.0,0.10554089709762533,0.06068601583113457
382,266,5,0.6407766990291263,0.07524271844660194,0.6383495145631068,3.4029126213592233,0.0,0.0,0.0,0.0,0.0,0.0,0.0412621359223301,0.0,0.0,0.1529126213592233,0.0703883495145631,0.0,0.0,0.0,0.11650485436893204,12.54611650485437,0.0,2.4174757281553396,0.0,6.456310679611651,1.441747572815534,0.12864077669902912,4.101941747572815,0.0,0.0,0.0,0.0,0.0,0.0,13.179611650485437,1.7451456310679612,0.0,0.0048543689320388345,0.0,0.01699029126213592,0.5194174757281553,0.4538834951456311,0.0,0.043689320388349516,0.0
381,561,4,0.6748466257668712,0.09662576687116564,0.75,3.9800613496932513,0.0,0.0,0.0,0.012269938650306749,0.0,0.0,0.16411042944785276,0.0,0.11809815950920245,0.7438650306748467,0.6365030674846626,0.0,0.0,0.0,0.0,15.680981595092025,0.0,2.291411042944785,0.24539877300613497,10.069018404907975,6.311349693251533,0.31901840490797545,5.256134969325154,0.0,0.0,0.015337423312883436,0.0,0.18558282208588958,0.0,15.633435582822086,2.326687116564417,0.0,0.13957055214723926,0.003067484662576687,0.0,0.9754601226993865,0.4570552147239264,0.0,0.04294478527607362,0.36503067484662577
375,605,7,0.6731634182908546,0.06746626686656672,0.8695652173913043,2.7436281859070464,0.0,0.0,0.0,0.031484257871064465,0.0,0.0,0.019490254872563718,0.0,0.0,0.27886056971514245,0.0,0.0,0.0,0.0,0.08995502248875563,4.805097451274363,0.0,2.4062968515742127,0.0,4.631184407796102,1.4287856071964018,0.32233883058470764,5.626686656671664,0.0,0.0,0.3058470764617691,0.0,0.0,0.0,12.280359820089956,1.5862068965517242,0.0,0.4752623688155922,0.0029985007496251873,0.0,0.22788605697151423,0.4962518740629685,0.0,0.041979010494752625,0.23238380809595202
384,1390,7,0.634453781512605,0.07563025210084033,0.4411764705882353,2.189075630252101,0.0,0.0,0.0,0.0,0.0,0.0,0.058823529411764705,0.0,0.0,0.49159663865546216,0.13865546218487396,0.0,0.0,0.0,0.3865546218487395,3.495798319327731,0.0,2.6092436974789917,0.0,2.5840336134453783,0.5168067226890757,0.1638655462184874,5.714285714285714,0.0,0.0,0.18907563025210083,0.0,0.0,0.0,11.029411764705882,1.1638655462184875,0.0,0.0,0.5630252100840336,0.0,0.15126050420168066,0.4495798319327731,0.0,0.03361344537815126,0.0
393,1578,12,0.6029629629629629,0.10962962962962963,0.3496296296296296,3.837037037037037,0.0,0.0,0.0,0.0,0.0,0.0,0.3111111111111111,0.0,0.0,0.7422222222222222,0.13185185185185186,0.0,0.0,0.0,0.7688888888888888,10.40148148148148,0.0,3.982222222222222,0.0,8.837037037037037,1.9674074074074075,0.013333333333333334,5.453333333333333,0.0,0.0,0.1511111111111111,0.0,0.15851851851851853,0.0,17.94074074074074,2.111111111111111,0.0,0.05037037037037037,0.1688888888888889,0.0,0.5733333333333334,0.6177777777777778,0.0,0.06074074074074074,2.6059259259259258
383,1601,14,0.771047227926078,0.08932238193018481,0.07597535934291581,3.6642710472279263,0.0,0.02053388090349076,0.0,0.18993839835728954,0.0,0.0,0.0728952772073922,0.0,0.033880903490759756,0.6498973305954825,0.28952772073921973,0.0,0.20841889117043122,0.5780287474332649,0.0,12.1652977412731,0.0,19.265913757700204,0.0,11.80082135523614,3.291581108829569,0.35728952772073924,4.2648870636550305,0.0,0.0,0.27002053388090347,0.0,0.0,0.0,17.97741273100616,1.5287474332648872,0.0,0.01026694045174538,0.37166324435318276,0.0,1.091375770020534,0.6160164271047228,0.0,0.06776180698151951,6.2782340862423
381,382,15,1.1737523105360443,0.11460258780036968,0.7024029574861368,6.208872458410351,0.0,0.0,0.0,0.2144177449168207,0.0,0.0,0.20702402957486138,0.0,0.04805914972273567,2.0961182994454712,0.5526802218114603,0.0,0.0,0.0,0.0,13.288354898336413,0.018484288354898338,10.807763401109057,0.0,13.282809611829945,6.099815157116451,1.1608133086876156,7.369685767097967,0.0,0.0,0.14602587800369685,0.0,0.1256931608133087,0.0,28.147874306839185,3.410351201478743,0.0,0.3974121996303142,0.09057301293900184,0.0,0.922365988909427,0.6451016635859519,0.0,0.1922365988909427,3.8835489833641406
380,628,11,0.547945205479452,0.0547945205479452,0.3589041095890411,2.361643835616438,0.0,0.17534246575342466,0.0,0.5260273972602739,0.0,0.0,0.0273972602739726,0.0,0.1232876712328767,1.295890410958904,0.28493150684931506,0.0,0.0,0.0,0.0,7.178082191780822,0.0,4.295890410958904,0.0,1.6164383561643836,0.6684931506849315,0.5671232876712329,4.953424657534247,0.0,0.0,0.0,0.0,0.0,0.0,9.873972602739727,0.9698630136986301,0.0,0.0,0.0547945205479452,0.0,0.3424657534246575,0.4958904109589041,0.0,0.06027397260273973,4.638356164383562
390,1626,4,0.8132387706855791,0.10638297872340426,0.20094562647754138,4.513002364066194,0.0,0.0,0.0,0.0,0.0,0.0,0.05200945626477541,0.0,0.0,1.49645390070922,0.30260047281323876,0.0,0.0,0.4515366430260047,0.6619385342789598,13.93853427895981,0.0,1.905437352245863,0.0,2.8912529550827424,3.2056737588652484,0.2033096926713948,4.0236406619385345,0.0,0.0,0.14420803782505912,0.0,0.0,5.650118203309693,16.520094562647753,2.382978723404255,0.0,0.0,0.06619385342789598,0.0,0.574468085106383,0.5366430260047281,0.0,0.10638297872340426,5.874704491725768
387,1980,4,0.7331628303495311,0.10059676044330776,0.40068201193520886,5.432225063938619,0.0,0.0,0.0,0.0008525149190110827,0.0,0.0,0.021312872975277068,0.0,0.011082693947144074,0.20971867007672634,0.07502131287297528,0.0,0.0,0.0,0.0,15.947144075021313,0.0017050298380221654,4.2898550724637685,0.0,12.695652173913043,3.9138959931798807,0.5234441602728048,4.746803069053708,0.0,0.0,0.2617220801364024,0.24978687127024723,0.0,0.0,24.11935208866155,3.0,0.0,0.11679454390451834,0.030690537084398978,0.0,0.8644501278772379,0.6649616368286445,0.0,0.058823529411764705,0.0196078431372549
386,105,4,0.7991718426501035,0.11180124223602485,0.505175983436853,3.5093167701863353,0.0,0.016563146997929608,0.0,0.0,0.0,0.0,0.0,0.0,0.0,0.0,0.010351966873706004,0.0,0.0,0.0,0.0,10.438923395445135,0.010351966873706004,4.053830227743271,0.0,12.296066252587991,2.0745341614906834,0.33126293995859213,4.211180124223603,0.0,0.0,0.6977225672877847,0.0,0.0,0.0,19.422360248447205,1.7929606625258798,0.0,0.34575569358178054,0.08074534161490683,0.0,1.1180124223602483,0.5962732919254659,0.0,0.041407867494824016,0.0
380,208,7,0.6617915904936015,0.11517367458866545,0.8829981718464351,3.283363802559415,0.0,0.0,0.0,0.0,0.0,0.0,0.0,0.0,0.0,0.003656307129798903,0.0,0.0,0.0,0.0,0.0,13.371115173674589,0.0,2.0274223034734917,0.0,8.091407678244973,1.263254113345521,0.28884826325411334,4.029250457038391,0.0,0.0,0.3857404021937843,0.0,0.0,0.0,12.90310786106033,1.8153564899451553,0.0,0.3692870201096892,0.0,0.0,0.5904936014625228,0.4680073126142596,0.0,0.02376599634369287,0.021937842778793418
384,40,4,0.5728744939271255,0.10323886639676114,0.48582995951417,3.3643724696356276,0.0,0.0,0.0,0.0,0.0,0.0,0.22874493927125505,0.0,0.0,0.5141700404858299,0.18421052631578946,0.0,0.0,0.0,0.7955465587044535,15.087044534412955,0.0,2.016194331983806,0.0,7.388663967611336,1.6518218623481782,0.10526315789473684,4.34412955465587,0.0,0.0,0.0,0.008097165991902834,0.1396761133603239,0.0,14.244939271255062,1.94331983805668,0.0,0.016194331983805668,0.0,0.12955465587044535,0.5141700404858299,0.4534412955465587,0.0,0.02834008097165992,1.5708502024291497
396,247,4,0.6521739130434783,0.10869565217391304,0.8502415458937198,2.57487922705314,0.0,0.0,0.0,0.0,0.0,0.0,0.0,0.0,0.0,0.004830917874396135,0.0,0.0,0.0,0.0,0.0024154589371980675,11.454106280193237,0.0,2.1594202898550723,0.0,9.198067632850242,1.3236714975845412,0.4758454106280193,6.391304347826087,0.0,0.0,0.0,0.0,0.0,0.0,11.46376811594203,1.570048309178744,0.0,0.0,0.036231884057971016,0.0,0.6763285024154589,0.4782608695652174,0.0,0.04589371980676329,0.0
380,497,4,0.5828677839851024,0.09683426443202979,0.49068901303538176,3.5605214152700184,0.0,0.0,0.0,0.013966480446927373,0.0,0.0,0.0335195530726257,0.0,0.0260707635009311,0.19273743016759776,0.06238361266294227,0.0,0.0,0.00931098696461825,0.04748603351955307,13.59217877094972,0.0,2.3808193668528865,0.0,8.5,2.138733705772812,0.2122905027932961,4.000931098696462,0.0,0.0,0.03445065176908752,0.0,0.0,0.0,14.432029795158288,2.1303538175046555,0.0,0.10986964618249534,0.043761638733705775,0.0,0.6322160148975792,0.5027932960893855,0.0,0.03165735567970205,0.032588454376163874
383,1548,6,0.7867298578199052,0.0947867298578199,0.3459715639810427,4.492890995260663,0.0,0.0,0.0,0.0,0.0,0.0,0.0,0.0,0.0,0.0,0.0,0.0,0.0,0.0,0.0,13.227488151658768,0.0,2.4976303317535544,0.0,23.47867298578199,3.4218009478672986,0.08530805687203792,4.369668246445498,0.0,0.037914691943127965,0.7582938388625592,0.0,0.0,0.0,16.796208530805686,2.2890995260663507,0.0,0.5023696682464455,0.03317535545023697,0.0,1.4028436018957346,0.5260663507109005,0.0,0.05687203791469194,0.0
393,84,4,0.9411764705882353,0.14705882352941177,0.3416289592760181,5.723981900452489,0.0,0.0,0.0,0.07692307692307693,0.0,0.0,0.4592760180995475,0.0,0.47058823529411764,2.81447963800905,1.3755656108597285,0.0,0.0,0.027149321266968326,0.38461538461538464,15.228506787330316,0.02262443438914027,7.407239819004525,0.0,9.755656108597286,6.791855203619909,0.8009049773755657,6.156108597285068,0.00904977375565611,0.0,0.11538461538461539,0.0,0.0,0.0,26.085972850678733,3.1176470588235294,0.0,0.15384615384615385,0.14027149321266968,0.0,0.7194570135746606,0.6425339366515838,0.0,0.13800904977375567,5.877828054298643
384,692,4,0.6479500891265597,0.08912655971479501,0.43315508021390375,3.3181818181818183,0.0,0.0,0.0,0.0,0.0,0.0,0.0106951871657754,0.0,0.0,0.08467023172905526,0.017825311942959002,0.0,0.0,0.0,0.0,15.506238859180035,0.0,2.308377896613191,0.0,10.068627450980392,2.2023172905525845,0.10071301247771836,3.033868092691622,0.0,0.0,0.10606060606060606,0.19073083778966132,0.0,0.0,13.332442067736185,2.0775401069518717,0.0,0.12210338680926916,0.0,0.0,0.6746880570409982,0.4572192513368984,0.0,0.0213903743315508,0.0
383,819,4,1.2593582887700534,0.08288770053475936,0.5989304812834224,3.8663101604278074,0.0,0.0,0.0,0.0,0.0,0.0,0.0,0.0,0.0,0.06149732620320856,0.016042780748663103,0.0,0.0,0.0,0.0,9.780748663101605,0.0,4.406417112299465,0.0,6.497326203208556,1.7914438502673797,0.7005347593582888,4.807486631016043,0.0,0.0,0.02406417112299465,0.0,0.0,0.0,16.184491978609625,2.2406417112299466,0.0,0.16310160427807488,0.0053475935828877,0.0,0.4411764705882353,0.553475935828877,0.0,0.44385026737967914,0.0
385,877,7,0.6564245810055865,0.05865921787709497,0.22905027932960895,2.357541899441341,0.0,0.008379888268156424,0.0,0.0,0.0,0.0,0.002793296089385475,0.0,0.0,0.11731843575418995,0.030726256983240222,0.0,0.0,0.0,0.0223463687150838,9.134078212290502,0.0,2.53072625698324,0.0,3.7960893854748603,0.6284916201117319,0.33798882681564246,8.759776536312849,0.3435754189944134,0.0,0.39664804469273746,0.0,0.0,0.0,11.248603351955307,1.058659217877095,0.0,0.9078212290502793,0.4860335195530726,0.0,0.21787709497206703,0.5391061452513967,0.0,0.025139664804469275,0.0
382,899,4,0.631578947368421,0.07268170426065163,0.9298245614035088,3.055137844611529,0.0,0.0,0.0,0.0,0.0,0.0,0.20551378446115287,0.0,0.0,0.581453634085213,0.16040100250626566,0.0,0.0,0.0,0.5213032581453634,7.606516290726817,0.0,2.473684210526316,0.0,4.328320802005012,1.5914786967418546,0.09774436090225563,4.639097744360902,0.0,0.0,0.040100250626566414,0.0,0.0,0.0,14.333333333333334,1.912280701754386,0.0,0.0,0.15538847117794485,0.012531328320802004,0.23809523809523808,0.5538847117794486,0.0,0.02506265664160401,0.0
393,1067,12,0.6461538461538462,0.09230769230769231,1.1956043956043956,3.8923076923076922,0.0,0.0,0.0,0.0,0.0,0.0,0.0,0.0,0.0,0.0,0.0,0.0,0.0,0.0,0.0,17.982417582417582,0.07032967032967033,2.6021978021978023,0.0,4.221978021978022,2.085714285714286,0.17362637362637362,5.002197802197802,0.0,0.0,0.865934065934066,0.05274725274725275,0.0,0.0,15.956043956043956,1.9252747252747253,0.0,0.11868131868131868,0.054945054945054944,0.0,0.26593406593406593,0.5802197802197803,0.0,0.04835164835164835,0.0
380,1093,4,0.581267217630854,0.08953168044077135,0.7341597796143251,4.418732782369146,0.0,0.128099173553719,0.0,0.4972451790633609,0.0,0.0,0.0,0.0,0.013774104683195593,0.7878787878787878,0.3677685950413223,0.0,0.0,0.35537190082644626,0.0,15.402203856749312,0.02066115702479339,10.796143250688706,0.0,8.859504132231406,4.640495867768595,0.08953168044077135,4.254820936639119,0.0,0.028925619834710745,0.09504132231404959,0.0,0.0,0.0,18.172176308539946,2.290633608815427,0.0,0.26584022038567495,0.08953168044077135,0.0,0.9958677685950413,0.5743801652892562,0.1322314049586777,0.05509641873278237,6.511019283746556
383,1662,4,0.5932203389830508,0.05084745762711865,0.8559322033898306,3.3389830508474576,0.0,0.0,0.0,0.0,0.0,0.0,0.0,0.0,0.0,0.0,0.0,0.0,0.0,0.0,0.0,9.279661016949152,0.09322033898305085,2.2542372881355934,0.0,3.7288135593220337,1.2203389830508475,0.05084745762711865,5.423728813559322,0.0,0.0,0.1694915254237288,0.0,0.0,0.0,15.313559322033898,1.38135593220339,0.2542372881355932,0.7627118644067796,0.0,0.0,0.19491525423728814,0.559322033898305,0.788135593220339,0.025423728813559324,9.796610169491526
391,357,4,0.7868020304568528,0.08629441624365482,0.5482233502538071,4.0,0.0,0.0,0.0,0.0,0.0,0.0,0.0,0.0,0.0,0.09137055837563451,0.02030456852791878,0.0,0.0,0.0,0.0,7.355329949238579,0.0,4.238578680203045,0.0,5.213197969543147,2.8781725888324874,0.8527918781725888,6.0456852791878175,0.0,0.16751269035532995,0.39086294416243655,0.0,0.0,0.0,21.609137055837564,2.3299492385786804,0.0,0.1218274111675127,0.2233502538071066,0.0,0.2893401015228426,0.6091370558375635,0.0,0.02030456852791878,0.0
392,655,4,0.5849056603773585,0.07375643224699828,0.6500857632933105,2.9193825042881647,0.0,0.0,0.0,0.03430531732418525,0.0,0.0,0.010291595197255575,0.0,0.0,0.08747855917667238,0.025728987993138937,0.0,0.0,0.0,0.08576329331046312,10.48885077186964,0.0,2.3619210977701544,0.0,9.548885077186965,1.7255574614065181,0.39622641509433965,5.435677530017153,0.0,0.0,0.0,0.0,0.0,0.0,12.16295025728988,1.686106346483705,0.0,0.0,0.0274442538593482,0.025728987993138937,0.9296740994854202,0.4202401372212693,0.0,0.03430531732418525,0.005145797598627788
389,708,4,0.9452449567723343,0.07588856868395773,0.356388088376561,3.487992315081652,0.0,0.022094140249759846,0.0,0.0,0.0,0.0,0.0,0.0,0.0,0.04130643611911623,0.007684918347742555,0.0,0.0,0.004803073967339097,0.012487992315081652,11.38328530259366,0.0,2.686839577329491,0.0,6.198847262247838,1.4438040345821326,0.18251681075888568,4.609029779058598,0.0,0.0,0.3765609990393852,0.15369836695485112,0.0,0.03073967339097022,13.455331412103746,1.7089337175792507,0.0,0.15081652257444764,0.05763688760806916,0.0,0.4159462055715658,0.542747358309318,0.0,0.0893371757925072,0.0
390,939,4,4.414965986394558,0.09183673469387756,0.23129251700680273,4.4353741496598635,0.0,0.0,0.0,0.0,0.0,0.0,0.0,0.0,0.0,0.12585034013605442,0.06802721088435375,0.0,0.0,0.0,0.0,14.789115646258503,0.0,4.63265306122449,0.0,8.34013605442177,3.108843537414966,0.43537414965986393,4.510204081632653,0.0,0.0,0.3741496598639456,0.0,0.0,0.0,18.08843537414966,2.3333333333333335,0.0,0.35714285714285715,0.04421768707482993,0.0,0.6938775510204082,0.6394557823129252,0.8809523809523809,2.241496598639456,4.612244897959184
399,1090,4,0.5699888017917133,0.09518477043673013,0.58006718924972,4.211646136618141,0.0,0.0,0.025755879059350503,0.02127659574468085,0.0,0.0,0.0,0.2374020156774916,0.0,0.23404255319148937,0.11982082866741321,0.005599104143337066,0.0,0.0,0.0,12.059350503919372,0.025755879059350503,3.1366181410974243,0.0,5.581187010078388,4.072788353863382,0.05823068309070549,5.653975363941769,0.0,0.0,0.10638297872340426,0.187010078387458,0.0,0.030235162374020158,18.128779395296753,2.4434490481522957,0.25083986562150057,0.06382978723404255,0.0425531914893617,0.0,0.541993281075028,0.5375139977603584,0.5139977603583427,0.051511758118701005,7.625979843225084
392,519,4,0.6370716510903427,0.1059190031152648,1.2414330218068537,5.132398753894081,0.0,0.0,0.0,0.24922118380062305,0.0,0.0,0.0,0.08411214953271028,0.0,0.11838006230529595,0.1573208722741433,0.0,0.0,0.18847352024922118,0.0,14.010903426791277,0.029595015576323987,3.344236760124611,0.0,12.4797507788162,6.079439252336448,0.0514018691588785,4.1806853582554515,0.0,0.10747663551401869,0.13862928348909656,0.017133956386292833,0.0,0.0,20.49221183800623,2.867601246105919,0.35514018691588783,0.26479750778816197,0.024922118380062305,0.0,0.9034267912772586,0.5451713395638629,0.3660436137071651,0.0514018691588785,8.651090342679128
389,722,12,0.6154992548435171,0.06557377049180328,0.9299552906110283,3.020864381520119,0.0,0.0,0.0,0.0,0.0,0.0,0.0,0.0,0.0,0.0,0.0,0.0,0.0,0.0,0.0,13.746646795827123,0.0,2.369597615499255,0.0,10.083457526080476,1.2593144560357674,0.13710879284649777,5.540983606557377,0.0,0.0,0.9150521609538003,0.0,0.0,0.0,12.529061102831594,1.330849478390462,0.0,0.8405365126676602,0.19523099850968703,0.0,0.6095380029806259,0.5290611028315947,0.0,0.041728763040238454,0.14605067064083457
390,1108,4,0.7724550898203593,0.08383233532934131,0.20958083832335328,2.604790419161677,0.0,0.029940119760479042,0.0,0.5449101796407185,0.0,0.0,0.0,0.0,0.05089820359281437,0.4880239520958084,0.1407185628742515,0.0,0.0,0.0748502994011976,0.0,6.994011976047904,0.0,13.811377245508982,0.0,3.4790419161676644,1.0389221556886228,0.38323353293413176,5.062874251497006,0.0,0.0,0.8532934131736527,0.0,0.0,0.0,12.158682634730539,1.026946107784431,0.0,0.0,0.10479041916167664,0.0,0.25748502994011974,0.4820359281437126,3.5838323353293413,0.07784431137724551,9.529940119760479
388,1129,5,0.6402439024390244,0.07317073170731707,1.3384146341463414,4.015243902439025,0.0,0.0,0.0,0.0,0.0,0.0,0.04878048780487805,0.0,0.0,0.07926829268292683,0.15853658536585366,0.0,0.0,0.04573170731707317,0.0,12.484756097560975,0.08841463414634146,4.4817073170731705,0.0,12.320121951219512,5.795731707317073,0.2225609756097561,4.625,0.0,0.0,0.27134146341463417,0.14329268292682926,0.0,0.0,16.759146341463413,2.2957317073170733,0.0,0.9451219512195121,0.024390243902439025,0.0,0.9695121951219512,0.5457317073170732,0.16463414634146342,0.04573170731707317,4.820121951219512
389,422,4,0.726063829787234,0.11436170212765957,1.327127659574468,5.5212765957446805,0.0,0.0,0.0,0.04521276595744681,0.0,0.0,0.3776595744680851,0.0,0.2712765957446808,1.3191489361702127,0.7074468085106383,0.0,0.0,0.02127659574468085,0.0,15.39095744680851,0.07446808510638298,3.7367021276595747,0.3351063829787234,14.829787234042554,7.36436170212766,0.3670212765957447,6.5212765957446805,0.0,0.0,0.1196808510638298,0.0,0.0,0.0,22.231382978723403,3.2074468085106385,0.0,0.7606382978723404,0.047872340425531915,0.1356382978723404,1.0372340425531914,0.6196808510638298,0.0,0.08776595744680851,2.672872340425532
394,595,4,0.5744047619047619,0.05952380952380952,0.45535714285714285,2.7202380952380953,0.0,0.0,0.0,0.0,0.0,0.0,0.0,0.0,0.0,0.08333333333333333,0.0,0.0,0.0,0.0,0.0,9.863095238095237,0.002976190476190476,2.1547619047619047,0.0,6.6398809523809526,1.3630952380952381,0.09523809523809523,5.0625,0.0,0.0,0.11607142857142858,0.0,0.0,0.0,11.37797619047619,1.443452380952381,0.0,0.1636904761904762,0.10416666666666667,0.0,0.4494047619047619,0.5446428571428571,0.0,0.03869047619047619,0.0
389,1270,4,0.68561872909699,0.07357859531772576,0.5735785953177257,2.5735785953177257,0.0,0.0,0.0,0.0,0.0,0.0,0.01839464882943144,0.0,0.0,0.09866220735785954,0.03678929765886288,0.0,0.0,0.0,0.12040133779264214,11.235785953177258,0.0,2.8361204013377925,0.0,5.84113712374582,0.7976588628762542,0.3177257525083612,5.008361204013378,0.0,0.0,0.3862876254180602,0.0,0.0033444816053511705,0.0,11.183946488294314,1.2441471571906355,0.0,0.42474916387959866,0.18896321070234115,0.0016722408026755853,0.3377926421404682,0.560200668896321,0.0,0.02508361204013378,0.09364548494983277
390,1819,4,0.7025641025641025,0.10512820512820513,0.5512820512820513,4.423076923076923,0.0,0.0,0.0,0.0,0.0,0.0,0.0641025641025641,0.0,0.0,0.07435897435897436,0.020512820512820513,0.0,0.0,0.0,0.05897435897435897,13.987179487179487,0.0,3.2,0.0,11.971794871794872,3.1717948717948716,0.005128205128205128,3.6769230769230767,0.0,0.0,0.005128205128205128,0.23333333333333334,0.038461538461538464,0.0,18.41025641025641,2.2487179487179487,0.0,0.0,0.0,0.010256410256410256,0.7435897435897436,0.6102564102564103,0.0,0.0641025641025641,0.0
398,769,12,0.6218274111675127,0.08629441624365482,0.8096446700507615,4.5126903553299496,0.0,0.0,0.0,0.0,0.0,0.0,0.0,0.0,0.0,0.0,0.0,0.0,0.0,0.0,0.0,12.16243654822335,0.0532994923857868,3.7918781725888326,0.0,12.428934010152284,2.83502538071066,0.5888324873096447,5.819796954314721,0.0,0.007614213197969543,0.4289340101522843,0.0,0.0,0.0,21.16497461928934,2.0380710659898478,0.0,0.07614213197969544,0.09644670050761421,0.0,0.8350253807106599,0.5634517766497462,0.0,0.02030456852791878,0.0
391,802,4,23.86967741935484,0.12129032258064516,0.0696774193548387,4.88516129032258,0.016774193548387096,0.14967741935483872,0.0,0.6361290322580645,0.0,0.0,0.12,0.0,0.14709677419354839,1.344516129032258,0.7741935483870968,0.0,0.0,0.26193548387096777,0.07741935483870968,13.504516129032258,0.0,27.331612903225807,0.0,22.301935483870967,2.2051612903225806,1.4464516129032259,9.216774193548387,0.3161290322580645,0.0,0.22064516129032258,0.0,0.0,0.20774193548387096,20.763870967741937,2.415483870967742,0.0,0.9032258064516129,0.25806451612903225,0.0,1.447741935483871,1.3703225806451613,0.0,15.710967741935484,0.9290322580645162
397,1368,4,2.0316205533596836,0.07114624505928854,0.0,2.2648221343873516,0.0,0.0,0.0,0.1422924901185771,0.0,0.0,0.039525691699604744,0.0,0.0,0.25691699604743085,0.12648221343873517,0.0,0.0,0.0,0.05928853754940711,5.470355731225297,0.0,3.7786561264822134,0.0,5.517786561264822,0.16205533596837945,0.308300395256917,6.569169960474309,0.0,0.0,0.06719367588932806,0.0,0.0,0.0,9.920948616600791,0.9169960474308301,0.0,2.3794466403162056,0.45849802371541504,0.0,0.42292490118577075,0.5731225296442688,0.0,0.44664031620553357,0.0
403,1684,4,0.6344410876132931,0.07099697885196375,0.9259818731117825,3.187311178247734,0.0,0.0,0.0,0.052870090634441085,0.0,0.0,0.0075528700906344415,0.0,0.0,0.1299093655589124,0.0030211480362537764,0.0,0.0,0.0,0.0377643504531722,8.039274924471298,0.0,5.977341389728097,0.0,5.8685800604229605,1.4290030211480362,0.30966767371601206,7.753776435045317,0.0,0.0,0.01661631419939577,0.0,0.0,0.0,15.646525679758309,1.5891238670694865,0.0,0.17673716012084592,0.0891238670694864,0.0,0.3776435045317221,0.5830815709969789,0.0,0.0377643504531722,0.0
395,1737,4,0.6235059760956175,0.0946215139442231,0.47808764940239046,3.408366533864542,0.0,0.0,0.0,0.0,0.0,0.0,0.0,0.0,0.0,0.00099601593625498,0.0,0.0,0.0,0.0,0.0,12.570717131474103,0.027888446215139442,4.413346613545817,0.0,11.588645418326694,2.3256972111553784,0.3655378486055777,3.6613545816733066,0.0,0.38645418326693226,0.48904382470119523,0.0,0.0,0.0,17.23406374501992,1.8057768924302788,0.0,0.22709163346613545,0.1553784860557769,0.0,0.7749003984063745,0.6703187250996016,0.0,0.04083665338645418,0.0
391,1202,4,0.6563307493540051,0.06718346253229975,0.8423772609819121,2.565891472868217,0.0,0.0,0.0,0.0,0.0,0.0,0.0,0.0,0.0,0.0,0.0,0.0,0.0,0.0,0.0,3.3255813953488373,0.023255813953488372,4.72093023255814,0.0,1.7364341085271318,0.5503875968992248,1.1679586563307494,6.385012919896641,0.0,0.18087855297157623,0.31007751937984496,0.0,0.0,0.0,14.749354005167959,1.2041343669250646,0.0,0.0,0.4806201550387597,0.0,0.11627906976744186,0.6434108527131783,0.0,0.023255813953488372,0.0
403,1719,4,0.9902912621359223,0.05177993527508091,0.9514563106796117,3.1650485436893203,0.0,0.0,0.0,0.0,0.0,0.0,0.0,0.0,0.0,0.0,0.0,0.0,0.0,0.0,0.0,4.17799352750809,0.012944983818770227,2.5145631067961167,0.0,4.268608414239482,1.7702265372168284,0.13592233009708737,7.401294498381877,0.0,0.0,0.20711974110032363,0.0,0.0,0.0,16.650485436893202,1.8058252427184467,0.0,0.061488673139158574,0.061488673139158574,0.0,0.1779935275080906,0.5145631067961165,0.0,0.14563106796116504,0.0
394,1958,4,0.6282225237449118,0.06512890094979647,0.4762550881953867,2.8507462686567164,0.0,0.0,0.0,0.0,0.0,0.0,0.0013568521031207597,0.0,0.0,0.025780189959294438,0.0,0.0,0.0,0.0,0.0067842605156037995,4.35685210312076,0.0027137042062415195,5.100407055630936,0.0,2.085481682496608,0.6431478968792401,0.27544097693351427,3.314789687924016,0.0,0.12618724559023067,0.24016282225237448,0.0,0.0,0.0,14.944369063772049,1.3310719131614654,0.0,0.03934871099050204,0.2876526458616011,0.0,0.08005427408412483,0.6255088195386703,0.0,0.028493894165535955,0.0
395,57,4,0.8023255813953488,0.05813953488372093,0.9563953488372093,3.436046511627907,0.0,0.0,0.0,0.0,0.0,0.0,0.014534883720930232,0.0,0.0,0.0377906976744186,0.04941860465116279,0.0,0.0,0.0,0.0,10.223837209302326,0.05232558139534884,4.002906976744186,0.0,11.843023255813954,1.9912790697674418,0.8517441860465116,7.183139534883721,0.0,0.0,0.061046511627906974,0.0,0.0,0.0,17.71511627906977,1.7965116279069768,0.0,0.4476744186046512,0.09593023255813954,0.0,1.0377906976744187,0.563953488372093,0.0,0.040697674418604654,0.0
396,1309,4,0.5956112852664577,0.09404388714733543,0.8620689655172413,2.4639498432601883,0.0,0.0,0.0,0.0,0.0,0.0,0.0,0.0,0.0,0.02821316614420063,0.0,0.0,0.0,0.0,0.009404388714733543,11.764890282131661,0.0,1.9341692789968652,0.0,4.686520376175548,0.7429467084639498,0.12225705329153605,5.733542319749216,0.0,0.0,0.003134796238244514,0.0,0.0,0.0,10.648902821316614,1.2319749216300941,0.0,0.0,0.10658307210031348,0.0,0.19122257053291536,0.5297805642633229,0.0,0.003134796238244514,0.0
392,1322,4,0.6552901023890785,0.09897610921501707,0.4402730375426621,3.9795221843003414,0.0,0.0,0.0,0.0,0.0,0.0,0.0,0.0,0.0,0.0,0.0,0.0,0.0034129692832764505,0.0,0.0,14.092150170648464,0.0,3.901023890784983,0.0,11.914675767918089,2.9658703071672354,0.006825938566552901,4.1160409556314,0.0,0.0,0.06143344709897611,0.027303754266211604,0.0,0.0,17.399317406143346,2.279863481228669,0.0,0.12627986348122866,0.18771331058020477,0.0,0.8805460750853242,0.6382252559726962,0.0,0.040955631399317405,0.0
402,1490,11,0.6436170212765957,0.07446808510638298,0.324468085106383,4.398936170212766,0.0,0.0,0.0,0.0,0.0,0.0,0.0,0.0,0.0,0.0,0.0,0.0,0.0,0.0,0.0,15.154255319148936,0.0,3.521276595744681,0.0,13.101063829787234,3.425531914893617,0.0,2.797872340425532,0.0,0.0,0.0425531914893617,0.0,0.0,0.0,18.48404255319149,2.4468085106382977,0.0,0.09042553191489362,0.06382978723404255,0.0,0.9574468085106383,0.6702127659574468,0.0,0.015957446808510637,0.0
393,1794,4,0.7266754270696452,0.12220762155059132,0.3219448094612352,5.21419185282523,0.0,0.0,0.00788436268068331,0.01445466491458607,0.0,0.0,0.0,0.0,0.0,1.0446780551905388,0.03810775295663601,0.0,0.38107752956636004,0.0735873850197109,0.0,15.026281208935611,0.026281208935611037,8.528252299605782,0.0,4.487516425755585,5.484888304862023,0.8344283837056504,4.646517739816032,0.0,0.0,0.2076215505913272,0.0,0.0,5.545335085413929,22.59789750328515,2.6649145860709593,0.0,0.0,0.0,0.0,0.4783180026281209,0.6110381077529566,0.0,0.04467805519053877,3.868593955321945
405,745,12,0.6518987341772152,0.12025316455696203,0.7278481012658228,4.219409282700422,0.0,0.0,0.0,0.0,0.0,0.0,0.0,0.0,0.0,0.016877637130801686,0.0,0.0,0.0,0.0,0.0,18.025316455696203,0.06540084388185655,3.9915611814345993,0.0,12.128691983122362,2.4936708860759493,0.9029535864978903,5.489451476793249,0.0,0.0,0.20464135021097046,0.0,0.0,0.0,19.47257383966245,2.132911392405063,0.0,0.12447257383966245,0.10126582278481013,0.0,0.7827004219409283,0.6434599156118144,0.0,0.05063291139240506,0.0
399,906,4,1.0594202898550724,0.08695652173913043,0.4855072463768116,2.8144927536231883,0.04927536231884058,0.04782608695652174,0.0,0.6086956521739131,0.0,0.0,0.09420289855072464,0.17246376811594202,0.08260869565217391,0.7739130434782608,0.23623188405797102,0.0,0.0,0.17971014492753623,0.042028985507246375,10.560869565217391,0.0,17.944927536231884,0.0,5.01304347826087,1.6,0.20434782608695654,5.272463768115942,0.0463768115942029,0.0,0.23043478260869565,0.0,0.0,0.0,12.53623188405797,1.1985507246376812,0.0,0.02318840579710145,0.17681159420289855,0.0,0.35942028985507246,0.5869565217391305,3.163768115942029,0.15217391304347827,15.527536231884058
398,1423,11,0.7049808429118773,0.08237547892720307,1.2816091954022988,3.1091954022988504,0.0,0.0,0.0,0.0,0.0,0.0,0.0,0.0,0.0,0.0,0.0,0.0,0.0,0.0,0.0,10.224137931034482,0.05747126436781609,2.810344827586207,0.0,3.917624521072797,1.7758620689655173,0.05363984674329502,4.448275862068965,0.0,0.0,0.11685823754789272,0.06321839080459771,0.0,0.0,14.693486590038313,1.7950191570881227,0.0,0.05172413793103448,0.1896551724137931,0.0,0.1781609195402299,0.5210727969348659,0.0,0.034482758620689655,0.0
402,1014,4,0.7255434782608695,0.08967391304347826,0.5679347826086957,5.546195652173913,0.0,0.19021739130434784,0.0,0.0,0.0,0.0,0.07608695652173914,0.0,0.0,1.3858695652173914,0.005434782608695652,0.0,0.23097826086956522,0.35597826086956524,0.10869565217391304,15.529891304347826,0.0,3.7717391304347827,0.0,5.279891304347826,5.913043478260869,0.7228260869565217,4.225543478260869,0.0,0.0,0.779891304347826,0.0,0.0,3.1739130434782608,23.880434782608695,2.9510869565217392,0.0,0.20923913043478262,0.0,0.0,1.3858695652173914,0.5353260869565217,0.0,0.057065217391304345,4.423913043478261
394,1173,4,2.2268041237113403,0.09621993127147767,1.2130584192439862,3.3969072164948453,0.0,0.003436426116838488,0.006872852233676976,0.15120274914089346,0.0,0.0,0.0,0.16323024054982818,0.0,0.20962199312714777,0.05154639175257732,0.0,0.11512027491408934,0.09621993127147767,0.0,12.29896907216495,0.020618556701030927,6.838487972508591,0.0,5.845360824742268,2.329896907216495,0.19072164948453607,5.445017182130584,0.0,0.0,0.27491408934707906,0.0,0.0,0.0,15.065292096219931,1.3762886597938144,0.0,0.12199312714776632,0.013745704467353952,0.0,0.3865979381443299,0.6254295532646048,9.049828178694158,1.097938144329897,17.9553264604811
400,1844,4,0.7427184466019418,0.05339805825242718,0.9368932038834952,2.7572815533980584,0.0,0.0,0.0,0.0,0.0,0.0,0.0,0.0,0.0,0.0,0.0,0.0,0.0048543689320388345,0.0,0.0,8.097087378640778,0.02912621359223301,3.3058252427184467,0.0,1.558252427184466,0.6359223300970874,0.0,8.922330097087379,0.0,0.0,0.09223300970873786,0.0,0.0,0.0,12.800970873786408,1.0436893203883495,0.0,0.3932038834951456,0.0,0.0,0.09223300970873786,0.49514563106796117,0.0,0.043689320388349516,0.0
409,327,4,0.6576402321083172,0.11798839458413926,0.9052224371373307,4.586073500967118,0.0,0.0,0.0,0.013539651837524178,0.0,0.0,0.0,0.0,0.0,0.0367504835589942,0.03288201160541586,0.0,0.0,0.0367504835589942,0.0,13.06963249516441,0.0851063829787234,3.793036750483559,0.0,13.466150870406189,3.1740812379110253,0.9535783365570599,8.454545454545455,0.0,0.02321083172147002,0.5009671179883946,0.0,0.0,0.0,21.86460348162476,2.3636363636363638,0.0,0.08317214700193423,0.1450676982591876,0.0,0.9458413926499033,0.6460348162475822,0.0,0.03288201160541586,0.35009671179883944
395,491,4,0.6784968684759917,0.12734864300626306,0.33402922755741127,4.960334029227558,0.0,0.0,0.0,0.0,0.0,0.0,0.0,0.0,0.0,0.05010438413361169,0.0,0.0,0.0,0.0,0.0,17.75365344467641,0.0,2.511482254697286,0.0,28.5741127348643,1.546972860125261,0.24843423799582465,3.682672233820459,0.0,0.0,0.0,0.0,0.0,0.1127348643006263,19.83507306889353,3.012526096033403,0.0,0.22755741127348644,0.0,0.0,1.730688935281837,0.4718162839248434,0.0,0.037578288100208766,0.0
398,1218,4,0.6373873873873874,0.06981981981981981,0.3490990990990991,3.2027027027027026,0.0,0.0,0.0,0.0,0.0,0.0,0.13513513513513514,0.0,0.0,0.4009009009009009,0.20495495495495494,0.0,0.0,0.0,0.32432432432432434,11.635135135135135,0.02252252252252252,2.2725225225225225,0.0,12.63063063063063,2.1824324324324325,0.11261261261261261,5.256756756756757,0.0,0.0,0.46846846846846846,0.0,0.0,0.0,13.824324324324325,1.8693693693693694,0.0,0.42567567567567566,0.25225225225225223,0.0,0.8558558558558559,0.5788288288288288,0.0,0.02927927927927928,0.0
412,307,4,0.7612456747404844,0.058823529411764705,0.916955017301038,3.217993079584775,0.0,0.006920415224913495,0.0,0.06920415224913495,0.0,0.0,0.0,0.0,0.0,0.02768166089965398,0.0034602076124567475,0.0,0.0,0.0,0.0,3.9757785467128026,0.07612456747404844,2.5916955017301038,0.0,2.9965397923875434,1.560553633217993,0.020761245674740483,7.553633217993079,0.0,0.0,0.0034602076124567475,0.0,0.0,0.0,16.19031141868512,1.8408304498269896,0.0,0.0,0.0,0.0,0.20069204152249134,0.5916955017301038,0.0,0.020761245674740483,0.0
407,402,4,0.6207906295754027,0.07613469985358712,0.7071742313323572,2.9604685212298683,0.0,0.016105417276720352,0.0,0.09370424597364568,0.0,0.0,0.0,0.0,0.0,0.048316251830161056,0.004392386530014641,0.0,0.0,0.005856515373352855,0.0,8.923865300146414,0.0,1.8916544655929721,0.0,4.88579795021962,1.759882869692533,0.4289897510980966,6.915080527086384,0.0,0.0,0.029282576866764276,0.0,0.0,0.0,13.23865300146413,1.9267935578330893,0.0,0.029282576866764276,0.0,0.0,0.32210834553440704,0.4904831625183016,0.0,0.020497803806734993,0.0
397,449,4,0.5743243243243243,0.06486486486486487,0.7878378378378378,2.8216216216216217,0.0,0.0,0.0,0.12432432432432433,0.0,0.0,0.0,0.0,0.0,0.06621621621621622,0.00945945945945946,0.0,0.0,0.0,0.0,10.693243243243243,0.010810810810810811,2.175675675675676,0.0,9.506756756756756,1.9986486486486486,0.28243243243243243,6.404054054054054,0.0,0.0,0.0,0.0,0.0,0.0,11.922972972972973,1.6216216216216217,0.0,0.03648648648648649,0.16216216216216217,0.0,0.722972972972973,0.4581081081081081,0.0,0.043243243243243246,0.0
408,1241,4,0.6572327044025157,0.06918238993710692,0.610062893081761,3.0943396226415096,0.0,0.0,0.0,0.0,0.0,0.0,0.0,0.0,0.0,0.009433962264150943,0.0,0.0,0.0,0.0,0.0,13.575471698113208,0.0,2.0251572327044025,0.0,13.39937106918239,1.8962264150943395,0.1918238993710692,5.745283018867925,0.0,0.0,0.18238993710691823,0.0,0.0,0.0,12.720125786163521,1.9025157232704402,0.0,0.3490566037735849,0.15723270440251572,0.0,0.8301886792452831,0.5157232704402516,0.0,0.050314465408805034,0.0
397,1339,4,0.6696349065004452,0.07658058771148708,0.6883348174532502,3.5316117542297416,0.0,0.0,0.0,0.034728406055209264,0.0,0.0,0.003561887800534283,0.0,0.0,0.027604630454140695,0.0017809439002671415,0.0,0.0,0.0,0.003561887800534283,11.736420302760463,0.024933214603739984,3.0712377560106856,0.0,10.018699910952805,2.641139804096171,0.029385574354407838,3.9661620658949244,0.0,0.0,0.04007123775601069,0.032056990204808546,0.0,0.0,16.170080142475513,2.068566340160285,0.0,0.0917186108637578,0.0,0.0,0.6856634016028496,0.5859305431878896,0.0,0.027604630454140695,0.0
407,215,4,0.656,0.072,0.412,4.096,0.0,0.0,0.0,0.0,0.0,0.0,0.0,0.0,0.0,0.024,0.02,0.0,0.0,0.0,0.0,16.44,0.0,5.38,0.0,9.488,3.296,0.144,4.16,0.0,0.0,0.0,0.288,0.0,0.056,18.588,2.272,0.0,0.04,0.144,0.0,0.596,0.576,0.0,0.06,0.0
405,288,4,0.6656955571740714,0.1099781500364166,0.7225054624908959,3.6846321922796794,0.0,0.0,0.0,0.0,0.0,0.0,0.01820830298616169,0.0,0.0,0.13328477785870357,0.029133284777858703,0.0,0.0,0.0,0.12163146394756008,13.850691915513474,0.0,1.9155134741442097,0.0,6.0313182811361985,2.7064821558630734,0.1864530225782957,4.0,0.0,0.0,0.0,0.14712308812818645,0.004369992716678805,0.0,15.112891478514202,2.3175528040786597,0.13109978150036417,0.10487982520029134,0.08157319737800436,0.026219956300072834,0.4151493080844865,0.4923525127458121,0.0,0.03641660597232338,0.0
400,432,4,0.8634361233480177,0.07488986784140969,0.6563876651982379,2.894273127753304,0.0,0.05726872246696035,0.0,0.21365638766519823,0.0,0.0,0.0022026431718061676,0.0,0.024229074889867842,0.28634361233480177,0.06167400881057269,0.0,0.0,0.16740088105726872,0.0,9.859030837004406,0.0,2.381057268722467,0.0,4.570484581497797,1.8986784140969164,0.6321585903083701,4.601321585903084,0.0,0.0,0.039647577092511016,0.0,0.0,0.0,13.211453744493392,1.8215859030837005,0.0,0.05506607929515418,0.011013215859030838,0.0,0.45594713656387664,0.5044052863436124,0.0,0.07048458149779736,0.43392070484581496
402,1656,4,0.6717171717171717,0.050505050505050504,0.18686868686868688,3.025252525252525,0.0,0.0,0.0,0.0,0.0,0.0,0.0,0.0,0.0,0.21212121212121213,0.0,0.0,0.0,0.0,0.0,9.777777777777779,0.0,2.005050505050505,0.0,8.787878787878787,1.8484848484848484,0.010101010101010102,3.212121212121212,0.0,0.0,0.5959595959595959,0.0,0.0,0.0,12.106060606060606,1.803030303030303,0.0,0.015151515151515152,0.0,0.0,0.5555555555555556,0.4595959595959596,0.0,0.010101010101010102,0.0
408,682,4,0.6709129511677282,0.08280254777070063,0.6942675159235668,3.5987261146496814,0.0,0.0,0.0,0.0,0.0,0.0,0.0,0.0,0.0,0.0,0.0,0.0,0.0,0.0,0.0,11.552016985138005,0.03821656050955414,3.6199575371549892,0.0,15.900212314225053,2.5987261146496814,1.0212314225053079,5.639065817409766,0.0,0.04670912951167728,0.3524416135881104,0.0,0.0,0.0,18.144373673036092,1.9957537154989384,0.0,0.20382165605095542,0.11889596602972399,0.0,1.0573248407643312,0.7303609341825902,0.0,0.055201698513800426,0.0
410,1462,11,0.6658097686375322,0.10282776349614396,0.38946015424164526,4.281491002570694,0.0,0.0,0.0,0.0,0.0,0.0,0.0,0.0,0.0,0.2095115681233933,0.019280205655526992,0.0,0.0,0.0,0.0,12.976863753213367,0.0,3.147814910025707,0.0,7.4241645244215935,3.0591259640102826,0.2982005141388175,4.451156812339332,0.0,0.0,0.2352185089974293,0.07326478149100257,0.0,0.0,16.784061696658096,2.6066838046272496,0.0,0.18637532133676094,0.0038560411311053984,0.0,0.5141388174807198,0.5141388174807198,0.0,0.037275064267352186,0.0
402,629,11,0.771889400921659,0.09907834101382489,0.3617511520737327,4.902073732718894,0.0,0.0,0.0,0.0,0.0,0.0,0.024193548387096774,0.0,0.0,0.195852534562212,0.0944700460829493,0.0,0.03456221198156682,0.018433179723502304,0.07949308755760369,15.011520737327189,0.0,4.9953917050691246,0.0,9.881336405529954,3.761520737327189,0.14861751152073732,3.411290322580645,0.0,0.0,0.423963133640553,0.20276497695852536,0.0,0.4596774193548387,21.37327188940092,2.8364055299539173,0.0,0.36059907834101385,0.002304147465437788,0.0,0.8306451612903226,0.5967741935483871,0.0,0.055299539170506916,0.14400921658986174
399,1410,4,0.8349282296650717,0.09330143540669857,0.23444976076555024,3.299043062200957,0.0,0.0,0.0,0.0,0.0,0.0,0.007177033492822967,0.0,0.0,0.3684210526315789,0.06937799043062201,0.0,0.0,0.045454545454545456,0.10526315789473684,11.617224880382775,0.0,2.3851674641148324,0.0,8.710526315789474,1.5813397129186604,0.18660287081339713,3.8157894736842106,0.0,0.0,0.11244019138755981,0.0,0.0,0.5406698564593302,13.44976076555024,1.7822966507177034,0.0,0.2511961722488038,0.004784688995215311,0.0,0.6172248803827751,0.5191387559808612,0.0,0.0861244019138756,0.19617224880382775
406,1439,7,0.6884057971014492,0.09420289855072464,0.644927536231884,3.8405797101449277,0.0,0.0,0.0,0.0,0.0,0.0,0.0,0.0,0.0,0.2246376811594203,0.0,0.0,0.0,0.0,0.0,4.992753623188406,0.0,5.478260869565218,0.0,4.007246376811594,2.4782608695652173,0.036231884057971016,5.9855072463768115,0.0,0.0,0.007246376811594203,0.0,0.0,0.036231884057971016,18.67391304347826,2.2028985507246377,0.0,0.0,0.0,0.0,0.2463768115942029,0.5507246376811594,0.0,0.021739130434782608,0.0
408,1555,4,0.6871609403254972,0.10307414104882459,0.46112115732368897,5.924050632911392,0.0,0.0,0.0,0.0,0.0,0.0,0.8444846292947559,0.0,0.0,1.5262206148282098,0.2911392405063291,0.0,0.0,0.14466546112115733,1.6582278481012658,15.491862567811935,0.0,3.5515370705244123,0.0,17.151898734177216,5.047016274864376,0.484629294755877,5.638336347197106,0.0,0.0,0.3291139240506329,0.0,0.0,0.34900542495479203,24.195298372513562,3.213381555153707,0.0,0.41229656419529837,0.0,0.0,1.3291139240506329,0.5732368896925859,0.0,0.05244122965641953,6.475587703435805
406,373,4,0.7142857142857143,0.08333333333333333,0.7312925170068028,2.989795918367347,0.0,0.0,0.0,0.05102040816326531,0.0,0.0,0.015306122448979591,0.0,0.013605442176870748,0.48639455782312924,0.15306122448979592,0.0,0.0,0.07312925170068027,0.0017006802721088435,12.571428571428571,0.025510204081632654,14.013605442176871,0.0,9.183673469387756,1.4387755102040816,0.6904761904761905,7.14625850340136,0.0,0.0,0.08673469387755102,0.0,0.0,0.0,15.105442176870747,1.1598639455782314,0.0,0.673469387755102,0.09013605442176871,0.0,0.6343537414965986,0.5612244897959183,0.0,0.06802721088435375,0.18877551020408162
405,818,7,0.5782493368700266,0.034482758620689655,0.9602122015915119,2.679045092838196,0.0,0.0,0.0,0.0,0.0,0.0,0.0,0.0,0.0,0.0,0.0,0.0,0.0,0.0,0.0,9.355437665782494,0.007957559681697613,2.363395225464191,0.0,6.798408488063661,1.1724137931034482,0.5013262599469496,6.4668435013262595,0.0,0.0,0.0,0.0,0.0,0.0,11.694960212201591,1.4323607427055702,0.0,0.16976127320954906,0.0,0.0,0.7188328912466844,0.4244031830238727,0.0,0.03183023872679045,0.0
412,1053,4,1.0163170163170163,0.09090909090909091,0.3356643356643357,3.773892773892774,0.002331002331002331,0.002331002331002331,0.0,0.7156177156177156,0.002331002331002331,0.046620046620046623,0.7062937062937062,0.0,0.006993006993006993,1.662004662004662,0.6899766899766899,0.0,0.0,0.002331002331002331,1.0932400932400932,9.025641025641026,0.0,4.125874125874126,0.0,5.755244755244755,2.687645687645688,0.5128205128205128,9.766899766899767,0.06060606060606061,0.0,0.21678321678321677,0.16317016317016317,0.14685314685314685,0.0,16.3986013986014,2.2913752913752914,0.0,0.32167832167832167,0.0675990675990676,0.02097902097902098,0.29603729603729606,0.5617715617715617,0.0,0.21212121212121213,8.314685314685315
408,1936,4,0.5940054495912807,0.09400544959128065,0.7670299727520435,3.877384196185286,0.0,0.05994550408719346,0.0,0.2683923705722071,0.0,0.0,0.0,0.0,0.02316076294277929,0.4032697547683924,0.1893732970027248,0.0,0.0,0.02861035422343324,0.0,17.986376021798364,0.08446866485013624,13.970027247956404,0.0,8.701634877384196,3.0980926430517712,0.3446866485013624,5.374659400544959,0.0,0.0,0.01907356948228883,0.12125340599455041,0.0,0.0,16.162125340599456,1.9877384196185286,0.0,0.035422343324250684,0.04632152588555858,0.0,0.6389645776566758,0.5299727520435967,0.0,0.05722070844686648,0.8024523160762943
412,171,4,0.7769886363636364,0.09801136363636363,1.78125,4.080965909090909,0.0,0.0014204545454545455,0.0,0.0014204545454545455,0.0,0.0,0.029829545454545456,0.0,0.004261363636363636,0.18181818181818182,0.10227272727272728,0.0,0.07244318181818182,0.0,0.19602272727272727,14.715909090909092,0.07386363636363637,4.811079545454546,0.0,8.140625,2.4886363636363638,1.1107954545454546,8.454545454545455,0.0,0.0,0.234375,0.15056818181818182,0.017045454545454544,0.0,20.3125,1.8039772727272727,0.0,0.2571022727272727,0.15482954545454544,0.0,0.6235795454545454,0.6846590909090909,0.0,0.04261363636363636,0.11647727272727272
413,463,4,0.7059415911379657,0.07150050352467271,0.8751258811681772,3.054380664652568,0.0,0.0,0.0,0.019133937562940583,0.0,0.0,0.0,0.0,0.0,0.0,0.0634441087613293,0.0,0.0,0.0,0.0,9.95166163141994,0.0,2.1007049345417927,0.0,6.751258811681772,0.6928499496475328,0.01812688821752266,2.9818731117824773,0.0,0.023162134944612285,0.07150050352467271,0.23766364551863042,0.0,0.0,13.03323262839879,1.7865055387713997,0.0,0.1782477341389728,0.00906344410876133,0.0,0.4108761329305136,0.4783484390735146,0.0,0.023162134944612285,0.0
407,1119,4,0.6774193548387096,0.07640067911714771,0.8505942275042445,2.789473684210526,0.0,0.0,0.0,0.0,0.0,0.0,0.0,0.0,0.0,0.23089983022071306,0.003395585738539898,0.0,0.0,0.0,0.015280135823429542,10.166383701188455,0.023769100169779286,2.069609507640068,0.0,11.073005093378608,1.1714770797962648,0.2733446519524618,6.103565365025467,0.0,0.0,0.1731748726655348,0.0,0.0,0.0,11.443123938879456,1.461799660441426,0.0,0.45840407470288624,0.0865874363327674,0.0,0.7368421052631579,0.4838709677419355,0.0,0.050933786078098474,0.0
403,1592,6,0.6533333333333333,0.09555555555555556,1.1577777777777778,4.2155555555555555,0.0,0.0,0.0,0.06222222222222222,0.0,0.0,0.051111111111111114,0.18444444444444444,0.0044444444444444444,0.07555555555555556,0.10222222222222223,0.0,0.0,0.0,0.0,14.713333333333333,0.017777777777777778,3.688888888888889,0.0,13.873333333333333,5.14,0.022222222222222223,3.6733333333333333,0.0,0.0,0.2644444444444444,0.16444444444444445,0.0,0.0,18.182222222222222,2.24,0.0,0.18666666666666668,0.017777777777777778,0.0,1.0022222222222221,0.5733333333333334,1.1711111111111112,0.042222222222222223,11.735555555555555
404,35,4,0.8490566037735849,0.10377358490566038,0.4056603773584906,6.877358490566038,0.0,0.04716981132075472,0.0,0.0,0.0,0.0,0.7641509433962265,0.0,0.5660377358490566,2.792452830188679,1.5188679245283019,0.0,0.03773584905660377,0.02830188679245283,0.0,11.575471698113208,0.0,9.415094339622641,0.0,9.830188679245284,7.273584905660377,0.6792452830188679,7.330188679245283,0.0,0.0,0.03773584905660377,0.0,0.0,0.0,31.67924528301887,3.9150943396226414,0.0,0.18867924528301888,0.07547169811320754,0.0,0.7452830188679245,0.6320754716981132,0.0,0.14150943396226415,0.7358490566037735
412,340,4,0.582089552238806,0.09950248756218906,0.18407960199004975,3.8656716417910446,0.0,0.0,0.0,0.0,0.0,0.0,0.024875621890547265,0.0,0.0,0.07462686567164178,0.004975124378109453,0.0,0.0,0.0,0.05970149253731343,17.72139303482587,0.0,1.9651741293532339,0.0,10.328358208955224,2.0796019900497513,0.0945273631840796,3.1194029850746268,0.0,0.0,0.0,0.07960199004975124,0.0,0.0,13.238805970149254,1.9701492537313432,0.009950248756218905,0.0,0.08955223880597014,0.0,0.7213930348258707,0.5522388059701493,0.0,0.029850746268656716,0.0
415,846,12,0.7828947368421053,0.14473684210526316,0.04276315789473684,6.259868421052632,0.0,0.0,0.0,0.0,0.0,0.0,0.0,0.0,0.0,0.0,0.0,0.0,0.0,0.0,0.0,26.730263157894736,0.0,2.611842105263158,0.0,34.93421052631579,1.917763157894737,0.06578947368421052,2.5460526315789473,0.0,0.0,0.0,0.02631578947368421,0.0,0.2598684210526316,22.976973684210527,3.911184210526316,0.0,0.22697368421052633,0.0,0.0,2.2927631578947367,0.4276315789473684,0.0,0.02631578947368421,0.0
408,1630,4,0.7707150964812712,0.08626560726447219,0.06129398410896708,3.0885357548240635,0.0,0.11237230419977298,0.0,1.2383654937570943,0.0,0.11804767309875142,0.0011350737797956867,0.0,0.0056753688989784334,0.7196367763904654,0.29284903518728717,0.0,0.2746878547105562,0.717366628830874,0.019296254256526674,8.222474460839955,0.0,3.8535754824063564,0.0,7.037457434733257,3.080590238365494,0.24063564131668558,4.626560726447219,0.06242905788876277,0.0,0.019296254256526674,0.0,0.03745743473325766,0.0,14.233825198637911,1.7945516458569808,0.0,0.0,0.06242905788876277,0.0,0.8388195232690124,0.5414301929625426,0.0,0.09648127128263337,10.887627695800226
417,1979,4,0.6473829201101928,0.12121212121212122,0.1046831955922865,6.289256198347108,0.0,0.0,0.0,0.0,0.0,0.0,0.0,0.0,0.0,0.0,0.0,0.0,0.0,0.0,0.0,17.019283746556475,0.0,2.9173553719008263,0.0,17.325068870523417,6.0,0.07988980716253444,2.1542699724517904,0.0,0.0,0.09641873278236915,0.2865013774104683,0.0,0.0,28.209366391184574,3.765840220385675,0.0,0.05234159779614325,0.0,0.0,1.0909090909090908,0.6115702479338843,0.0,0.02203856749311295,0.0
417,876,4,0.8303324099722992,0.12880886426592797,0.5277008310249307,5.090027700831025,0.0,0.0,0.0,0.0,0.0,0.0,0.0,0.0,0.0,0.0,0.0,0.0,0.011772853185595568,0.0,0.009695290858725761,16.283240997229917,0.009002770083102494,3.8178670360110805,0.0,12.472991689750693,4.5810249307479225,0.4182825484764543,4.842105263157895,0.0,0.0,0.04778393351800554,0.22645429362880887,0.0,0.0,24.268005540166204,2.6911357340720223,0.0,0.05955678670360111,0.011772853185595568,0.0,0.9397506925207756,0.6405817174515236,0.0,0.04293628808864266,0.0
408,1178,4,0.8141025641025641,0.08699633699633699,1.1492673992673992,3.326923076923077,0.0,0.0018315018315018315,0.0,0.21245421245421245,0.0,0.014652014652014652,0.0,0.0,0.0,0.2683150183150183,0.0641025641025641,0.0,0.027472527472527472,0.07234432234432235,0.016483516483516484,10.66941391941392,0.027472527472527472,2.78021978021978,0.0,9.602564102564102,1.6227106227106227,0.23809523809523808,4.9010989010989015,0.0,0.0,0.0,0.08333333333333333,0.0,0.0,14.725274725274724,1.8983516483516483,0.0,0.0,0.08974358974358974,0.0,0.6391941391941391,0.543040293040293,0.0,0.04304029304029304,0.3882783882783883
409,1272,7,4.596989966555184,0.09364548494983277,1.1755852842809364,3.596989966555184,0.0,0.0,0.0,0.021739130434782608,0.0,0.0,0.0,0.0,0.0,0.04013377926421405,0.0033444816053511705,0.0,0.0016722408026755853,0.0033444816053511705,0.0,14.321070234113712,0.10535117056856187,3.9866220735785953,0.0,3.5050167224080266,1.5016722408026757,0.07190635451505016,11.033444816053512,0.0,0.0,0.23745819397993312,0.0,0.0,0.0,15.66220735785953,1.4464882943143813,0.0,0.4214046822742475,0.051839464882943144,0.0,0.17725752508361203,0.8545150501672241,0.0,2.8545150501672243,0.04180602006688963
408,1352,4,0.725328947368421,0.11677631578947369,0.6430921052631579,6.838815789473684,0.0,0.0,0.0,0.0,0.0,0.0,0.36019736842105265,0.0,0.0,0.7055921052631579,0.3832236842105263,0.0,0.0,0.0,0.65625,15.608552631578947,0.018092105263157895,2.888157894736842,0.0,16.32730263157895,6.858552631578948,0.049342105263157895,4.998355263157895,0.0,0.0,0.0625,0.13486842105263158,0.26644736842105265,0.0,28.273026315789473,4.151315789473684,0.0,0.1924342105263158,0.0,0.16447368421052633,1.0345394736842106,0.600328947368421,0.0,0.05921052631578947,0.0
406,1394,4,0.746938775510204,0.15918367346938775,0.45714285714285713,6.7673469387755105,0.0,0.0,0.0,0.0,0.0,0.0,0.0,0.0,0.0,0.0653061224489796,0.0,0.0,0.0,0.0,0.0,22.506122448979593,0.0,5.96734693877551,0.0,30.351020408163265,5.440816326530612,0.22040816326530613,3.853061224489796,0.0,0.0,0.0,0.00816326530612245,0.0,0.363265306122449,28.10612244897959,3.726530612244898,0.0,0.6285714285714286,0.08979591836734693,0.0,1.7387755102040816,0.6081632653061224,0.0,0.061224489795918366,0.0
407,1828,4,0.5805555555555556,0.07777777777777778,1.038888888888889,3.5861111111111112,0.0,0.0,0.0,0.0,0.0,0.0,0.0,0.0,0.0,0.05277777777777778,0.027777777777777776,0.0,0.0,0.0,0.013888888888888888,11.616666666666667,0.0,5.608333333333333,0.0,10.647222222222222,1.85,0.15555555555555556,8.355555555555556,0.0,0.0,0.1388888888888889,0.0,0.0,0.0,17.372222222222224,1.8083333333333333,0.0,0.3111111111111111,0.0,0.0,0.5777777777777777,0.6888888888888889,0.0,0.03611111111111111,0.0
407,275,12,0.7061855670103093,0.1134020618556701,0.6030927835051546,5.195876288659794,0.0,0.0,0.0,0.0,0.0,0.0,0.0,0.0,0.0,0.0,0.0,0.0,0.0,0.25257731958762886,0.0,16.8659793814433,0.030927835051546393,2.7268041237113403,0.0,17.20618556701031,3.8917525773195876,0.4639175257731959,5.010309278350515,0.0,0.0,0.6752577319587629,0.0,0.0,0.0,22.9020618556701,2.6649484536082473,0.0,0.0,0.0,0.0,1.190721649484536,0.654639175257732,0.0,0.03608247422680412,0.0
413,971,4,0.8742857142857143,0.09714285714285714,0.46285714285714286,3.36,0.0,0.0,0.0,0.13714285714285715,0.0,0.0,0.06285714285714286,0.0,0.02857142857142857,0.52,0.3314285714285714,0.0,0.4857142857142857,1.1142857142857143,0.0,9.508571428571429,0.0,2.657142857142857,0.0,7.662857142857143,3.6514285714285712,0.7828571428571428,4.702857142857143,0.0,0.0,0.0,0.0,0.0,0.0,14.525714285714285,2.085714285714286,0.0,0.03428571428571429,0.14285714285714285,0.0,1.1942857142857144,0.5428571428571428,0.0,0.13142857142857142,2.297142857142857
404,1817,4,0.7258641239570918,0.07270560190703218,0.7532777115613826,3.464839094159714,0.0,0.0,0.014302741358760428,0.02026221692491061,0.0,0.0,0.0,0.0,0.0,0.12753277711561384,0.021454112038140644,0.0,0.0,0.010727056019070322,0.0,9.143027413587605,0.015494636471990465,3.870083432657926,0.0,4.035756853396901,1.8188319427890345,0.4684147794994041,5.410011918951132,0.0,0.0,0.10965435041716329,0.0,0.0,0.0,15.528009535160907,2.066746126340882,0.0,0.07270560190703218,0.0059594755661501785,0.0,0.19785458879618595,0.5542312276519666,0.0,0.04886769964243146,0.11799761620977355
419,1530,4,0.8125,0.0625,0.5125,5.4125,0.0,0.0,0.0,0.0,0.0,0.0,0.0,0.0,0.0,0.0625,0.0,0.0,0.0,0.2,0.0,12.55,0.0125,3.2875,0.0,18.9625,4.9,0.3875,5.25,0.0,0.0,0.275,0.0,0.0,0.0,25.1375,2.625,0.0,0.0,0.0,0.0,1.0875,0.6125,0.0,0.0625,0.0
414,116,8,0.8084163898117387,0.0664451827242525,0.7918050941306756,3.344407530454042,0.0,0.0,0.0,0.009966777408637873,0.0,0.0,0.0022148394241417496,0.0,0.0,0.12181616832779624,0.0022148394241417496,0.0,0.0,0.0,0.015503875968992248,6.735326688815061,0.031007751937984496,9.142857142857142,0.0,2.755260243632337,1.9988925802879292,0.5658914728682171,6.977851605758582,0.0,0.0,0.008859357696566999,0.0,0.0,0.0,17.67995570321152,1.8715393133997784,0.0,0.16832779623477298,0.10741971207087486,0.0,0.2602436323366556,0.6112956810631229,0.0,0.03765227021040975,0.0
413,582,7,0.6408934707903781,0.11683848797250859,0.5549828178694158,3.7061855670103094,0.0,0.0,0.0,0.0,0.0,0.0,0.34536082474226804,0.0,0.0,0.915807560137457,0.2663230240549828,0.0,0.0,0.0,0.0,16.491408934707902,0.0,1.7096219931271477,0.0,9.515463917525773,2.4879725085910653,0.22336769759450173,4.024054982817869,0.0,0.0,0.08075601374570447,0.08075601374570447,0.0,0.0,13.670103092783505,1.831615120274914,0.0,0.25773195876288657,0.0,0.0,0.627147766323024,0.41237113402061853,0.0,0.06701030927835051,3.6288659793814433
410,1323,4,0.6468253968253969,0.0992063492063492,0.6686507936507936,4.35515873015873,0.0,0.0,0.0,0.0,0.0,0.0,0.5277777777777778,0.0,0.0,0.9186507936507936,0.49007936507936506,0.0,0.0,0.0,1.1408730158730158,11.992063492063492,0.041666666666666664,2.2757936507936507,0.0,9.734126984126984,2.8253968253968256,0.35714285714285715,5.009920634920635,0.0,0.0,0.16666666666666666,0.0,0.24404761904761904,0.0,17.075396825396826,2.488095238095238,0.0,0.19642857142857142,0.10515873015873016,0.2400793650793651,0.6944444444444444,0.48412698412698413,0.0,0.05555555555555555,0.7202380952380952
419,704,12,0.6144578313253012,0.08132530120481928,0.6204819277108434,3.7620481927710845,0.0,0.0,0.0,0.0,0.0,0.0,0.0,0.0,0.0,0.0,0.0572289156626506,0.0,0.02710843373493976,0.0,0.0,17.466867469879517,0.06325301204819277,4.542168674698795,0.0,8.792168674698795,2.930722891566265,0.030120481927710843,4.903614457831325,0.0,0.0,0.32831325301204817,0.2469879518072289,0.0,0.0,17.548192771084338,1.9518072289156627,0.0,0.12048192771084337,0.6265060240963856,0.0,0.44879518072289154,0.6746987951807228,0.0,0.030120481927710843,0.0
416,1205,12,0.892,0.104,0.438,3.834,0.0,0.018,0.0,0.622,0.0,0.0,0.04,0.0,0.0,0.432,0.21,0.0,0.0,0.106,0.144,10.188,0.0,6.896,0.0,8.984,2.35,0.184,4.982,0.0,0.0,0.19,0.0,0.0,0.0,15.182,2.064,0.0,0.17,0.04,0.0,0.65,0.57,3.014,0.094,7.656
411,1800,15,1.0222634508348794,0.07050092764378478,0.647495361781076,3.8181818181818183,0.0,0.25788497217068646,0.0,1.3877551020408163,0.0,0.0,0.0,0.0,0.0,1.0612244897959184,0.44341372912801486,0.0,0.12244897959183673,0.5955473098330241,0.0,12.692022263450834,0.07235621521335807,20.17439703153989,0.0,5.165120593692023,2.3951762523191094,0.11131725417439703,8.617810760667904,0.0,0.05194805194805195,0.17439703153988867,0.0,0.0,0.0,17.341372912801486,1.7996289424860854,0.0,0.40630797773654914,0.03525046382189239,0.0,0.6790352504638218,0.6419294990723562,0.0,0.19294990723562153,8.784786641929498
413,62,7,0.6914600550964187,0.08539944903581267,0.7713498622589532,4.528925619834711,0.0,0.32231404958677684,0.0,0.512396694214876,0.0,0.0,0.0,0.0,0.0,1.5041322314049588,0.5564738292011019,0.0,0.0,0.005509641873278237,0.0,14.798898071625345,0.09641873278236915,8.258953168044076,0.0,13.548209366391184,3.18732782369146,0.8650137741046832,7.088154269972452,0.0,0.0,0.45454545454545453,0.0,0.0,0.0,20.143250688705233,1.9366391184573002,0.0,0.19834710743801653,0.08539944903581267,0.0,1.0165289256198347,0.7107438016528925,0.0,0.06336088154269973,2.798898071625344
427,360,4,0.6981891348088531,0.06438631790744467,0.6981891348088531,2.5593561368209254,0.0,0.0,0.0,0.0,0.0,0.0,0.14285714285714285,0.0,0.0,0.9014084507042254,0.1750503018108652,0.0,0.0,0.0,0.5935613682092555,8.909456740442655,0.0,5.503018108651911,0.0,7.00804828973843,1.3299798792756539,0.4164989939637827,6.020120724346077,0.0,0.0,0.6317907444668008,0.0,0.0,0.0,10.279678068410464,1.0603621730382293,0.0,0.0,0.02012072434607646,0.0,0.4607645875251509,0.46680080482897385,0.0,0.03420523138832998,4.162977867203219
419,508,4,0.5826944140197152,0.07886089813800658,0.3132530120481928,3.579408543263965,0.0,0.0,0.0,0.0,0.0,0.0,0.0,0.0,0.0,0.0,0.0,0.0,0.0,0.0,0.0,10.271631982475355,0.0,2.370208105147864,0.0,4.322015334063527,2.193866374589266,0.14457831325301204,3.393209200438116,0.0,0.0,0.16757940854326397,0.054764512595837894,0.0,0.0,14.532311062431544,2.1829134720700987,0.0,0.024096385542168676,0.0,0.0,0.6495071193866374,0.49178532311062434,0.0,0.02628696604600219,0.0
414,426,4,0.6033057851239669,0.06301652892561983,0.18181818181818182,3.4442148760330578,0.0,0.0,0.0,0.01756198347107438,0.0,0.0,0.006198347107438017,0.0,0.007231404958677686,0.03409090909090909,0.009297520661157025,0.0,0.0,0.0,0.0,12.775826446280991,0.002066115702479339,2.59297520661157,0.0,13.888429752066116,1.6735537190082646,0.12913223140495866,4.49896694214876,0.0,0.0,0.2365702479338843,0.0,0.0,0.0,12.706611570247935,1.8564049586776858,0.0,0.08161157024793389,0.11466942148760331,0.0,0.8956611570247934,0.48863636363636365,0.0,0.0371900826446281,0.0
419,444,4,0.6139705882352942,0.05514705882352941,0.23529411764705882,3.0073529411764706,0.0,0.0,0.0,0.0,0.0,0.0,0.0,0.0,0.0,0.0,0.0,0.0,0.0,0.0,0.0,9.694852941176471,0.0,2.485294117647059,0.0,9.117647058823529,1.9779411764705883,0.04411764705882353,3.7426470588235294,0.0,0.0,0.2867647058823529,0.0,0.0,0.0,12.297794117647058,1.6433823529411764,0.0,0.0,0.20955882352941177,0.0,0.6691176470588235,0.4742647058823529,0.0,0.029411764705882353,0.0
416,720,7,0.6765578635014837,0.06231454005934718,0.27002967359050445,3.3679525222551927,0.0,0.0,0.0,0.0,0.0,0.0,0.0,0.0,0.0,0.0,0.0,0.0,0.0,0.0,0.0,14.249258160237389,0.0,1.827893175074184,0.0,15.86053412462908,1.71513353115727,0.06528189910979229,5.937685459940653,0.0,0.0,0.06528189910979229,0.0,0.0,0.0,13.154302670623146,2.026706231454006,0.0,0.12759643916913946,0.07418397626112759,0.0,1.0089020771513353,0.4807121661721068,0.0,0.026706231454005934,0.0
423,943,12,0.7655786350148368,0.1661721068249258,0.05934718100890208,4.222551928783383,0.0,0.017804154302670624,0.0,0.34421364985163205,0.0,0.0,0.10682492581602374,0.002967359050445104,0.0,1.5074183976261128,0.020771513353115726,0.0,0.0,0.0,0.5014836795252225,16.080118694362017,0.0,3.136498516320475,0.0,4.252225519287834,2.827893175074184,0.0,3.2818991097922847,0.0,0.0,0.11275964391691394,0.0,0.0,0.0,16.385756676557865,2.1335311572700295,0.0,0.0,0.0,0.0,0.4658753709198813,0.5667655786350149,4.492581602373887,0.10089020771513353,5.394658753709199
421,1849,4,0.6363636363636364,0.10864745011086474,0.6629711751662971,4.088691796008869,0.0,0.004434589800443459,0.0,0.2838137472283814,0.0,0.0,0.0,0.0,0.0,0.5011086474501109,0.2039911308203991,0.0,0.08980044345898004,0.33148558758314856,0.0,11.843680709534368,0.0022172949002217295,11.588691796008868,0.0,8.946784922394679,4.491130820399113,0.2638580931263858,5.694013303769402,0.0,0.0,0.041019955654102,0.0,0.0,0.0,16.760532150776054,2.3070953436807096,0.0,0.21729490022172948,0.07649667405764966,0.0,0.8137472283813747,0.49445676274944567,0.0,0.06541019955654102,5.312638580931264
415,142,4,0.690631808278867,0.09586056644880174,0.5010893246187363,4.209150326797386,0.0,0.0,0.0,0.06971677559912855,0.0,0.0,0.0,0.0,0.0,0.10893246187363835,0.08714596949891068,0.0,0.037037037037037035,0.06971677559912855,0.0,14.006535947712418,0.04139433551198257,4.9411764705882355,0.0,12.723311546840959,3.2745098039215685,0.5468409586056645,5.840958605664488,0.0,0.0,0.16993464052287582,0.0,0.0,0.0,20.82135076252723,2.213507625272331,0.0,0.0,0.10239651416122005,0.0,0.9324618736383442,0.664488017429194,0.0,0.05664488017429194,0.7211328976034859
419,533,4,0.6123348017621145,0.03524229074889868,0.6607929515418502,2.193832599118943,0.0,0.0,0.0,0.0,0.0,0.0,0.0,0.0,0.0,0.00881057268722467,0.0,0.0,0.0,0.0,0.0,5.533039647577093,0.0,1.8149779735682818,0.0,3.5770925110132157,0.29515418502202645,0.00881057268722467,2.4229074889867843,0.0,0.0,0.22026431718061673,0.0,0.0,0.0,9.568281938325992,0.9911894273127754,0.0,0.40969162995594716,0.0,0.0,0.16299559471365638,0.46255506607929514,0.0,0.02643171806167401,0.0
422,1342,15,0.5344262295081967,0.04918032786885246,0.39672131147540984,3.1049180327868853,0.0,0.0,0.0,0.0,0.0,0.0,0.0,0.0,0.0,0.003278688524590164,0.0,0.0,0.0,0.0,0.0,11.61311475409836,0.0,2.59672131147541,0.0,8.068852459016393,0.9180327868852459,0.16721311475409836,5.462295081967213,0.0,0.0,0.15081967213114755,0.0,0.0,0.0,11.38032786885246,1.580327868852459,0.0,0.06557377049180328,0.1377049180327869,0.0,0.5475409836065573,0.5147540983606558,0.0,0.022950819672131147,0.0
423,623,4,0.7062780269058296,0.1547085201793722,0.23766816143497757,6.941704035874439,0.0,0.0,0.0,0.23766816143497757,0.0,0.0,0.0,0.0,0.0,0.3901345291479821,0.33408071748878926,0.0,0.0,0.0,0.0,26.181614349775785,0.0,5.551569506726457,0.0,32.60986547085202,5.939461883408072,0.17713004484304934,3.3228699551569507,0.0,0.0,0.0,0.002242152466367713,0.0,0.2914798206278027,28.782511210762333,3.9260089686098656,0.0,0.6434977578475336,0.04932735426008968,0.0,1.952914798206278,0.5896860986547086,0.0,0.03587443946188341,0.0
421,644,4,0.663023679417122,0.09107468123861566,0.5683060109289617,3.31511839708561,0.0,0.0,0.0,0.0,0.0,0.0,0.0,0.0,0.0,0.0,0.0,0.0,0.0,0.0,0.0,12.398907103825136,0.009107468123861567,2.6539162112932604,0.0,9.112932604735883,1.7304189435336976,0.22404371584699453,4.7449908925318764,0.0,0.0,0.15846994535519127,0.0,0.0,0.0,12.923497267759563,1.6648451730418943,0.0,0.19489981785063754,0.06375227686703097,0.0,0.6375227686703097,0.5300546448087432,0.0,0.03825136612021858,0.0
421,44,4,0.7032640949554896,0.11869436201780416,0.39465875370919884,2.9050445103857565,0.0,0.0,0.0,0.020771513353115726,0.0,0.0,0.0,0.0,0.0,0.01483679525222552,0.0,0.0,0.0,0.0,0.0,10.97626112759644,0.0,2.3560830860534123,0.0,7.543026706231454,1.4065281899109792,0.19287833827893175,4.670623145400594,0.0,0.0,0.3323442136498516,0.0,0.0,0.0,12.281899109792285,1.5934718100890208,0.0,0.34124629080118696,0.1632047477744807,0.0,0.4391691394658754,0.6142433234421365,0.0,0.02373887240356083,0.0
424,1369,4,0.7161290322580646,0.07741935483870968,0.3032258064516129,3.0709677419354837,0.0,0.0,0.0,0.0,0.0,0.0,0.0,0.0,0.0,0.04516129032258064,0.0032258064516129032,0.0,0.0,0.0,0.035483870967741936,15.87741935483871,0.0,2.041935483870968,0.0,6.854838709677419,1.6258064516129032,0.22903225806451613,4.7709677419354835,0.0,0.0,0.025806451612903226,0.01935483870967742,0.0,0.0,11.903225806451612,1.6838709677419355,0.03225806451612903,0.016129032258064516,0.0,0.0,0.5645161290322581,0.5258064516129032,0.0,0.02903225806451613,0.0
420,1604,4,0.7817531305903399,0.15026833631484796,0.6100178890876565,7.096601073345259,0.0,0.0,0.0,0.0035778175313059034,0.0,0.0,0.028622540250447227,0.0,0.0,0.23434704830053668,0.044722719141323794,0.0,0.0,0.0,0.19141323792486584,22.105545617173526,0.0,6.647584973166368,0.0,27.516994633273704,4.78175313059034,0.44364937388193204,5.808586762075135,0.0,0.0,0.0,0.0,0.0,0.19141323792486584,27.86046511627907,3.62432915921288,0.0,0.5241502683363148,0.03398926654740608,0.0,1.6064400715563507,0.592128801431127,0.0,0.026833631484794274,0.0
421,1657,4,0.7989130434782609,0.11141304347826086,0.4891304347826087,5.445652173913044,0.0,0.0,0.0,0.021739130434782608,0.0,0.0,0.01358695652173913,0.0,0.010869565217391304,0.328804347826087,0.19021739130434784,0.0,0.0,0.0,0.0,17.58695652173913,0.04891304347826087,6.385869565217392,0.0,14.798913043478262,4.682065217391305,0.7527173913043478,5.0271739130434785,0.0,0.0,0.10326086956521739,0.1956521739130435,0.0,0.0,23.88586956521739,2.8152173913043477,0.0,0.0,0.0,0.0,1.0380434782608696,0.6630434782608695,0.0,0.08695652173913043,0.0
421,1815,4,0.7269736842105263,0.08881578947368421,0.4868421052631579,3.8684210526315788,0.0,0.0,0.0,0.0,0.0,0.0,0.0,0.0,0.0,0.0,0.0,0.0,0.0,0.0,0.0,11.970394736842104,0.03289473684210526,3.924342105263158,0.0,17.338815789473685,3.3782894736842106,0.5953947368421053,3.9934210526315788,0.0,0.0,0.15789473684210525,0.0,0.0,0.0,17.605263157894736,2.1315789473684212,0.0,0.0,0.006578947368421052,0.0,1.194078947368421,0.5756578947368421,0.0,0.07236842105263158,0.0
424,276,5,0.7055214723926381,0.12576687116564417,0.46932515337423314,5.325153374233129,0.0,0.03067484662576687,0.0,0.07975460122699386,0.0,0.0,0.0,0.0,0.0,0.40797546012269936,0.03680981595092025,0.0,0.0,0.0,0.0,17.99079754601227,0.006134969325153374,4.061349693251533,0.0,17.79754601226994,4.2975460122699385,0.30368098159509205,4.96319018404908,0.0,0.0,0.17791411042944785,0.0,0.0,0.0,24.039877300613497,2.8650306748466257,0.0,0.012269938650306749,0.03680981595092025,0.0,1.2730061349693251,0.7085889570552147,0.0,0.049079754601226995,0.0705521472392638
422,1018,4,0.6355555555555555,0.10666666666666667,0.1,4.406666666666666,0.0,0.057777777777777775,0.0,0.10444444444444445,0.0,0.0,0.16,0.0,0.21555555555555556,0.92,0.5111111111111111,0.0,0.042222222222222223,0.24666666666666667,0.0,15.795555555555556,0.0,2.06,0.2777777777777778,13.617777777777778,5.115555555555556,0.4911111111111111,4.251111111111111,0.0,0.0,0.0,0.0,0.0,0.0,17.47111111111111,2.7733333333333334,0.0,0.0,0.022222222222222223,0.0,1.0955555555555556,0.4955555555555556,0.0,0.06666666666666667,1.1355555555555557
429,1644,4,0.8508771929824561,0.10818713450292397,0.49415204678362573,3.497076023391813,0.0,0.0,0.0,0.02046783625730994,0.0,0.0,0.008771929824561403,0.0,0.0,0.08771929824561403,0.0,0.0,0.0,0.0,0.0,11.850877192982455,0.029239766081871343,4.371345029239766,0.0,8.792397660818713,2.4707602339181287,0.2222222222222222,4.587719298245614,0.0,0.0,0.023391812865497075,0.07017543859649122,0.0,0.0,15.538011695906432,2.128654970760234,0.0,0.0935672514619883,0.1286549707602339,0.0,0.49122807017543857,0.543859649122807,0.0,0.16666666666666666,0.0
431,1160,4,0.610126582278481,0.0759493670886076,0.5367088607594936,3.539240506329114,0.0,0.005063291139240506,0.0,0.0,0.0,0.0,0.0,0.0,0.0,0.005063291139240506,0.002531645569620253,0.0,0.0,0.0,0.0,11.79746835443038,0.002531645569620253,3.7620253164556963,0.0,14.744303797468355,2.5873417721518988,0.7164556962025317,5.286075949367088,0.0,0.0,0.4177215189873418,0.03291139240506329,0.0,0.0,17.48354430379747,1.8683544303797468,0.0,0.10126582278481013,0.1341772151898734,0.0,0.779746835443038,0.5772151898734177,0.0,0.043037974683544304,0.0
421,32,4,0.6688741721854304,0.11163670766319773,1.086092715231788,4.071901608325449,0.0,0.0,0.0,0.14758751182592242,0.0,0.0,0.0,0.0,0.00946073793755913,0.1892147587511826,0.06244087038789026,0.0,0.0,0.05771050141911069,0.0,13.66225165562914,0.06622516556291391,4.992431409649953,0.0,7.136234626300851,2.5260170293282878,0.14947965941343425,5.316934720908231,0.0,0.0,0.17786187322611163,0.15042573320719016,0.0,0.0,17.789971617786186,2.302743614001892,0.0,0.13434247871333965,0.09744560075685904,0.0,0.44370860927152317,0.6329233680227058,0.0,0.04541154210028382,0.25733207190160834
424,249,4,0.9230769230769231,0.11538461538461539,0.2564102564102564,3.871794871794872,0.0,0.0,0.0,0.0,0.0,0.0,0.0,0.0,0.0,0.0,0.0,0.0,0.0,0.0,0.0,20.82051282051282,0.0,2.41025641025641,0.0,10.012820512820513,2.5,0.15384615384615385,2.1666666666666665,0.0,0.0,0.0,0.20512820512820512,0.0,0.0,13.91025641025641,2.217948717948718,1.0897435897435896,0.0,0.0,0.0,0.8846153846153846,0.3076923076923077,0.0,0.08974358974358974,0.0
426,1095,4,0.5550239234449761,0.04784688995215311,0.7799043062200957,2.444976076555024,0.0,0.0,0.0,0.0,0.0,0.0,0.0,0.0,0.0,0.009569377990430622,0.0,0.0,0.0,0.0,0.0,3.569377990430622,0.0,2.2344497607655502,0.0,3.110047846889952,1.062200956937799,0.6650717703349283,5.6650717703349285,0.0,0.0,0.2583732057416268,0.0,0.0,0.0,11.196172248803828,1.4545454545454546,0.0,0.3062200956937799,0.19617224880382775,0.0,0.11004784688995216,0.45933014354066987,0.0,0.03827751196172249,0.0
422,1423,4,0.6946236559139785,0.07741935483870968,1.124731182795699,3.432258064516129,0.0,0.004301075268817204,0.0,0.15483870967741936,0.0,0.0,0.021505376344086023,0.0,0.07526881720430108,0.3913978494623656,0.10752688172043011,0.0,0.0,0.0,0.0,10.068817204301075,0.02795698924731183,9.974193548387097,0.0,6.350537634408602,2.172043010752688,0.20430107526881722,6.210752688172043,0.0,0.0,0.008602150537634409,0.0,0.0,0.0,13.873118279569892,1.5333333333333334,0.0,0.24086021505376345,0.23870967741935484,0.0,0.41935483870967744,0.556989247311828,0.0,0.034408602150537634,0.13118279569892474
429,1944,4,0.6652892561983471,0.0743801652892562,0.6652892561983471,2.855371900826446,0.0,0.0,0.0,0.0,0.0,0.0,0.008264462809917356,0.0,0.0,0.08264462809917356,0.0,0.0,0.0,0.0,0.01652892561983471,6.871900826446281,0.012396694214876033,6.078512396694215,0.0,2.541322314049587,0.731404958677686,0.3512396694214876,5.929752066115703,0.0,0.0,0.5950413223140496,0.0,0.0,0.004132231404958678,14.793388429752065,1.3925619834710743,0.0,0.47520661157024796,0.1446280991735537,0.0,0.24380165289256198,0.6074380165289256,0.0,0.028925619834710745,0.0
432,669,4,0.7693726937269373,0.11070110701107011,0.41697416974169743,5.136531365313653,0.0,0.0,0.0,0.0,0.0,0.0,0.01845018450184502,0.0,0.01845018450184502,0.16236162361623616,0.2177121771217712,0.0,0.0,0.0,0.0,15.166051660516604,0.042435424354243544,3.470479704797048,0.0,15.062730627306273,5.297047970479705,0.2011070110701107,2.8450184501845017,0.0,0.0,0.014760147601476014,0.14760147601476015,0.025830258302583026,0.0,25.387453874538746,2.9944649446494465,0.0,0.0,0.02214022140221402,0.03136531365313653,1.0645756457564575,0.5996309963099631,0.0,0.03136531365313653,0.0
424,769,12,0.7017082785808147,0.0735873850197109,0.5611038107752957,2.9040735873850196,0.0,0.0,0.0,0.04467805519053877,0.0,0.0,0.0,0.0,0.0,0.0735873850197109,0.0,0.0,0.0,0.0,0.0,9.860709592641262,0.02759526938239159,5.067017082785808,0.0,6.303547963206308,1.3626806833114322,0.33377135348226017,5.607095926412615,0.0,0.0,0.19448094612352168,0.0,0.0,0.0,12.216819973718792,1.5637319316688567,0.0,0.22864651773981604,0.056504599211563734,0.0,0.42706964520367935,0.533508541392904,0.0,0.02759526938239159,0.0
436,1034,4,13.50297619047619,0.09523809523809523,0.0,5.291666666666667,0.08333333333333333,0.31547619047619047,0.0,1.4255952380952381,0.0,0.0,0.0,0.0,0.041666666666666664,1.8422619047619047,0.6785714285714286,0.0,0.0,0.2857142857142857,0.21428571428571427,7.8601190476190474,0.0,23.991071428571427,0.0,3.8214285714285716,0.9285714285714286,2.8035714285714284,7.0476190476190474,1.6755952380952381,0.0,0.002976190476190476,0.0,0.0,0.0,17.645833333333332,0.9821428571428571,0.0,0.0,0.5357142857142857,0.0,0.8125,4.476190476190476,0.0,7.806547619047619,4.101190476190476
423,412,4,0.5696378830083565,0.0807799442896936,0.2479108635097493,3.731197771587744,0.0,0.001392757660167131,0.0,0.06545961002785515,0.0,0.0,0.006963788300835654,0.0,0.0,0.19220055710306408,0.07520891364902507,0.0,0.0,0.0,0.0,13.335654596100278,0.016713091922005572,6.919220055710307,0.0,10.04317548746518,3.3565459610027855,0.13649025069637882,3.562674094707521,0.0,0.0,0.06685236768802229,0.149025069637883,0.0,0.0,16.901114206128135,2.360724233983287,0.0,0.001392757660167131,0.19637883008356546,0.0,0.6824512534818942,0.5515320334261838,0.0,0.05013927576601671,0.0
436,1621,4,0.879746835443038,0.10126582278481013,0.44936708860759494,4.044303797468355,0.0,0.0,0.0,0.05063291139240506,0.0,0.0,0.0,0.0,0.0,0.012658227848101266,0.26582278481012656,0.0,0.0,0.0,0.0,11.708860759493671,0.0,2.5,0.0,17.259493670886076,3.8164556962025316,0.0949367088607595,3.6265822784810124,0.0,0.0,0.0,0.0,0.0,0.0,15.841772151898734,2.5253164556962027,0.0,0.189873417721519,0.06329113924050633,0.0,1.2784810126582278,0.5506329113924051,0.0,0.0379746835443038,0.0
424,1832,4,0.638646288209607,0.11572052401746726,0.38100436681222705,4.290393013100437,0.0,0.0,0.0,0.016375545851528384,0.0,0.0,0.0,0.0,0.0,0.019650655021834062,0.04912663755458515,0.0,0.0,0.0,0.0,11.656113537117903,0.02292576419213974,5.401746724890829,0.0,12.16593886462882,3.081877729257642,0.4192139737991266,4.581877729257642,0.0,0.0,0.5251091703056768,0.28820960698689957,0.0,0.0,20.390829694323145,2.282751091703057,0.0,0.07860262008733625,0.004366812227074236,0.0,0.8635371179039302,0.6277292576419214,0.0,0.03711790393013101,0.0
432,134,4,0.7131147540983607,0.12295081967213115,0.0,4.10655737704918,0.0,0.0,0.0,0.0,0.0,0.0,0.0,0.0,0.0,0.0,0.0,0.0,0.0,0.0,0.0,11.885245901639344,0.0,3.1475409836065573,0.0,13.69672131147541,4.221311475409836,0.0,1.5245901639344261,0.0,0.0,0.7459016393442623,0.0,0.0,0.0,20.401639344262296,2.3278688524590163,0.0,0.0,0.0,0.0,1.1639344262295082,0.5655737704918032,0.0,0.040983606557377046,0.0
426,558,4,0.6310160427807486,0.11051693404634581,0.39215686274509803,3.6720142602495542,0.0,0.0,0.0,0.0053475935828877,0.0,0.0,0.053475935828877004,0.0,0.0,0.13725490196078433,0.035650623885918005,0.0,0.0,0.0,0.0,14.38680926916221,0.0,2.0944741532976825,0.0,9.07843137254902,1.4509803921568627,0.044563279857397504,2.7807486631016043,0.0,0.0,0.0748663101604278,0.15508021390374332,0.0,0.0,13.420677361853832,1.946524064171123,0.0,0.3939393939393939,0.0,0.0,0.5436720142602496,0.4741532976827095,0.0,0.030303030303030304,0.0142602495543672
426,1180,4,0.6626016260162602,0.08130081300813008,0.573170731707317,3.5284552845528454,0.0,0.0,0.0,0.0,0.0,0.0,0.008130081300813009,0.0,0.0,0.10975609756097561,0.008130081300813009,0.0,0.0,0.0,0.032520325203252036,11.983739837398375,0.024390243902439025,2.508130081300813,0.0,11.475609756097562,1.8008130081300813,0.26422764227642276,4.764227642276423,0.0,0.0,0.0,0.0,0.0,0.0,14.467479674796747,2.2154471544715446,0.0,0.10569105691056911,0.04878048780487805,0.0,0.7154471544715447,0.5447154471544715,0.0,0.028455284552845527,0.0
436,1758,11,0.9016393442622951,0.07377049180327869,1.180327868852459,3.377049180327869,0.0,0.0,0.0,0.21311475409836064,0.0,0.0,0.0,0.0,0.0,0.09836065573770492,0.0,0.0,0.0,0.0,0.0,6.778688524590164,0.13934426229508196,4.672131147540983,0.0,3.2459016393442623,1.3442622950819672,0.1721311475409836,5.336065573770492,0.0,0.0,0.02459016393442623,0.0,0.0,0.0,16.081967213114755,1.9180327868852458,0.0,0.08196721311475409,0.01639344262295082,0.0,0.16393442622950818,0.6065573770491803,0.0,0.1885245901639344,0.0
436,544,4,0.6375176304654443,0.0846262341325811,1.5641748942172073,5.03244005641749,0.152327221438646,0.1847672778561354,0.0,0.7334273624823695,0.0,0.0,0.0,0.0,0.0,1.2468265162200283,0.385049365303244,0.0,0.021156558533145273,0.0,0.0,10.956276445698167,0.12693935119887165,8.211565585331453,0.0,3.599435825105783,3.235543018335684,2.239774330042313,11.661495063469676,0.07898448519040903,0.015514809590973202,0.2016925246826516,0.0,0.0,1.2016925246826515,22.7475317348378,2.4245416078984485,0.0,0.05923836389280677,0.2693935119887165,0.0,0.4231311706629055,0.6262341325811002,0.0,0.07757404795486601,1.8335684062059239
429,1275,4,0.6666666666666666,0.0749063670411985,0.20786516853932585,3.7322097378277155,0.0,0.0,0.0,0.0,0.0,0.0,0.0,0.0,0.0,0.0,0.0,0.0,0.0,0.0,0.0,11.367041198501873,0.0,2.404494382022472,0.0,11.228464419475655,2.237827715355805,0.05805243445692884,3.3801498127340825,0.0,0.0,0.0,0.0,0.0,0.0,14.898876404494382,2.290262172284644,0.0018726591760299626,0.0,0.06554307116104868,0.0,0.7247191011235955,0.5430711610486891,0.0,0.035580524344569285,0.0
436,1907,4,0.6253101736972705,0.09429280397022333,0.9578163771712159,4.588089330024814,0.0,0.0,0.0,0.0,0.0,0.0,0.062034739454094295,0.0,0.0,0.1662531017369727,0.12158808933002481,0.0,0.0,0.0,0.13399503722084366,16.898263027295286,0.04466501240694789,3.7667493796526053,0.0,8.416873449131513,3.1885856079404467,0.03722084367245657,6.0818858560794045,0.0,0.0,0.004962779156327543,0.08684863523573201,0.01240694789081886,0.0,19.51861042183623,2.501240694789082,0.0,0.12406947890818859,0.02729528535980149,0.03970223325062035,0.49379652605459057,0.6178660049627791,0.0,0.04714640198511166,0.0
430,220,4,0.7232704402515723,0.08385744234800839,0.6561844863731656,3.5681341719077566,0.0,0.3584905660377358,0.0,0.27882599580712786,0.0,0.0,0.03563941299790356,0.0,0.027253668763102725,0.5681341719077568,0.2641509433962264,0.0,0.033542976939203356,0.2431865828092243,0.018867924528301886,5.320754716981132,0.018867924528301886,9.865828092243186,0.0,3.039832285115304,1.49895178197065,0.7044025157232704,5.966457023060797,0.0,0.0,0.023060796645702306,0.0,0.0,0.0,19.71278825995807,1.9266247379454926,0.0,0.0,0.15513626834381553,0.0,0.31027253668763105,0.6331236897274634,0.0,0.039832285115303984,1.9224318658280923
436,793,12,0.573109243697479,0.058823529411764705,0.5260504201680672,2.954621848739496,0.0,0.0,0.0,0.0,0.0,0.0,0.0,0.0,0.0,0.0,0.0,0.0,0.0,0.0,0.0,12.934453781512605,0.0,2.0016806722689076,0.0,6.326050420168067,1.9042016806722688,0.05714285714285714,3.722689075630252,0.0,0.0,0.020168067226890758,0.0033613445378151263,0.0,0.0,13.258823529411766,1.8991596638655461,0.0,0.07899159663865546,0.06722689075630252,0.0,0.5260504201680672,0.48403361344537815,0.0,0.018487394957983194,0.0
429,1683,4,3.863572433192686,0.10548523206751055,0.0,2.9662447257383966,0.1589310829817159,0.16736990154711673,0.0,2.282700421940928,0.0,0.24472573839662448,0.0,0.0028129395218002813,0.1940928270042194,1.6638537271448663,0.6146272855133614,0.0,0.2109704641350211,0.8466947960618847,0.07735583684950774,11.174402250351617,0.0,14.51054852320675,0.0,7.168776371308017,2.171589310829817,0.9310829817158931,5.984528832630098,0.24753867791842477,0.0,0.08438818565400844,0.0,0.02109704641350211,0.0,13.60900140646976,1.4177215189873418,0.0,0.0,0.37834036568213786,0.0,0.7158931082981715,0.8129395218002813,0.14064697609001406,1.0675105485232068,12.670886075949367
429,1922,5,0.6447876447876448,0.08108108108108109,0.9806949806949807,3.416988416988417,0.0,0.0,0.0,0.0,0.0,0.0,0.0,0.0,0.0,0.0,0.0,0.0,0.0,0.0,0.0,10.671814671814673,0.08494208494208494,4.370656370656371,0.0,7.841698841698841,3.108108108108108,0.8918918918918919,6.2664092664092665,0.0,0.10038610038610038,0.4555984555984556,0.0,0.0,0.0,17.18146718146718,1.7413127413127414,0.0,0.1776061776061776,0.14285714285714285,0.0,0.5482625482625483,0.6216216216216216,0.0,0.02702702702702703,0.0
442,1477,15,0.7197802197802198,0.12087912087912088,0.7857142857142857,5.884615384615385,0.0,0.06043956043956044,0.0,0.016483516483516484,0.0,0.0,0.44505494505494503,0.0,0.47802197802197804,1.7857142857142858,1.3626373626373627,0.0,0.0,0.0,0.11538461538461539,9.840659340659341,0.0,5.291208791208791,0.2802197802197802,9.703296703296703,6.5,0.7747252747252747,5.65934065934066,0.0,0.0,0.054945054945054944,0.24175824175824176,0.4835164835164835,0.0,29.175824175824175,3.434065934065934,0.0,0.0,0.1043956043956044,0.1813186813186813,0.7472527472527473,0.6483516483516484,0.0,0.07142857142857142,0.31868131868131866
440,1667,4,1.381895332390382,0.09688826025459689,0.5021216407355021,4.076379066478077,0.02616690240452617,0.11032531824611033,0.06789250353606789,0.5247524752475248,0.0,0.0,0.0014144271570014145,0.0,0.03536067892503536,0.5304101838755304,0.1867043847241867,0.0,0.009900990099009901,0.0,0.0,13.343705799151344,0.03323903818953324,11.923620933521924,0.0,11.932107496463932,2.6626591230551626,0.5438472418670438,5.530410183875531,0.01272984441301273,0.0,0.02616690240452617,0.0,0.007072135785007072,0.0,18.624469589816126,2.1004243281471005,0.0,0.06789250353606789,0.11951909476661952,0.0,0.768033946251768,0.6697312588401697,0.0,0.1661951909476662,0.0
433,387,5,0.6372549019607843,0.0803921568627451,0.7313725490196078,4.009803921568627,0.0,0.0,0.0,0.0,0.0,0.0,0.0,0.0,0.0,0.09803921568627451,0.0,0.0,0.0,0.0,0.0,12.047058823529412,0.0392156862745098,4.596078431372549,0.0,9.46078431372549,3.884313725490196,0.6411764705882353,5.023529411764706,0.0,0.0,0.2,0.0,0.0,0.0,18.92549019607843,2.062745098039216,0.0,0.0196078431372549,0.06274509803921569,0.0,0.6705882352941176,0.6313725490196078,0.0,0.023529411764705882,0.0
433,608,4,0.5448113207547169,0.0660377358490566,0.9481132075471698,3.4245283018867925,0.0,0.0,0.0,0.0,0.0,0.0,0.2429245283018868,0.0,0.18867924528301888,0.6627358490566038,0.24056603773584906,0.0,0.0,0.0,0.0,13.334905660377359,0.0,2.1037735849056602,0.1179245283018868,10.287735849056604,3.1957547169811322,0.6674528301886793,7.150943396226415,0.0,0.0,0.0,0.0,0.0,0.0,13.856132075471699,1.8726415094339623,0.0,0.12735849056603774,0.10849056603773585,0.0,0.8962264150943396,0.5212264150943396,0.0,0.0589622641509434,0.0
432,572,4,0.6637168141592921,0.07964601769911504,0.40707964601769914,2.747787610619469,0.0,0.0,0.0,0.0,0.0,0.0,0.0,0.0,0.0,0.0,0.0,0.0,0.0,0.0,0.0,11.234513274336283,0.035398230088495575,1.8938053097345133,0.0,6.716814159292035,1.1371681415929205,0.17699115044247787,4.765486725663717,0.0,0.0,0.13716814159292035,0.0,0.0,0.0,12.11504424778761,1.5044247787610618,0.0,0.0752212389380531,0.23893805309734514,0.0,0.5088495575221239,0.45132743362831856,0.0,0.05309734513274336,0.0
434,74,4,0.45614035087719296,0.07017543859649122,1.4444444444444444,2.9649122807017543,0.0,0.0,0.0,0.24561403508771928,0.0,0.0,0.0,0.0,0.0,0.27485380116959063,0.017543859649122806,0.0,0.0,0.0,0.08187134502923976,8.368421052631579,0.10526315789473684,2.192982456140351,0.0,7.730994152046784,1.5614035087719298,0.47953216374269003,6.046783625730995,0.0,0.0,0.05847953216374269,0.0,0.0,0.0,13.029239766081872,1.654970760233918,0.0,0.06432748538011696,0.0,0.0,0.5497076023391813,0.5321637426900585,0.0,0.04678362573099415,0.0
432,296,12,0.6943231441048034,0.06768558951965066,0.5982532751091703,2.1004366812227073,0.0,0.0,0.0,0.0,0.0,0.0,0.0,0.0,0.0,0.017467248908296942,0.0,0.0,0.0,0.0,0.0,5.993449781659389,0.0,2.017467248908297,0.0,2.596069868995633,0.6266375545851528,0.4192139737991266,5.406113537117904,0.0,0.0,0.0,0.0,0.0,0.0,9.611353711790393,1.054585152838428,0.0,0.0611353711790393,0.04148471615720524,0.0,0.0,0.4432314410480349,0.0,0.013100436681222707,0.0
434,426,4,0.6060606060606061,0.08333333333333333,0.4696969696969697,2.1136363636363638,0.0,0.25757575757575757,0.0,0.8409090909090909,0.0,0.0,0.045454545454545456,0.0,0.03787878787878788,0.8863636363636364,0.3106060606060606,0.0,0.0,0.1590909090909091,0.0,6.371212121212121,0.0,2.4166666666666665,0.0,1.5227272727272727,0.5151515151515151,1.128787878787879,7.507575757575758,0.0,0.0,0.0,0.0,0.0,0.0,9.780303030303031,0.7954545454545454,0.0,0.0,0.24242424242424243,0.0,0.12878787878787878,0.4090909090909091,0.0,0.045454545454545456,0.0
437,725,12,0.764505119453925,0.08873720136518772,0.5187713310580204,3.5119453924914676,0.0,0.0,0.0,0.0,0.0,0.0,0.0,0.0,0.0,0.0,0.13310580204778158,0.0,0.0,0.0,0.0,9.651877133105803,0.0,1.9044368600682593,0.0,7.856655290102389,3.3993174061433447,0.29692832764505117,4.109215017064846,0.0,0.0,0.0,0.18430034129692832,0.0,0.0,13.812286689419794,2.2354948805460753,0.0,0.0,0.017064846416382253,0.0,0.6621160409556314,0.43686006825938567,0.0,0.034129692832764506,0.0
438,1080,12,0.7430830039525692,0.15019762845849802,0.2015810276679842,3.5928853754940713,0.0,0.12450592885375494,0.0,1.0573122529644268,0.0,0.0,0.06324110671936758,0.06324110671936758,0.0,0.9901185770750988,0.3438735177865613,0.0,0.0,0.383399209486166,0.26877470355731226,11.237154150197629,0.0,6.6146245059288535,0.0,10.08300395256917,3.197628458498024,0.029644268774703556,4.6106719367588935,0.0,0.0,0.09683794466403162,0.0,0.0,0.0,14.446640316205533,1.7687747035573123,0.0,0.0,0.025691699604743084,0.0,0.9703557312252964,0.5059288537549407,0.48023715415019763,0.13043478260869565,5.974308300395257
439,495,5,0.4839650145772595,0.05539358600583091,1.1253644314868805,2.6034985422740524,0.0,0.24198250728862974,0.0,1.5889212827988337,0.0,0.02040816326530612,0.0,0.0,0.11661807580174927,0.8396501457725948,0.2653061224489796,0.0,0.09037900874635568,0.27988338192419826,0.0,4.271137026239067,0.04664723032069971,35.28279883381924,0.0,3.3498542274052476,1.4606413994169096,0.36151603498542273,6.97667638483965,0.0,0.0,0.19825072886297376,0.0,0.0,0.0,13.862973760932945,1.5597667638483965,0.0,0.14868804664723032,0.2536443148688047,0.0,0.3469387755102041,0.597667638483965,0.0,0.061224489795918366,5.60932944606414
434,743,3,0.8592964824120602,0.09296482412060302,0.7688442211055276,3.6030150753768844,0.0,0.0,1.07035175879397,0.04773869346733668,0.0,0.0,0.36180904522613067,0.0,0.2814070351758794,1.0,0.5452261306532663,0.0,0.0,0.0,0.0,13.969849246231156,0.052763819095477386,4.552763819095477,0.1934673366834171,7.366834170854271,2.3743718592964824,0.4371859296482412,6.9798994974874375,0.0,0.0,0.032663316582914576,0.228643216080402,0.0,0.0,13.399497487437186,1.5603015075376885,0.0,0.19597989949748743,0.16331658291457288,0.0,0.628140703517588,0.5150753768844221,0.0,0.09045226130653267,0.7236180904522613
441,756,12,1.8023952095808384,0.0718562874251497,0.005988023952095809,1.5808383233532934,0.0,0.0,0.0,0.017964071856287425,0.0,0.0,0.0,0.0,0.0,0.023952095808383235,0.0,0.0,0.0,0.0,0.0,5.0359281437125745,0.0,2.820359281437126,0.0,3.4850299401197606,1.2095808383233533,0.0,2.1137724550898205,0.0,0.0,0.0,0.0,0.0,0.0,6.107784431137724,0.7784431137724551,0.0,0.0,0.0,0.0,0.32934131736526945,0.49700598802395207,0.0,0.23353293413173654,2.3832335329341316
436,1060,12,1.6345291479820627,0.06950672645739911,0.07623318385650224,3.327354260089686,0.0,0.033632286995515695,0.0,0.3991031390134529,0.0,0.0,0.0,0.03139013452914798,0.0,0.5807174887892377,0.27802690582959644,0.0,0.1412556053811659,0.3632286995515695,0.0,8.109865470852018,0.0,18.807174887892376,0.0,7.76457399103139,2.92152466367713,0.06278026905829596,3.60762331838565,0.017937219730941704,0.0,0.07174887892376682,0.10089686098654709,0.0,0.0,14.181614349775785,1.6053811659192825,0.0,0.0,0.13228699551569506,0.0,0.7757847533632287,0.6233183856502242,0.3116591928251121,0.2982062780269058,7.923766816143497
437,39,4,0.7664835164835165,0.0521978021978022,0.4835164835164835,3.368131868131868,0.0,0.27197802197802196,0.0,1.5879120879120878,0.0,0.046703296703296704,0.0,0.0,0.16758241758241757,0.8324175824175825,0.28296703296703296,0.0,0.03021978021978022,0.46703296703296704,0.0,3.8736263736263736,0.02197802197802198,62.39010989010989,0.0,2.739010989010989,2.381868131868132,0.14835164835164835,5.7554945054945055,0.0,0.0,0.03571428571428571,0.0,0.0,0.0,15.436813186813186,1.7582417582417582,0.0,0.0,0.08791208791208792,0.0,0.8626373626373627,0.5879120879120879,0.0,0.06043956043956044,13.601648351648352
445,410,4,0.5924764890282131,0.10031347962382445,0.335423197492163,3.322884012539185,0.0,0.0,0.0,0.0,0.0,0.0,0.0,0.0,0.0,0.0,0.0,0.0,0.0,0.0,0.0,13.74294670846395,0.0,2.1912225705329154,0.0,7.081504702194358,1.4858934169278997,0.20689655172413793,3.561128526645768,0.0,0.0,0.21630094043887146,0.21630094043887146,0.0,0.0,12.608150470219435,1.5391849529780564,0.21003134796238246,0.01567398119122257,0.11912225705329153,0.0,0.5141065830721003,0.5172413793103449,0.0,0.018808777429467086,0.0
434,1696,4,1.084033613445378,0.20336134453781513,0.5243697478991597,8.238655462184873,0.0,0.0,0.0,0.0,0.0,0.0,0.008403361344537815,0.0,0.0016806722689075631,0.13949579831932774,0.13781512605042018,0.0,0.0,0.0,0.0,23.66890756302521,0.0,1.6352941176470588,0.0,17.88235294117647,6.569747899159664,0.13277310924369748,3.764705882352941,0.0,0.0,0.0,0.020168067226890758,0.0,0.10420168067226891,29.721008403361346,5.015126050420168,0.0,0.22016806722689075,0.0,0.0,1.1798319327731093,0.5176470588235295,0.0,0.07394957983193277,0.0907563025210084
438,591,4,0.7037037037037037,0.1111111111111111,1.728395061728395,2.6790123456790123,0.0,0.0,0.0,0.0,0.0,0.0,0.0,0.0,0.0,0.024691358024691357,0.0,0.0,0.0,0.0,0.0,4.666666666666667,0.12345679012345678,6.296296296296297,0.0,2.259259259259259,0.6790123456790124,2.197530864197531,10.358024691358025,0.0,0.41975308641975306,0.8024691358024691,0.0,0.0,0.0,14.012345679012345,0.9506172839506173,0.0,0.5432098765432098,0.6172839506172839,0.0,0.0,0.6172839506172839,0.0,0.037037037037037035,0.0
443,1005,5,0.6428571428571429,0.05102040816326531,0.5102040816326531,3.261904761904762,0.0,0.0,0.0,0.09183673469387756,0.0,0.0,0.0,0.0,0.0,0.21428571428571427,0.003401360544217687,0.0,0.0,0.0,0.0,9.595238095238095,0.034013605442176874,2.391156462585034,0.0,8.19047619047619,1.4285714285714286,0.282312925170068,5.0646258503401365,0.0,0.0,0.0,0.0,0.0,0.0,12.656462585034014,1.5476190476190477,0.0,0.09523809523809523,0.0,0.0,0.5952380952380952,0.48299319727891155,0.0,0.05102040816326531,0.0
443,1419,4,0.6511627906976745,0.12343470483005367,0.7048300536672629,6.325581395348837,0.0,0.0,0.0,0.0,0.0,0.0,0.23076923076923078,0.0,0.13059033989266547,0.6135957066189625,0.3488372093023256,0.0,0.0,0.0,0.0,18.128801431127012,0.03398926654740608,3.6493738819320214,0.4186046511627907,18.198568872987476,8.461538461538462,0.3667262969588551,6.182468694096601,0.0,0.0,0.07334525939177101,0.0,0.0,0.0,24.10912343470483,3.915921288014311,0.0,0.407871198568873,0.0017889087656529517,0.0,1.1592128801431127,0.5330948121645797,0.0,0.059033989266547404,1.7817531305903398
443,1711,4,0.7376847290640394,0.08866995073891626,0.8706896551724138,4.08128078817734,0.0,0.0,0.0,0.0,0.0,0.0,0.1268472906403941,0.0,0.0,0.21674876847290642,0.08620689655172414,0.0,0.0,0.0,0.014778325123152709,12.137931034482758,0.029556650246305417,7.302955665024631,0.0,11.416256157635468,2.6613300492610836,0.5258620689655172,5.783251231527093,0.0,0.1145320197044335,0.3830049261083744,0.0,0.0,0.0,18.3435960591133,2.2019704433497536,0.0,0.29926108374384236,0.06403940886699508,0.0,0.9261083743842364,0.6145320197044335,0.0,0.050492610837438424,0.19458128078817735
439,1815,4,0.6024653312788906,0.15716486902927582,1.1910631741140216,5.362095531587057,0.0,0.015408320493066256,0.0,0.08936825885978428,0.0,0.0,0.0,0.0,0.0,1.0169491525423728,0.3728813559322034,0.0,0.0015408320493066256,0.0,0.0,17.573189522342066,0.0970724191063174,4.953775038520801,0.0,12.73035439137134,4.8012326656394455,1.7041602465331278,8.46995377503852,0.0,0.0,0.12480739599383667,0.0,0.0,0.26810477657935283,23.124807395993837,2.608628659476117,0.0,0.2465331278890601,0.24036979969183359,0.0,0.9075500770416025,0.6286594761171033,0.4098613251155624,0.06317411402157165,4.220338983050848
440,1293,12,0.6967213114754098,0.09562841530054644,0.7868852459016393,4.775956284153006,0.0,0.10382513661202186,0.0,0.1994535519125683,0.0,0.0,0.0,0.0,0.0,0.4918032786885246,0.1885245901639344,0.0,0.07923497267759563,0.0,0.0,15.084699453551913,0.05191256830601093,6.467213114754099,0.0,14.770491803278688,3.592896174863388,0.6366120218579235,7.549180327868853,0.0,0.0,0.2923497267759563,0.0,0.0,0.0,21.51912568306011,2.412568306010929,0.0,0.2103825136612022,0.24863387978142076,0.0,1.046448087431694,0.6065573770491803,0.0,0.0546448087431694,0.3442622950819672
436,101,15,0.6648351648351648,0.08516483516483517,0.9478021978021978,3.7445054945054945,0.0,0.23351648351648352,0.0,1.0521978021978022,0.0,0.0,0.0,0.0,0.0,0.8269230769230769,0.39285714285714285,0.0,0.0,0.0,0.03021978021978022,14.414835164835164,0.07417582417582418,8.777472527472527,0.0,17.414835164835164,2.697802197802198,0.5576923076923077,6.950549450549451,0.0,0.0,0.5659340659340659,0.0,0.0,0.0,17.021978021978022,2.032967032967033,0.0,0.39285714285714285,0.046703296703296704,0.0,1.1730769230769231,0.5906593406593407,0.0,0.046703296703296704,3.681318681318681
444,460,7,0.5714285714285714,0.02857142857142857,0.1,1.7428571428571429,0.0,0.0,0.0,0.21428571428571427,0.0,0.0,0.0,0.0,0.0,0.38571428571428573,0.0,0.0,0.0,0.0,0.0,4.042857142857143,0.0,25.557142857142857,0.0,1.4142857142857144,0.0,0.32857142857142857,6.057142857142857,0.0,0.0,0.0,0.0,0.0,0.0,8.271428571428572,0.7285714285714285,0.0,0.0,0.0,0.0,0.0,0.5428571428571428,0.0,0.014285714285714285,0.0
442,887,4,0.6773109243697479,0.06218487394957983,0.519327731092437,3.3210084033613447,0.0,0.0,0.0,0.32100840336134456,0.0,0.0,0.38823529411764707,0.0,0.0,1.5512605042016807,0.07394957983193277,0.0,0.0,0.0,0.5983193277310924,5.273949579831933,0.0,2.746218487394958,0.0,4.615126050420168,2.354621848739496,0.6252100840336134,6.921008403361345,0.0,0.07058823529411765,0.12605042016806722,0.0,0.0,0.0,14.559663865546218,2.13781512605042,0.0,0.052100840336134456,0.13445378151260504,0.0,0.3411764705882353,0.5394957983193277,0.0,0.08067226890756303,0.2638655462184874
440,1833,4,0.8407079646017699,0.06489675516224189,2.274336283185841,2.825958702064897,0.0,0.05309734513274336,0.0,0.2743362831858407,0.0,0.0,0.0,0.0,0.0,0.4336283185840708,0.11799410029498525,0.0,0.0,0.0,0.0,4.005899705014749,0.11504424778761062,5.415929203539823,0.0,3.3480825958702063,1.5575221238938053,0.5752212389380531,11.979351032448378,0.0,0.0,0.014749262536873156,0.0,0.0,0.0,14.150442477876107,1.9410029498525074,0.0,0.2861356932153392,0.15339233038348082,0.0,0.2359882005899705,0.6607669616519174,0.0,0.06489675516224189,0.0
444,1929,14,0.7061224489795919,0.11836734693877551,0.4326530612244898,4.808163265306122,0.0,0.0,0.0,0.0,0.0,0.0,0.0,0.0,0.0,0.0,0.0,0.0,0.0,0.0,0.0,13.987755102040817,0.0,3.583673469387755,0.0,13.889795918367346,3.5387755102040814,0.22040816326530613,6.0081632653061225,0.0,0.0,0.12653061224489795,0.0,0.0,0.0,21.86938775510204,2.3755102040816327,0.0,0.0,0.0,0.0,1.0,0.6204081632653061,0.0,0.061224489795918366,0.0
454,2007,4,0.7662721893491125,0.13313609467455623,1.014792899408284,4.269230769230769,0.0,0.0,0.0,0.15976331360946747,0.0,0.0,0.10946745562130178,0.0,0.12721893491124261,0.7751479289940828,0.40532544378698226,0.0,0.0,0.0,0.01775147928994083,12.8698224852071,0.05325443786982249,4.9733727810650885,0.023668639053254437,8.568047337278106,3.8579881656804735,0.7307692307692307,7.414201183431953,0.0,0.0,0.03550295857988166,0.14201183431952663,0.05917159763313609,0.0,23.07396449704142,2.4437869822485205,0.0,0.05029585798816568,0.08875739644970414,0.008875739644970414,0.7603550295857988,0.6301775147928994,0.0,0.0650887573964497,0.0
441,197,4,0.8557575757575757,0.09333333333333334,0.2,3.7915151515151515,0.0,0.0,0.0,0.0,0.0,0.0,0.0,0.0,0.0,0.0,0.0,0.0,0.0,0.0,0.0,12.443636363636363,0.0,3.869090909090909,0.0,13.318787878787878,2.515151515151515,0.3696969696969697,5.643636363636364,0.0,0.0,0.07757575757575758,0.0,0.0,0.0,20.586666666666666,2.264242424242424,0.0,0.0,0.06545454545454546,0.0,0.863030303030303,0.7624242424242424,0.0,0.03151515151515152,0.2387878787878788
445,1196,12,0.6333333333333333,0.04285714285714286,0.6428571428571429,2.6285714285714286,0.0,0.0,0.0,0.3238095238095238,0.0,0.0,0.0,0.0,0.0,0.18571428571428572,0.0,0.0,0.0,0.0,0.0,6.5285714285714285,0.0,3.0952380952380953,0.0,3.823809523809524,0.2904761904761905,0.01904761904761905,5.061904761904762,0.0,0.0,0.023809523809523808,0.0,0.0,0.0,11.176190476190476,1.1761904761904762,0.0,0.06666666666666667,0.09523809523809523,0.0,0.3523809523809524,0.5047619047619047,0.0,0.014285714285714285,0.0
455,1256,4,0.7222222222222222,0.10740740740740741,0.34074074074074073,4.109259259259259,0.0,0.3574074074074074,0.0,1.8314814814814815,0.0,0.0,0.0,0.0,0.0,1.3944444444444444,0.6351851851851852,0.0,0.7666666666666667,0.8351851851851851,0.0,12.0,0.0,9.13888888888889,0.0,6.470370370370371,2.448148148148148,0.29259259259259257,7.727777777777778,0.0,0.011111111111111112,0.0,0.0,0.0,0.0,19.34259259259259,2.0296296296296297,0.0,0.48333333333333334,0.007407407407407408,0.0,0.9222222222222223,0.6055555555555555,0.0,0.07777777777777778,7.468518518518518
446,1350,4,0.734375,0.10817307692307693,0.8737980769230769,5.131009615384615,0.0,0.051682692307692304,0.0,0.2920673076923077,0.0,0.0,0.0,0.0,0.008413461538461538,0.23197115384615385,0.07692307692307693,0.0,0.0,0.002403846153846154,0.0,18.709134615384617,0.06009615384615385,5.920673076923077,0.0,10.463942307692308,4.210336538461538,0.14423076923076922,5.439903846153846,0.0,0.07692307692307693,0.1875,0.23197115384615385,0.0,0.0,20.462740384615383,2.8834134615384617,0.0,0.18990384615384615,0.06971153846153846,0.0,0.7740384615384616,0.6646634615384616,0.0,0.052884615384615384,0.22956730769230768
445,1973,4,0.6661608497723824,0.07132018209408195,0.7374810318664643,3.983308042488619,0.0,0.0,0.0,0.330804248861912,0.0,0.0,0.0,0.0,0.0,0.30349013657056145,0.08952959028831563,0.0,0.0,0.0,0.0,9.168437025796662,0.012139605462822459,5.100151745068286,0.0,11.273141122913506,2.701062215477997,0.20637329286798178,4.635811836115327,0.0,0.0,0.11229135053110774,0.09256449165402124,0.0,0.0,18.578148710166918,2.3262518968133534,0.0,0.11532625189681335,0.16843702579666162,0.0,0.7192716236722306,0.6403641881638846,0.0,0.05007587253414264,0.0
448,166,4,0.8077388149939541,0.10278113663845223,0.7666263603385731,4.557436517533253,0.0,0.0,0.0,0.0,0.0,0.0,0.0,0.0,0.0,0.0,0.0,0.0,0.0,0.0,0.0,16.459492140266022,0.0024183796856106408,3.9262394195888755,0.0,9.298669891172914,3.3639661426844016,0.46916565900846435,5.494558645707376,0.0,0.0,0.26964933494558646,0.020556227327690448,0.0,0.0,21.470374848851268,2.286577992744861,0.0,0.060459492140266025,0.14510278113663846,0.0,0.6977025392986699,0.6118500604594922,0.0,0.03143893591293833,0.0
451,286,4,0.6666666666666666,0.08387096774193549,0.7333333333333333,2.956989247311828,0.0,0.0,0.0,0.04946236559139785,0.0,0.0,0.010752688172043012,0.0,0.0,0.034408602150537634,0.008602150537634409,0.0,0.0,0.0,0.053763440860215055,9.227956989247312,0.0,2.2946236559139783,0.0,6.09247311827957,0.8838709677419355,0.0,3.460215053763441,0.0,0.0,0.07096774193548387,0.002150537634408602,0.0,0.0,12.262365591397849,1.578494623655914,0.0,0.34408602150537637,0.04086021505376344,0.0,0.421505376344086,0.5096774193548387,0.0,0.023655913978494623,0.0
446,437,4,0.6490683229813664,0.08488612836438923,0.4503105590062112,3.0238095238095237,0.0,0.0,0.0,0.051759834368530024,0.0,0.0,0.003105590062111801,0.0,0.003105590062111801,0.06832298136645963,0.018633540372670808,0.0,0.0,0.0,0.0,12.511387163561077,0.0,2.099378881987578,0.0,7.8685300207039335,1.9937888198757765,0.14492753623188406,3.9244306418219463,0.0,0.0,0.10973084886128365,0.0,0.0,0.0,12.993788819875776,1.9254658385093169,0.0,0.07453416149068323,0.026915113871635612,0.0,0.4648033126293996,0.484472049689441,0.0,0.028985507246376812,0.0
443,1110,6,1.2656716417910447,0.07164179104477612,1.155223880597015,3.316417910447761,0.0,0.0,0.0,0.13134328358208955,0.0,0.0,0.0,0.0,0.0,0.23582089552238805,0.11641791044776119,0.0,0.0,0.0,0.023880597014925373,8.274626865671642,0.0,2.7671641791044777,0.0,6.7611940298507465,2.764179104477612,0.417910447761194,5.955223880597015,0.0,0.3253731343283582,0.0626865671641791,0.15223880597014924,0.0,0.0,13.719402985074627,1.791044776119403,0.0,0.2507462686567164,0.056716417910447764,0.0,0.44477611940298506,0.5313432835820896,0.0,0.13134328358208955,0.0
447,1318,12,0.7137096774193549,0.08064516129032258,1.2137096774193548,4.899193548387097,0.0,0.09274193548387097,0.0,0.5161290322580645,0.0,0.0,0.3064516129032258,0.0,0.39919354838709675,2.0806451612903225,0.7096774193548387,0.0,0.06048387096774194,0.06048387096774194,0.0,7.07258064516129,0.05241935483870968,6.326612903225806,0.0,6.024193548387097,3.786290322580645,0.22983870967741934,6.875,0.0,0.0,0.13306451612903225,0.008064516129032258,0.0,0.0,20.403225806451612,3.0161290322580645,0.0,0.22580645161290322,0.06854838709677419,0.0,0.5,0.6330645161290323,0.0,0.0846774193548387,6.366935483870968
447,1376,4,0.662109375,0.048828125,1.130859375,3.22265625,0.0,0.380859375,0.0,3.099609375,0.0,0.0,0.0,0.0,0.0,2.541015625,0.44140625,0.0,0.05859375,0.001953125,0.19140625,3.119140625,0.095703125,6.83984375,0.0,3.681640625,1.982421875,0.33984375,6.173828125,0.0,0.0,0.09765625,0.0,0.0,0.244140625,16.052734375,1.80078125,0.0,0.23828125,0.15234375,0.0,0.32421875,0.5859375,0.0,0.09765625,0.099609375
448,1533,7,0.6607495069033531,0.09467455621301775,1.3668639053254439,3.7633136094674557,0.0,0.0,0.0,0.0,0.0,0.0,0.0,0.0,0.0,0.09467455621301775,0.0,0.0,0.0,0.0,0.011834319526627219,10.927021696252465,0.05719921104536489,4.962524654832347,0.0,10.437869822485206,2.2485207100591715,0.3155818540433925,5.9191321499013805,0.0,0.0,0.7120315581854043,0.10453648915187377,0.0,0.0,17.106508875739646,2.0729783037475347,0.0,0.4181459566074951,0.045364891518737675,0.0,0.6094674556213018,0.6804733727810651,0.0,0.029585798816568046,0.10650887573964497
443,569,4,0.7927461139896373,0.12953367875647667,0.5569948186528497,4.4404145077720205,0.0,0.0,0.0,0.015544041450777202,0.0,0.0,0.2927461139896373,0.0,0.0,1.461139896373057,0.24093264248704663,0.0,0.0,0.0,1.5181347150259068,10.2720207253886,0.04145077720207254,12.396373056994818,0.0,8.163212435233161,3.9740932642487046,0.8264248704663213,8.139896373056995,0.0,0.0,0.046632124352331605,0.0,0.0,0.0,21.305699481865286,2.3367875647668392,0.0,0.038860103626943004,0.0051813471502590676,0.0,0.5803108808290155,0.6139896373056994,0.0,0.08290155440414508,2.606217616580311
458,627,4,0.6121212121212121,0.04242424242424243,0.4666666666666667,2.9757575757575756,0.0,0.0,0.0,0.12727272727272726,0.0,0.0,0.0,0.0,0.0,0.07878787878787878,0.0,0.0,0.0,0.0,0.0,7.278787878787878,0.0,2.2181818181818183,0.0,7.33939393939394,1.4363636363636363,0.09090909090909091,3.533333333333333,0.0,0.0,0.0,0.0,0.0,0.0,11.93939393939394,1.5575757575757576,0.0,0.0,0.0,0.0,0.5393939393939394,0.509090909090909,0.0,0.0,0.0
458,900,4,0.6254681647940075,0.09063670411985018,0.5168539325842697,3.9625468164794007,0.0,0.0,0.0,0.0022471910112359553,0.0,0.0,0.0,0.0,0.0,0.000749063670411985,0.0,0.0,0.0,0.0,0.0,12.653932584269663,0.02247191011235955,2.1737827715355804,0.0,10.466666666666667,2.899625468164794,0.18127340823970037,5.331086142322097,0.0,0.0,0.0149812734082397,0.3955056179775281,0.0,0.0,15.39625468164794,2.304119850187266,0.0,0.04644194756554307,0.009737827715355805,0.0,0.698876404494382,0.5250936329588015,0.0,0.033707865168539325,0.0
455,967,4,0.7101226993865031,0.09355828220858896,1.1917177914110428,4.368098159509202,0.0,0.03067484662576687,0.0,0.09662576687116564,0.0,0.0,0.0,0.0,0.0,0.19325153374233128,0.06748466257668712,0.0,0.0,0.0,0.0,14.519938650306749,0.03680981595092025,3.812883435582822,0.0,10.251533742331288,2.834355828220859,0.19325153374233128,6.6871165644171775,0.0,0.01687116564417178,0.11196319018404909,0.0015337423312883436,0.0,0.0,16.79754601226994,2.4754601226993866,0.0,0.15337423312883436,0.01687116564417178,0.0,0.6702453987730062,0.6273006134969326,0.0,0.08282208588957055,0.0
445,99,4,0.575402635431918,0.08199121522693997,1.0380673499267936,2.5446559297218156,0.0,0.0,0.0,0.0,0.0,0.0,0.0,0.0,0.0,0.0014641288433382138,0.0,0.0,0.0,0.0,0.0,8.360175695461201,0.032210834553440704,3.171303074670571,0.0,2.604685212298682,0.4890190336749634,0.07027818448023426,6.243045387994144,0.0,0.0,0.04538799414348463,0.07174231332357248,0.0,0.0,12.445095168374817,1.329428989751098,0.0,0.2547584187408492,0.2342606149341142,0.0,0.12884333821376281,0.5344070278184481,0.0,0.02342606149341142,0.0
455,190,4,0.6612903225806451,0.056451612903225805,0.056451612903225805,1.6693548387096775,0.0,0.0,0.0,0.0,0.0,0.0,0.0,0.0,0.0,0.008064516129032258,0.0,0.0,0.0,0.0,0.0,6.516129032258065,0.0,2.2016129032258065,0.0,4.620967741935484,0.0,0.3951612903225806,6.411290322580645,0.0,0.0,0.0,0.0,0.0,0.0,8.790322580645162,0.7983870967741935,0.0,0.0,0.0,0.0,0.0,0.3951612903225806,0.0,0.008064516129032258,0.0
449,220,4,0.5871886120996441,0.10498220640569395,0.8754448398576512,3.7491103202846974,0.0,0.0,0.0,0.0017793594306049821,0.0,0.0,0.0,0.0,0.0,0.0,0.0,0.0,0.0,0.0,0.0,14.498220640569395,0.0,1.9768683274021353,0.0,7.914590747330961,1.2597864768683273,0.0017793594306049821,4.357651245551601,0.0,0.0,0.20106761565836298,0.18683274021352314,0.0,0.0,13.852313167259787,1.9679715302491103,0.0,0.3238434163701068,0.06227758007117438,0.0,0.50355871886121,0.49110320284697506,0.0,0.03202846975088968,0.0
458,353,4,0.5725490196078431,0.12352941176470589,0.40980392156862744,3.7098039215686276,0.0,0.0,0.0,0.0,0.0,0.0,0.0,0.0,0.0,0.0,0.0,0.0,0.0,0.0,0.0,16.00588235294118,0.0,2.0843137254901962,0.0,7.809803921568627,1.7019607843137254,0.0,2.7980392156862743,0.0,0.0,0.2019607843137255,0.1392156862745098,0.0,0.0,14.886274509803922,2.3,0.0,0.10980392156862745,0.0058823529411764705,0.0,0.5941176470588235,0.4588235294117647,0.0,0.03333333333333333,0.0
444,1271,4,0.5924731182795699,0.07741935483870968,0.8204301075268817,3.089247311827957,0.0,0.004301075268817204,0.0,0.01827956989247312,0.0,0.0,0.0,0.0,0.004301075268817204,0.15591397849462366,0.06344086021505377,0.0,0.0,0.0,0.0,12.505376344086022,0.0,2.689247311827957,0.0,6.547311827956989,1.7021505376344086,0.4096774193548387,6.125806451612903,0.0,0.0,0.0,0.0,0.0,0.0,12.711827956989247,1.821505376344086,0.0,0.13010752688172042,0.030107526881720432,0.0,0.5408602150537635,0.5118279569892473,0.0,0.04946236559139785,0.0
454,1684,4,0.7903225806451613,0.16129032258064516,0.2903225806451613,6.064516129032258,0.0,0.0,0.0,0.0,0.0,0.0,0.0,0.0,0.0,0.0,0.0,0.0,0.0,0.0,0.0,23.387096774193548,0.0,3.3870967741935485,0.0,14.024193548387096,6.07258064516129,0.0967741935483871,2.6693548387096775,0.0,0.0,0.10483870967741936,0.45161290322580644,0.0,0.0,25.70967741935484,4.338709677419355,0.0,0.12903225806451613,0.0,0.0,1.1129032258064515,0.5887096774193549,0.0,0.016129032258064516,0.0
448,145,4,0.6070175438596491,0.10526315789473684,1.1754385964912282,3.5385964912280703,0.0,0.0,0.0,0.0,0.0,0.0,0.015789473684210527,0.0,0.0,0.13157894736842105,0.05964912280701754,0.0,0.0,0.0,0.12631578947368421,8.966666666666667,0.04035087719298246,6.245614035087719,0.0,7.666666666666667,3.3263157894736843,0.8210526315789474,5.53859649122807,0.0,0.0,0.4614035087719298,0.0,0.0,0.0,18.152631578947368,1.9736842105263157,0.0,0.21578947368421053,0.21403508771929824,0.017543859649122806,0.6596491228070176,0.6982456140350877,0.0,0.03333333333333333,0.008771929824561403
457,661,4,0.7069486404833837,0.06948640483383686,0.3021148036253776,4.078549848942598,0.0,0.0,0.0,0.0,0.0,0.0,0.05740181268882175,0.0,0.0,0.32628398791540786,0.09063444108761329,0.0,0.0,0.0,0.19939577039274925,14.256797583081571,0.0,2.2416918429003023,0.0,10.809667673716012,1.891238670694864,0.0,2.809667673716012,0.0,0.0,0.12084592145015106,0.1661631419939577,0.0,0.0,14.930513595166163,2.389728096676737,0.0,0.2719033232628399,0.0,0.0,0.7039274924471299,0.5226586102719033,0.0,0.03323262839879154,0.0
452,1549,4,0.8295964125560538,0.06427503736920777,0.5814648729446936,3.6920777279521673,0.0,0.0,0.12406576980568013,0.1210762331838565,0.0,0.0,0.0,0.0,0.0,0.16890881913303438,0.0,0.0,0.0,0.0,0.0,11.046337817638266,0.008968609865470852,4.236173393124066,0.0,9.889387144992526,2.8535127055306426,0.34080717488789236,6.026905829596412,0.0,0.0,0.2242152466367713,0.19282511210762332,0.0,0.0,14.615844544095665,1.9596412556053813,0.0,0.12406576980568013,0.11958146487294469,0.0,0.672645739910314,0.5769805680119582,0.0,0.07174887892376682,0.0
453,36,4,1.554858934169279,0.10031347962382445,0.5987460815047022,2.959247648902821,0.0,0.0,0.0,0.0,0.0,0.0,0.11912225705329153,0.0,0.0,0.7241379310344828,0.1536050156739812,0.0,0.0,0.0,0.41379310344827586,9.454545454545455,0.09404388714733543,19.003134796238246,0.0,2.1316614420062696,0.8307210031347962,0.8369905956112853,7.0,0.0,0.0,0.0,0.0,0.0,0.0,14.761755485893417,0.877742946708464,0.0,0.0438871473354232,0.0,0.0,0.03134796238244514,0.7021943573667712,0.0,0.14420062695924765,0.03134796238244514
461,539,4,0.7226277372262774,0.08394160583941605,0.7226277372262774,2.4817518248175183,0.0,0.0,0.0,0.0,0.0,0.0,0.0072992700729927005,0.0,0.0,0.18613138686131386,0.010948905109489052,0.0,0.0,0.0,0.06934306569343066,10.85036496350365,0.0,2.3394160583941606,0.0,5.587591240875913,1.2481751824817517,0.31386861313868614,6.208029197080292,0.0,0.0,0.0,0.0,0.0,0.0,11.197080291970803,1.4306569343065694,0.0,0.14963503649635038,0.145985401459854,0.0,0.6277372262773723,0.5072992700729927,0.0,0.051094890510948905,0.0
452,597,4,0.604420731707317,0.07469512195121951,0.33003048780487804,3.5434451219512195,0.0,0.0,0.0,0.10060975609756098,0.0,0.0,0.0,0.0,0.0,0.11661585365853659,0.0586890243902439,0.0,0.0,0.0038109756097560975,0.0,11.588414634146341,0.0,2.743140243902439,0.0,7.352134146341464,2.817073170731707,0.08765243902439024,3.739329268292683,0.0,0.0,0.09832317073170732,0.23628048780487804,0.0,0.0,13.751524390243903,2.0815548780487805,0.14329268292682926,0.0,0.10746951219512195,0.0,0.6501524390243902,0.5022865853658537,0.0,0.04344512195121951,0.0
453,924,4,0.7645833333333333,0.08125,0.3333333333333333,3.7666666666666666,0.0,0.0,0.0,0.0,0.0,0.0,0.0,0.0,0.0,0.04375,0.09166666666666666,0.0,0.0,0.0,0.0,13.2,0.0,2.4458333333333333,0.0,13.68125,2.2729166666666667,0.21458333333333332,3.95625,0.0,0.0,0.16875,0.0,0.0,0.0,14.239583333333334,2.1666666666666665,0.0,0.12291666666666666,0.125,0.0,0.9479166666666666,0.5395833333333333,0.0,0.01875,0.0
451,1098,6,0.5668662674650699,0.08982035928143713,0.36726546906187624,4.069860279441118,0.0,0.0,0.0,0.003992015968063872,0.0,0.0,0.0,0.0,0.0,0.01996007984031936,0.0,0.0,0.0,0.0,0.0,12.598802395209582,0.0,3.3253493013972055,0.0,6.568862275449102,2.654690618762475,0.001996007984031936,4.259481037924152,0.0,0.1317365269461078,0.10179640718562874,0.15169660678642716,0.0,0.0,17.059880239520957,2.417165668662675,0.0,0.0,0.12974051896207583,0.0,0.5848303393213573,0.5868263473053892,0.0,0.04790419161676647,0.0
454,259,4,0.7878787878787878,0.06060606060606061,0.5515151515151515,5.430303030303031,0.0,0.14545454545454545,0.0,0.7272727272727273,0.0,0.0,0.6606060606060606,0.0,0.7818181818181819,3.672727272727273,1.2484848484848485,0.0,0.0,0.0,0.0,6.363636363636363,0.0,16.44242424242424,0.0,6.2727272727272725,4.1878787878787875,0.4666666666666667,9.06060606060606,0.0,0.0,0.15757575757575756,0.0,0.0,0.0,22.284848484848485,3.5090909090909093,0.0,0.8424242424242424,0.06666666666666667,0.0,0.5272727272727272,0.703030303030303,0.0,0.15151515151515152,6.63030303030303
454,776,12,0.5680933852140078,0.04669260700389105,0.9182879377431906,2.5058365758754864,0.0,0.0,0.0,0.0,0.0,0.0,0.0,0.0,0.0,0.26848249027237353,0.0,0.0,0.0,0.0,0.0,5.093385214007782,0.0,2.5408560311284045,0.0,3.167315175097276,0.8638132295719845,0.5797665369649806,6.019455252918288,0.0,0.0,0.19844357976653695,0.0,0.0,0.0,11.918287937743191,1.6031128404669261,0.0,0.5408560311284046,0.0,0.0,0.0311284046692607,0.46303501945525294,0.0,0.04669260700389105,0.0
452,1053,12,1.3807531380753137,0.1087866108786611,0.0,2.602510460251046,0.02092050209205021,0.11297071129707113,0.0,0.7112970711297071,0.0,0.0041841004184100415,0.008368200836820083,0.0,0.13807531380753138,0.5104602510460251,0.2217573221757322,0.0,0.7154811715481172,1.0543933054393306,0.0,8.489539748953975,0.0,35.76987447698745,0.0,5.2677824267782425,1.3472803347280335,0.3723849372384937,4.075313807531381,0.0,0.0,0.07112970711297072,0.0,0.029288702928870293,0.0,12.351464435146443,0.99581589958159,0.0,0.0,0.24686192468619247,0.0,0.6778242677824268,0.6192468619246861,0.0,0.200836820083682,20.90794979079498
463,242,4,0.910377358490566,0.04245283018867924,0.7830188679245284,2.900943396226415,0.0,0.37735849056603776,0.0,3.018867924528302,0.0,0.18396226415094338,0.0,0.0,0.24056603773584906,1.5377358490566038,0.44339622641509435,0.0,0.0,0.4056603773584906,0.0,2.5,0.1792452830188679,57.363207547169814,0.0,1.8396226415094339,1.5188679245283019,0.44339622641509435,11.127358490566039,0.0,0.0,0.21226415094339623,0.0,0.0,0.0,14.825471698113208,1.3773584905660377,0.0,0.11320754716981132,0.3584905660377358,0.0,0.38207547169811323,0.6226415094339622,0.0,0.08490566037735849,7.136792452830188
452,390,4,0.593974175035868,0.08464849354375897,0.4734576757532281,3.200860832137733,0.0,0.0,0.0,0.0,0.0,0.0,0.0,0.0,0.0,0.018651362984218076,0.0,0.0,0.0,0.0,0.0,12.6987087517934,0.0,1.9497847919655666,0.0,5.119081779053085,1.2166427546628407,0.09899569583931134,2.659971305595409,0.0,0.0,0.12051649928263988,0.07317073170731707,0.0,0.0,13.64131994261119,1.9842180774748923,0.0,0.06886657101865136,0.03156384505021521,0.0,0.29411764705882354,0.509325681492109,0.0,0.03156384505021521,0.0
459,727,12,0.5898123324396782,0.07506702412868632,0.4128686327077748,3.037533512064343,0.0,0.0,0.0,0.005361930294906166,0.0,0.0,0.002680965147453083,0.0,0.0,0.06166219839142091,0.0160857908847185,0.0,0.0,0.0,0.0,13.20911528150134,0.0,2.5308310991957104,0.0,3.193029490616622,1.324396782841823,0.06970509383378017,3.8873994638069704,0.0,0.0,0.0,0.0,0.0,0.0,12.691689008042895,1.6648793565683646,0.0,0.07506702412868632,0.032171581769437,0.0,0.3351206434316354,0.46648793565683644,0.0,0.040214477211796246,0.0
458,806,12,0.960559796437659,0.10178117048346055,0.0,3.8613231552162848,0.017811704834605598,0.058524173027989825,0.0,0.9631043256997456,0.0,0.0,0.05343511450381679,0.0,0.07760814249363868,0.7837150127226463,0.3320610687022901,0.0,0.0,0.40966921119592875,0.03689567430025445,12.587786259541986,0.0,13.444020356234097,0.0,13.307888040712468,4.741730279898219,0.09287531806615776,3.849872773536896,0.0,0.0,0.06361323155216285,0.0,0.0,0.0,15.32442748091603,2.217557251908397,0.0,0.12468193384223919,0.07760814249363868,0.0,1.3193384223918576,0.48854961832061067,0.0,0.18702290076335878,6.2798982188295165
462,1124,4,0.9887820512820513,0.09775641025641026,0.0,3.8653846153846154,0.09294871794871795,0.1330128205128205,0.0,1.9743589743589745,0.0,0.041666666666666664,0.0673076923076923,0.0673076923076923,0.25801282051282054,2.2884615384615383,0.6474358974358975,0.0,0.003205128205128205,0.2916666666666667,0.04487179487179487,9.333333333333334,0.0,8.224358974358974,0.0,5.767628205128205,3.496794871794872,0.8814102564102564,6.049679487179487,0.1266025641025641,0.0,0.05128205128205128,0.0,0.0,0.0,16.48878205128205,2.219551282051282,0.0,0.0,0.1794871794871795,0.0,0.5753205128205128,0.5993589743589743,0.0,0.125,5.200320512820513
458,489,4,0.748995983935743,0.08333333333333333,0.4357429718875502,4.5471887550200805,0.0,0.002008032128514056,0.0,0.055220883534136546,0.0,0.0,0.004016064257028112,0.0,0.0050200803212851405,0.13755020080321284,0.08433734939759036,0.0,0.0,0.001004016064257028,0.0,13.481927710843374,0.06224899598393574,3.9156626506024095,0.0,11.699799196787149,2.9116465863453813,0.22590361445783133,3.673694779116466,0.0,0.09538152610441768,0.13855421686746988,0.25903614457831325,0.0,0.0,17.843373493975903,2.5160642570281126,0.0,0.3092369477911647,0.055220883534136546,0.0,0.8242971887550201,0.5572289156626506,0.0,0.05421686746987952,0.050200803212851405
459,1281,15,0.6135458167330677,0.061752988047808766,1.3745019920318724,2.549800796812749,0.0,0.0,0.021912350597609563,0.2689243027888446,0.0,0.0,0.0199203187250996,0.0,0.017928286852589643,0.35258964143426297,0.16334661354581673,0.0,0.0,0.0,0.0,9.01792828685259,0.11354581673306773,3.8685258964143427,0.0,5.308764940239044,1.0,0.6235059760956175,9.593625498007968,0.0,0.44621513944223107,0.11553784860557768,0.0,0.0,0.0,10.774900398406375,1.151394422310757,0.0,0.26095617529880477,0.20717131474103587,0.0,0.6772908366533864,0.46613545816733065,0.0,0.045816733067729085,0.0
453,1168,4,0.7768052516411379,0.07658643326039387,0.4573304157549234,3.687089715536105,0.0,0.1575492341356674,0.0,0.38949671772428884,0.0,0.0,0.010940919037199124,0.0,0.0,0.5514223194748359,0.2647702407002188,0.0,0.0,0.0,0.0,15.212253829321662,0.0,10.056892778993435,0.0,20.706783369803063,3.2560175054704596,0.39606126914660833,4.463894967177243,0.0,0.0,0.2210065645514223,0.0087527352297593,0.0,0.0,16.75492341356674,2.0459518599562365,0.0,0.40700218818380746,0.0,0.0,1.2407002188183807,0.6083150984682714,0.0,0.04814004376367615,0.612691466083151
469,1800,5,0.7150684931506849,0.08493150684931507,0.7123287671232876,4.101369863013699,0.0,0.0,0.0,0.038356164383561646,0.0,0.0,0.0,0.0,0.0,0.09315068493150686,0.021917808219178082,0.0,0.03561643835616438,0.0,0.0,10.73972602739726,0.06027397260273973,2.8958904109589043,0.0,9.953424657534246,2.2383561643835614,0.19452054794520549,5.473972602739726,0.0,0.0,0.019178082191780823,0.057534246575342465,0.0,0.0,17.416438356164385,2.186301369863014,0.0,0.2191780821917808,0.0684931506849315,0.0,0.6547945205479452,0.5726027397260274,0.0,0.038356164383561646,0.0
464,66,4,0.7784290738569754,0.13012895662368112,1.8475967174677608,6.337631887456038,0.0,0.005861664712778429,0.0,0.022274325908558032,0.0,0.0,0.246189917936694,0.0,0.07268464243845252,0.4783118405627198,0.3399765533411489,0.0,0.0,0.0,0.0,16.716295427901525,0.06096131301289566,4.348182883939039,0.2309495896834701,19.304806565064478,7.542790152403282,1.615474794841735,9.803048065650644,0.0,0.141852286049238,0.4232121922626026,0.0,0.0,0.07854630715123095,25.900351699882766,3.073856975381008,0.0,1.0058616647127785,0.12075029308323564,0.0,1.2860492379835873,0.6365767878077374,0.0,0.0914419695193435,0.8663540445486518
464,108,4,0.6765402843601895,0.11255924170616113,0.5959715639810427,3.125592417061611,0.0,0.0,0.0,0.0,0.0,0.0,0.0,0.0,0.0,0.0,0.008293838862559242,0.0,0.0,0.0,0.002369668246445498,14.652843601895734,0.0,1.9751184834123223,0.0,5.516587677725118,1.712085308056872,0.18838862559241706,5.007109004739337,0.0,0.0,0.0533175355450237,0.07227488151658767,0.0,0.0,12.285545023696683,1.6966824644549763,0.0,0.12440758293838862,0.017772511848341232,0.0,0.38388625592417064,0.5,0.0,0.022511848341232227,0.0
461,758,12,0.6413043478260869,0.06521739130434782,0.2956521739130435,2.4869565217391303,0.0,0.0,0.0,0.0,0.0,0.0,0.0,0.0,0.0,0.0,0.0,0.0,0.0,0.0,0.0,14.017391304347827,0.0,1.934782608695652,0.0,5.434782608695652,0.5478260869565217,0.08043478260869565,3.9456521739130435,0.0,0.0,0.0,0.0,0.0,0.0,10.397826086956522,1.1565217391304348,0.0,0.0,0.05,0.0,0.2782608695652174,0.45,0.0,0.021739130434782608,0.0
455,1885,4,1.002469135802469,0.1037037037037037,0.0,3.8222222222222224,0.0,0.09135802469135802,0.0,0.6395061728395062,0.0,0.0,0.014814814814814815,0.0,0.05432098765432099,0.6790123456790124,0.34814814814814815,0.0,0.21481481481481482,0.3851851851851852,0.0,10.474074074074075,0.0,21.28148148148148,0.0,14.195061728395062,3.1901234567901233,0.12839506172839507,3.251851851851852,0.0,0.0,0.0024691358024691358,0.0049382716049382715,0.0,0.0,15.296296296296296,2.1506172839506172,0.0,0.0,0.07407407407407407,0.0,1.0641975308641975,0.5753086419753086,0.0,0.12839506172839507,8.474074074074075
465,131,4,0.6965811965811965,0.08547008547008547,0.6794871794871795,3.7435897435897436,0.0,0.0,0.0,0.04700854700854701,0.0,0.0,0.0,0.0,0.0,0.02564102564102564,0.0,0.0,0.0,0.0,0.0,10.260683760683762,0.0,7.034188034188034,0.0,6.145299145299146,1.3162393162393162,1.893162393162393,7.1239316239316235,0.0,0.0,0.01282051282051282,0.0,0.0,0.0,19.52991452991453,1.8504273504273505,0.0,0.0,0.0,0.0,0.44871794871794873,0.6923076923076923,0.0,0.02564102564102564,0.0
468,575,4,0.5907534246575342,0.11815068493150685,0.17636986301369864,3.7739726027397262,0.0,0.0,0.0,0.0,0.0,0.0,0.008561643835616438,0.0,0.0,0.011986301369863013,0.010273972602739725,0.0,0.0,0.0958904109589041,0.008561643835616438,17.440068493150687,0.0,2.3955479452054793,0.0,15.102739726027398,2.5821917808219177,0.015410958904109588,2.2448630136986303,0.0,0.0,0.0,0.08732876712328767,0.0,0.0,14.577054794520548,2.220890410958904,0.0,0.04452054794520548,0.0,0.0,0.934931506849315,0.4914383561643836,0.0,0.023972602739726026,0.0
474,873,4,1.1098130841121496,0.054906542056074766,0.3037383177570093,3.0268691588785046,0.0,0.0,0.0,0.018691588785046728,0.0,0.0,0.0,0.0,0.0,0.06775700934579439,0.0,0.0,0.0,0.0,0.0,11.384345794392523,0.002336448598130841,2.2733644859813085,0.0,9.592289719626168,1.6565420560747663,0.18925233644859812,4.510514018691588,0.0,0.0,0.04906542056074766,0.035046728971962614,0.0,0.0,11.67056074766355,1.4976635514018692,0.0,0.0,0.04906542056074766,0.0,0.7394859813084113,0.552570093457944,0.0,0.06542056074766354,0.0
462,1844,6,1.7553784860557768,0.10358565737051793,1.148207171314741,3.9394422310756974,0.0,0.0,0.0,0.020717131474103586,0.0,0.0,0.0,0.0,0.0,0.09402390438247012,0.00398406374501992,0.0,0.0,0.0,0.0,12.151394422310757,0.00398406374501992,2.4151394422310757,0.0,4.983266932270916,1.4039840637450198,0.054183266932270914,3.7776892430278886,0.0,0.0,0.07330677290836653,0.23904382470119523,0.0,0.0,16.374501992031874,2.2844621513944223,0.0,0.019123505976095617,0.02549800796812749,0.0,0.3386454183266932,0.5848605577689243,0.0,0.5394422310756972,0.0
458,1869,4,0.7102177554438861,0.07537688442211055,1.0904522613065326,4.1541038525963145,0.0,0.05025125628140704,0.0,0.07872696817420435,0.0,0.0,0.6566164154103853,0.0,0.34003350083752093,1.676716917922948,1.068676716917923,0.0,0.0,0.0,0.0,3.7504187604690116,0.051926298157453935,3.92964824120603,0.0,1.8341708542713568,2.54606365159129,2.0921273031825796,14.948073701842546,0.0,0.0,0.09715242881072027,0.0,0.0,0.0,21.889447236180903,2.3969849246231156,0.0,0.0,0.15912897822445563,0.17587939698492464,0.19765494137353434,0.6130653266331658,0.0,0.08040201005025126,3.0083752093802345
463,429,4,0.6061946902654868,0.0752212389380531,0.8849557522123894,3.65929203539823,0.0,0.0,0.0,0.0,0.0,0.0,0.0,0.0,0.0,0.01327433628318584,0.004424778761061947,0.0,0.0,0.0,0.0,12.146017699115044,0.08849557522123894,4.915929203539823,0.0,5.597345132743363,1.2168141592920354,2.5929203539823007,11.349557522123893,0.0,0.0,0.0,0.0,0.0,0.0,18.805309734513273,1.7831858407079646,0.0,0.0,0.06637168141592921,0.0,0.4690265486725664,0.6991150442477876,0.0,0.03982300884955752,0.0
469,1014,4,1.88125,0.09375,0.4,3.8375,0.0,0.0,0.0,0.00625,0.0,0.0,0.034375,0.0,0.0,0.121875,0.128125,0.0,0.0,0.0,0.115625,9.55625,0.0,2.76875,0.0,8.2,3.63125,0.2125,4.04375,0.0,0.0,0.003125,0.15,0.0,0.0,15.65625,2.203125,0.0,0.046875,0.03125,0.0,0.471875,0.578125,0.0,0.23125,0.0
470,1607,12,0.6471251409244645,0.08850056369785794,0.43573844419391206,4.7795941375422775,0.0,0.0016910935738444193,0.0,0.02593010146561443,0.0,0.0,0.020293122886133032,0.0,0.023111612175873732,0.10428410372040586,0.05186020293122886,0.0,0.0,0.0,0.0,14.188838782412628,0.023111612175873732,3.0913190529875987,0.0,13.852311161217587,3.882187147688839,0.0992108229988726,3.6978579481397973,0.0,0.0,0.09470124013528748,0.17587373167981962,0.0,0.0,19.52423900789177,3.0338218714768885,0.0,0.11273957158962795,0.09075535512965051,0.0,0.9594137542277339,0.5952649379932357,0.0,0.06200676437429538,0.0992108229988726
463,1768,4,0.6808340016038492,0.09302325581395349,0.4466720128307939,3.491579791499599,0.0,0.0,0.012830793905372895,0.10184442662389735,0.0,0.0,0.038492381716118684,0.0,0.04971932638331997,0.3793103448275862,0.14434643143544507,0.0,0.17000801924619086,0.49238171611868486,0.00400962309542903,9.861267040898156,0.0032076984763432237,10.931034482758621,0.0,8.13392141138733,2.0088211708099437,0.6583801122694467,4.913392141138733,0.0,0.0,0.16599839615076184,0.0,0.0048115477145148355,0.0,18.064153969526863,1.855653568564555,0.0,0.006415396952686447,0.053728949478749,0.0,0.5276663993584603,0.6166800320769847,0.028067361668003207,0.046511627906976744,3.4819566960705695
466,1746,4,0.660574412532637,0.0783289817232376,0.5326370757180157,4.563968668407311,0.0,0.0,0.0,0.0,0.0,0.0,0.0,0.0,0.0,0.031331592689295036,0.005221932114882507,0.0,0.0,0.0,0.0,13.652741514360313,0.0,4.0861618798955615,0.0,10.71018276762402,2.514360313315927,1.0287206266318538,6.851174934725848,0.0,0.0,0.38642297650130547,0.0,0.0,0.0026109660574412533,20.06005221932115,2.22976501305483,0.0,0.3785900783289817,0.09660574412532637,0.0,0.7336814621409922,0.6501305483028721,0.0,0.015665796344647518,0.0
464,1910,12,0.6672158154859967,0.128500823723229,0.357495881383855,5.630971993410214,0.009884678747940691,0.11696869851729819,0.0,0.11367380560131796,0.0,0.0,0.0,0.0,0.0,0.6490939044481054,0.14991762767710048,0.0,0.0,0.0,0.0,18.970345963756177,0.029654036243822075,4.9159802306425044,0.0,15.237232289950576,4.227347611202636,0.8303130148270181,5.561779242174629,0.0,0.0,0.18451400329489293,0.0,0.0,0.023064250411861616,23.925864909390445,2.8698517298187807,0.0,0.28665568369028005,0.060955518945634266,0.0,0.9637561779242174,0.6326194398682042,0.0,0.07413509060955518,0.0
465,1086,12,0.7154811715481172,0.09623430962343096,0.6778242677824268,5.146443514644352,0.0,0.0,0.0,0.37656903765690375,0.0,0.0,0.0,0.0,0.0,1.1171548117154813,0.0,0.0,0.606694560669456,0.3075313807531381,0.04602510460251046,15.799163179916318,0.016736401673640166,8.510460251046025,0.0,3.8556485355648538,2.7698744769874475,2.6694560669456067,6.945606694560669,0.0,0.0,0.19246861924686193,0.0,0.0,0.0,23.06276150627615,2.228033472803347,0.0,0.07112970711297072,0.060669456066945605,0.0,0.9184100418410042,0.6903765690376569,0.0,0.060669456066945605,9.401673640167363
472,1335,4,0.7302798982188295,0.06615776081424936,0.19592875318066158,3.7455470737913488,0.0,0.1297709923664122,0.0,0.8880407124681934,0.0,0.0,0.01272264631043257,0.0,0.12468193384223919,1.099236641221374,0.33587786259541985,0.0,0.2748091603053435,0.3893129770992366,0.0,8.60559796437659,0.0,10.346055979643767,0.0,7.1603053435114505,3.4300254452926207,0.5292620865139949,3.89058524173028,0.0,0.0,0.15521628498727735,0.0,0.0,0.0,17.00763358778626,2.0763358778625953,0.0,0.04834605597964377,0.0,0.0,2.157760814249364,0.5292620865139949,0.0,0.10941475826972011,13.834605597964376
464,694,4,0.674468085106383,0.1202127659574468,0.7425531914893617,4.110638297872341,0.0,0.005319148936170213,0.0,0.0,0.0,0.0,0.0,0.0,0.0,0.1074468085106383,0.0031914893617021275,0.0,0.0010638297872340426,0.0031914893617021275,0.0,16.829787234042552,0.02872340425531915,4.402127659574468,0.0,8.86595744680851,2.3861702127659576,0.1276595744680851,4.717021276595744,0.0,0.0,0.06170212765957447,0.10638297872340426,0.0,0.12872340425531914,18.66808510638298,2.2180851063829787,0.0,0.00425531914893617,0.17446808510638298,0.0,0.5553191489361702,0.5819148936170213,0.0,0.03404255319148936,0.06063829787234042
467,1158,4,0.8006535947712419,0.08169934640522876,0.19934640522875818,4.212418300653595,0.0,0.0,0.0,0.042483660130718956,0.0,0.0,0.0,0.0,0.0,0.12745098039215685,0.0,0.0,0.0,0.0,0.0,8.84640522875817,0.0,2.477124183006536,0.0,7.823529411764706,1.9901960784313726,0.2647058823529412,5.5359477124183005,0.0,0.0,0.013071895424836602,0.0,0.0,0.0,18.53921568627451,2.581699346405229,0.0,1.4019607843137254,0.0,0.0,0.35947712418300654,0.5849673202614379,0.0,0.06209150326797386,0.0
465,1399,15,0.8666666666666667,0.11604938271604938,0.19753086419753085,4.076543209876543,0.0,0.0,0.0,0.0,0.0,0.0,0.0,0.0,0.0,0.0,0.0,0.0,0.0,0.0,0.0,9.313580246913581,0.0,2.474074074074074,0.0,12.590123456790124,3.0765432098765433,0.11851851851851852,3.276543209876543,0.0,0.0,0.0,0.0,0.0,0.0,17.91604938271605,2.8419753086419752,0.0,0.1308641975308642,0.0,0.0,0.854320987654321,0.5654320987654321,0.0,0.05185185185185185,0.0
474,710,12,0.9903381642512077,0.043478260869565216,1.4396135265700483,2.8067632850241546,0.12560386473429952,0.07246376811594203,0.0,0.6280193236714976,0.0,0.0,0.0,0.0,0.0,1.0289855072463767,0.15942028985507245,0.0,0.043478260869565216,0.043478260869565216,0.10144927536231885,2.367149758454106,0.06280193236714976,9.623188405797102,0.0,2.1980676328502415,1.2463768115942029,4.202898550724638,8.96135265700483,0.0,0.0,0.09178743961352658,0.0,0.0,0.10144927536231885,14.140096618357488,1.3043478260869565,0.0,0.024154589371980676,0.08695652173913043,0.0,0.1497584541062802,0.5169082125603864,0.0,0.057971014492753624,1.3043478260869565
463,1190,4,0.8459214501510574,0.05740181268882175,0.1510574018126888,3.9637462235649545,0.03625377643504532,0.09969788519637462,0.0,0.7945619335347432,0.0,0.0,0.0,0.0,0.012084592145015106,0.676737160120846,0.19637462235649547,0.0,0.0,0.0513595166163142,0.0,4.419939577039275,0.0,8.01510574018127,0.0,8.377643504531722,2.3534743202416917,0.31722054380664655,6.24773413897281,0.0,0.0,0.14501510574018128,0.0,0.0,0.0,17.178247734138974,2.280966767371601,0.0,1.054380664652568,0.3293051359516616,0.0,0.4954682779456193,0.540785498489426,0.0,0.0634441087613293,1.1842900302114803
469,1577,6,0.5409836065573771,0.040983606557377046,0.3770491803278688,2.4508196721311477,0.0,0.02459016393442623,0.0,0.02459016393442623,0.0,0.0,0.0,0.0,0.0,0.1885245901639344,0.11475409836065574,0.0,0.11475409836065574,0.0,0.0,7.647540983606557,0.0,2.5,0.0,6.532786885245901,1.098360655737705,0.03278688524590164,6.311475409836065,0.0,0.0,0.0,0.0,0.0,0.0,11.795081967213115,1.3032786885245902,0.0,0.08196721311475409,0.0,0.0,0.7049180327868853,0.5983606557377049,0.0,0.02459016393442623,0.0
470,154,7,1.311663479923518,0.11663479923518165,0.47418738049713194,4.74378585086042,0.0,0.0,0.10516252390057361,0.10707456978967496,0.0,0.0,0.47036328871892924,0.0,0.4684512428298279,1.5831739961759081,0.8776290630975143,0.0,0.0,0.0,0.10707456978967496,8.27151051625239,0.015296367112810707,13.51242829827916,0.0,5.862332695984704,3.453154875717017,0.9120458891013384,8.92734225621415,0.0,0.0,0.08986615678776291,0.0,0.0,0.0,23.74187380497132,2.535372848948375,0.0,0.021032504780114723,0.0019120458891013384,0.0,0.37667304015296366,0.6921606118546845,0.0,0.17590822179732313,3.147227533460803
490,1719,11,0.6314655172413793,0.10344827586206896,0.47413793103448276,4.502155172413793,0.0,0.0,0.0,0.0,0.0,0.0,0.375,0.0,0.0,1.0280172413793103,0.3728448275862069,0.0,0.0,0.0,1.2952586206896552,15.75,0.0,1.7672413793103448,0.0,10.28448275862069,3.5711206896551726,0.04956896551724138,4.625,0.0,0.0,0.14224137931034483,0.0,0.0,0.0,16.407327586206897,2.4116379310344827,0.0,0.28879310344827586,0.0,0.0,0.603448275862069,0.5150862068965517,0.0,0.05603448275862069,0.8836206896551724
467,309,12,0.6581406787998032,0.09050664043285785,0.8214461387112642,4.032464338416133,0.0,0.059517953762911954,0.0,0.1411706837186424,0.0,0.0,0.0,0.0,0.0,0.31382193802262665,0.07329070339399901,0.0,0.05361534677816036,0.024102311854402363,0.0,13.58042302016724,0.07722577471716675,5.386128873585834,0.0,12.623216920806689,3.5410723069355634,1.146089522872602,6.631087063453025,0.0,0.016232169208066895,0.4889326119035908,0.0,0.0,0.4815543531726513,18.124938514510575,1.927693064436793,0.08804722085587802,0.24545007378258732,0.04131824889326119,0.0,0.9183472700442695,0.6571569109690113,0.0,0.05902606984751599,1.9591736350221347
474,387,16,0.5901639344262295,0.07650273224043716,0.4098360655737705,1.9562841530054644,0.0,0.0,0.0,0.8032786885245902,0.0,0.0,0.0,0.0,0.0,0.44808743169398907,0.12568306010928962,0.0,0.5683060109289617,0.8469945355191257,0.0,5.382513661202186,0.0,8.901639344262295,0.0,2.6721311475409837,0.45901639344262296,0.6010928961748634,5.158469945355192,0.0,0.0,0.0,0.0,0.0,0.0,9.819672131147541,0.7377049180327869,0.0,0.0,0.0,0.0,0.8306010928961749,0.4808743169398907,0.0,0.04371584699453552,10.846994535519126
473,929,15,0.6386255924170616,0.07227488151658767,0.2677725118483412,3.5118483412322274,0.0,0.0,0.0,0.045023696682464455,0.0,0.0,0.0,0.0,0.0,0.21682464454976302,0.06635071090047394,0.0,0.0,0.0,0.0,14.170616113744076,0.0,2.559241706161137,0.0,4.645734597156398,2.2014218009478674,0.11611374407582939,3.4360189573459716,0.004739336492890996,0.0,0.0,0.0971563981042654,0.0,0.27014218009478674,14.606635071090047,2.2014218009478674,0.0,0.011848341232227487,0.0,0.0,0.45023696682464454,0.45260663507109006,0.0,0.05568720379146919,0.08412322274881516
467,281,4,0.6054794520547945,0.10547945205479452,0.9219178082191781,4.035616438356165,0.0,0.0,0.0,0.36575342465753424,0.0,0.0,0.0,0.0,0.00821917808219178,0.3493150684931507,0.08082191780821918,0.0,0.0,0.0,0.0,15.493150684931507,0.030136986301369864,2.6397260273972605,0.0,6.038356164383561,2.304109589041096,0.10547945205479452,5.046575342465753,0.0,0.024657534246575342,0.0,0.15753424657534246,0.0,0.0,16.438356164383563,2.3328767123287673,0.0,0.1863013698630137,0.049315068493150684,0.0,0.4931506849315068,0.5657534246575342,0.0,0.045205479452054796,0.0
467,1177,4,0.5824742268041238,0.11855670103092783,0.865979381443299,3.2783505154639174,0.0,0.0,0.0,0.0,0.0,0.0,0.0,0.0,0.0,0.0,0.0,0.0,0.0,0.0,0.0,12.448453608247423,0.0,2.5876288659793816,0.0,7.371134020618556,1.443298969072165,0.39690721649484534,5.530927835051546,0.0,0.0,0.07731958762886598,0.0,0.0,0.0,12.93298969072165,1.4639175257731958,0.0,0.11855670103092783,0.041237113402061855,0.0,0.5051546391752577,0.5051546391752577,0.0,0.020618556701030927,0.0
483,1231,12,0.8,0.0967741935483871,0.16129032258064516,4.619354838709677,0.0,0.0,0.0,0.0,0.0,0.0,0.0,0.0,0.0,0.025806451612903226,0.0,0.0,0.0,0.0,0.0,14.2,0.0,2.6258064516129034,0.0,17.232258064516127,4.27741935483871,0.0,2.393548387096774,0.0,0.0,0.0,0.0,0.0,0.0,20.07741935483871,3.032258064516129,0.0,0.012903225806451613,0.0,0.0,1.032258064516129,0.7225806451612903,0.0,0.05806451612903226,0.0
468,1297,12,1.0323404255319149,0.17702127659574468,0.9991489361702127,4.355744680851064,0.0,0.26382978723404255,0.0,1.3191489361702127,0.0,0.0,0.0,0.0,0.030638297872340424,1.4314893617021276,0.4553191489361702,0.0,0.005957446808510639,0.10638297872340426,0.0,17.674893617021276,0.10297872340425532,21.58808510638298,0.0,6.438297872340425,3.6051063829787235,0.2297872340425532,8.277446808510637,0.0,0.14127659574468085,0.3072340425531915,0.0,0.0,0.0,17.193191489361702,1.97531914893617,0.0,0.45617021276595743,0.08,0.0,0.6306382978723404,0.7438297872340426,0.1676595744680851,0.2731914893617021,6.828936170212766
469,1417,12,0.7547169811320755,0.050314465408805034,0.4968553459119497,3.7358490566037736,0.0,0.3584905660377358,0.0,2.169811320754717,0.0,0.0,0.006289308176100629,0.0,0.0,1.3081761006289307,0.5031446540880503,0.0,0.0,0.09433962264150944,0.0,3.0,0.05660377358490566,11.89308176100629,0.0,1.779874213836478,2.1320754716981134,0.6666666666666666,6.213836477987422,0.0,0.0,0.10062893081761007,0.0,0.0,0.0,17.59748427672956,2.339622641509434,0.0,0.018867924528301886,0.11949685534591195,0.0,0.0,0.6666666666666666,0.0,0.1069182389937107,8.823899371069182
470,1552,4,0.7913669064748201,0.10311750599520383,1.4124700239808154,4.232613908872902,0.31894484412470026,0.10311750599520383,0.0,0.38848920863309355,0.0,0.0,0.0,0.0,0.0,1.064748201438849,0.11990407673860912,0.0,0.11750599520383694,0.18705035971223022,0.1223021582733813,11.498800959232614,0.026378896882494004,8.004796163069544,0.0,5.853717026378897,2.5323741007194243,6.971223021582734,9.477218225419664,0.0,0.0,0.2949640287769784,0.0,0.0,0.07194244604316546,19.016786570743406,2.316546762589928,0.0,0.17266187050359713,0.06954436450839328,0.0,0.44364508393285373,0.5947242206235012,0.0,0.08872901678657075,3.79136690647482
473,43,7,1.776271186440678,0.08135593220338982,0.4915254237288136,4.850847457627118,0.0,0.0,0.0,0.05084745762711865,0.0,0.0,0.006779661016949152,0.0,0.0,0.376271186440678,0.18305084745762712,0.0,0.0,0.0,0.020338983050847456,6.237288135593221,0.03389830508474576,21.030508474576273,0.0,15.657627118644069,1.7254237288135594,0.847457627118644,8.2,0.0,0.0,0.0,0.0,0.0,0.04745762711864407,25.8,2.6576271186440676,0.0,0.5152542372881356,0.0,0.0,0.911864406779661,0.6372881355932203,0.0,0.3728813559322034,0.0
477,1527,11,0.6883852691218131,0.0764872521246459,1.0084985835694051,3.1246458923512748,0.0,0.0,0.0,0.0,0.0,0.0,0.12464589235127478,0.0,0.0,0.49575070821529743,0.2237960339943343,0.0,0.0,0.0,0.6487252124645893,8.869688385269122,0.0,1.9660056657223797,0.0,6.240793201133145,1.725212464589235,0.34560906515580736,6.558073654390935,0.0,0.0,0.0,0.0,0.0,0.0,12.71671388101983,1.7988668555240792,0.0,0.05099150141643059,0.0056657223796034,0.14730878186968838,0.5269121813031161,0.45609065155807366,0.0,0.042492917847025496,0.0
468,1680,7,0.6708333333333333,0.12777777777777777,0.2833333333333333,4.651388888888889,0.0,0.06527777777777778,0.044444444444444446,0.08611111111111111,0.0,0.0,0.11944444444444445,0.0,0.20833333333333334,1.1402777777777777,0.3,0.0,0.0,0.0,0.0625,15.552777777777777,0.011111111111111112,12.32638888888889,0.0,4.766666666666667,3.725,0.5805555555555556,5.341666666666667,0.4722222222222222,0.0,0.10555555555555556,0.0,0.0125,0.45,21.069444444444443,2.3180555555555555,0.0,0.1125,0.17777777777777778,0.0,0.4625,0.6458333333333334,0.0,0.06111111111111111,0.48055555555555557
475,193,4,0.5303030303030303,0.06818181818181818,0.7045454545454546,2.9696969696969697,0.0,0.0,0.0,0.0,0.05303030303030303,0.0,0.5833333333333334,0.0,0.0,2.234848484848485,1.0,0.0,0.0,0.0,1.9545454545454546,8.765151515151516,0.08333333333333333,7.340909090909091,0.0,3.227272727272727,1.378787878787879,1.0151515151515151,7.704545454545454,0.0,0.0,0.3333333333333333,0.0,0.0,0.0,14.545454545454545,1.2651515151515151,0.0,0.045454545454545456,0.18181818181818182,0.5227272727272727,0.15151515151515152,0.5303030303030303,0.0,0.09848484848484848,15.5
484,1361,4,0.6016371077762619,0.0791268758526603,0.5879945429740792,3.9195088676671213,0.0,0.0,0.0,0.0,0.0,0.0,0.0,0.0,0.0,0.0,0.0,0.0,0.0,0.0,0.0,15.375170532060027,0.0,2.050477489768076,0.0,9.8731241473397,1.5757162346521145,0.027285129604365622,3.2933151432469305,0.0,0.0,0.11323328785811733,0.33560709413369716,0.0,0.0,15.021828103683493,2.2496589358799453,0.0,0.3069577080491132,0.010914051841746248,0.0,0.6984993178717599,0.48021828103683495,0.0,0.034106412005457026,0.0
469,1889,4,0.6632653061224489,0.07936507936507936,0.7573696145124716,3.9580498866213154,0.003401360544217687,0.0,0.0,0.0,0.0,0.0,0.0,0.0,0.0,0.061224489795918366,0.005668934240362812,0.0,0.0,0.0011337868480725624,0.0,13.2437641723356,0.02834467120181406,3.354875283446712,0.0,10.5,2.2290249433106575,0.24829931972789115,3.9852607709750565,0.0,0.0,0.1349206349206349,0.0873015873015873,0.0,0.026077097505668934,17.67233560090703,2.2845804988662133,0.0,0.0,0.13945578231292516,0.0,0.7471655328798186,0.6235827664399093,0.12471655328798185,0.046485260770975055,0.4954648526077097
477,415,11,0.6994818652849741,0.11398963730569948,0.7046632124352331,4.507772020725389,0.0,0.0,0.0,0.0,0.0,0.0,0.0,0.0,0.0,0.27979274611398963,0.0,0.0,0.0,0.010362694300518135,0.0,15.077720207253886,0.08808290155440414,5.098445595854923,0.0,13.683937823834198,2.7823834196891193,1.3523316062176165,5.16580310880829,0.0,0.0,0.6217616580310881,0.0,0.0,0.0,21.17098445595855,2.1658031088082903,0.0,0.0,0.0,0.0,1.0518134715025906,0.6269430051813472,0.0,0.046632124352331605,0.6528497409326425
480,659,4,0.8720682302771855,0.08742004264392324,0.3390191897654584,4.953091684434968,0.0,0.0,0.0,0.3752665245202559,0.0,0.0,0.14498933901918976,0.0,0.0,0.8272921108742004,0.21748400852878466,0.0,0.0,0.0,0.31982942430703626,13.159914712153519,0.0,2.3837953091684434,0.0,10.108742004264393,5.038379530916845,0.24946695095948826,4.02771855010661,0.14925373134328357,0.0,0.05543710021321962,0.0,0.0,1.2004264392324093,19.35820895522388,3.053304904051173,0.0,0.2302771855010661,0.019189765458422176,0.0,0.7100213219616205,0.5223880597014925,0.0,0.11513859275053305,2.260127931769723
476,774,6,0.6824146981627297,0.07742782152230972,0.47506561679790027,3.7335958005249346,0.0,0.0,0.0,0.0,0.0,0.0,0.0,0.0,0.0,0.0,0.0,0.0,0.0,0.0,0.06036745406824147,11.261154855643044,0.011811023622047244,2.4973753280839897,0.0,10.952755905511811,2.989501312335958,0.2572178477690289,4.956692913385827,0.0,0.0,0.0,0.17454068241469817,0.0,0.0,14.568241469816273,2.1601049868766404,0.0,0.047244094488188976,0.011811023622047244,0.0,0.7191601049868767,0.5183727034120735,0.0,0.03937007874015748,0.0
479,1382,4,3.4566787003610107,0.10469314079422383,0.0740072202166065,5.296028880866426,0.005415162454873646,0.1371841155234657,0.0,0.9494584837545126,0.0,0.032490974729241874,0.34657039711191334,0.005415162454873646,0.351985559566787,2.296028880866426,0.9115523465703971,0.0,0.0,0.05956678700361011,0.0,9.566787003610107,0.0,11.436823104693142,0.0,5.987364620938628,3.4151624548736463,0.315884476534296,7.4675090252707585,0.032490974729241874,0.0,0.048736462093862815,0.0,0.0,0.0,20.532490974729242,3.2635379061371843,0.0,0.0,0.18231046931407943,0.0,0.5523465703971119,0.6462093862815884,0.0,0.6859205776173285,7.131768953068592
480,1454,12,0.6504504504504505,0.09009009009009009,0.7891891891891892,3.4486486486486485,0.0,0.014414414414414415,0.0,0.04864864864864865,0.0,0.0,0.1045045045045045,0.0,0.0,0.3009009009009009,0.1783783783783784,0.0,0.0,0.0,0.0,11.437837837837838,0.007207207207207207,4.727927927927928,0.0,8.396396396396396,1.8612612612612613,0.3387387387387387,4.064864864864865,0.0,0.0,0.1063063063063063,0.005405405405405406,0.0,0.0,15.736936936936937,2.0234234234234236,0.0,0.07927927927927927,0.16396396396396395,0.07927927927927927,0.6378378378378379,0.6522522522522523,0.0,0.036036036036036036,0.0
484,1502,15,0.9690346083788707,0.08561020036429873,0.40255009107468126,2.925318761384335,0.0,0.12932604735883424,0.0,0.7923497267759563,0.0,0.0,0.030965391621129327,0.0,0.08014571948998178,1.0,0.3879781420765027,0.0,0.4899817850637523,0.4918032786885246,0.03460837887067395,14.967213114754099,0.09836065573770492,18.041894353369763,0.0,6.551912568306011,1.0163934426229508,1.1420765027322404,8.096539162112933,0.0,0.0,0.08378870673952642,0.0,0.0,0.0,14.4408014571949,1.0091074681238617,0.0,0.19854280510018216,0.3588342440801457,0.0,0.5154826958105647,0.6830601092896175,0.0,0.08378870673952642,3.8105646630236794
476,1102,4,1.186241610738255,0.07550335570469799,0.6895973154362416,2.837248322147651,0.0,0.03859060402684564,0.06040268456375839,0.41778523489932884,0.0,0.0,0.0,0.0,0.0,0.4228187919463087,0.11073825503355705,0.0,0.040268456375838924,0.0,0.015100671140939598,5.231543624161074,0.015100671140939598,15.738255033557047,0.0,4.823825503355705,1.308724832214765,0.4211409395973154,4.882550335570469,0.0,0.0,0.0,0.09228187919463088,0.0,0.0,14.575503355704697,1.261744966442953,0.0,1.0134228187919463,0.04194630872483222,0.0,0.19463087248322147,0.6610738255033557,0.0,0.17953020134228187,0.09731543624161074
474,1869,4,0.6666666666666666,0.08812260536398467,0.8045977011494253,4.233716475095785,0.0,0.03065134099616858,0.0,0.1417624521072797,0.0,0.0,0.0,0.0,0.0038314176245210726,0.4444444444444444,0.08045977011494253,0.0,0.06513409961685823,0.09195402298850575,0.0,14.770114942528735,0.03065134099616858,5.957854406130268,0.0,13.24904214559387,3.160919540229885,0.26053639846743293,3.157088122605364,0.0,0.0,0.3831417624521073,0.0,0.0,0.0,17.628352490421456,2.467432950191571,0.0,0.7471264367816092,0.007662835249042145,0.0,1.0268199233716475,0.5517241379310345,0.0,0.05747126436781609,2.045977011494253
494,280,4,0.72,0.1175,0.1,4.7475,0.0,0.0,0.0,0.0,0.0,0.0,0.0,0.0,0.0,0.0,0.0,0.0,0.0,0.0,0.0,16.05,0.0,4.2575,0.0,13.4625,2.5825,0.57,3.4775,0.0,0.0075,0.1175,0.0,0.0,0.0,21.34,2.8125,0.0,0.0,0.0025,0.0,0.99,0.5675,0.0,0.035,0.0
480,510,4,0.6592592592592592,0.09814814814814815,0.6296296296296297,3.446296296296296,0.0,0.0,0.0,0.020370370370370372,0.0,0.0,0.008333333333333333,0.0,0.0,0.040740740740740744,0.025,0.0,0.0,0.0,0.04351851851851852,12.156481481481482,0.0,1.999074074074074,0.0,11.787037037037036,2.5324074074074074,0.2361111111111111,4.216666666666667,0.0,0.0,0.28703703703703703,0.3212962962962963,0.0,0.0,13.45648148148148,1.8981481481481481,0.0,0.1962962962962963,0.040740740740740744,0.0,0.8064814814814815,0.49166666666666664,0.0,0.032407407407407406,0.0
481,840,4,0.6375321336760925,0.05398457583547558,0.5732647814910026,2.609254498714653,0.0,0.0,0.0,0.017994858611825194,0.0,0.0,0.0,0.0,0.0,0.02570694087403599,0.0,0.0,0.0,0.0,0.0,3.4832904884318765,0.02313624678663239,2.632390745501285,0.0,1.904884318766067,1.056555269922879,0.4704370179948586,5.799485861182519,0.0,0.0,0.08740359897172237,0.0,0.0,0.0,12.768637532133676,1.3856041131105399,0.0,0.03598971722365039,0.2699228791773779,0.0,0.010282776349614395,0.5732647814910026,0.0,0.06426735218508997,0.0
484,1819,4,1.1122222222222222,0.09666666666666666,0.8477777777777777,3.9966666666666666,0.0,0.0,0.0,0.1988888888888889,0.0,0.0,0.0,0.0,0.0011111111111111111,0.38222222222222224,0.2388888888888889,0.0,0.0,0.012222222222222223,0.0,10.70888888888889,0.0,3.1166666666666667,0.0,10.182222222222222,2.801111111111111,0.1511111111111111,9.448888888888888,0.0,0.1922222222222222,0.9033333333333333,0.0,0.0,0.0,16.15888888888889,2.34,0.0,0.0,0.03666666666666667,0.0,0.7044444444444444,0.63,0.0,0.06444444444444444,1.0611111111111111
486,1969,4,0.687012987012987,0.11038961038961038,0.7987012987012987,4.705194805194806,0.0,0.16233766233766234,0.0,0.12467532467532468,0.0,0.0,0.0025974025974025974,0.0,0.0,0.3025974025974026,0.16363636363636364,0.0,0.04935064935064935,0.04415584415584416,0.0,13.422077922077921,0.046753246753246755,5.05974025974026,0.0025974025974025974,14.067532467532468,2.951948051948052,1.2662337662337662,7.887012987012987,0.0,0.0,0.2558441558441558,0.0,0.0,0.0,21.936363636363637,2.4220779220779223,0.0,0.08701298701298701,0.08571428571428572,0.0,0.9,0.6220779220779221,0.0,0.05584415584415584,0.6922077922077922
481,522,4,0.6896969696969697,0.08848484848484849,0.9345454545454546,3.5939393939393938,0.0,0.08,0.0,0.0048484848484848485,0.0,0.0,0.0,0.0,0.0,0.01696969696969697,0.0,0.0,0.0,0.01696969696969697,0.0,8.753939393939394,0.02666666666666667,3.0206060606060605,0.0,7.429090909090909,1.9563636363636363,0.8727272727272727,9.284848484848485,0.0,0.0,0.16,0.0,0.0,0.0,19.416969696969698,2.0290909090909093,0.0,0.06666666666666667,0.16606060606060605,0.0,0.4315151515151515,0.6460606060606061,0.0,0.03515151515151515,0.17696969696969697
480,749,6,0.7133333333333334,0.06,0.7133333333333334,2.6333333333333333,0.0,0.0,0.0,0.21333333333333335,0.0,0.0,0.0,0.0,0.0,0.09333333333333334,0.0,0.0,0.0,0.0,0.0,3.78,0.0,2.84,0.0,2.0,1.2533333333333334,0.38666666666666666,6.613333333333333,0.0,0.0,0.0,0.0,0.0,0.0,12.093333333333334,1.46,0.0,0.10666666666666667,0.03333333333333333,0.0,0.1,0.5066666666666667,0.0,0.04666666666666667,0.0
481,1146,4,0.9257142857142857,0.12,0.07428571428571429,4.768571428571429,0.0,0.15428571428571428,0.0,0.5514285714285714,0.0,0.0,0.05714285714285714,0.0,0.2742857142857143,1.6028571428571428,0.3057142857142857,0.0,0.0,0.07142857142857142,0.06,20.674285714285713,0.0,8.425714285714285,0.0,18.325714285714287,5.922857142857143,0.44,4.785714285714286,0.0,0.0,0.011428571428571429,0.0,0.0,0.0,17.674285714285713,2.611428571428571,0.0,0.16857142857142857,0.13142857142857142,0.0,1.2085714285714286,0.4742857142857143,0.0,0.11428571428571428,0.07142857142857142
478,1187,7,0.6570605187319885,0.09798270893371758,0.28530259365994237,4.216138328530259,0.0,0.0,0.0,0.0,0.0,0.0,0.0,0.0,0.0,0.0,0.0,0.0,0.0,0.0,0.0,13.219020172910662,0.0,2.8126801152737753,0.0,19.54178674351585,4.579250720461095,0.11815561959654179,2.3861671469740635,0.0,0.1844380403458213,0.011527377521613832,0.0,0.0,0.0,18.35734870317003,2.9048991354466858,0.0,0.21613832853025935,0.0,0.0,1.3112391930835734,0.5936599423631124,0.0,0.069164265129683,0.0
481,1284,15,1.2692307692307692,0.07692307692307693,0.6282051282051282,3.2371794871794872,0.0,0.0,0.0,0.0,0.0,0.0,0.21153846153846154,0.0,0.0,1.108974358974359,0.3333333333333333,0.0,0.0,0.0,0.6346153846153846,7.217948717948718,0.08974358974358974,2.5833333333333335,0.0,6.910256410256411,1.9487179487179487,0.21794871794871795,9.634615384615385,0.0,0.0,0.0,0.0,0.0,0.0,15.557692307692308,2.0064102564102564,0.0,0.5064102564102564,0.0,0.23717948717948717,0.5,0.5833333333333334,0.0,0.19230769230769232,0.0
482,806,12,0.6137440758293838,0.08056872037914692,0.7748815165876777,4.530805687203792,0.0,0.15165876777251186,0.0,0.5592417061611374,0.0,0.0,0.3744075829383886,0.0,0.0,1.4360189573459716,0.22985781990521326,0.0,0.0,0.0,0.16587677725118483,8.369668246445498,0.05924170616113744,11.708530805687204,0.0,5.0663507109004735,3.0355450236966823,0.7938388625592417,7.748815165876778,0.0,0.0,0.04739336492890995,0.0,0.0,0.0,21.033175355450236,2.7109004739336493,0.0,0.14454976303317535,0.030805687203791468,0.0,0.4028436018957346,0.6445497630331753,0.0,0.07109004739336493,0.12085308056872038
480,365,4,1.664886515353805,0.09212283044058744,0.0534045393858478,3.691588785046729,0.0,0.022696929238985315,0.0,1.2523364485981308,0.0,0.0026702269692923898,0.014686248331108143,0.01335113484646195,0.09879839786381843,0.9893190921228304,0.3417890520694259,0.0,0.0,0.6608811748998665,0.05740987983978638,10.801068090787718,0.0,13.134846461949266,0.0,14.684913217623498,3.779706275033378,0.12817089452603472,4.401869158878505,0.07209612817089453,0.0,0.12817089452603472,0.0,0.0,0.0,15.158878504672897,1.9959946595460614,0.0,0.0,0.11481975967957277,0.0013351134846461949,1.3885180240320427,0.5567423230974633,0.32710280373831774,0.40720961281708945,14.87716955941255
494,1669,4,0.5254901960784314,0.09803921568627451,0.4235294117647059,3.180392156862745,0.0,0.0,0.0,0.023529411764705882,0.0,0.0,0.0,0.0,0.00784313725490196,0.24313725490196078,0.14901960784313725,0.0,0.0,0.0,0.0,12.803921568627452,0.0,2.6980392156862747,0.0,7.101960784313725,1.1647058823529413,0.23137254901960785,4.407843137254902,0.0,0.0,0.0,0.0,0.0,0.0,13.996078431372549,1.8431372549019607,0.0,0.09411764705882353,0.03137254901960784,0.0,0.5098039215686274,0.5137254901960784,0.0,0.023529411764705882,0.0
489,79,4,0.5984682713347921,0.0787746170678337,0.8599562363238512,3.149890590809628,0.0,0.13347921225382933,0.0,0.060175054704595186,0.4201312910284464,0.0,0.0,0.0,0.0,0.49015317286652077,0.2363238512035011,0.0,0.0,0.024070021881838075,0.02188183807439825,9.956236323851204,0.05470459518599562,12.36870897155361,0.0,8.564551422319475,1.6083150984682713,0.9748358862144421,9.349015317286652,0.0,0.0,0.22647702407002188,0.0,0.0,0.0,15.350109409190372,1.4048140043763677,0.0,0.06783369803063458,0.3796498905908096,0.0032822757111597373,0.5951859956236324,0.6586433260393874,0.0,0.07221006564551423,0.611597374179431
484,685,4,0.6376811594202898,0.0748792270531401,0.5495169082125604,2.8055555555555554,0.0,0.0,0.0,0.0,0.0,0.0,0.0,0.0,0.0,0.0,0.0,0.0,0.0,0.0,0.0,13.357487922705314,0.0,2.0495169082125604,0.0,6.591787439613527,1.5905797101449275,0.2463768115942029,5.049516908212561,0.0,0.0,0.08695652173913043,0.08816425120772947,0.0,0.0,11.665458937198068,1.5579710144927537,0.0,0.051932367149758456,0.07971014492753623,0.0,0.428743961352657,0.4396135265700483,0.0,0.018115942028985508,0.0
483,731,6,0.7311475409836066,0.11147540983606558,0.02622950819672131,4.518032786885246,0.0,0.0,0.0,0.0,0.0,0.0,0.0,0.0,0.0,0.0,0.0,0.0,0.0,0.0,0.04262295081967213,13.783606557377048,0.0,1.1114754098360655,0.0,9.577049180327869,2.6098360655737705,0.09508196721311475,3.940983606557377,0.0,0.0,0.0,0.0,0.0,0.0,17.25245901639344,2.501639344262295,0.0,1.0918032786885246,0.0,0.0,0.49508196721311476,0.4557377049180328,0.0,0.022950819672131147,0.0
486,1903,4,0.8431952662721893,0.09171597633136094,0.34615384615384615,3.7928994082840237,0.05621301775147929,0.25443786982248523,0.0,0.8224852071005917,0.0,0.0,0.28402366863905326,0.0,0.1863905325443787,2.07396449704142,1.1923076923076923,0.0,0.0,0.0650887573964497,0.17455621301775148,13.210059171597633,0.0,8.940828402366863,0.0,8.63905325443787,4.650887573964497,0.34023668639053256,6.6301775147929,0.0,0.0,0.16272189349112426,0.0,0.0,0.0,14.328402366863905,2.0088757396449703,0.0,0.09171597633136094,0.14201183431952663,0.0,0.6449704142011834,0.48520710059171596,0.0,0.08875739644970414,2.0710059171597632
497,338,12,0.7184684684684685,0.13288288288288289,1.2545045045045045,5.448198198198198,0.0,0.0,0.0,0.13963963963963963,0.0,0.0,0.0,0.0,0.0,0.9481981981981982,0.0,0.0,0.2072072072072072,0.12387387387387387,0.13288288288288289,17.79054054054054,0.07882882882882883,5.18018018018018,0.0,5.574324324324325,3.686936936936937,1.8265765765765767,8.63063063063063,0.0,0.0,0.4391891891891892,0.0,0.0,0.0,24.28828828828829,2.6576576576576576,0.0,0.5563063063063063,0.08783783783783784,0.0,0.509009009009009,0.6509009009009009,0.0,0.06981981981981981,2.6126126126126126
492,702,4,0.5767112509834775,0.07553107789142408,0.4012588512981904,2.77970102281668,0.0,0.0055074744295830055,0.0,0.2863886703383163,0.0,0.0,0.0007867820613690008,0.0,0.003147128245476003,0.23367427222659323,0.04799370574350905,0.0,0.0,0.05664830841856806,0.00865460267505901,9.369000786782061,0.0,2.7907159716758456,0.0,5.112509834775767,1.4468922108575923,0.0983477576711251,3.658536585365854,0.0,0.0,0.00865460267505901,0.0,0.0,0.0,12.054287962234461,1.4940991345397325,0.0,0.024390243902439025,0.042486231313926044,0.0,0.4783634933123525,0.5247836349331235,0.0,0.02989771833202203,1.2132179386309991
484,1175,4,0.9243027888446215,0.06374501992031872,0.33665338645418325,4.894422310756972,0.0,0.0,0.0,0.05179282868525897,0.0,0.0,0.0,0.0,0.0,0.10159362549800798,0.00796812749003984,0.0,0.0,0.0,0.03187250996015936,14.4601593625498,0.017928286852589643,2.50796812749004,0.0,11.5199203187251,3.1633466135458166,0.1952191235059761,4.705179282868526,0.0,0.0,0.2788844621513944,0.0,0.0,0.0,19.40239043824701,2.7071713147410357,0.0,1.2430278884462151,0.01593625498007968,0.0,0.6175298804780877,0.4940239043824701,0.0,0.045816733067729085,0.0
485,1562,4,0.8326996197718631,0.155893536121673,0.5855513307984791,6.665399239543726,0.0,0.0,0.0,0.0,0.0,0.0,0.015209125475285171,0.0,0.0,0.06844106463878327,0.0076045627376425855,0.0,0.0,0.0,0.07224334600760456,19.817490494296578,0.011406844106463879,2.182509505703422,0.0,25.159695817490494,5.258555133079848,0.057034220532319393,4.745247148288973,0.0,0.0,0.0,0.0,0.0,0.0,26.399239543726235,4.4638783269961975,0.0,0.5627376425855514,0.0,0.0038022813688212928,1.403041825095057,0.6425855513307985,0.0,0.057034220532319393,0.0
496,1995,4,1.3503401360544218,0.07142857142857142,0.3945578231292517,4.503401360544218,0.0,0.0,0.030612244897959183,0.0,0.0,0.0,0.006802721088435374,0.0,0.0,0.3435374149659864,0.05782312925170068,0.0,0.0,0.0,0.0,6.418367346938775,0.0,14.302721088435375,0.0,14.82312925170068,1.6972789115646258,0.5612244897959183,6.465986394557823,0.0,0.006802721088435374,0.0,0.0,0.0,0.0,22.897959183673468,2.4829931972789114,0.0,0.45918367346938777,0.0,0.0,0.9285714285714286,0.6700680272108843,0.3741496598639456,0.14625850340136054,0.0
483,139,4,0.8400752587017873,0.11194731890874883,0.6331138287864534,4.431796801505174,0.0,0.0009407337723424271,0.0,0.021636876763875823,0.0,0.0,0.0,0.0,0.0,0.14863593603010347,0.0,0.0,0.0,0.0,0.0,12.852304797742239,0.011288805268109126,3.482596425211665,0.0,12.040451552210724,3.2351834430856066,0.522107243650047,5.920037629350894,0.0,0.0,0.1006585136406397,0.005644402634054563,0.0,0.0,21.92662276575729,2.254938852304798,0.17685794920037629,0.1006585136406397,0.05456255879586077,0.0,0.8438381937911571,0.6547507055503292,0.0,0.05079962370649106,0.605832549388523
489,900,4,0.6225490196078431,0.05392156862745098,0.47058823529411764,2.549019607843137,0.0,0.0,0.0,0.0,0.0,0.0,0.03431372549019608,0.0,0.0,0.10784313725490197,0.0,0.0,0.0,0.18627450980392157,0.004901960784313725,5.544117647058823,0.0,1.8676470588235294,0.0,2.8529411764705883,0.9411764705882353,0.0,3.661764705882353,0.0,0.0,0.28921568627450983,0.0,0.0,0.0,12.367647058823529,1.75,0.0,0.4264705882352941,0.0,0.0,0.16176470588235295,0.5245098039215687,0.0,0.029411764705882353,0.27450980392156865
488,1404,12,0.7716666666666666,0.08166666666666667,1.7183333333333333,3.1166666666666667,0.0,0.0,0.0,0.04833333333333333,0.0,0.0,0.0016666666666666668,0.0,0.0,0.08833333333333333,0.03,0.0,0.0,0.0,0.0,9.556666666666667,0.0,1.9783333333333333,0.0,4.885,1.2416666666666667,0.22666666666666666,6.935,0.0,0.0,0.056666666666666664,0.0,0.0,0.0,13.51,1.66,0.0,0.19333333333333333,0.07666666666666666,0.0,0.25833333333333336,0.4816666666666667,0.0,0.035,0.0
487,1760,4,0.6481835564053537,0.0497131931166348,0.4588910133843212,3.6596558317399617,0.06692160611854685,0.2676864244741874,0.0,1.9560229445506692,0.0,0.0,0.0,0.0,0.0,1.378585086042065,0.5411089866156787,0.0,0.734225621414914,0.9082217973231358,0.036328871892925434,4.659655831739962,0.0019120458891013384,14.365200764818356,0.0,2.625239005736138,1.8451242829827916,0.6806883365200764,4.906309751434034,0.0,0.0,0.13766730401529637,0.0,0.0,0.6615678776290631,17.44168260038241,1.892925430210325,0.0,0.11854684512428298,0.26577437858508607,0.0,0.30019120458891013,0.6443594646271511,0.0,0.06692160611854685,2.546845124282983
485,1885,4,0.6693811074918566,0.08306188925081433,0.3257328990228013,5.501628664495114,0.0,0.0,0.0,0.0,0.0,0.0,0.0,0.0,0.0,0.0,0.0,0.0,0.0,0.0,0.0,16.128664495114005,0.017915309446254073,3.8778501628664497,0.0,15.04071661237785,3.8517915309446256,0.8175895765472313,5.8257328990228014,0.0,0.02280130293159609,0.6302931596091205,0.0,0.0,0.0,22.822475570032573,2.6612377850162865,0.0,0.4153094462540717,0.016286644951140065,0.0,0.9185667752442996,0.6416938110749185,0.0,0.035830618892508145,0.0
494,39,4,0.7098445595854922,0.12435233160621761,0.47150259067357514,5.813471502590674,0.0,0.0,0.0,0.0,0.0,0.0,0.0,0.0,0.0,0.09844559585492228,0.03626943005181347,0.0,0.0,0.0,0.0,18.077720207253886,0.07253886010362694,4.8860103626943,0.0,20.424870466321245,3.860103626943005,1.3005181347150259,7.108808290155441,0.0,0.03626943005181347,0.5699481865284974,0.0051813471502590676,0.0,0.0,26.036269430051814,3.0155440414507773,0.0,0.3005181347150259,0.35751295336787564,0.0,1.4455958549222798,0.7668393782383419,0.0,0.05181347150259067,0.0
493,172,4,0.7080645161290322,0.05967741935483871,0.9935483870967742,2.1258064516129034,0.0,0.0,0.0,0.0,0.0,0.0,0.0032258064516129032,0.0,0.0,0.08225806451612903,0.0532258064516129,0.0,0.0,0.0,0.07580645161290323,9.682258064516128,0.0,1.8596774193548387,0.0,5.711290322580645,0.9370967741935484,0.49193548387096775,6.864516129032258,0.0,0.0,0.0,0.0,0.0,0.0,9.908064516129032,1.117741935483871,0.0,0.056451612903225805,0.1,0.0016129032258064516,0.3629032258064516,0.4596774193548387,0.0,0.041935483870967745,0.0
487,1088,12,0.6818181818181818,0.08279220779220779,0.5795454545454546,3.3279220779220777,0.0,0.0,0.0,0.0,0.0,0.0,0.0016233766233766235,0.0,0.0,0.02922077922077922,0.0,0.0,0.0,0.0,0.00487012987012987,6.012987012987013,0.0,2.0876623376623376,0.0,7.628246753246753,1.7272727272727273,0.09090909090909091,3.0551948051948052,0.0,0.0,0.0016233766233766235,0.0,0.0,0.0,15.282467532467532,2.2483766233766236,0.0,0.15746753246753248,0.01948051948051948,0.0,0.3912337662337662,0.4935064935064935,0.0,0.022727272727272728,0.0
493,244,4,0.772256728778468,0.06418219461697723,0.20496894409937888,4.165631469979296,0.0,0.06418219461697723,0.0,0.2443064182194617,0.0,0.0,0.0,0.0,0.006211180124223602,0.6128364389233955,0.2587991718426501,0.0,0.3188405797101449,0.3581780538302277,0.0,11.629399585921325,0.014492753623188406,6.778467908902692,0.0,11.31055900621118,3.0351966873706004,0.39544513457556935,3.10351966873706,0.0,0.0,0.07453416149068323,0.0,0.0,0.0,17.93167701863354,2.5217391304347827,0.0,0.07039337474120083,0.0,0.0,1.308488612836439,0.6004140786749482,0.0,0.07039337474120083,4.434782608695652
494,262,7,0.5458937198067633,0.08856682769726248,0.7809983896940419,2.610305958132045,0.0,0.0,0.0,0.0,0.0,0.0,0.07246376811594203,0.0,0.0,0.19001610305958133,0.0,0.0,0.0,0.0,0.2962962962962963,12.272141706924316,0.0,2.104669887278583,0.0,3.640901771336554,0.8003220611916264,0.033816425120772944,3.3735909822866343,0.0,0.0,0.0,0.0,0.0,0.0,11.317230273752013,1.2946859903381642,0.0,0.0853462157809984,0.11755233494363929,0.0,0.2028985507246377,0.533011272141707,0.0,0.06280193236714976,0.0
489,464,4,0.6420581655480985,0.10067114093959731,1.0827740492170022,4.299776286353468,0.0,0.0,0.0,0.0,0.0,0.0,0.36017897091722595,0.0,0.0,0.5055928411633109,0.0,0.0,0.0,0.0,0.9821029082774049,9.706935123042506,0.0,1.9955257270693512,0.0,12.002237136465324,4.118568232662192,0.3131991051454139,5.149888143176733,0.0,0.0,0.1297539149888143,0.0,0.0,0.0,17.89709172259508,3.0067114093959733,0.0,0.2505592841163311,0.1767337807606264,0.0,0.8031319910514542,0.48322147651006714,0.0,0.07158836689038031,0.0
494,489,4,0.6177105831533477,0.08207343412526998,1.4751619870410366,2.637149028077754,0.0,0.0,0.0,0.0,0.0,0.0,0.0,0.0,0.0,0.0021598272138228943,0.0,0.0,0.0,0.0,0.0,10.939524838012959,0.0064794816414686825,2.412526997840173,0.0,5.1879049676025915,1.1684665226781858,0.44924406047516197,5.83585313174946,0.0,0.0,0.0,0.12742980561555076,0.0,0.0,11.311015118790497,1.3282937365010798,0.0,0.06047516198704104,0.0,0.0,0.2937365010799136,0.48596112311015116,0.0,0.03455723542116631,0.0
485,533,12,0.9571005917159763,0.07840236686390532,1.2011834319526626,3.2633136094674557,0.0,0.0,0.0,0.0014792899408284023,0.0,0.0,0.0,0.0,0.0,0.016272189349112426,0.0,0.0,0.0,0.0,0.0,13.319526627218934,0.03994082840236687,2.6597633136094676,0.0,6.621301775147929,1.4866863905325445,0.36538461538461536,5.686390532544379,0.0,0.0,0.0014792899408284023,0.20710059171597633,0.0,0.0,12.217455621301776,1.6227810650887573,0.0,0.14201183431952663,0.10355029585798817,0.0,0.4378698224852071,0.5133136094674556,0.0,0.23816568047337278,0.0
486,959,4,1.1949685534591195,0.06918238993710692,0.710691823899371,3.006289308176101,0.0,0.0,0.0,2.591194968553459,0.0,0.0,0.0,0.0,0.025157232704402517,1.320754716981132,0.7044025157232704,0.0,0.0,0.2893081761006289,0.0,2.792452830188679,0.0,7.937106918238993,0.0,2.6666666666666665,1.5911949685534592,0.5786163522012578,8.71069182389937,0.0,0.0,0.0,0.0,0.0,0.0,13.018867924528301,1.3773584905660377,0.0,0.16981132075471697,0.25157232704402516,0.0,0.3081761006289308,0.5471698113207547,0.0,0.10062893081761007,0.0
488,1128,4,0.3779527559055118,0.03937007874015748,2.1968503937007875,2.1811023622047245,0.0,0.0,0.0,0.007874015748031496,0.0,0.0,0.0,0.0,0.0,0.09448818897637795,0.0,0.0,0.0,0.0,0.0,4.7637795275590555,0.1889763779527559,2.661417322834646,0.0,1.0393700787401574,0.007874015748031496,1.047244094488189,9.866141732283465,0.0,0.0,0.4251968503937008,0.0,0.0,0.0,11.62992125984252,0.84251968503937,0.0,1.1181102362204725,0.5275590551181102,0.0,0.0,0.5354330708661418,0.0,0.03937007874015748,0.905511811023622
496,2013,4,0.6970802919708029,0.08759124087591241,0.8540145985401459,3.572992700729927,0.0,0.0,0.0,0.0,0.0,0.0,0.0,0.0,0.0,0.0,0.0,0.0,0.0,0.0,0.0,12.018248175182482,0.0,2.8576642335766422,0.0,11.627737226277372,2.948905109489051,0.18248175182481752,3.22992700729927,0.0,0.1386861313868613,0.5693430656934306,0.0,0.0,0.0,15.328467153284672,2.22992700729927,0.0,0.7481751824817519,0.0,0.0,0.9306569343065694,0.5364963503649635,0.0,0.021897810218978103,0.0
497,1781,4,0.8246268656716418,0.08582089552238806,0.3656716417910448,4.981343283582089,0.0,0.0,0.0,0.0,0.0,0.0,0.0,0.0,0.0,0.0,0.0,0.0,0.0,0.0,0.0,13.701492537313433,0.0,3.3694029850746268,0.0,8.798507462686567,4.600746268656716,0.48507462686567165,3.462686567164179,0.0,0.0,0.17164179104477612,0.31716417910447764,0.0,0.0,23.369402985074625,2.6865671641791047,0.0,0.0,0.10074626865671642,0.0,0.6791044776119403,0.667910447761194,0.0,0.05970149253731343,0.0
490,1548,6,0.8396624472573839,0.10970464135021098,1.770042194092827,3.7236286919831225,0.0,0.0,0.0,0.0,0.0,0.0,0.027426160337552744,0.0,0.05907172995780591,0.09282700421940929,0.046413502109704644,0.0,0.0,0.0,0.0,13.339662447257384,0.1371308016877637,4.6835443037974684,0.0,7.8544303797468356,1.1118143459915613,1.7848101265822784,8.023206751054852,0.0,0.0,0.5970464135021097,0.0,0.0,0.0,17.69409282700422,1.4978902953586497,0.0,0.7236286919831224,0.18354430379746836,0.0,0.459915611814346,0.6181434599156118,0.0,0.09071729957805907,1.021097046413502
502,1035,12,0.9330708661417323,0.09055118110236221,0.33070866141732286,4.755905511811024,0.0,0.0,0.08661417322834646,0.07086614173228346,0.0,0.0,0.35826771653543305,0.0,0.5078740157480315,1.125984251968504,0.8385826771653543,0.0,0.0,0.0,0.06692913385826772,8.68503937007874,0.05511811023622047,14.448818897637794,0.0,20.08267716535433,2.0196850393700787,0.5984251968503937,6.830708661417323,0.0,0.04330708661417323,0.003937007874015748,0.0,0.1062992125984252,0.011811023622047244,23.208661417322833,2.594488188976378,0.0,0.7401574803149606,0.0,0.0,1.2165354330708662,0.6377952755905512,0.14173228346456693,0.0984251968503937,0.6968503937007874
496,1863,4,0.5546038543897216,0.07494646680942184,0.25910064239828695,4.602783725910064,0.0,0.1948608137044968,0.0,1.1541755888650964,0.0,0.0,0.0,0.0,0.0,1.0471092077087794,0.27194860813704497,0.0,0.15845824411134904,1.4014989293361884,0.0,11.630620985010706,0.011777301927194861,3.726980728051392,0.0,6.059957173447537,3.7237687366167025,0.06745182012847965,4.580299785867238,0.0,0.0,0.028907922912205567,0.0,0.0,0.0,18.135974304068522,2.6316916488222697,0.0,0.0,0.18522483940042828,0.0,1.1670235546038543,0.5942184154175589,0.0,0.07708779443254818,6.453961456102784
510,226,4,0.7170111287758346,0.11764705882352941,0.5834658187599364,4.874403815580286,0.0,0.25119236883942764,0.0,0.23211446740858505,0.0,0.0,0.0,0.0,0.0,0.41017488076311603,0.2273449920508744,0.0,0.0,0.0,0.0,14.798092209856916,0.011128775834658187,6.333863275039746,0.0,13.254372019077902,2.7774244833068362,1.286168521462639,9.111287758346581,0.0,0.18282988871224165,0.5405405405405406,0.31001589825119236,0.0,0.0,23.472178060413356,2.4992050874403815,0.0,0.11764705882352941,0.0,0.0,0.8712241653418124,0.7376788553259142,0.0,0.06359300476947535,0.0
500,308,4,0.6280864197530864,0.08873456790123457,0.5308641975308642,3.9560185185185186,0.0,0.0,0.0,0.0,0.0,0.0,0.04552469135802469,0.0,0.0,0.1087962962962963,0.033179012345679014,0.0,0.0,0.0,0.08487654320987655,14.11111111111111,0.0,2.1180555555555554,0.0,9.717592592592593,2.369598765432099,0.033179012345679014,2.689043209876543,0.0,0.0,0.3279320987654321,0.07947530864197531,0.0,0.0,15.328703703703704,2.446759259259259,0.0,0.1381172839506173,0.0,0.0,0.6427469135802469,0.4799382716049383,0.0,0.029320987654320986,0.0
495,1162,4,0.6558219178082192,0.09075342465753425,0.7363013698630136,3.1284246575342465,0.0,0.0,0.0,0.2688356164383562,0.0,0.0,0.03767123287671233,0.0,0.0,0.2654109589041096,0.032534246575342464,0.0,0.1232876712328767,0.2517123287671233,0.1506849315068493,13.70890410958904,0.0,2.9486301369863015,0.0,9.715753424657533,1.9075342465753424,0.4280821917808219,4.282534246575342,0.0,0.0,0.003424657534246575,0.02226027397260274,0.0,0.0,13.476027397260275,1.7996575342465753,0.0,0.0273972602739726,0.02054794520547945,0.0,0.8065068493150684,0.4845890410958904,0.0,0.03767123287671233,1.3150684931506849
496,1477,12,0.723404255319149,0.08776595744680851,0.4973404255319149,4.212765957446808,0.0,0.0,0.0,0.0,0.0,0.0,0.0,0.0,0.0,0.015957446808510637,0.0,0.0,0.0,0.0,0.0,13.960106382978724,0.0,2.5718085106382977,0.0,15.694148936170214,3.271276595744681,0.0398936170212766,4.933510638297872,0.0,0.026595744680851064,0.08776595744680851,0.0,0.0,0.0,16.632978723404257,2.247340425531915,0.0,0.31382978723404253,0.0,0.0,1.023936170212766,0.5452127659574468,0.0,0.07180851063829788,0.0
492,195,4,0.7283950617283951,0.06172839506172839,0.8469135802469135,2.4123456790123456,0.0,0.0,0.0,0.6148148148148148,0.0,0.0,0.0,0.0,0.0,0.4567901234567901,0.05185185185185185,0.0,0.2123456790123457,0.08395061728395062,0.0,2.9802469135802467,0.056790123456790124,15.562962962962963,0.0,2.3283950617283953,0.5654320987654321,0.5654320987654321,7.323456790123457,0.0,0.0,0.04197530864197531,0.2271604938271605,0.0,0.0,13.696296296296296,0.7580246913580246,0.0,1.0222222222222221,0.1382716049382716,0.0,0.18765432098765433,0.6197530864197531,0.0,0.04691358024691358,1.1679012345679012
501,1115,4,0.5913621262458472,0.08637873754152824,0.31561461794019935,3.8073089700996676,0.0,0.0,0.0,0.0,0.0,0.0,0.07973421926910298,0.0,0.0,0.12292358803986711,0.0,0.0,0.0,0.0,0.10963455149501661,13.727574750830565,0.0,2.1362126245847177,0.0,9.950166112956811,2.0332225913621262,0.019933554817275746,2.3687707641196014,0.0,0.0,0.07973421926910298,0.06976744186046512,0.0,0.0,15.219269102990033,2.514950166112957,0.0,0.08637873754152824,0.053156146179401995,0.0,0.7009966777408638,0.4318936877076412,0.0,0.013289036544850499,0.0
504,1833,12,0.5813953488372093,0.10196779964221825,0.6046511627906976,3.7567084078711988,0.0,0.0,0.0,0.007155635062611807,0.0,0.0,0.09123434704830054,0.0,0.06976744186046512,0.2039355992844365,0.1073345259391771,0.0,0.0,0.0,0.0,13.298747763864043,0.04114490161001789,2.6225402504472273,0.0,9.246869409660107,1.8407871198568873,0.1771019677996422,3.304114490161002,0.0,0.0,0.3595706618962433,0.0,0.0,0.0,15.279069767441861,1.9874776386404294,0.0,0.5831842576028623,0.0017889087656529517,0.0,0.6064400715563506,0.5652951699463328,0.0,0.05366726296958855,0.7191413237924866
509,156,4,0.6709770114942529,0.10632183908045977,0.5201149425287356,4.205459770114943,0.005747126436781609,0.4827586206896552,0.0,0.6580459770114943,0.0,0.0,0.0,0.0,0.01293103448275862,1.028735632183908,0.4640804597701149,0.0,0.41810344827586204,0.2974137931034483,0.0,10.245689655172415,0.01867816091954023,8.801724137931034,0.0,10.53735632183908,3.456896551724138,1.75,8.152298850574713,0.0,0.0,0.20689655172413793,0.0,0.04597701149425287,0.0,21.570402298850574,2.079022988505747,0.0,0.0,0.16954022988505746,0.0,0.9051724137931034,0.6738505747126436,0.15660919540229884,0.08620689655172414,9.449712643678161
493,785,7,0.5935754189944135,0.1005586592178771,0.3365921787709497,3.346368715083799,0.0,0.0,0.0,0.0,0.0,0.0,0.08379888268156424,0.0,0.0,0.2905027932960894,0.0670391061452514,0.0,0.0,0.0,0.16759776536312848,13.346368715083798,0.0,1.9120111731843576,0.0,7.7136871508379885,1.6955307262569832,0.05027932960893855,3.7709497206703912,0.0,0.0,0.0782122905027933,0.0,0.0,0.0,14.15782122905028,2.041899441340782,0.0,0.18156424581005587,0.0,0.0,0.473463687150838,0.4720670391061452,0.0,0.04888268156424581,0.24022346368715083
494,1005,4,3.3902439024390243,0.07317073170731707,0.24390243902439024,2.682926829268293,0.0,0.0,0.0,0.8109756097560976,0.0,0.0,0.7987804878048781,0.0,0.0,2.8109756097560976,0.75,0.0,0.0,0.0,2.3048780487804876,2.1158536585365852,0.0,6.585365853658536,0.0,2.5121951219512195,1.0670731707317074,0.018292682926829267,7.689024390243903,0.0,0.0,0.11585365853658537,0.0,0.18292682926829268,0.0,12.128048780487806,1.2378048780487805,0.0,0.0,0.20121951219512196,0.27439024390243905,0.18902439024390244,0.5121951219512195,0.0,1.5426829268292683,1.8048780487804879
496,1338,11,0.6417910447761194,0.05223880597014925,0.2537313432835821,3.705223880597015,0.0,0.08582089552238806,0.0,0.05223880597014925,0.0,0.0,0.0,0.0,0.0,0.033582089552238806,0.0,0.0,0.0,0.0,0.0,6.604477611940299,0.026119402985074626,2.6156716417910446,0.0,5.649253731343284,2.0559701492537314,0.1417910447761194,4.41044776119403,0.0,0.0,0.22761194029850745,0.0,0.0,0.0,16.78731343283582,2.582089552238806,0.0,0.1865671641791045,0.3880597014925373,0.0,0.26865671641791045,0.5149253731343284,0.0,0.033582089552238806,0.48880597014925375
501,1799,4,0.6126760563380281,0.11619718309859155,0.2992957746478873,6.619718309859155,0.36619718309859156,0.2007042253521127,0.0,0.03873239436619718,0.0,0.0,0.0,0.0,0.0,2.285211267605634,0.4647887323943662,0.0,0.30633802816901406,0.4964788732394366,0.0,14.42605633802817,0.0,2.267605633802817,0.0,5.214788732394366,6.355633802816901,0.1619718309859155,3.091549295774648,0.0,0.0,0.3626760563380282,0.0,0.0,7.077464788732394,28.33450704225352,4.084507042253521,0.0,0.0,0.0035211267605633804,0.0,0.5035211267605634,0.704225352112676,0.014084507042253521,0.06338028169014084,6.577464788732394
496,371,4,0.6496350364963503,0.09854014598540146,0.48175182481751827,4.839416058394161,0.0,0.11678832116788321,0.0,0.08394160583941605,0.0,0.0,0.014598540145985401,0.0,0.0036496350364963502,0.11313868613138686,0.06934306569343066,0.0,0.0,0.0,0.0,9.354014598540147,0.04744525547445255,3.802919708029197,0.0,10.058394160583942,3.0948905109489053,0.5766423357664233,4.802919708029197,0.0,0.0,0.33211678832116787,0.0,0.0,0.0,22.62773722627737,2.434306569343066,0.0,0.12408759124087591,0.0364963503649635,0.0,0.6642335766423357,0.6277372262773723,0.0,0.040145985401459854,0.17518248175182483
498,1644,4,0.5296442687747036,0.07509881422924901,0.5889328063241107,2.4150197628458496,0.0,0.0,0.0,0.0,0.0,0.0,0.0,0.0,0.0,0.1422924901185771,0.0,0.0,0.0,0.0,0.0,9.256916996047432,0.0,2.2094861660079053,0.0,3.8063241106719365,0.5652173913043478,0.32806324110671936,5.841897233201581,0.0,0.0,0.0,0.0,0.0,0.0,10.351778656126482,1.0869565217391304,0.0,0.31225296442687744,0.0,0.0,0.16996047430830039,0.40711462450592883,0.0,0.03162055335968379,0.0
502,1943,12,0.6871794871794872,0.09743589743589744,1.3974358974358974,4.043589743589743,0.0,0.0,0.0,0.12051282051282051,0.0,0.0,0.0,0.0,0.0,0.2,0.05897435897435897,0.0,0.2,0.18717948717948718,0.0,14.364102564102565,0.18717948717948718,6.333333333333333,0.0,6.033333333333333,2.387179487179487,1.7461538461538462,11.205128205128204,0.0,0.0,0.2230769230769231,0.04871794871794872,0.0,0.0,17.58974358974359,1.9102564102564104,0.0,0.0,0.18205128205128204,0.0,0.3974358974358974,0.5794871794871795,0.0,0.05128205128205128,1.0179487179487179
503,1066,4,0.699009900990099,0.10693069306930693,0.7980198019801981,4.9445544554455445,0.0,0.0,0.0,1.1643564356435643,0.0,0.0,0.0,0.0,0.0,1.889108910891089,0.43366336633663366,0.0,0.6712871287128713,0.9603960396039604,0.2891089108910891,12.677227722772278,0.023762376237623763,3.1762376237623764,0.0,4.467326732673268,3.76039603960396,1.700990099009901,11.82970297029703,0.0,0.0,0.061386138613861385,0.0,0.0,0.0,24.774257425742576,2.518811881188119,0.0,0.0,0.19207920792079208,0.0,0.5742574257425742,0.6158415841584158,0.0,0.07920792079207921,3.6435643564356437
496,1144,4,0.7380585516178737,0.08166409861325115,0.5963020030816641,3.6979969183359014,0.0,0.01694915254237288,0.0,0.09399075500770417,0.0,0.0,0.0,0.0,0.0,0.14946070878274267,0.029275808936825885,0.0,0.0,0.0,0.0,9.755007704160246,0.03389830508474576,4.8104776579352855,0.0,5.406779661016949,2.2203389830508473,0.10015408320493066,4.661016949152542,0.0,0.0,0.01386748844375963,0.08166409861325115,0.0,0.0,16.115562403697997,2.1664098613251155,0.0,0.020030816640986132,0.11556240369799692,0.0,0.3713405238828968,0.551617873651772,0.0,0.060092449922958396,0.07395993836671803
502,1438,12,0.6589147286821705,0.10077519379844961,0.7131782945736435,4.674418604651163,0.0,0.0,0.0,0.0,0.0,0.0,0.0,0.0,0.0,0.0,0.0,0.0,0.0,0.0,0.0,15.736434108527131,0.0,3.5968992248062017,0.0,15.310077519379846,3.441860465116279,0.07751937984496124,3.255813953488372,0.0,0.3178294573643411,0.4418604651162791,0.0,0.0,0.0,17.674418604651162,3.054263565891473,0.0,0.34108527131782945,0.0,0.0,1.069767441860465,0.7286821705426356,0.0,0.046511627906976744,0.0
502,403,16,0.8220551378446115,0.08771929824561403,0.06516290726817042,3.2681704260651627,0.0,0.017543859649122806,0.0,0.23809523809523808,0.0,0.0,0.0,0.0,0.0,0.49874686716791977,0.3508771929824561,0.0,1.8120300751879699,2.025062656641604,0.0,12.406015037593985,0.0,26.791979949874687,0.0,10.80451127819549,2.68922305764411,0.5087719298245614,4.225563909774436,0.0,0.0,0.09273182957393483,0.0,0.0,0.0,15.769423558897243,1.456140350877193,0.0,0.0,0.16791979949874686,0.0,1.5989974937343359,0.6942355889724311,0.0,0.09774436090225563,9.012531328320803
507,653,4,0.6257545271629779,0.10261569416498995,0.193158953722334,3.0764587525150904,0.0,0.0,0.0,0.03822937625754527,0.0,0.0,0.1267605633802817,0.0,0.0,1.1770623742454729,0.34004024144869216,0.060362173038229376,0.0,0.0,0.04225352112676056,14.10261569416499,0.0,3.7082494969818915,0.0,5.979879275653923,1.4688128772635816,0.676056338028169,8.551307847082494,0.0,0.0,0.0,0.0,0.323943661971831,0.0,13.189134808853119,1.4024144869215291,0.0,0.5010060362173038,0.0,0.0,0.3561368209255533,0.5331991951710262,0.0,0.07847082494969819,3.6780684104627768
503,1606,6,0.7538461538461538,0.08846153846153847,0.8076923076923077,3.6884615384615387,0.0,0.0,0.0,0.09102564102564102,0.0,0.0,0.0,0.0,0.0,0.0,0.014102564102564103,0.0,0.0,0.0,0.002564102564102564,10.675641025641026,0.04487179487179487,2.6192307692307693,0.0,8.88974358974359,1.912820512820513,0.3628205128205128,5.962820512820513,0.0,0.09487179487179487,0.16666666666666666,0.27692307692307694,0.0,0.0,14.298717948717949,2.0730769230769233,0.258974358974359,0.04871794871794872,0.038461538461538464,0.0,0.9551282051282052,0.5794871794871795,0.0,0.041025641025641026,0.0
500,119,4,0.7200772200772201,0.13320463320463322,0.32625482625482627,6.025096525096525,0.0,0.05019305019305019,0.023166023166023165,0.17567567567567569,0.0,0.0,0.5791505791505791,0.0,0.666023166023166,3.048262548262548,0.8648648648648649,0.0,0.0945945945945946,0.24517374517374518,0.02702702702702703,17.39189189189189,0.04633204633204633,11.963320463320464,0.0,10.262548262548263,6.088803088803089,0.7548262548262549,5.723938223938224,0.0,0.0,0.04633204633204633,0.0,0.0,0.0,25.73745173745174,3.413127413127413,0.0,0.03088803088803089,0.20656370656370657,0.0,0.6428571428571429,0.611969111969112,0.0,0.07722007722007722,2.530888030888031
505,533,4,0.5898617511520737,0.027649769585253458,0.6082949308755761,2.4976958525345623,0.0,0.0,0.0,0.2073732718894009,0.0,0.0,0.013824884792626729,0.0,0.0,0.0,0.0,0.0,0.0,0.0,0.0,7.433179723502304,0.0,2.3179723502304146,0.0,5.889400921658986,0.47465437788018433,0.4055299539170507,5.419354838709677,0.0,0.0,0.08294930875576037,0.0,0.0,0.0,9.935483870967742,1.0921658986175116,0.0,0.2350230414746544,0.0,0.0,0.31336405529953915,0.5898617511520737,0.0,0.04608294930875576,0.15207373271889402
510,846,12,0.7118055555555556,0.08680555555555555,0.9704861111111112,2.623263888888889,0.0,0.0,0.0,0.15104166666666666,0.0,0.0,0.0,0.0,0.001736111111111111,0.2378472222222222,0.04861111111111111,0.0,0.0,0.010416666666666666,0.0,13.631944444444445,0.008680555555555556,3.234375,0.0,3.7291666666666665,0.921875,0.46875,6.609375,0.0,0.0,0.0,0.0,0.0,0.0,11.12326388888889,1.0243055555555556,0.0,0.23958333333333334,0.05555555555555555,0.0,0.24131944444444445,0.4826388888888889,0.0,0.06944444444444445,0.057291666666666664
509,136,8,0.9870654810024252,0.116410670978173,0.8350848827809216,3.8464025869037997,0.0,0.07356507679870655,0.0,0.9240097008892482,0.0,0.0,0.0,0.0,0.014551333872271624,0.7275666936135813,0.30234438156831045,0.0,0.023443815683104285,0.1438965238480194,0.0,14.07194826192401,0.014551333872271624,2.5278900565885207,0.0,6.964430072756669,2.349232012934519,0.3419563459983832,10.040420371867421,0.0,0.0,0.023443815683104285,0.13500404203718674,0.0,0.0,15.873888439773646,2.0832659660468877,0.0,0.0,0.08811641067097817,0.0,0.6362166531932094,0.555375909458367,0.0,0.08407437348423606,2.988682295877122
509,438,4,0.5754189944134078,0.1154562383612663,0.08752327746741155,4.471135940409684,0.0,0.0,0.0,0.0,0.0,0.0,0.19180633147113593,0.0,0.0,0.5232774674115456,0.11173184357541899,0.0,0.0,0.0,0.048417132216014895,15.180633147113594,0.0,1.7951582867783986,0.0,9.327746741154563,3.335195530726257,0.12476722532588454,3.716945996275605,0.0,0.0,0.11731843575418995,0.0,0.0,0.0,17.16387337057728,2.7541899441340782,0.0,0.0335195530726257,0.0,0.0,0.6070763500931099,0.48044692737430167,0.0,0.0260707635009311,2.549348230912477
505,630,4,0.610223642172524,0.08945686900958466,1.0415335463258786,3.07667731629393,0.0,0.0,0.0,0.1134185303514377,0.0,0.0,0.0,0.0,0.0,0.17092651757188498,0.052715654952076675,0.0,0.0,0.0,0.01757188498402556,11.565495207667732,0.0,2.972843450479233,0.0,6.416932907348243,2.0527156549520766,0.3929712460063898,5.416932907348243,0.0,0.1134185303514377,0.3817891373801917,0.0,0.001597444089456869,0.0,12.373801916932907,1.6773162939297124,0.0,0.48083067092651754,0.23322683706070288,0.0,0.4217252396166134,0.48722044728434505,0.0,0.052715654952076675,0.0
510,974,4,0.6731301939058172,0.08587257617728532,0.631578947368421,3.526315789473684,0.0,0.0,0.0,0.1634349030470914,0.0,0.0,0.0,0.0,0.0,0.0,0.05817174515235457,0.0,0.0,0.0,0.0,10.742382271468143,0.01662049861495845,2.407202216066482,0.0,7.534626038781163,1.548476454293629,0.29085872576177285,5.282548476454294,0.0,0.0221606648199446,0.16620498614958448,0.24653739612188366,0.0,0.0,13.376731301939058,2.149584487534626,0.0443213296398892,0.0,0.08033240997229917,0.0,0.8199445983379502,0.5235457063711911,0.0,0.04709141274238227,0.0
505,1092,12,0.7068403908794788,0.09337676438653637,0.40825190010857765,4.434310532030402,0.0,0.0,0.0,0.16720955483170466,0.0,0.0,0.0,0.0,0.0,0.13029315960912052,0.031487513572204126,0.0,0.0,0.0,0.0,15.013029315960912,0.0,2.409337676438654,0.0,16.25298588490771,4.055374592833876,0.10314875135722042,3.2975027144408253,0.0,0.09011943539630836,0.19435396308360478,0.0,0.0,0.0,17.895765472312704,3.049945711183496,0.0,0.4375678610206297,0.09229098805646037,0.0,0.9315960912052117,0.5765472312703583,0.0,0.05211726384364821,0.12269272529858849
515,1185,4,0.8844984802431611,0.0547112462006079,0.3161094224924012,3.221884498480243,0.0,0.1702127659574468,0.0,1.2857142857142858,0.0,0.0,0.20972644376899696,0.0,0.22796352583586627,1.203647416413374,0.7021276595744681,0.0,1.1428571428571428,0.270516717325228,0.0425531914893617,3.5714285714285716,0.015197568389057751,14.203647416413373,0.0,3.978723404255319,1.9908814589665653,0.7781155015197568,3.933130699088146,0.0,0.0,0.0425531914893617,0.0,0.06382978723404255,0.0,15.182370820668693,1.5653495440729484,0.0,0.0,0.19756838905775076,0.0,1.3981762917933132,0.60790273556231,0.0,0.0668693009118541,3.0911854103343464
506,1488,15,1.1756978653530377,0.09277504105090312,0.8054187192118226,4.344827586206897,0.0,0.0,0.0,0.0451559934318555,0.0,0.0,0.0361247947454844,0.0,0.0,0.20279146141215107,0.1863711001642036,0.0,0.0,0.0,0.07799671592775041,15.424466338259442,0.05172413793103448,3.6510673234811164,0.0,11.991789819376026,3.4655172413793105,0.21428571428571427,4.855500821018063,0.0,0.19540229885057472,0.11247947454844007,0.15517241379310345,0.0,0.0,18.24137931034483,2.4991789819376025,0.36042692939244664,0.5681444991789819,0.0016420361247947454,0.022988505747126436,0.9901477832512315,0.7011494252873564,0.36863711001642036,0.11247947454844007,2.9047619047619047
506,1536,6,0.6419213973799127,0.0611353711790393,0.851528384279476,2.034934497816594,0.0,0.0,0.039301310043668124,0.40611353711790393,0.0,0.0,0.0,0.0,0.0,0.4672489082969432,0.1572052401746725,0.0,0.0,0.0,0.0,2.960698689956332,0.008733624454148471,13.02183406113537,0.0,2.502183406113537,0.6812227074235808,0.47161572052401746,6.056768558951965,0.0,0.0,0.0,0.2663755458515284,0.0,0.0,11.755458515283843,0.6681222707423581,0.0,0.9082969432314411,0.18340611353711792,0.0,0.10480349344978165,0.5895196506550219,0.0,0.039301310043668124,0.45414847161572053
500,1742,4,1.6243243243243244,0.08108108108108109,0.42162162162162165,3.391891891891892,0.0,0.11351351351351352,0.0972972972972973,0.2756756756756757,0.0,0.0,0.2972972972972973,0.0,0.3621621621621622,1.572972972972973,0.8810810810810811,0.0,0.17027027027027028,0.26216216216216215,0.10540540540540541,8.41081081081081,0.043243243243243246,21.764864864864865,0.0,5.902702702702703,2.072972972972973,0.7432432432432432,7.3621621621621625,0.0,0.02972972972972973,0.005405405405405406,0.0,0.22702702702702704,0.0,16.208108108108107,1.5054054054054054,0.0,0.5513513513513514,0.14324324324324325,0.0,0.5,0.6405405405405405,0.13243243243243244,0.1,0.7189189189189189
503,453,4,0.5913978494623656,0.06451612903225806,0.7311827956989247,2.5268817204301075,0.0,0.0,0.0,0.0,0.0,0.0,0.0,0.0,0.0,0.0,0.0,0.0,0.0,0.0,0.0,5.43010752688172,0.0,4.43010752688172,0.0,2.935483870967742,0.43010752688172044,1.1612903225806452,5.634408602150538,0.0,0.5483870967741935,2.139784946236559,0.0,0.0,0.0,13.053763440860216,1.075268817204301,0.0,0.5806451612903226,0.3870967741935484,0.0,0.0,0.5483870967741935,0.0,0.010752688172043012,0.0
508,587,5,0.5733333333333334,0.07333333333333333,1.3333333333333333,3.2133333333333334,0.0,0.0,0.0,0.0,0.0,0.0,0.0,0.0,0.0,0.0,0.0,0.0,0.0,0.0,0.0,8.46,0.0,2.4266666666666667,0.0,4.033333333333333,1.24,0.47333333333333333,5.44,0.0,0.0,0.0,0.0,0.0,0.0,11.973333333333333,1.58,0.0,0.0,0.0,0.0,0.21333333333333335,0.5866666666666667,0.0,0.04666666666666667,0.0
510,807,12,1.4095063985374772,0.09689213893967093,0.7678244972577697,4.550274223034735,0.0,0.0,0.0,0.2961608775137112,0.0,0.0712979890310786,0.360146252285192,0.0,0.3619744058500914,1.6873857404021937,0.9652650822669104,0.0,0.0,0.012797074954296161,0.0,12.756855575868373,0.012797074954296161,3.069469835466179,0.21572212065813529,12.864716636197441,5.9195612431444244,0.4570383912248629,8.480804387568556,0.0,0.0,0.1956124314442413,0.0,0.0,0.0,17.3382084095064,2.786106032906764,0.0,0.0,0.14076782449725778,0.10786106032906764,1.0603290676416819,0.5539305301645339,0.0,0.3802559414990859,0.16087751371115175
504,683,4,0.9320388349514563,0.09344660194174757,0.2621359223300971,2.620145631067961,0.0,0.04247572815533981,0.0,0.7839805825242718,0.0,0.0,0.1104368932038835,0.0,0.019417475728155338,0.8276699029126213,0.27305825242718446,0.0,0.0,0.4963592233009709,0.47815533980582525,9.177184466019417,0.007281553398058253,7.796116504854369,0.0,6.129854368932039,1.5388349514563107,0.09587378640776699,5.270631067961165,0.009708737864077669,0.0,0.05703883495145631,0.0024271844660194173,0.012135922330097087,0.0,12.677184466019417,1.4878640776699028,0.0,0.0,0.308252427184466,0.03398058252427184,0.7038834951456311,0.5752427184466019,0.03033980582524272,0.1104368932038835,5.831310679611651
508,1513,12,0.849802371541502,0.09881422924901186,0.5296442687747036,4.379446640316205,0.0,0.0,0.0,0.0,0.0,0.0,0.0,0.0,0.0,0.0,0.0,0.0,0.0,0.0,0.33992094861660077,10.027667984189723,0.043478260869565216,1.7233201581027668,0.0,10.877470355731225,2.889328063241107,0.45454545454545453,7.474308300395257,0.0,0.0,0.0,0.0,0.0,0.0,18.41501976284585,2.6363636363636362,0.0,1.1462450592885376,0.0,0.0,0.5691699604743083,0.4980237154150198,0.0,0.03162055335968379,0.0
518,1314,12,1.903030303030303,0.13535353535353536,0.7838383838383839,4.2585858585858585,0.0,0.20202020202020202,0.4303030303030303,0.9292929292929293,0.0,0.0,0.00202020202020202,0.26666666666666666,0.006060606060606061,1.4242424242424243,0.5656565656565656,0.0,0.1414141414141414,0.2787878787878788,0.044444444444444446,9.775757575757575,0.09090909090909091,18.812121212121212,0.0,4.907070707070707,2.5535353535353535,0.806060606060606,8.832323232323231,0.0,0.0,0.10707070707070707,0.0,0.0,0.0,20.795959595959594,1.9494949494949494,0.0,0.16161616161616163,0.2606060606060606,0.0,0.6464646464646465,0.804040404040404,0.6060606060606061,0.23636363636363636,9.236363636363636
507,201,7,0.7040983606557377,0.08934426229508197,0.4885245901639344,4.613934426229508,0.01557377049180328,0.09016393442622951,0.0,0.48360655737704916,0.0,0.0,0.0,0.01721311475409836,0.020491803278688523,0.6303278688524591,0.29180327868852457,0.0,0.029508196721311476,0.10245901639344263,0.0,13.304918032786885,0.036065573770491806,9.154918032786885,0.0,10.899180327868853,4.426229508196721,0.10655737704918032,4.798360655737705,0.08442622950819673,0.04836065573770492,0.49426229508196723,0.010655737704918032,0.0,0.15245901639344261,19.37950819672131,2.2991803278688523,0.0,0.11885245901639344,0.08442622950819673,0.0,0.9483606557377049,0.6319672131147541,3.5,0.08032786885245902,4.950819672131147
513,760,8,0.6442953020134228,0.09060402684563758,0.7348993288590604,3.553691275167785,0.0,0.0,0.0,0.0,0.0,0.0,0.3691275167785235,0.0,0.0,0.7114093959731543,0.2751677852348993,0.0,0.0,0.0,0.6577181208053692,14.604026845637584,0.0,2.087248322147651,0.0,9.348993288590604,2.442953020134228,0.18791946308724833,4.604026845637584,0.0,0.0,0.11073825503355705,0.040268456375838924,0.0,0.0,13.812080536912752,1.9496644295302012,0.0,0.40604026845637586,0.026845637583892617,0.0,0.5302013422818792,0.49328859060402686,0.0,0.0436241610738255,0.0
506,1134,4,0.7657992565055762,0.08550185873605948,0.5724907063197026,3.45724907063197,0.0,0.013011152416356878,0.0,0.23977695167286245,0.0,0.0,0.49070631970260226,0.0,0.0,1.6691449814126393,0.06319702602230483,0.0,0.0,0.0,0.07806691449814127,7.351301115241636,0.0,3.3178438661710037,0.0,4.736059479553903,1.9052044609665428,0.17843866171003717,7.0390334572490705,0.0,0.0,0.1171003717472119,0.0,0.0,0.0,14.3364312267658,1.9721189591078068,0.0,0.0018587360594795538,0.03345724907063197,0.0018587360594795538,0.3587360594795539,0.5650557620817844,0.0,0.07992565055762081,4.323420074349443
512,62,4,0.6722222222222223,0.08333333333333333,0.6166666666666667,3.938888888888889,0.0,0.0,0.0,0.0,0.0,0.0,0.0,0.0,0.0,0.0,0.0,0.0,0.0,0.0,0.0,15.011111111111111,0.06666666666666667,3.161111111111111,0.0,14.333333333333334,3.1166666666666667,0.21666666666666667,2.8055555555555554,0.0,0.26666666666666666,0.7722222222222223,0.0,0.0,0.0,16.516666666666666,2.422222222222222,0.0,0.6055555555555555,0.016666666666666666,0.0,0.9,0.5666666666666667,0.0,0.044444444444444446,0.0
506,1007,4,0.8959537572254336,0.08815028901734104,0.9263005780346821,2.4263005780346822,0.0,0.0,0.0,0.0,0.0,0.0,0.0,0.0,0.0,0.06358381502890173,0.0,0.0,0.0,0.0,0.1069364161849711,11.686416184971097,0.0,2.6054913294797686,0.0,7.445086705202312,1.079479768786127,0.2861271676300578,6.479768786127168,0.0,0.0,0.08236994219653179,0.0,0.0,0.0,10.109826589595375,1.170520231213873,0.0,0.22254335260115607,0.05346820809248555,0.03468208092485549,0.46965317919075145,0.5014450867052023,0.0,0.044797687861271675,0.0
517,1420,12,0.5857988165680473,0.0650887573964497,0.3254437869822485,3.3254437869822486,0.0,0.0,0.0,0.0,0.0,0.0,0.0,0.0,0.0,0.01775147928994083,0.0,0.0,0.0,0.0,0.0,6.047337278106509,0.0,3.301775147928994,0.0,7.650887573964497,0.5621301775147929,0.16568047337278108,5.431952662721893,0.0,0.0,0.09467455621301775,0.0,0.0,0.0,14.331360946745562,1.8402366863905326,0.0,0.6568047337278107,0.4437869822485207,0.0,0.5207100591715976,0.621301775147929,0.0,0.03550295857988166,0.0
520,1876,4,0.6763485477178424,0.07468879668049792,0.23651452282157676,3.95850622406639,0.0,0.16182572614107885,0.0,0.6639004149377593,0.0,0.0,0.0,0.0,0.0,0.5995850622406639,0.37344398340248963,0.0,1.5726141078838174,2.024896265560166,0.014522821576763486,15.591286307053942,0.01037344398340249,28.130705394190873,0.0,15.771784232365146,3.867219917012448,0.5228215767634855,4.649377593360996,0.0,0.0,0.15975103734439833,0.0,0.0,0.0,18.068464730290458,1.8360995850622406,0.0,0.08091286307053942,0.22406639004149378,0.0,1.6431535269709543,0.7365145228215768,0.0,0.08921161825726141,8.190871369294605
518,334,4,0.6580921757770632,0.10289389067524116,0.7759914255091104,3.4008574490889605,0.004287245444801715,0.03429796355841372,0.0,0.028938906752411574,0.0,0.0,0.0,0.0,0.0,0.15434083601286175,0.006430868167202572,0.0,0.0,0.0,0.0,13.629153269024652,0.05037513397642015,3.362272240085745,0.0,9.158628081457664,2.072883172561629,0.5916398713826366,4.953912111468382,0.0,0.0,0.9389067524115756,0.0,0.0,0.00964630225080386,16.061093247588424,1.7063236870310825,0.0,0.6655948553054662,0.04501607717041801,0.0,0.6002143622722401,0.5755627009646302,0.0,0.03429796355841372,0.06109324758842444
523,944,4,0.5864406779661017,0.07627118644067797,0.3220338983050847,3.3322033898305086,0.0,0.0,0.0,0.0,0.0,0.0,0.01864406779661017,0.0,0.0,0.06949152542372881,0.022033898305084745,0.0,0.0,0.0,0.06271186440677966,11.916949152542372,0.0,2.0627118644067797,0.0,8.783050847457627,2.1745762711864405,0.03898305084745763,2.857627118644068,0.0,0.0,0.03559322033898305,0.0,0.0,0.0,13.852542372881356,2.130508474576271,0.0,0.0,0.05084745762711865,0.0,0.6338983050847458,0.5135593220338983,0.0,0.01864406779661017,0.09491525423728814
508,86,4,0.6324786324786325,0.09157509157509157,1.065934065934066,3.6214896214896215,0.0,0.0,0.0,0.07203907203907203,0.0,0.0,0.0,0.0,0.0,0.0757020757020757,0.0,0.0,0.0,0.0,0.0,11.692307692307692,0.007326007326007326,3.567765567765568,0.0,7.437118437118437,2.094017094017094,0.030525030525030524,5.382173382173383,0.0,0.0,0.07936507936507936,0.0,0.0,0.0,15.231990231990231,2.2185592185592187,0.0,0.23687423687423687,0.052503052503052504,0.0,0.7008547008547008,0.568986568986569,0.0,0.03540903540903541,0.0463980463980464
513,480,4,0.723404255319149,0.0425531914893617,1.3829787234042554,1.9787234042553192,0.0,0.0,0.0,0.0,0.0,0.0,0.0,0.0,0.0,0.0,0.0,0.0,0.0,0.0,0.0,3.1773049645390072,0.0,2.3404255319148937,0.0,3.028368794326241,0.6666666666666666,0.5390070921985816,11.695035460992909,0.0,0.0,0.0851063829787234,0.0,0.0,0.0,9.929078014184396,1.148936170212766,0.0,0.3900709219858156,0.14184397163120568,0.0,0.14893617021276595,0.524822695035461,0.0,0.028368794326241134,0.0
514,694,4,0.5894428152492669,0.05571847507331378,1.6070381231671553,2.900293255131965,0.0,0.0,0.0,0.0,0.0,0.0,0.0,0.0,0.0,0.0,0.0,0.0,0.0,0.0,0.0,4.768328445747801,0.020527859237536656,2.070381231671554,0.0,1.844574780058651,1.1818181818181819,0.4780058651026393,6.090909090909091,0.0,0.0,0.0,0.0,0.0,0.0,12.774193548387096,1.5777126099706744,0.0,0.19648093841642228,0.06451612903225806,0.0,0.0,0.4897360703812317,0.0,0.03812316715542522,0.0
511,891,5,0.7936962750716332,0.0659025787965616,0.9426934097421203,4.492836676217765,0.0,0.0,0.0,0.0,0.0,0.0,0.0,0.0,0.0,0.054441260744985676,0.0,0.0,0.0,0.0,0.11174785100286533,6.7908309455587395,0.03151862464183381,2.438395415472779,0.0,8.722063037249283,2.332378223495702,0.5415472779369628,10.25214899713467,0.0,0.0,0.7851002865329513,0.0,0.0,0.0,17.974212034383953,2.4355300859598854,0.0,1.189111747851003,0.0057306590257879654,0.0,0.4699140401146132,0.5988538681948424,0.0,0.054441260744985676,0.0
509,1149,4,0.8695652173913043,0.08695652173913043,1.7282608695652173,2.9130434782608696,0.0,0.0,0.0,0.4855072463768116,0.0,0.0,0.4420289855072464,0.0,0.3115942028985507,1.3985507246376812,0.6630434782608695,0.0,0.0,0.0,0.0,3.3659420289855073,0.08333333333333333,4.22463768115942,0.23550724637681159,3.3659420289855073,2.329710144927536,0.5760869565217391,10.340579710144928,0.0,0.0,0.06159420289855073,0.0,0.2826086956521739,0.0,15.217391304347826,1.8115942028985508,0.0,0.2210144927536232,0.2427536231884058,0.14855072463768115,0.1956521739130435,0.5289855072463768,0.0,0.07608695652173914,0.0
509,1344,11,0.5851851851851851,0.2,0.837037037037037,3.1037037037037036,0.0,0.0,0.0,0.0,0.0,0.0,0.0,0.0,0.0,0.0,0.0,0.0,0.0,0.0,0.0,13.385185185185184,0.007407407407407408,3.1703703703703705,0.0,7.725925925925926,1.962962962962963,0.07407407407407407,3.4518518518518517,0.0,0.022222222222222223,0.4148148148148148,0.0,0.0,0.0,15.503703703703703,2.088888888888889,0.0,0.8962962962962963,0.0,0.0,0.5851851851851851,0.5481481481481482,0.0,0.044444444444444446,0.0
517,1370,4,0.689119170984456,0.07253886010362694,0.27461139896373055,4.637305699481865,0.06735751295336788,0.02072538860103627,0.0,0.0,0.0,0.0,0.0,0.0,0.0,0.689119170984456,0.19170984455958548,0.0,0.046632124352331605,0.015544041450777202,0.0,9.823834196891191,0.0,2.481865284974093,0.0,9.424870466321243,3.6010362694300517,0.0,2.937823834196891,0.0,0.0,0.06735751295336788,0.0,0.0,0.7202072538860104,18.849740932642487,2.4455958549222796,0.0,0.0,0.0,0.0,0.6632124352331606,0.46113989637305697,2.6321243523316062,0.031088082901554404,7.492227979274611
524,1636,4,0.6123456790123457,0.11358024691358025,0.5691358024691358,4.762962962962963,0.0,0.0,0.0,0.0024691358024691358,0.0,0.0,0.0,0.024691358024691357,0.0,0.06172839506172839,0.025925925925925925,0.0,0.0,0.0,0.0,15.469135802469136,0.0,4.103703703703704,0.0,9.208641975308643,3.765432098765432,0.04814814814814815,3.7790123456790123,0.0,0.0,0.03580246913580247,0.0,0.0,0.0,19.785185185185185,2.5358024691358025,0.0,0.008641975308641974,0.003703703703703704,0.0,0.7308641975308642,0.6209876543209877,0.5617283950617284,0.03209876543209877,7.461728395061728
519,1695,4,0.5914362176628011,0.08385370205173952,0.9848349687778769,4.272970561998216,0.0,0.008920606601248885,0.001784121320249777,0.03300624442462088,0.0,0.0,0.0,0.0,0.0,0.19892952720785012,0.06512042818911686,0.0,0.0,0.025869759143621766,0.0,14.525423728813559,0.12756467439785907,7.232827832292596,0.0,8.851917930419269,3.6699375557537914,1.2301516503122212,7.537020517395183,0.0,0.0,0.1016949152542373,0.10972346119536129,0.0,0.0,18.568242640499555,2.0597680642283676,0.0,0.0,0.1079393398751115,0.0,0.5530776092774309,0.6422836752899197,0.0,0.04906333630686887,0.0
524,613,4,0.5908346972176759,0.060556464811783964,0.9754500818330606,3.0147299509001635,0.0,0.0,0.0,0.0,0.0,0.0,0.0,0.0,0.0,0.004909983633387889,0.0,0.0,0.0,0.0,0.0,4.618657937806874,0.06710310965630115,6.3355155482815055,0.0,4.644844517184943,1.3387888707037643,0.5335515548281505,5.085106382978723,0.0,0.0,0.14566284779050737,0.0,0.0,0.0,15.382978723404255,1.6088379705400981,0.0,0.057283142389525366,0.04091653027823241,0.0,0.2618657937806874,0.6219312602291326,0.0,0.01800327332242226,0.0
513,1161,4,1.3461128860489884,0.09904153354632587,0.7476038338658147,3.984025559105431,0.0,0.0,0.0,0.07561235356762513,0.0,0.0,0.009584664536741214,0.0,0.002129925452609159,0.1395101171458999,0.05005324813631523,0.0,0.0,0.054313099041533544,0.0,13.687965921192758,0.0,2.559105431309904,0.0,7.670926517571885,2.50692225772098,0.20873269435569755,5.217252396166134,0.0,0.0,0.06602768903088392,0.09691160809371673,0.0,0.0,14.970181043663471,2.280085197018104,0.0,0.0,0.08626198083067092,0.0,0.670926517571885,0.5516506922257721,0.0,0.18317358892438765,0.08413205537806177
517,1209,12,0.6024844720496895,0.09316770186335403,1.1055900621118013,2.093167701863354,0.0,0.0,0.0,0.0,0.0,0.0,0.0,0.0,0.0,0.0,0.0,0.0,0.0,0.0,0.0,3.298136645962733,0.018633540372670808,1.8509316770186335,0.0,4.577639751552795,0.7515527950310559,0.08695652173913043,6.192546583850931,0.0,0.0,0.06832298136645963,0.0,0.0,0.0,11.304347826086957,1.0869565217391304,0.0,0.2919254658385093,0.0,0.0,0.35403726708074534,0.6149068322981367,0.0,0.049689440993788817,0.0
529,1774,4,0.8692579505300353,0.13780918727915195,0.6607773851590106,4.939929328621908,0.0,0.1413427561837456,0.0,0.37809187279151946,0.0,0.0,0.0035335689045936395,0.0,0.0,0.5901060070671378,0.21554770318021202,0.0,0.0,0.21201413427561838,0.03180212014134275,13.681978798586572,0.0636042402826855,5.151943462897527,0.0,9.925795053003533,5.65017667844523,0.27208480565371024,4.968197879858657,0.0,0.0,0.2049469964664311,0.0,0.0,0.0,20.625441696113075,2.7385159010600706,0.0,0.4664310954063604,0.09187279151943463,0.0,0.8657243816254417,0.6643109540636042,0.3674911660777385,0.0706713780918728,3.5053003533568905
517,462,4,0.5884879725085911,0.08075601374570447,0.6194158075601375,4.238831615120275,0.0,0.0,0.0,0.0,0.0,0.0,0.018900343642611683,0.0,0.04639175257731959,0.20103092783505155,0.11168384879725086,0.0,0.0,0.0,0.001718213058419244,9.6340206185567,0.01632302405498282,3.8874570446735395,0.0,5.743986254295533,2.134020618556701,0.6563573883161512,6.071305841924398,0.0,0.001718213058419244,0.24484536082474226,0.06099656357388316,0.029209621993127148,0.0,20.227663230240548,2.3668384879725086,0.0,0.12457044673539519,0.13144329896907217,0.0,0.3118556701030928,0.6168384879725086,0.0,0.03178694158075601,0.21563573883161513
523,921,15,0.6045016077170418,0.05466237942122187,0.954983922829582,3.2636655948553055,0.0,0.0,0.0,0.0,0.0,0.0,0.0,0.0,0.0,0.01929260450160772,0.0,0.0,0.0,0.0,0.0,14.218649517684888,0.028938906752411574,2.517684887459807,0.0,7.077170418006431,2.2057877813504825,0.2861736334405145,4.890675241157556,0.0,0.0,0.04823151125401929,0.0,0.0,0.0,13.70096463022508,2.022508038585209,0.0,0.2958199356913183,0.08038585209003216,0.0,0.4533762057877814,0.5787781350482315,0.0,0.03215434083601286,0.0
519,1222,4,0.6322463768115942,0.06159420289855073,1.2065217391304348,2.9384057971014492,0.0,0.0,0.0,0.6340579710144928,0.0,0.0,0.0,0.0,0.0,0.14673913043478262,0.012681159420289856,0.0,0.0,0.0,0.0,2.536231884057971,0.018115942028985508,3.7753623188405796,0.0,2.903985507246377,0.9528985507246377,0.1286231884057971,6.641304347826087,0.0,0.007246376811594203,0.08876811594202899,0.1286231884057971,0.0,0.0,14.298913043478262,1.7083333333333333,0.0,0.13405797101449277,0.19021739130434784,0.0,0.7681159420289855,0.5670289855072463,0.0,0.034420289855072464,0.0
513,119,4,0.7213114754098361,0.08524590163934426,1.5573770491803278,2.9344262295081966,0.0,0.06557377049180328,0.0,0.23278688524590163,0.0,0.0,0.0,0.0,0.0,0.3081967213114754,0.05245901639344262,0.0,0.0,0.40327868852459015,0.0,6.295081967213115,0.06885245901639345,5.629508196721312,0.0,3.2852459016393443,1.8,0.3180327868852459,5.311475409836065,0.0,0.0,0.819672131147541,0.0,0.0,0.0,13.80327868852459,1.5147540983606558,0.0,0.9180327868852459,0.1180327868852459,0.0,0.3180327868852459,0.6426229508196721,0.0,0.022950819672131147,2.042622950819672
521,1946,4,0.4959349593495935,0.04065040650406504,0.14634146341463414,2.203252032520325,0.0,0.0,0.0,0.0,0.0,0.0,0.0,0.0,0.0,0.2845528455284553,0.0,0.0,0.0,0.0,0.0,7.504065040650406,0.0,2.130081300813008,0.0,6.178861788617886,0.4796747967479675,0.42276422764227645,6.154471544715447,0.0,0.0,0.0,0.0,0.0,0.0,9.292682926829269,1.016260162601626,0.0,0.0,0.0,0.0,0.4796747967479675,0.4959349593495935,0.0,0.0,0.0
520,107,12,0.6603119584055459,0.08492201039861352,1.0589254766031195,3.0433275563258233,0.0,0.0017331022530329288,0.0,0.01386481802426343,0.0,0.0,0.0,0.0,0.0,0.2045060658578856,0.02772963604852686,0.0,0.0,0.029462738301559793,0.01733102253032929,11.462738301559792,0.04679376083188908,4.218370883882149,0.0,4.606585788561525,1.2582322357019065,1.4367417677642982,8.110918544194108,0.0,0.005199306759098787,0.09012131715771231,0.0,0.0,0.0,15.710571923743501,1.3015597920277295,0.0,0.02772963604852686,0.22010398613518198,0.0,0.22357019064124783,0.5476603119584056,0.0,0.022530329289428077,0.2651646447140381
518,294,4,0.5779376498800959,0.07434052757793765,0.4364508393285372,2.693045563549161,0.0,0.0,0.0,0.0,0.0,0.0,0.0,0.0,0.0,0.2853717026378897,0.0,0.0,0.0,0.41247002398081534,0.0,9.983213429256594,0.0,2.709832134292566,0.0,3.2446043165467624,1.3741007194244603,0.31894484412470026,5.911270983213429,0.0,0.0,0.0,0.0,0.0,0.0,11.201438848920864,1.4676258992805755,0.0,0.05515587529976019,0.011990407673860911,0.0,0.2158273381294964,0.513189448441247,0.0,0.045563549160671464,1.2374100719424461
522,746,6,0.541871921182266,0.08866995073891626,0.49261083743842365,3.0295566502463056,0.0,0.0,0.0,0.0,0.0,0.0,0.019704433497536946,0.0,0.0,0.04926108374384237,0.0,0.0,0.0,0.0,0.12315270935960591,11.433497536945813,0.0,1.7389162561576355,0.0,8.852216748768473,2.0295566502463056,0.21674876847290642,4.374384236453202,0.0,0.0,0.029556650246305417,0.19704433497536947,0.0,0.0,12.438423645320198,1.6945812807881773,0.0,0.0,0.0,0.0,0.6502463054187192,0.3842364532019704,0.0,0.029556650246305417,0.0
527,883,5,0.9798850574712644,0.08620689655172414,0.3620689655172414,3.3764367816091956,0.0,0.06609195402298851,0.0,0.6896551724137931,0.0,0.0,0.5431034482758621,0.0,0.1206896551724138,2.060344827586207,0.2672413793103448,0.0,0.0,0.0,0.2413793103448276,5.474137931034483,0.0,3.1149425287356323,0.0,4.5,1.8275862068965518,0.3505747126436782,8.385057471264368,0.0,0.0,0.3275862068965517,0.0,0.0,0.0,13.350574712643677,1.7672413793103448,0.0,0.0,0.05747126436781609,0.0,0.5431034482758621,0.5977011494252874,0.0,0.11494252873563218,4.120689655172414
525,176,7,0.9339285714285714,0.11785714285714285,0.5732142857142857,4.410714285714286,0.0,0.0,0.0,0.025,0.0,0.0,0.5946428571428571,0.0,0.35892857142857143,2.1,1.3392857142857142,0.0,0.0,0.0,0.0,12.414285714285715,0.0125,2.5339285714285715,0.3267857142857143,9.3875,3.898214285714286,0.29464285714285715,6.382142857142857,0.0,0.0,0.07142857142857142,0.0,0.10178571428571428,0.0,17.78392857142857,2.757142857142857,0.0,0.14464285714285716,0.16071428571428573,0.06607142857142857,0.5910714285714286,0.5196428571428572,0.0,0.09821428571428571,0.0
523,2012,4,0.6319845857418112,0.06936416184971098,0.9075144508670521,4.026974951830443,0.0,0.0,0.0,0.0,0.0,0.0,0.22350674373795762,0.0,0.0,0.4142581888246628,0.1252408477842004,0.0,0.0,0.0,0.441233140655106,11.691714836223507,0.0,1.747591522157996,0.0,11.294797687861271,3.3179190751445087,0.07129094412331406,4.13102119460501,0.0,0.0,0.1926782273603083,0.0,0.0,0.0,16.146435452793835,2.4084778420038537,0.0,0.49710982658959535,0.0,0.0,0.7533718689788054,0.4682080924855491,0.0,0.038535645472061654,3.414258188824663
529,396,4,0.9226006191950464,0.09287925696594428,0.3560371517027864,4.637770897832818,0.0,0.0,0.0,0.0,0.0,0.0,0.0,0.0,0.0,0.0,0.0,0.0,0.0,0.0,0.0,13.882352941176471,0.0,3.126934984520124,0.0,10.312693498452012,5.272445820433436,0.3653250773993808,2.5356037151702786,0.0,0.0,0.20123839009287925,0.06191950464396285,0.0,0.0,24.3374613003096,2.9040247678018574,0.0,0.29411764705882354,0.018575851393188854,0.0,0.7956656346749226,0.6811145510835913,0.0,0.01238390092879257,0.0
523,1342,4,0.5822222222222222,0.07288888888888889,0.208,3.4026666666666667,0.0,0.0,0.0,0.019555555555555555,0.0,0.0,0.024888888888888887,0.0,0.0,0.23466666666666666,0.05333333333333334,0.0,0.0,0.0,0.024,11.173333333333334,0.0,2.6435555555555554,0.0,10.715555555555556,1.832,0.25333333333333335,3.408888888888889,0.0,0.0,0.15733333333333333,0.168,0.0,0.0,13.137777777777778,1.9244444444444444,0.0,0.14133333333333334,0.0008888888888888889,0.0,0.7875555555555556,0.5102222222222222,0.0,0.036444444444444446,0.0
519,1479,4,0.6890080428954424,0.13672922252010725,1.2091152815013404,5.978552278820375,0.0,0.0,0.0,0.0,0.0,0.0,0.0,0.34048257372654156,0.0,0.10723860589812333,0.13404825737265416,0.0,0.0,0.0,0.0,16.82573726541555,0.0,3.7238605898123325,0.0,10.458445040214476,4.879356568364611,0.0,4.863270777479893,0.0,0.0,0.16085790884718498,0.0,0.0,0.0,24.635388739946382,3.868632707774799,0.0,0.0,0.0,0.0,0.8150134048257373,0.6407506702412868,2.3351206434316354,0.05361930294906166,7.882037533512064
520,262,4,0.638095238095238,0.06190476190476191,1.0095238095238095,2.4523809523809526,0.0,0.0,0.0,0.21428571428571427,0.0,0.0,0.023809523809523808,0.0,0.0,0.45714285714285713,0.004761904761904762,0.0,0.0,0.0,0.0,2.052380952380952,0.06190476190476191,15.380952380952381,0.0,2.6666666666666665,0.7571428571428571,0.6333333333333333,7.4904761904761905,0.0,0.03333333333333333,0.04285714285714286,0.0,0.0,0.0,12.985714285714286,1.0,0.0,0.6571428571428571,0.0,0.0,0.06190476190476191,0.5190476190476191,0.0,0.03333333333333333,0.0
521,1601,7,0.6738351254480287,0.06451612903225806,1.960573476702509,2.4301075268817205,0.0,0.0,0.0,0.0,0.0,0.0,0.06093189964157706,0.0,0.0,0.32616487455197135,0.0,0.0,0.0,0.0,0.2724014336917563,6.910394265232975,0.0,2.792114695340502,0.0,3.07168458781362,0.6379928315412187,0.21863799283154123,5.817204301075269,0.0,0.0,0.1827956989247312,0.12903225806451613,0.0,0.0,9.924731182795698,1.028673835125448,0.0,0.7562724014336918,0.0931899641577061,0.0,0.24014336917562723,0.5304659498207885,0.0,0.02867383512544803,0.0
522,309,7,0.653125,0.053125,0.496875,2.621875,0.0,0.0,0.196875,0.35625,0.0,0.0,0.375,0.0,0.028125,1.3125,0.4625,0.0,0.0,0.0,0.99375,1.8875,0.1125,20.8875,0.0,1.33125,0.8875,0.996875,7.746875,0.0,0.0,0.0,0.0,0.0,0.0,14.3125,0.7375,0.0,0.00625,0.0,0.0,0.009375,0.565625,0.0,0.05,0.0
522,1142,4,0.7,0.1125,0.15,5.666666666666667,0.0,0.0,0.0,0.0,0.0,0.0,0.26666666666666666,0.0,0.0,0.38333333333333336,0.09583333333333334,0.0,0.0,0.0,0.7958333333333333,17.879166666666666,0.0,1.625,0.0,17.5,5.341666666666667,0.18333333333333332,3.425,0.0,0.0,0.0,0.55,0.0625,0.0,21.941666666666666,3.9916666666666667,0.0,0.0,0.0,0.008333333333333333,0.9833333333333333,0.5708333333333333,0.0,0.0375,4.270833333333333
531,1853,12,0.7292993630573248,0.0732484076433121,1.3694267515923566,2.5955414012738856,0.0,0.0,0.0,0.0,0.0,0.0,0.0,0.0,0.0,0.0,0.0,0.0,0.0,0.0,0.0,7.888535031847134,0.12738853503184713,2.767515923566879,0.0,4.191082802547771,1.0063694267515924,0.321656050955414,5.3152866242038215,0.0,0.08917197452229299,0.8184713375796179,0.0,0.0,0.0,13.140127388535031,1.4171974522292994,0.0,1.3152866242038217,0.1178343949044586,0.0,0.2484076433121019,0.5700636942675159,0.0,0.03184713375796178,0.0
524,1794,6,0.5511265164644714,0.09878682842287695,0.5043327556325823,3.6707105719237436,0.0,0.2738301559792028,0.0,0.5511265164644714,0.0,0.0,0.0,0.0,0.005199306759098787,0.5580589254766031,0.22010398613518198,0.0,0.3587521663778163,0.28596187175043325,0.0,7.535528596187175,0.05025996533795494,16.48006932409012,0.0,4.519930675909879,2.0086655112651646,0.8613518197573656,6.311958405545927,0.0,0.0,0.1386481802426343,0.0,0.0,0.0,19.02946273830156,1.7850953206239168,0.0,0.0034662045060658577,0.022530329289428077,0.0,0.3344887348353553,0.6221837088388215,0.0,0.05545927209705372,7.845753899480069
538,75,4,0.7142857142857143,0.05142857142857143,1.2457142857142858,3.262857142857143,0.0,0.0,0.0,0.02857142857142857,0.0,0.0,0.4114285714285714,0.0,0.5485714285714286,1.7142857142857142,1.2057142857142857,0.0,0.0,0.0,0.13142857142857142,2.5085714285714285,0.09142857142857143,4.142857142857143,0.0,3.5028571428571427,3.0514285714285716,2.0285714285714285,11.52,0.0,0.0,0.4,0.0,0.7085714285714285,0.0,19.50857142857143,1.96,0.0,0.08571428571428572,0.24571428571428572,0.0,0.26285714285714284,0.6228571428571429,0.0,0.05714285714285714,2.1714285714285713
522,636,15,0.7017892644135189,0.09642147117296222,0.6998011928429424,2.7485089463220675,0.0,0.0,0.0,0.0,0.0,0.0,0.0,0.0,0.0,0.011928429423459244,0.0,0.0,0.0,0.0,0.0775347912524851,12.634194831013916,0.005964214711729622,2.190854870775348,0.0,7.136182902584493,1.154075546719682,0.20974155069582506,5.307157057654075,0.0,0.0,0.0009940357852882703,0.0,0.0,0.0,10.409542743538767,1.2992047713717694,0.0,0.012922465208747515,0.06063618290258449,0.003976143141153081,0.4552683896620278,0.4831013916500994,0.0,0.019880715705765408,0.0
534,1057,4,0.856,0.184,0.632,4.648,0.0,0.0,0.0,0.704,0.0,0.0,0.0,0.0,0.0,0.0,0.192,0.0,0.0,0.0,0.0,13.176,0.0,2.928,0.0,17.464,4.056,0.216,4.28,0.0,0.0,0.336,0.624,0.0,0.0,16.992,2.944,0.824,0.0,0.0,0.0,1.288,0.56,0.0,0.08,0.0
524,1092,4,0.5904392764857881,0.10400516795865633,0.9896640826873385,4.508397932816537,0.0,0.0012919896640826874,0.0,0.012919896640826873,0.0,0.0,0.0,0.0,0.0,0.025193798449612403,0.0006459948320413437,0.0,0.003875968992248062,0.0,0.0,17.06847545219638,0.03488372093023256,3.488372093023256,0.0,8.200904392764858,2.65374677002584,0.08333333333333333,4.699612403100775,0.0,0.0,0.09819121447028424,0.13049095607235142,0.0,0.0,17.473514211886304,2.5426356589147288,0.0,0.14082687338501293,0.13113695090439276,0.0,0.6111111111111112,0.562015503875969,0.0,0.040697674418604654,0.8378552971576227
531,1989,4,0.6132596685082873,0.055248618784530384,2.7900552486187844,2.552486187845304,0.0,0.06077348066298342,0.0,0.4861878453038674,0.0,0.0,0.15469613259668508,0.0,0.1878453038674033,0.5524861878453039,0.2541436464088398,0.0,0.0,0.0,0.06629834254143646,4.6740331491712706,0.16022099447513813,4.801104972375691,0.0,2.6740331491712706,0.6187845303867403,0.430939226519337,7.823204419889502,0.0,0.0,0.585635359116022,0.0,0.0055248618784530384,0.0,11.12707182320442,0.8176795580110497,0.0,0.8342541436464088,0.1878453038674033,0.0,0.2430939226519337,0.6022099447513812,0.0,0.027624309392265192,0.8342541436464088
528,366,7,0.7601522842639594,0.11928934010152284,0.3197969543147208,4.49492385786802,0.0,0.0,0.0,0.01649746192893401,0.0,0.0,0.0,0.0,0.0,0.11040609137055837,0.0,0.0,0.0,0.0,0.0,14.98223350253807,0.0,3.261421319796954,0.0,14.769035532994923,2.464467005076142,0.1446700507614213,3.534263959390863,0.0,0.0,0.7398477157360406,0.0,0.0,0.0,21.450507614213198,2.3756345177664975,0.0,0.8020304568527918,0.08375634517766498,0.0,0.9263959390862944,0.633248730964467,0.0,0.03680203045685279,0.0
531,572,12,0.590625,0.078125,1.096875,2.865625,0.0,0.0,0.0,0.0,0.0,0.0,0.6125,0.0,0.0,1.315625,0.384375,0.0,0.0,0.0,1.80625,10.31875,0.0,2.43125,0.0,4.371875,1.540625,0.45,6.3375,0.0,0.0,0.14375,0.0,0.0,0.0,11.228125,1.153125,0.0,0.26875,0.084375,0.15625,0.29375,0.475,0.0,0.05625,3.4875
548,1667,4,1.625,0.0889423076923077,0.4182692307692308,4.141826923076923,0.0,0.0,0.0,1.3966346153846154,0.0,0.0,0.0,0.0,0.0,0.9591346153846154,0.38461538461538464,0.0,0.0,0.026442307692307692,0.0,10.6875,0.02403846153846154,3.59375,0.0,7.5,2.9951923076923075,0.2860576923076923,6.548076923076923,0.0,0.0,0.04567307692307692,0.0,0.0,0.0,16.44471153846154,2.3701923076923075,0.0,0.0,0.0985576923076923,0.0,1.5456730769230769,1.0504807692307692,0.0,0.24519230769230768,10.79326923076923
527,1803,12,0.6161007667031764,0.10295728368017525,0.6352683461117196,4.622124863088718,0.0,0.0,0.0,0.0,0.0,0.0,0.0,0.0,0.0,0.20755750273822562,0.03231106243154436,0.0,0.022453450164293537,0.0,0.0,15.21303395399781,0.022453450164293537,3.9299014238773275,0.0,9.670865279299015,4.0596933187294635,0.608433734939759,5.909090909090909,0.0,0.08817086527929902,0.12924424972617743,0.12924424972617743,0.0,0.0,19.60405257393209,2.375684556407448,0.0,0.07940854326396495,0.20755750273822562,0.0,0.6944140197152245,0.619934282584885,0.0,0.05093099671412924,0.69934282584885
527,1836,12,0.7664233576642335,0.043795620437956206,0.6277372262773723,2.7664233576642334,0.0,0.5620437956204379,0.0,1.2846715328467153,0.0,0.0,0.11678832116788321,0.0,0.2773722627737226,1.897810218978102,1.094890510948905,0.0,0.0,0.029197080291970802,0.0,1.5912408759124088,0.0,7.204379562043796,0.0,2.4744525547445257,2.0291970802919708,1.6788321167883211,10.437956204379562,0.0,0.0,0.20437956204379562,0.0,0.08759124087591241,0.0,15.08029197080292,1.2554744525547445,0.0,0.0,0.39416058394160586,0.0,0.2846715328467153,0.708029197080292,0.0,0.051094890510948905,1.9197080291970803
528,989,4,0.6286919831223629,0.0970464135021097,0.6877637130801688,3.4177215189873418,0.14345991561181434,1.2447257383966244,0.0,3.1856540084388185,0.0,0.0,0.0,0.0,0.1940928270042194,2.561181434599156,1.1772151898734178,0.0,0.4641350210970464,0.48523206751054854,0.11392405063291139,8.974683544303797,0.0,20.240506329113924,0.0,3.413502109704641,1.7004219409282701,2.0337552742616034,12.713080168776372,0.0759493670886076,0.0,0.23628691983122363,0.0,0.0,0.0,18.451476793248943,1.3248945147679325,0.0,0.0,0.2320675105485232,0.0,0.4177215189873418,0.6877637130801688,0.0,0.11814345991561181,5.801687763713081
526,1494,15,0.8328358208955224,0.08059701492537313,0.07761194029850746,5.152238805970149,0.0,0.0,0.0,0.0,0.0,0.0,0.0,0.0,0.0,0.0,0.06567164179104477,0.0,0.0,0.0,0.0,12.277611940298508,0.0,3.002985074626866,0.0,18.08955223880597,4.51044776119403,0.0,1.9880597014925374,0.0,0.1044776119402985,0.1373134328358209,0.0,0.0,0.0,20.411940298507464,3.2597014925373133,0.0,0.4925373134328358,0.0029850746268656717,0.0,1.128358208955224,0.5044776119402985,0.0,0.023880597014925373,0.0
543,1426,12,0.6691176470588235,0.11764705882352941,0.5220588235294118,2.073529411764706,0.0,0.0,0.0,0.4338235294117647,0.0,0.0,0.10294117647058823,0.0,0.0,0.7352941176470589,0.16176470588235295,0.0,0.0,0.0,0.0,4.007352941176471,0.058823529411764705,16.044117647058822,0.0,3.2941176470588234,0.0661764705882353,0.9632352941176471,9.492647058823529,0.0,0.0,0.0,0.0,0.0,0.0,11.727941176470589,0.6176470588235294,0.0,0.0,0.1323529411764706,0.0,0.25,0.6985294117647058,0.0,0.0661764705882353,0.0
534,1817,12,0.6591981132075472,0.08254716981132075,0.8183962264150944,5.069575471698113,0.0,0.14976415094339623,0.0,1.0,0.0,0.0,0.0,0.0,0.0,1.1084905660377358,0.32547169811320753,0.0,0.01768867924528302,0.12617924528301888,0.10849056603773585,13.48820754716981,0.054245283018867926,9.505896226415095,0.0,6.826650943396227,4.428066037735849,0.3384433962264151,4.96933962264151,0.0,0.12382075471698113,0.19103773584905662,0.0,0.0,0.17099056603773585,20.484669811320753,2.818396226415094,0.0,0.28891509433962265,0.08962264150943396,0.0,0.9245283018867925,0.6367924528301887,0.0,0.06839622641509434,4.232311320754717
530,321,7,0.6380090497737556,0.11764705882352941,0.5,5.199095022624435,0.3167420814479638,1.0542986425339367,0.0,2.6561085972850678,0.0,0.0,0.0,0.0,0.13800904977375567,2.323529411764706,0.918552036199095,0.0,0.502262443438914,0.9411764705882353,0.006787330316742082,15.800904977375566,0.011312217194570135,13.441176470588236,0.0,5.678733031674208,4.217194570135747,2.013574660633484,10.156108597285067,0.08597285067873303,0.0,0.15384615384615385,0.0,0.0,0.0,24.205882352941178,2.4004524886877827,0.0,0.0,0.3235294117647059,0.0,0.8868778280542986,0.7782805429864253,0.25565610859728505,0.10180995475113122,10.264705882352942
545,140,4,0.5833333333333334,0.13636363636363635,0.24242424242424243,4.0606060606060606,0.0,0.0,0.0,0.0,0.0,0.0,0.3333333333333333,0.0,0.0,1.0075757575757576,0.45454545454545453,0.0,0.0,0.0,0.7954545454545454,6.818181818181818,0.0,2.1666666666666665,0.0,7.787878787878788,3.3863636363636362,0.2196969696969697,3.515151515151515,0.0,0.0,0.20454545454545456,0.1590909090909091,0.11363636363636363,0.0,16.46969696969697,2.8106060606060606,0.0,0.0,0.0,0.4015151515151515,0.5075757575757576,0.44696969696969696,0.0,0.07575757575757576,4.03030303030303
539,591,12,0.6374269005847953,0.09273182957393483,0.32999164578111945,2.853801169590643,0.0,0.0,0.0,0.0,0.0,0.0,0.036758563074352546,0.0,0.04427736006683375,0.23057644110275688,0.07518796992481203,0.0,0.0,0.0,0.0,11.431077694235588,0.0,1.9966583124477861,0.0,6.033416875522139,0.985797827903091,0.15371762740183792,3.340016708437761,0.0,0.0,0.005012531328320802,0.03926482873851295,0.047619047619047616,0.0,12.12280701754386,1.7218045112781954,0.0,0.09941520467836257,0.042606516290726815,0.0,0.3642439431913116,0.45864661654135336,0.0,0.03341687552213868,0.2172096908939014
536,963,4,0.9379310344827586,0.06436781609195402,0.3471264367816092,3.717241379310345,0.0,0.0,0.0,0.7333333333333333,0.0,0.0,0.0,0.0,0.0,0.5678160919540229,0.2413793103448276,0.0,0.0,0.39770114942528734,0.0,9.616091954022988,0.0,2.9080459770114944,0.0,15.27816091954023,2.432183908045977,0.45517241379310347,4.882758620689655,0.0,0.0,0.06896551724137931,0.0,0.0,0.0,14.636781609195403,2.147126436781609,0.0,0.0,0.08735632183908046,0.0,1.6942528735632183,0.6183908045977011,0.0,0.09425287356321839,4.871264367816092
537,49,4,0.9540816326530612,0.058673469387755105,0.7653061224489796,5.540816326530612,0.0,0.0,0.0,0.18112244897959184,0.0,0.0,0.0,0.0,0.0,0.17857142857142858,0.29846938775510207,0.0,0.0,0.0,0.0,11.311224489795919,0.05102040816326531,2.693877551020408,0.0,21.642857142857142,5.354591836734694,0.08163265306122448,3.9081632653061225,0.0,0.015306122448979591,0.6709183673469388,0.0,0.0,0.0,21.020408163265305,3.701530612244898,0.0,0.6913265306122449,0.025510204081632654,0.0,1.3010204081632653,0.5663265306122449,0.0,0.04846938775510204,0.0
537,1734,7,0.6945945945945946,0.05945945945945946,0.21621621621621623,2.324324324324324,0.0,0.0,0.0,0.05405405405405406,0.0,0.0,0.0,0.0,0.0,0.21081081081081082,0.06486486486486487,0.0,0.0,0.0,0.17297297297297298,5.059459459459459,0.0,2.135135135135135,0.0,4.77027027027027,0.9864864864864865,0.03783783783783784,3.5783783783783782,0.0,0.0,0.0,0.0,0.0,0.005405405405405406,10.9,1.554054054054054,0.0,0.0,0.0,0.0,0.3081081081081081,0.4810810810810811,0.0,0.03783783783783784,0.016216216216216217
533,1356,2,0.6460554371002132,0.1279317697228145,0.7825159914712153,5.029850746268656,0.0,0.0,0.0,0.2771855010660981,0.0,0.0,0.7547974413646056,0.0,0.06183368869936034,2.5309168443496803,0.9872068230277186,0.0,0.0,0.0,2.08955223880597,17.085287846481876,0.14925373134328357,6.449893390191898,0.0,9.1727078891258,3.3347547974413647,1.5309168443496801,7.9658848614072495,0.0,0.0,0.3070362473347548,0.0,0.1300639658848614,0.0,21.081023454157783,2.0490405117270787,0.0,0.1513859275053305,0.03837953091684435,0.10874200426439233,0.652452025586354,0.6311300639658849,0.0,0.10660980810234541,2.6396588486140726
540,649,4,0.6122448979591837,0.12244897959183673,0.891156462585034,5.965986394557823,0.0,0.06802721088435375,0.0,0.2789115646258503,0.0,0.0,0.0,0.24489795918367346,0.0,0.29931972789115646,0.22448979591836735,0.0,0.0,0.0,0.0,17.503401360544217,0.0,5.299319727891157,0.0,9.795918367346939,4.115646258503402,0.0,4.312925170068027,0.0,0.0,0.0,0.0,0.0,0.0,22.87074829931973,3.3197278911564627,0.0,0.0,0.0,0.0,0.6598639455782312,0.6802721088435374,0.04081632653061224,0.047619047619047616,8.006802721088436
536,1107,4,0.8906030855539971,0.11079943899018233,0.9775596072931276,5.316970546984572,0.0,0.0,0.0,0.21037868162692847,0.0,0.0,0.0,0.0,0.0,0.0,0.0,0.0,0.0,0.0,0.0,20.02664796633941,0.005610098176718092,2.1458625525946706,0.0,8.9382889200561,2.3281907433380082,0.15427769985974754,4.741935483870968,0.0,0.0,0.10799438990182328,0.5638148667601683,0.0,0.0,18.403927068723704,2.868162692847125,0.04908835904628331,0.0,0.12201963534361851,0.0,1.0939691444600281,0.5553997194950911,0.0,0.09537166900420757,0.0
543,843,12,0.5934426229508196,0.03934426229508197,2.5901639344262297,4.0131147540983605,0.0,0.0,0.0,0.0,0.0,0.0,0.0,0.0,0.0,0.003278688524590164,0.0,0.0,0.0,0.0,0.0,7.19344262295082,0.18688524590163935,3.5114754098360654,0.0,6.685245901639345,2.9934426229508198,0.2819672131147541,6.2918032786885245,0.0,0.0,0.25245901639344265,0.0,0.0,0.0,16.37049180327869,2.4327868852459016,0.0,0.7245901639344262,0.10819672131147541,0.0,0.4524590163934426,0.6852459016393443,0.0,0.05245901639344262,0.2721311475409836
551,231,4,1.0636896046852122,0.12079062957540264,0.43923865300146414,4.655197657393851,0.0,0.02855051244509517,0.0,0.3945827232796486,0.0,0.0,0.0,0.0,0.010248901903367497,0.3462664714494876,0.21888726207906295,0.0,0.013177159590043924,0.07174231332357248,0.0,11.55710102489019,0.012445095168374817,2.4480234260614933,0.0,9.121522693997072,3.5087847730600292,0.08857979502196194,4.477306002928258,0.0,0.09224011713030747,0.0,0.26281112737920936,0.0,0.0,18.241581259150806,3.0029282576866763,0.0,0.0,0.0841874084919473,0.0,0.8674963396778916,0.5702781844802343,0.0,0.0629575402635432,1.0307467057101025
537,264,4,0.602608098833219,0.07343857240905971,0.574468085106383,3.827041866849691,0.0,0.0,0.0,0.0,0.0,0.0,0.0006863417982155113,0.0,0.0,0.0006863417982155113,0.0,0.0,0.0,0.0,0.0013726835964310226,12.386410432395333,0.0,2.1352093342484557,0.0,8.13589567604667,2.848318462594372,0.07549759780370624,2.5387783115991764,0.0,0.0,0.09883321894303362,0.11256005490734386,0.0,0.0,15.36238846945779,2.310226492793411,0.0,0.06382978723404255,0.06245710363761153,0.0,0.4914207275223061,0.48661633493479756,0.0,0.022649279341111873,0.0
537,421,15,0.5909090909090909,0.08080808080808081,1.2171717171717171,2.8156565656565657,0.0,0.0,0.0,0.0,0.0,0.0,0.0,0.0,0.0,0.0,0.0,0.0,0.0,0.0,0.0,10.623737373737374,0.0,1.595959595959596,0.0,4.931818181818182,0.8863636363636364,0.13383838383838384,3.8383838383838382,0.0,0.0,0.05555555555555555,0.1388888888888889,0.0,0.0,11.818181818181818,1.7121212121212122,0.0,0.23737373737373738,0.07828282828282829,0.0,0.17424242424242425,0.47474747474747475,0.0,0.017676767676767676,0.0
537,690,4,0.6401869158878505,0.08878504672897196,0.22897196261682243,2.7429906542056073,0.0,0.0,0.0,0.17757009345794392,0.0,0.0,0.0,0.0,0.0,0.2570093457943925,0.03271028037383177,0.0,0.0,0.0,0.0,7.453271028037383,0.0,3.8738317757009346,0.0,7.0046728971962615,1.5327102803738317,0.411214953271028,5.294392523364486,0.0,0.0,0.11682242990654206,0.0794392523364486,0.0,0.0,12.38785046728972,1.4953271028037383,0.0,0.004672897196261682,0.0,0.0,0.42990654205607476,0.49065420560747663,0.0,0.02336448598130841,0.0
541,106,4,0.7815533980582524,0.10679611650485436,2.1407766990291264,3.995145631067961,0.0,0.0,0.0,0.0,0.0,0.0,0.0,0.0,0.0,0.0,0.0,0.0,0.0,0.0,0.0,9.78640776699029,0.15048543689320387,2.878640776699029,0.0,6.0,2.79126213592233,0.6504854368932039,8.970873786407767,0.0,0.0,0.23300970873786409,0.17475728155339806,0.0,0.0,16.019417475728154,2.4466019417475726,0.0,0.1650485436893204,0.0970873786407767,0.0,0.4174757281553398,0.5485436893203883,0.0,0.06310679611650485,0.0
546,550,4,0.5958333333333333,0.05416666666666667,0.5895833333333333,2.25,0.0,0.0,0.0,0.0,0.0,0.0,0.0,0.0,0.0,0.0125,0.0,0.0,0.0,0.0125,0.0,5.541666666666667,0.0,2.1708333333333334,0.0,3.247916666666667,0.8395833333333333,0.2708333333333333,7.147916666666666,0.0,0.0,0.0,0.0,0.0,0.0,10.25,1.2645833333333334,0.0,0.0125,0.029166666666666667,0.0,0.13958333333333334,0.4708333333333333,0.0,0.029166666666666667,0.0
549,801,4,0.8306010928961749,0.08633879781420765,0.9890710382513661,3.3672131147540982,0.0,0.0,0.0,0.03825136612021858,0.0,0.0,0.0,0.0,0.0,0.09836065573770492,0.02185792349726776,0.0,0.0,0.0,0.0,12.099453551912568,0.03278688524590164,2.6262295081967215,0.0,5.969398907103825,2.2666666666666666,0.21420765027322405,6.653551912568306,0.0,0.0,0.24043715846994534,0.10163934426229508,0.0,0.0,13.118032786885246,1.876502732240437,0.0,0.019672131147540985,0.08306010928961749,0.0,0.4644808743169399,0.4644808743169399,0.0,0.1092896174863388,0.11912568306010929
556,359,4,1.0796536796536798,0.0987012987012987,0.5108225108225108,4.48051948051948,0.0,0.0,0.0,0.1264069264069264,0.0,0.0,0.01038961038961039,0.0,0.0,0.15411255411255412,0.17402597402597403,0.0,0.0,0.0,0.0,14.244155844155845,0.0,2.911688311688312,0.0,9.677922077922078,4.481385281385282,0.08744588744588745,4.872727272727273,0.0,0.0,0.04329004329004329,0.27705627705627706,0.0,0.0,17.364502164502163,2.864069264069264,0.0,0.011255411255411256,0.13246753246753246,0.0,0.7463203463203463,0.6025974025974026,0.0,0.07445887445887446,0.0
552,685,4,0.5653669724770642,0.08486238532110092,0.6788990825688074,3.1892201834862384,0.0,0.0,0.0,0.10435779816513761,0.0,0.0,0.02408256880733945,0.0,0.0,0.3486238532110092,0.17545871559633028,0.0,0.009174311926605505,0.040137614678899085,0.13646788990825687,12.229357798165138,0.0,3.264908256880734,0.0,5.3245412844036695,1.686926605504587,0.3394495412844037,4.381880733944954,0.0,0.0,0.1720183486238532,0.0,0.0,0.0,12.912844036697248,1.8440366972477065,0.0,0.26490825688073394,0.08944954128440367,0.0,0.4013761467889908,0.46559633027522934,0.0,0.04931192660550459,1.9690366972477065
550,1088,4,1.0406905055487052,0.08261405672009864,1.2108508014796548,3.8212083847102343,0.0,0.0,0.0,0.013563501849568433,0.0,0.0,0.0,0.0,0.0,0.0,0.07151664611590629,0.0,0.0,0.0,0.0,11.89889025893958,0.093711467324291,2.3995067817509246,0.0,5.701602959309494,2.9321824907521576,0.4796547472256473,6.745992601726264,0.0,0.0,0.11837237977805179,0.17755856966707767,0.0,0.0,15.00739827373613,2.070283600493218,0.0,0.1282367447595561,0.02342786683107275,0.0,0.5770653514180024,0.5869297163995068,0.0,0.08261405672009864,0.0
543,1280,12,0.6040723981900452,0.0746606334841629,0.5260180995475113,3.9423076923076925,0.0,0.0,0.0,0.0,0.0,0.0,0.0,0.0,0.0,0.0,0.0,0.0,0.0,0.0,0.0,10.44683257918552,0.01583710407239819,2.819004524886878,0.0,9.926470588235293,3.2160633484162897,0.012443438914027148,2.430995475113122,0.0,0.0,0.42081447963800905,0.0,0.0,0.0,16.675339366515836,2.501131221719457,0.0,0.4309954751131222,0.14027149321266968,0.0,0.6063348416289592,0.5475113122171946,0.0,0.02828054298642534,0.0
541,1297,12,0.6253369272237197,0.11590296495956873,0.2560646900269542,3.223719676549865,0.0,0.05121293800539083,0.0,0.24258760107816713,0.0,0.0,0.0,0.0,0.0,0.29380053908355797,0.05390835579514825,0.0,0.0,0.7358490566037735,0.0,11.797843665768195,0.0,27.20754716981132,0.0,6.590296495956873,1.471698113207547,0.18598382749326145,4.2991913746630726,0.0,0.0,0.2884097035040431,0.0,0.0,0.0,14.814016172506738,1.4797843665768193,0.0,0.18598382749326145,0.0673854447439353,0.0,0.7331536388140162,0.6657681940700808,0.018867924528301886,0.05660377358490566,10.795148247978437
545,205,4,0.6369047619047619,0.10119047619047619,0.16666666666666666,4.523809523809524,0.0,0.0,0.0,0.2976190476190476,0.0,0.0,0.0,0.0,0.0,0.4166666666666667,0.17261904761904762,0.0,0.0,0.19047619047619047,0.0,13.767857142857142,0.0,28.702380952380953,0.0,11.0,4.196428571428571,0.0,4.339285714285714,0.06547619047619048,0.0,0.23214285714285715,0.14285714285714285,0.0,0.0,19.291666666666668,2.6011904761904763,0.0,0.041666666666666664,0.0,0.0,2.0476190476190474,0.5178571428571429,0.6666666666666666,0.06547619047619048,19.321428571428573
543,983,4,0.559748427672956,0.050314465408805034,0.9213836477987422,2.289308176100629,0.0,0.0,0.0,0.0,0.0,0.0,0.0,0.0,0.0,0.0,0.0,0.0,0.0,0.0,0.0,7.783018867924528,0.0,2.3679245283018866,0.0,4.081761006289308,0.46540880503144655,0.006289308176100629,3.9559748427672954,0.0,0.0,0.07547169811320754,0.0,0.0,0.0,9.770440251572326,1.0723270440251573,0.0,0.4276729559748428,0.0,0.0,0.22012578616352202,0.5062893081761006,0.0,0.012578616352201259,0.0
549,1576,12,0.6888111888111889,0.07692307692307693,0.23426573426573427,5.440559440559441,0.0,0.0,0.0,0.0,0.0,0.0,0.0,0.0,0.0,0.0,0.22377622377622378,0.0,0.0,0.0,0.0,15.174825174825175,0.0,2.513986013986014,0.0,20.122377622377623,5.041958041958042,0.0,3.0384615384615383,0.0,0.01048951048951049,0.13286713286713286,0.0,0.0,0.0,21.657342657342657,3.520979020979021,0.0,0.44755244755244755,0.0,0.0,1.1608391608391608,0.5524475524475524,0.0,0.03496503496503497,0.0
548,320,7,2.0709987966305654,0.09386281588447654,0.30806257521058966,3.4825511432009626,0.0,0.012033694344163659,0.19133574007220217,0.4897713598074609,0.0,0.0,0.0,0.0,0.0,0.8038507821901324,0.24548736462093862,0.0,0.28279181708784595,1.1696750902527075,0.08543922984356198,10.332129963898916,0.04332129963898917,44.49217809867629,0.0,10.527075812274369,2.540312876052948,0.5703971119133574,5.588447653429603,0.0,0.010830324909747292,0.1022864019253911,0.0,0.0,0.0,16.84837545126354,1.4981949458483754,0.0,0.29482551143200963,0.148014440433213,0.0,1.1371841155234657,0.7388688327316486,0.7340553549939831,0.33935018050541516,14.034897713598074
548,339,7,0.6045081967213115,0.06147540983606557,0.27459016393442626,3.2438524590163933,0.0,0.0,0.0,0.0,0.0,0.0,0.12295081967213115,0.0,0.0,0.42418032786885246,0.2336065573770492,0.0,0.0,0.0,0.430327868852459,11.102459016393443,0.0,1.8934426229508197,0.0,9.754098360655737,1.903688524590164,0.10040983606557377,4.075819672131147,0.0,0.0,0.25,0.0,0.030737704918032786,0.0,13.211065573770492,2.0368852459016393,0.0,0.04918032786885246,0.0,0.08811475409836066,0.6147540983606558,0.4979508196721312,0.0,0.03483606557377049,0.24385245901639344
556,749,4,0.6030701754385965,0.11403508771929824,0.23903508771929824,4.848684210526316,0.0,0.0,0.0,0.0,0.0,0.0,0.2916666666666667,0.0,0.0,0.8464912280701754,0.33771929824561403,0.0,0.0,0.0,0.8333333333333334,15.956140350877194,0.0,1.9912280701754386,0.0,16.80263157894737,5.607456140350878,0.015350877192982455,3.620614035087719,0.0,0.0,0.10964912280701754,0.0,0.0,0.0,18.289473684210527,3.0350877192982457,0.0,0.20394736842105263,0.0,0.0,1.1074561403508771,0.4824561403508772,0.9166666666666666,0.041666666666666664,18.267543859649123
542,1518,11,0.7501858736059479,0.08996282527881042,0.5724907063197026,3.4312267657992566,0.0,0.06245353159851301,0.0,0.24684014869888476,0.0,0.0,0.0,0.0,0.03420074349442379,0.441635687732342,0.1315985130111524,0.0,0.0,0.0022304832713754648,0.0,11.986617100371747,0.0,3.3048327137546467,0.0,7.253531598513011,2.4565055762081784,0.2661710037174721,4.768773234200744,0.0,0.0,0.040892193308550186,0.05724907063197026,0.0037174721189591076,0.0,14.198513011152416,2.007434944237918,0.0,0.0,0.1033457249070632,0.0,0.6289962825278811,0.9278810408921933,0.0,0.04460966542750929,0.3524163568773234
553,1534,11,0.7623762376237624,0.054455445544554455,0.0,3.2524752475247523,0.21782178217821782,0.2722772277227723,0.0,0.039603960396039604,0.0,0.0,0.0,0.0,0.0,1.9158415841584158,0.6534653465346535,0.0,1.2722772277227723,0.19306930693069307,0.0,7.217821782178218,0.0,5.217821782178218,0.0,3.0396039603960396,3.0643564356435644,0.8267326732673267,3.4306930693069306,0.2079207920792079,0.0,0.3217821782178218,0.0,0.0,3.237623762376238,15.51980198019802,2.0742574257425743,0.0,0.0,0.3069306930693069,0.0,0.7673267326732673,0.5891089108910891,0.0,0.10891089108910891,1.7772277227722773
558,192,4,3.2288401253918497,0.09717868338557993,0.3730407523510972,4.4576802507836994,0.09090909090909091,0.13793103448275862,0.0,0.5689655172413793,0.0,0.0,0.20376175548589343,0.0,0.10344827586206896,2.200626959247649,0.9231974921630094,0.0,0.7053291536050157,0.15047021943573669,0.045454545454545456,14.683385579937305,0.03918495297805643,9.427899686520377,0.0,4.067398119122257,3.5752351097178683,0.9749216300940439,6.860501567398119,0.27586206896551724,0.0,0.31347962382445144,0.0,0.29153605015673983,1.249216300940439,20.446708463949843,2.274294670846395,0.0,0.2727272727272727,0.29310344827586204,0.109717868338558,0.7758620689655172,0.6692789968652038,0.0,1.1112852664576802,2.7476489028213167
545,376,4,0.5496613995485328,0.0835214446952596,0.7641083521444695,2.9808126410835216,0.0,0.0,0.0,0.0,0.0,0.0,0.025959367945823927,0.0,0.0,0.06772009029345373,0.03837471783295711,0.0,0.0,0.0,0.09255079006772009,12.937923250564333,0.0,2.1218961625282167,0.0,6.1072234762979685,1.0011286681715577,0.10835214446952596,3.8419864559819414,0.0,0.0,0.08690744920993228,0.0,0.0,0.0,12.409706546275395,1.7031602708803613,0.0,0.23476297968397292,0.0,0.0,0.37697516930022573,0.5022573363431151,0.0,0.023702031602708805,0.0
550,879,4,0.5846153846153846,0.041025641025641026,2.0205128205128204,2.246153846153846,0.0,0.0,0.0,0.0,0.0,0.0,0.0,0.0,0.0,0.3282051282051282,0.0,0.0,0.0,0.0,0.010256410256410256,6.97948717948718,0.0,2.8,0.0,2.5794871794871796,0.48205128205128206,0.48717948717948717,5.805128205128205,0.0,0.0,0.39487179487179486,0.0,0.0,0.0,10.143589743589743,0.9487179487179487,0.0,0.6307692307692307,0.19487179487179487,0.0,0.13333333333333333,0.47692307692307695,0.0,0.046153846153846156,0.0
556,1255,4,0.8721374045801527,0.09732824427480916,0.7652671755725191,4.030534351145038,0.0,0.0,0.0,0.0057251908396946565,0.0,0.0,0.05343511450381679,0.0,0.02099236641221374,0.3187022900763359,0.183206106870229,0.0,0.0,0.0,0.0,10.938931297709924,0.0,2.604961832061069,0.0,9.933206106870228,2.9255725190839694,0.17748091603053434,6.916030534351145,0.0,0.0,0.05343511450381679,0.0,0.0,0.0,16.864503816793892,2.519083969465649,0.0,0.0057251908396946565,0.03244274809160305,0.0,0.7041984732824428,0.5896946564885496,0.0,0.04580152671755725,0.0
549,481,4,0.8966318234610917,0.08826945412311266,1.5470383275261324,3.947735191637631,0.0,0.004645760743321719,0.0,0.023228803716608595,0.0,0.0,0.0,0.0,0.0,0.07549361207897794,0.003484320557491289,0.0,0.0,0.0011614401858304297,0.0,13.26945412311266,0.0627177700348432,7.818815331010453,0.0,14.202090592334494,3.038327526132404,0.0859465737514518,5.0894308943089435,0.0,0.08943089430894309,0.397212543554007,0.0,0.0,0.0,17.341463414634145,2.2636469221835074,0.0,1.0371660859465737,0.08710801393728224,0.0,0.9384436701509872,0.610917537746806,0.0,0.05807200929152149,1.916376306620209
544,1323,4,0.5888157894736842,0.0756578947368421,0.6924342105263158,3.2351973684210527,0.0,0.0,0.0,0.0,0.0,0.0,0.0,0.0,0.0,0.027960526315789474,0.0,0.0,0.0,0.0,0.0,13.598684210526315,0.018092105263157895,2.629934210526316,0.0,6.501644736842105,1.444078947368421,0.24835526315789475,3.3421052631578947,0.0,0.0,0.0,0.0,0.0,0.0,13.03125,1.9013157894736843,0.0,0.14638157894736842,0.15460526315789475,0.0,0.3503289473684211,0.5657894736842105,0.6019736842105263,0.03289473684210526,1.450657894736842
555,1365,15,0.6431372549019608,0.08235294117647059,0.796078431372549,3.9725490196078432,0.0,0.0,0.0,0.011764705882352941,0.0,0.0,0.0,0.027450980392156862,0.11372549019607843,0.00784313725490196,0.058823529411764705,0.0,0.0,0.0,0.0,13.764705882352942,0.0,7.866666666666666,0.0,7.623529411764705,1.8588235294117648,0.06666666666666667,6.701960784313726,0.07058823529411765,0.43529411764705883,0.09411764705882353,0.1803921568627451,0.0,0.0,18.627450980392158,1.6313725490196078,0.0,0.07058823529411765,0.0,0.0,0.615686274509804,0.6745098039215687,4.137254901960785,0.043137254901960784,3.607843137254902
552,441,15,0.6341463414634146,0.08483563096500531,0.37645811240721105,4.431601272534465,0.0,0.16861081654294804,0.0,0.30858960763520676,0.0,0.0,0.0,0.0,0.0,0.6002120890774125,0.16967126193001061,0.0,0.0,0.0,0.0,11.99575821845175,0.003181336161187699,4.7158006362672324,0.0,9.039236479321316,4.200424178154825,0.3075291622481442,6.573700954400849,0.0,0.0,0.016967126193001062,0.0,0.0,0.0,21.182396606574763,2.848356309650053,0.0,0.2513255567338282,0.010604453870625663,0.0,0.5121951219512195,0.5970307529162248,0.1261930010604454,0.019088016967126194,0.3563096500530223
548,579,15,0.9187817258883249,0.1116751269035533,0.34517766497461927,4.209813874788494,0.0,0.0,0.0,0.4263959390862944,0.0,0.0,0.02030456852791878,0.0,0.0,0.61082910321489,0.23688663282571912,0.0,0.0,0.0,0.04568527918781726,12.815566835871405,0.001692047377326565,4.436548223350254,0.0,19.360406091370557,1.131979695431472,0.4686971235194585,5.631133671742809,0.0,0.0,0.0,0.0,0.0,0.0,16.703891708967852,2.5617597292724197,0.0,0.5313028764805414,0.038917089678511,0.0,1.1150592216582065,0.5329949238578681,1.3756345177664975,0.08121827411167512,2.649746192893401
549,920,4,0.973568281938326,0.05286343612334802,0.34801762114537443,2.1101321585903086,0.0,0.0,0.0,0.4052863436123348,0.0,0.0,0.0,0.0,0.0,0.4008810572687225,0.07488986784140969,0.0,0.0,0.0,0.0,8.612334801762115,0.0,1.6651982378854626,0.0,25.651982378854626,0.5506607929515418,0.2643171806167401,4.691629955947136,0.0,0.0,0.22466960352422907,0.0,0.0,0.0,10.678414096916299,1.5418502202643172,0.0,0.0,0.04405286343612335,0.0,1.828193832599119,0.5594713656387665,0.0,0.0881057268722467,1.1145374449339207
558,1718,5,0.6004464285714286,0.08928571428571429,1.671875,3.0669642857142856,0.0,0.0,0.0,0.21651785714285715,0.0,0.0,0.0,0.0,0.0,0.39955357142857145,0.125,0.0,0.0,0.09821428571428571,0.0,9.674107142857142,0.0,7.839285714285714,0.0,3.3638392857142856,0.7254464285714286,0.16294642857142858,7.694196428571429,0.0,0.0,0.06696428571428571,0.0,0.0,0.0,12.890625,1.2633928571428572,0.0,0.0,0.30357142857142855,0.0,0.35044642857142855,0.5870535714285714,0.0,0.049107142857142856,0.0
560,1919,4,0.7103538663171691,0.127129750982962,0.7339449541284404,6.921363040629096,0.0,0.0,0.0,0.12319790301441677,0.0,0.0,0.25688073394495414,0.0,0.1874180865006553,1.0275229357798166,0.7195281782437746,0.0,0.0,0.0,0.09960681520314547,18.20445609436435,0.05897771952817824,5.077326343381389,0.40629095674967236,22.533420707732635,8.091743119266056,0.744429882044561,6.46264744429882,0.0,0.0,0.3617300131061599,0.0,0.07077326343381389,0.0,26.990825688073393,3.595019659239843,0.0,0.44036697247706424,0.022280471821756225,0.0,1.4193971166448232,0.6369593709043251,0.0,0.06684141546526867,0.0
550,414,4,0.7181571815718157,0.07588075880758807,1.3161698283649503,2.897922312556459,0.0,0.09033423667570009,0.0,0.1111111111111111,0.0,0.0,0.0,0.0,0.0,0.14092140921409213,0.023486901535682024,0.0,0.1011743450767841,0.0,0.053297199638663056,6.075880758807588,0.08852755194218609,3.229448961156278,0.0,2.982836495031617,0.7841011743450768,1.2303523035230353,9.832881662149955,0.0,0.11653116531165311,0.6097560975609756,0.0,0.0,0.0,15.712737127371273,1.4733514001806685,0.0,0.34778681120144533,0.2809394760614273,0.0,0.17434507678410116,0.6377597109304426,0.0,0.037940379403794036,2.101174345076784
550,711,4,0.7985074626865671,0.08582089552238806,0.029850746268656716,3.485074626865672,0.0,0.0,0.0,0.0,0.0,0.0,0.12313432835820895,0.0,0.0,0.5074626865671642,0.15298507462686567,0.0,0.0,0.0,0.08582089552238806,11.555970149253731,0.0,3.3358208955223883,0.0,11.992537313432836,1.9738805970149254,0.1828358208955224,3.7574626865671643,0.0,0.0,0.07835820895522388,0.208955223880597,0.0,0.0,13.776119402985074,2.220149253731343,0.0,1.1156716417910448,0.0,0.0,0.9925373134328358,0.503731343283582,0.0,0.03731343283582089,0.0
554,1163,11,0.7671232876712328,0.0365296803652968,1.2557077625570776,2.4748858447488584,0.0,0.0,0.0,0.0,0.0,0.0,0.0,0.0,0.0,0.0136986301369863,0.0,0.0,0.0,0.0,0.0,2.0319634703196345,0.0,4.0091324200913245,0.0,1.4383561643835616,0.593607305936073,0.273972602739726,7.132420091324201,0.0,0.0,0.0136986301369863,0.0,0.0,0.0,10.707762557077626,1.2054794520547945,0.0,0.0228310502283105,0.2374429223744292,0.0,0.0,0.5159817351598174,0.0,0.0228310502283105,0.0
563,1447,4,0.9811965811965812,0.09572649572649573,0.3230769230769231,4.01025641025641,0.0,0.0,0.044444444444444446,0.0,0.0,0.0,0.0,0.0,0.0,0.35384615384615387,0.005128205128205128,0.0,0.13333333333333333,0.0,0.0,15.174358974358974,0.003418803418803419,3.894017094017094,0.0,6.947008547008547,3.705982905982906,0.011965811965811967,2.741880341880342,0.0,0.0,0.006837606837606838,0.15384615384615385,0.0,0.8854700854700854,16.65811965811966,2.14017094017094,0.0,0.0,0.005128205128205128,0.0,0.4358974358974359,0.6170940170940171,0.28376068376068375,0.046153846153846156,6.526495726495726
562,1695,4,0.6238317757009346,0.07827102803738317,0.639018691588785,3.508177570093458,0.0,0.017523364485981307,0.0,0.17289719626168223,0.0,0.0,0.0,0.0,0.0,0.16004672897196262,0.03271028037383177,0.0,0.0,0.005841121495327103,0.011682242990654205,10.242990654205608,0.028037383177570093,5.357476635514018,0.0,8.50233644859813,1.735981308411215,0.29906542056074764,4.654205607476635,0.0,0.5233644859813084,0.4883177570093458,0.0,0.0,0.0,15.688084112149532,1.911214953271028,0.0,0.5397196261682243,0.06191588785046729,0.0,0.6308411214953271,0.6705607476635514,0.0,0.0397196261682243,0.25934579439252337
561,1758,4,0.6376021798365122,0.09400544959128065,1.5626702997275204,3.877384196185286,0.0,0.0,0.0,0.0,0.0,0.0,0.0013623978201634877,0.0,0.0,0.09536784741144415,0.039509536784741145,0.0,0.0,0.0,0.0,12.235694822888284,0.1553133514986376,5.143051771117166,0.0,11.807901907356948,1.8174386920980927,1.3297002724795641,7.835149863760218,0.0,0.0,0.4332425068119891,0.0,0.0,0.0,16.884196185286104,1.832425068119891,0.0,0.23978201634877383,0.09809264305177112,0.0,0.7670299727520435,0.5708446866485014,0.0,0.05449591280653951,0.0
547,1826,12,0.655076495132128,0.07510431154381085,0.7232267037552156,3.887343532684284,0.0,0.13073713490959665,0.0,0.20305980528511822,0.0,0.0,0.0,0.0,0.0,0.4172461752433936,0.20027816411682892,0.0,0.0,0.0,0.0,12.70653685674548,0.10848400556328233,11.791376912378302,0.0,11.713490959666203,2.4923504867872044,0.7148817802503477,5.35326842837274,0.0,0.08344923504867872,0.28789986091794156,0.0,0.0,0.0,18.093184979137693,1.8845618915159945,0.0,0.16133518776077885,0.12934631432545202,0.0,0.8094575799721836,0.6161335187760779,0.0,0.048678720445062586,0.0
558,1185,11,0.5757575757575758,0.12121212121212122,0.4675324675324675,4.186147186147186,0.11255411255411256,0.45454545454545453,0.0,1.367965367965368,0.0,0.0,0.0,0.0,0.0,1.3246753246753247,0.6277056277056277,0.0,0.4935064935064935,0.8441558441558441,0.11255411255411256,12.54978354978355,0.0,16.004329004329005,0.0,3.632034632034632,2.0822510822510822,2.064935064935065,7.740259740259741,0.0,0.0,0.0735930735930736,0.0,0.0,0.0,19.164502164502164,1.4718614718614718,0.0,0.047619047619047616,0.07792207792207792,0.0,0.3722943722943723,0.5627705627705628,0.05627705627705628,0.08225108225108226,6.532467532467533
551,1309,4,1.4080944350758853,0.048903878583473864,0.4654300168634064,3.1736930860033725,0.40978077571669475,0.006745362563237774,0.21079258010118043,0.050590219224283306,0.0,0.0,0.0,0.06239460370994941,0.0016863406408094434,1.5986509274873524,0.6728499156829679,0.0,3.096121416526138,0.003372681281618887,0.0,2.669477234401349,0.0,6.715008431703204,0.0,2.3052276559865095,2.057335581787521,0.0016863406408094434,4.160202360876897,0.0,0.0,0.23946037099494097,0.0,0.0,9.477234401349072,15.856661045531197,1.3996627318718382,0.0,0.0,0.008431703204047217,0.0,0.4688026981450253,0.5699831365935919,1.0708263069139967,0.13659359190556492,8.79258010118044
565,1400,4,0.6618357487922706,0.14009661835748793,0.04830917874396135,4.942028985507246,0.0,0.0,0.0,0.11594202898550725,0.0,0.0,0.0,0.0,0.0,0.10628019323671498,0.1497584541062802,0.0,0.0,0.0,0.0,15.676328502415458,0.0,7.405797101449275,0.0,12.729468599033817,2.7004830917874396,0.0,2.502415458937198,0.033816425120772944,1.1352657004830917,0.18357487922705315,0.4492753623188406,0.0,0.0,19.434782608695652,2.8019323671497585,0.0,0.07729468599033816,0.0,0.0,0.8695652173913043,0.5458937198067633,0.0,0.03864734299516908,0.7198067632850241
566,1610,4,0.6441441441441441,0.08198198198198198,0.6792792792792792,4.464864864864865,0.0,0.0,0.0,0.0018018018018018018,0.0,0.0,0.0,0.0,0.0,0.03333333333333333,0.0009009009009009009,0.0,0.0,0.0,0.0,13.235135135135135,0.0018018018018018018,4.512612612612613,0.0,12.448648648648648,2.388288288288288,0.22252252252252253,3.7684684684684684,0.0,0.0,0.11621621621621622,0.16846846846846847,0.0,0.0,18.284684684684684,2.5657657657657658,0.0,0.07027027027027027,0.047747747747747746,0.0,0.8855855855855855,0.6126126126126126,0.0,0.03153153153153153,0.0
573,903,4,0.7353846153846154,0.08538461538461538,0.40307692307692305,3.767692307692308,0.0,0.003076923076923077,0.0,0.17384615384615384,0.0,0.0,0.0,0.0,0.0,0.22923076923076924,0.09692307692307692,0.0,0.012307692307692308,0.06153846153846154,0.008461538461538461,11.465384615384615,0.025384615384615384,7.883076923076923,0.0,11.957692307692307,2.383076923076923,0.47384615384615386,6.694615384615385,0.0,0.0,0.11461538461538462,0.0,0.0,0.0,17.932307692307692,2.143846153846154,0.0,0.021538461538461538,0.11615384615384615,0.0,0.7323076923076923,0.6238461538461538,0.0,0.046153846153846156,0.13615384615384615
552,255,4,0.875,0.09375,0.7583841463414634,3.987042682926829,0.0,0.0,0.0,0.054878048780487805,0.0,0.0,0.0,0.0,0.0,0.08231707317073171,0.01753048780487805,0.0,0.0,0.010670731707317074,0.0,12.50609756097561,0.0,2.5221036585365852,0.0,7.935213414634147,2.3757621951219514,0.24695121951219512,5.6310975609756095,0.0,0.20655487804878048,0.023628048780487805,0.2774390243902439,0.0,0.0,16.515243902439025,2.4321646341463414,0.0,0.038871951219512195,0.11204268292682927,0.0,0.5442073170731707,0.5640243902439024,0.0,0.053353658536585365,0.0
550,956,4,0.5675675675675675,0.05945945945945946,1.2216216216216216,3.0054054054054054,0.0,0.0,0.0,0.0,0.0,0.0,0.0,0.0,0.0,0.0,0.0,0.0,0.0,0.0,0.0,11.264864864864865,0.0,2.227027027027027,0.0,4.816216216216216,1.162162162162162,0.13513513513513514,3.8162162162162163,0.0,0.0,0.043243243243243246,0.1783783783783784,0.0,0.0,12.054054054054054,1.6702702702702703,0.0,0.1783783783783784,0.05945945945945946,0.0,0.31351351351351353,0.40540540540540543,0.0,0.010810810810810811,0.0
561,1142,4,1.3818181818181818,0.03636363636363636,1.9212121212121211,2.9272727272727272,0.0,0.0,0.0,0.012121212121212121,0.0,0.0,0.0,0.0,0.0,0.01818181818181818,0.0,0.0,0.0,0.0,0.0,4.430303030303031,0.07272727272727272,3.309090909090909,0.0,7.703030303030303,1.878787878787879,0.3393939393939394,7.357575757575757,0.0,0.0,0.24848484848484848,0.0,0.0,0.0,14.418181818181818,1.7272727272727273,0.0,0.9515151515151515,0.30303030303030304,0.0,0.37575757575757573,0.47878787878787876,0.0,0.05454545454545454,0.0
561,44,4,0.6666666666666666,0.078125,0.6163194444444444,3.498263888888889,0.0,0.0,0.0,0.0,0.0,0.0,0.0,0.013888888888888888,0.0,0.08159722222222222,0.0,0.0,0.0,0.0,0.0,12.21875,0.026041666666666668,3.140625,0.0,6.532986111111111,4.328125,0.07465277777777778,3.1458333333333335,0.0,0.0,0.1111111111111111,0.18055555555555555,0.0,0.0,15.605902777777779,2.2309027777777777,0.0,0.041666666666666664,0.012152777777777778,0.0,0.4861111111111111,0.515625,0.7048611111111112,0.024305555555555556,3.736111111111111
572,620,4,0.6686531585220501,0.09177592371871275,0.499404052443385,2.8676996424314662,0.0,0.0,0.0,0.003575685339690107,0.0,0.0,0.0,0.0,0.0,0.03218116805721097,0.0,0.0,0.0,0.0,0.01907032181168057,12.098927294398093,0.0,2.3253873659117996,0.0,10.383790226460071,1.7556615017878427,0.23718712753277713,4.995232419547079,0.0,0.0,0.02026221692491061,0.0,0.0,0.0,11.710369487485101,1.6233611442193088,0.0,0.06436233611442194,0.05125148986889154,0.0,0.6138259833134684,0.4934445768772348,0.0,0.033373063170441,0.0
559,995,4,1.3923664122137405,0.08091603053435115,1.4236641221374047,3.4244274809160307,0.0,0.0,0.0,0.010687022900763359,0.0,0.0,0.009923664122137405,0.0,0.0,0.0366412213740458,0.0366412213740458,0.0,0.0,0.0,0.0,11.550381679389313,0.05648854961832061,2.3625954198473282,0.0,5.116030534351145,1.5389312977099237,0.35954198473282445,6.604580152671756,0.0,0.0,0.022137404580152672,0.08702290076335878,0.0,0.0,13.00381679389313,1.716793893129771,0.18931297709923664,0.01603053435114504,0.1549618320610687,0.0,0.4549618320610687,0.5992366412213741,0.0,0.3564885496183206,0.0
565,1287,4,0.6013513513513513,0.11486486486486487,0.722972972972973,4.587837837837838,0.0,0.0,0.0,0.0,0.0,0.0,0.0,0.0,0.0,0.0,0.0,0.0,0.0,0.0,0.0,15.876126126126126,0.036036036036036036,3.529279279279279,0.0,16.443693693693692,3.8378378378378377,0.20495495495495494,4.945945945945946,0.0,0.12162162162162163,0.07207207207207207,0.0,0.0,0.0,17.41216216216216,2.434684684684685,0.0,0.2702702702702703,0.08108108108108109,0.0,1.087837837837838,0.6126126126126126,0.0,0.038288288288288286,0.0
559,1510,11,0.7478559176672385,0.09948542024013722,0.30360205831903947,4.492281303602058,0.0,0.0,0.0,0.0,0.0,0.0,0.0,0.0,0.0,0.018867924528301886,0.0,0.0,0.0,0.0,0.0,12.725557461406519,0.003430531732418525,5.128644939965695,0.0,12.533447684391081,3.1492281303602057,0.09948542024013722,3.1286449399656946,0.0,0.14408233276157806,0.12521440823327615,0.032590051457975985,0.0,0.0,18.746140651801028,2.783876500857633,0.0,0.0634648370497427,0.0,0.0,1.0222984562607205,0.5728987993138936,0.0,0.032590051457975985,0.26758147512864494
564,265,4,4.4944444444444445,0.07222222222222222,0.008333333333333333,3.7944444444444443,0.3333333333333333,0.2111111111111111,0.0,0.08888888888888889,0.0,0.0,0.0,0.0,0.0,2.533333333333333,0.8777777777777778,0.0,0.6916666666666667,0.6805555555555556,0.0,10.16388888888889,0.0,5.611111111111111,0.0,2.8055555555555554,3.2055555555555557,0.9444444444444444,3.175,0.20833333333333334,0.0,0.08888888888888889,0.0,0.0,1.8972222222222221,17.177777777777777,1.925,0.0,0.2972222222222222,0.08888888888888889,0.0,1.0305555555555554,0.7527777777777778,0.0,4.111111111111111,2.85
565,470,3,0.6558441558441559,0.08279220779220779,1.0422077922077921,3.564935064935065,0.0,0.0,0.0,0.0,0.0,0.0,0.0,0.0,0.0,0.0,0.0,0.0,0.0,0.0,0.0,12.38474025974026,0.0,2.125,0.0,7.438311688311688,1.676948051948052,0.017857142857142856,3.612012987012987,0.0,0.0,0.006493506493506494,0.1672077922077922,0.0,0.0,13.993506493506494,2.0681818181818183,0.0,0.09740259740259741,0.03571428571428571,0.0,0.5551948051948052,0.5194805194805194,0.0,0.03409090909090909,0.0
563,522,4,0.5282651072124757,0.1364522417153996,0.3255360623781676,3.189083820662768,0.0,0.0,0.0,0.003898635477582846,0.0,0.0,0.0,0.0,0.0,0.07602339181286549,0.015594541910331383,0.0,0.0,0.0,0.0,18.84795321637427,0.0,2.3528265107212474,0.0,7.549707602339181,1.793372319688109,0.08966861598440545,2.8050682261208575,0.0,0.0,0.0,0.0,0.0,0.0,12.57504873294347,1.8128654970760234,0.0,0.0,0.10916179337231968,0.0,0.4756335282651072,0.49707602339181284,1.037037037037037,0.01949317738791423,1.5614035087719298
561,776,15,0.5842349304482226,0.080370942812983,1.3106646058732612,2.9242658423493046,0.0,0.0,0.0,0.0,0.0,0.0,0.013910355486862442,0.0,0.0,0.03554868624420402,0.021638330757341576,0.0,0.0,0.0,0.0,13.819165378670789,0.030911901081916538,2.474497681607419,0.0,4.370942812982999,1.5579598145285936,0.29675425038639874,7.87017001545595,0.0,0.0,0.0,0.0,0.0,0.0,11.579598145285935,1.5378670788253477,0.0,0.13446676970633695,0.16537867078825347,0.0,0.25656877897990726,0.4992272024729521,0.0,0.03400309119010819,0.0
559,972,4,0.7151898734177216,0.10443037974683544,0.7816455696202531,3.2056962025316458,0.0,0.05063291139240506,0.0,0.6170886075949367,0.0,0.0,0.0,0.0,0.1360759493670886,0.7689873417721519,0.24367088607594936,0.0,0.0,0.0,0.0,11.509493670886076,0.0,5.689873417721519,0.0,6.094936708860759,1.7246835443037976,0.2689873417721519,6.924050632911392,0.0,0.0,0.0,0.0,0.0031645569620253164,0.0,12.386075949367088,1.5664556962025316,0.0,0.14556962025316456,0.16455696202531644,0.0,0.5949367088607594,0.7278481012658228,0.0,0.056962025316455694,0.0
562,1016,4,0.6890080428954424,0.09651474530831099,1.0804289544235925,4.032171581769437,0.0,0.0,0.0,0.0,0.0,0.0,0.0,0.0,0.0,0.0,0.0,0.0,0.0,0.0,0.0,16.152815013404826,0.12064343163538874,2.844504021447721,0.0,15.284182305630027,3.455764075067024,0.35924932975871315,6.257372654155496,0.0,0.0,0.2975871313672922,0.0,0.0,0.0,15.884718498659517,2.1420911528150133,0.0,0.26273458445040215,0.2949061662198391,0.0,0.9410187667560321,0.6112600536193029,0.0,0.021447721179624665,0.0
564,1961,4,0.5781990521327014,0.07819905213270142,1.3909952606635072,3.329383886255924,0.0,0.0,0.0,0.0,0.0,0.0,0.0,0.0,0.0,0.24881516587677724,0.037914691943127965,0.0,0.0,0.0,0.0,12.507109004739336,0.12322274881516587,7.789099526066351,0.0,8.912322274881516,2.213270142180095,0.3981042654028436,7.850710900473934,0.0,0.0,0.04028436018957346,0.0,0.0,0.0,13.523696682464456,1.6540284360189574,0.0,0.08056872037914692,0.15165876777251186,0.0,0.5734597156398105,0.6090047393364929,0.0,0.030805687203791468,0.0
560,396,7,0.7103004291845494,0.06652360515021459,0.8283261802575107,2.208154506437768,0.0,0.0,0.0,0.002145922746781116,0.0,0.0,0.0,0.0,0.0,0.12446351931330472,0.019313304721030045,0.0,0.0,0.0,0.045064377682403435,2.4141630901287554,0.006437768240343348,5.738197424892704,0.0,1.703862660944206,0.24678111587982832,1.349785407725322,6.854077253218884,0.0,0.0,0.30686695278969955,0.0,0.0,0.0,13.800429184549357,0.9163090128755365,0.0,0.6030042918454935,0.630901287553648,0.0,0.0815450643776824,0.592274678111588,0.0,0.0407725321888412,0.0
561,1464,4,0.6495176848874598,0.14469453376205788,0.03858520900321544,5.308681672025723,0.0,0.0,0.0,0.3279742765273312,0.0,0.0,0.3279742765273312,0.0,0.00964630225080386,1.4019292604501608,0.6688102893890675,0.0,0.0,0.03536977491961415,0.4758842443729904,20.327974276527332,0.0,3.6688102893890675,0.0,11.163987138263666,3.0257234726688105,0.19935691318327975,3.0257234726688105,0.0,0.0,0.0,0.05787781350482315,0.05144694533762058,0.0,20.212218649517684,3.4887459807073955,0.0,0.04180064308681672,0.012861736334405145,0.13504823151125403,0.7556270096463023,0.5530546623794212,0.0,0.03858520900321544,1.4308681672025723
565,1122,11,0.5229007633587787,0.0648854961832061,0.6603053435114504,4.404580152671755,0.0,0.0,0.0,0.0,0.0,0.0,0.0,0.0,0.0,0.015267175572519083,0.0,0.0,0.0,0.0,0.0,8.988549618320612,0.0,5.312977099236641,0.0,5.961832061068702,1.751908396946565,0.30916030534351147,5.2748091603053435,0.0,0.3435114503816794,0.2595419847328244,0.0,0.0,0.0,20.095419847328245,2.8435114503816794,0.0,0.33969465648854963,0.0,0.0,0.40458015267175573,0.6564885496183206,0.0,0.015267175572519083,0.0
566,305,4,0.6108374384236454,0.07635467980295567,0.8891625615763546,4.071428571428571,0.0,0.0,0.009852216748768473,0.0,0.0,0.0,0.0,0.05172413793103448,0.0,0.770935960591133,0.0,0.0,0.0,0.0,0.0,8.266009852216749,0.0,3.189655172413793,0.0,1.4458128078817734,1.7881773399014778,0.15270935960591134,3.9064039408866993,0.0,0.0,0.0,0.0,0.0,1.70935960591133,17.67487684729064,2.2044334975369457,0.0,0.0,0.0,0.0,0.2660098522167488,0.5566502463054187,5.110837438423645,0.05665024630541872,8.852216748768473
571,1316,4,0.8364565587734242,0.08517887563884156,0.46678023850085176,3.7768313458262353,0.0,0.0,0.0,0.0,0.0,0.0,0.0,0.0,0.0,0.0,0.04770017035775128,0.0,0.0,0.0,0.0,13.449744463373083,0.0,2.4855195911413968,0.0,9.047700170357752,2.2146507666098807,0.0034071550255536627,3.2793867120954006,0.0,0.0,0.11925042589437819,0.23509369676320271,0.0,0.0,15.076660988074957,2.3509369676320273,0.262350936967632,0.09880749574105621,0.0,0.0,0.737649063032368,0.5229982964224872,0.0,0.04088586030664395,0.0
572,572,4,0.6998087954110899,0.07743785850860421,0.4732313575525813,4.398661567877629,0.0,0.0,0.0,0.006692160611854685,0.0,0.0,0.0,0.0,0.0,0.011472275334608031,0.0,0.0,0.0,0.0,0.0,12.454110898661568,0.036328871892925434,3.7237093690248564,0.0,10.529636711281071,2.881453154875717,0.06405353728489484,2.6596558317399617,0.0,1.132887189292543,0.16443594646271512,0.2887189292543021,0.0,0.0,18.502868068833653,2.829827915869981,0.0,0.12332695984703633,0.04780114722753346,0.0,0.762906309751434,0.6118546845124283,0.0,0.032504780114722756,0.03537284894837476
569,1864,7,0.8072445019404916,0.07115135834411385,0.6972833117723156,3.4139715394566625,0.0,0.0,0.0,0.03234152652005175,0.0,0.0,0.0,0.0,0.0,0.054333764553686936,0.02069857697283312,0.0,0.0,0.0,0.0,13.433376455368693,0.019404915912031046,2.3298835705045278,0.0,6.936610608020699,2.461836998706339,0.129366106080207,6.161707632600259,0.0,0.0,0.0,0.0,0.0,0.0,13.235446313065976,1.888745148771022,0.0,0.03492884864165589,0.07503234152652005,0.0,0.5200517464424321,0.5226390685640362,0.0,0.062095730918499355,0.08408796895213454
567,813,4,0.7964912280701755,0.1415204678362573,1.1485380116959065,5.2257309941520464,0.031578947368421054,0.03391812865497076,0.0,0.11578947368421053,0.0,0.0,0.4152046783625731,0.0,0.0,1.8385964912280701,0.6105263157894737,0.0,0.0,0.0,1.5157894736842106,17.950877192982457,0.0608187134502924,4.252631578947368,0.0,9.880701754385965,4.612865497076023,1.3380116959064328,10.299415204678363,0.025730994152046785,0.007017543859649123,0.30409356725146197,0.0,0.0,0.11929824561403508,23.087719298245613,2.471345029239766,0.0,0.2432748538011696,0.1216374269005848,0.0,0.7333333333333333,0.6596491228070176,0.0,0.09239766081871345,2.0526315789473686
560,867,4,1.3067484662576687,0.09202453987730061,0.09202453987730061,4.220858895705521,0.0,0.0,0.0,0.0,0.0,0.0,0.006134969325153374,0.0,0.0,0.0736196319018405,0.2085889570552147,0.0,0.0,0.0,0.049079754601226995,12.269938650306749,0.0,3.521472392638037,0.0,10.0920245398773,4.564417177914111,0.0,2.871165644171779,0.0,0.0,0.06134969325153374,0.3374233128834356,0.0,0.0,17.05521472392638,2.638036809815951,0.0,0.0,0.20245398773006135,0.0,0.7239263803680982,0.5030674846625767,0.0,0.1656441717791411,0.0
565,1772,4,0.4523809523809524,0.11904761904761904,0.47619047619047616,3.238095238095238,0.0,0.0,0.0,0.14285714285714285,0.0,0.0,0.0,0.0,0.0,0.0,0.0,0.0,0.0,0.0,0.0,4.738095238095238,0.0,3.238095238095238,0.0,4.714285714285714,1.0476190476190477,0.40476190476190477,6.976190476190476,0.0,0.0,0.0,0.2619047619047619,0.0,0.0,15.452380952380953,2.142857142857143,0.0,0.0,0.047619047619047616,0.0,0.14285714285714285,0.6666666666666666,0.0,0.047619047619047616,0.0
574,179,4,0.6666666666666666,0.07333333333333333,0.22666666666666666,3.1133333333333333,0.0,0.0,0.0,0.0,0.0,0.0,0.0,0.0,0.0,0.0,0.0,0.0,0.0,0.0,0.0,9.92,0.04,3.6333333333333333,0.0,8.173333333333334,2.006666666666667,0.31333333333333335,3.513333333333333,0.0,0.0,0.20666666666666667,0.0,0.0,0.0,15.64,1.6666666666666667,0.0,0.0,0.16,0.0,0.5066666666666667,0.6066666666666667,0.0,0.05333333333333334,0.0
572,1735,4,0.6224299065420561,0.08037383177570094,0.6411214953271028,3.289719626168224,0.0,0.0,0.0,0.0,0.0,0.0,0.0,0.0,0.0,0.0,0.0,0.0,0.0,0.0,0.0,11.622429906542056,0.0,2.4485981308411215,0.0,9.162616822429907,1.9345794392523366,0.05420560747663551,3.3570093457943924,0.0,0.0,0.048598130841121495,0.0,0.0,0.0,12.646728971962617,1.9140186915887851,0.0,0.19813084112149532,0.029906542056074768,0.0,0.6186915887850467,0.47289719626168225,0.0,0.03925233644859813,0.0
571,413,5,0.5926773455377574,0.05263157894736842,0.5949656750572082,4.05720823798627,0.0,0.12585812356979406,0.0,0.029748283752860413,0.0,0.0,0.006864988558352402,0.0,0.0,0.562929061784897,0.2654462242562929,0.0,0.0,0.0,0.032036613272311214,7.8764302059496565,0.08695652173913043,16.043478260869566,0.0,3.123569794050343,1.6498855835240274,0.9038901601830663,7.647597254004577,0.0,0.0,0.15102974828375287,0.0,0.0,0.0,16.96796338672769,1.6796338672768878,0.0,0.0,0.20137299771167047,0.0,0.40274599542334094,0.6270022883295194,0.0,0.057208237986270026,0.0
574,498,12,0.7494305239179955,0.10478359908883828,0.004555808656036446,4.380410022779043,0.0,0.0,0.0,0.08200455580865604,0.0,0.0,0.4920273348519362,0.0,0.16856492027334852,1.2892938496583144,0.6674259681093394,0.0,0.0,0.2847380410022779,0.0774487471526196,12.578587699316628,0.0,4.874715261958998,0.23917995444191345,12.27107061503417,6.318906605922551,0.3097949886104784,4.072892938496583,0.0,0.0,0.0,0.0,0.0,0.0,17.12756264236902,2.85876993166287,0.0,0.5353075170842825,0.02733485193621868,0.011389521640091117,0.724373576309795,0.5056947608200456,0.0,0.06378132118451026,3.075170842824601
579,665,4,0.6655948553054662,0.10932475884244373,0.37138263665594856,4.80064308681672,0.0,0.06752411575562701,0.0,0.2491961414790997,0.0,0.0,0.24758842443729903,0.01607717041800643,0.0,0.7765273311897106,0.4115755627009646,0.0,0.0,0.05627009646302251,0.0,14.413183279742766,0.006430868167202572,3.032154340836013,0.0,14.641479099678456,6.337620578778135,0.14308681672025725,3.5418006430868165,0.0,0.0,0.0,0.0,0.0,0.0,17.5,2.9887459807073955,0.0,0.2829581993569132,0.04340836012861737,0.0,0.9871382636655949,0.5546623794212219,0.0,0.06591639871382636,4.934083601286174
573,931,4,0.7422266800401204,0.10431293881644935,0.9368104312938816,3.937813440320963,0.0,0.0,0.0,0.026078234704112337,0.0,0.0,0.0020060180541624875,0.0,0.0,0.07221664994984955,0.07622868605817452,0.0,0.058174523570712136,0.0,0.0,12.654964894684053,0.017051153460381142,2.41123370110331,0.0,7.721163490471414,1.987963891675025,0.40421263791374124,6.263791374122367,0.0,0.0,0.08826479438314945,0.1424272818455366,0.0,0.0,15.075225677031094,2.3139418254764292,0.0,0.11534603811434303,0.06018054162487462,0.0,0.59679037111334,0.5626880641925778,0.0,0.06920762286860582,0.0
566,1489,4,0.6393088552915767,0.07127429805615551,1.4773218142548596,2.6198704103671706,0.0,0.0,0.0,0.0,0.0,0.0,0.0,0.0,0.0,0.0,0.0,0.0,0.0,0.0,0.0,8.831533477321814,0.0,2.859611231101512,0.0,4.7429805615550755,1.0259179265658747,0.3045356371490281,6.3498920086393085,0.0,0.0,0.08855291576673865,0.0,0.0,0.0,12.198704103671707,1.224622030237581,0.0,0.17494600431965443,0.27645788336933047,0.0,0.23974082073434125,0.5658747300215983,0.0,0.0367170626349892,0.0
570,1815,12,0.7392996108949417,0.06614785992217899,0.6108949416342413,3.9260700389105057,0.0,0.0,0.007782101167315175,0.07392996108949416,0.0,0.0,0.038910505836575876,0.0,0.0,0.2801556420233463,0.11673151750972763,0.0,0.0,0.0,0.2801556420233463,9.70817120622568,0.0,8.089494163424124,0.0,8.505836575875486,1.424124513618677,0.556420233463035,6.996108949416342,0.0,0.0,0.26848249027237353,0.0,0.01556420233463035,0.0,17.79377431906615,2.3385214007782102,0.0,0.46303501945525294,0.07003891050583658,0.0,0.5758754863813229,0.622568093385214,0.0,0.06614785992217899,0.0
568,453,15,0.6218905472636815,0.0945273631840796,1.7139303482587065,3.8805970149253732,0.0,0.05223880597014925,0.0,0.5,0.0,0.0,0.0,0.0,0.0,1.1517412935323383,0.22885572139303484,0.0,0.05721393034825871,0.3208955223880597,0.01990049751243781,12.972636815920398,0.12935323383084577,6.325870646766169,0.0,3.36318407960199,3.0398009950248754,1.9527363184079602,10.880597014925373,0.0,0.0,0.24129353233830847,0.0,0.0,0.4228855721393035,18.66169154228856,1.6616915422885572,0.0,0.3681592039800995,0.05223880597014925,0.0,0.32338308457711445,0.6318407960199005,0.0,0.09701492537313433,4.606965174129353
567,826,7,0.4965034965034965,0.027972027972027972,0.44755244755244755,1.965034965034965,0.0,0.0,0.0,0.6083916083916084,0.0,0.0,0.0,0.0,0.0,0.3986013986013986,0.16083916083916083,0.0,0.0,0.0,0.0,8.48951048951049,0.0,4.804195804195804,0.0,2.4755244755244754,0.6153846153846154,0.23776223776223776,4.79020979020979,0.0,0.0,0.0,0.0,0.0,0.0,9.13986013986014,0.993006993006993,0.0,0.0,0.23776223776223776,0.0,0.15384615384615385,0.48951048951048953,0.0,0.03496503496503497,0.11888111888111888
574,850,4,1.3480392156862746,0.12254901960784313,0.6764705882352942,5.284313725490196,0.0,0.0,0.0,0.0,0.0,0.0,0.3235294117647059,0.0,0.0,0.3088235294117647,0.25980392156862747,0.0,0.0,0.0,0.6666666666666666,13.362745098039216,0.029411764705882353,2.843137254901961,0.0,11.137254901960784,4.700980392156863,0.19117647058823528,6.254901960784314,0.0,0.0,0.09803921568627451,0.24509803921568626,0.0,0.0,19.068627450980394,3.0049019607843137,0.0,0.06862745098039216,0.07352941176470588,0.0,1.1176470588235294,0.7058823529411765,0.0,0.14215686274509803,0.0
581,1057,4,0.9358778625954198,0.10534351145038168,0.5114503816793893,4.461068702290076,0.0,0.0,0.0,0.0,0.0,0.0,0.0015267175572519084,0.0,0.0,0.02900763358778626,0.03969465648854962,0.0,0.0,0.0,0.0030534351145038168,11.279389312977099,0.015267175572519083,2.334351145038168,0.0,7.079389312977099,2.5251908396946563,0.07022900763358779,4.743511450381679,0.0,0.0,0.04885496183206107,0.34961832061068704,0.0,0.0,17.2412213740458,2.685496183206107,0.0,0.0,0.05343511450381679,0.0,0.8274809160305343,0.5984732824427481,0.0,0.07480916030534351,0.0
577,1269,4,0.5637010676156584,0.08683274021352314,0.25338078291814947,5.3409252669039144,0.0,0.0,0.0,0.0,0.0,0.0,0.0,0.0,0.0,0.0,0.0,0.0,0.0,0.0,0.0,14.414946619217082,0.0014234875444839859,2.4839857651245554,0.0,13.64982206405694,4.377935943060498,0.0014234875444839859,1.8868327402135232,0.0,0.0,0.017793594306049824,0.034875444839857654,0.0,0.0,21.031316725978648,3.713879003558719,0.0,0.0797153024911032,0.006405693950177936,0.0,0.8277580071174377,0.5829181494661921,0.0,0.027758007117437724,0.0
574,67,7,0.6666666666666666,0.07565011820330969,1.0260047281323876,4.281323877068558,0.0,0.0,0.0,0.0,0.0,0.0,0.0,0.0,0.0,0.13238770685579196,0.0,0.0,0.0,0.0,0.0,11.652482269503546,0.028368794326241134,4.191489361702128,0.0,11.02127659574468,3.773049645390071,0.07565011820330969,4.479905437352246,0.0,0.0,0.11347517730496454,0.0,0.0,0.0,17.98581560283688,2.5271867612293146,0.0,0.2978723404255319,0.0,0.0,0.6548463356973995,0.574468085106383,0.0,0.0425531914893617,0.0
570,335,7,0.7482517482517482,0.053613053613053616,1.3776223776223777,2.58974358974359,0.0,0.0,0.0,0.0,0.0,0.0,0.34032634032634035,0.0,0.0,0.9324009324009324,0.1655011655011655,0.0,0.0,0.0,1.1864801864801864,3.149184149184149,0.05128205128205128,2.5477855477855478,0.0,3.4055944055944054,1.268065268065268,0.655011655011655,10.979020979020978,0.0,0.0,0.08857808857808858,0.0,0.0,0.0,12.095571095571096,1.4452214452214451,0.0,0.20512820512820512,0.10722610722610723,0.0,0.24708624708624707,0.4801864801864802,0.0,0.04195804195804196,0.0
574,375,12,0.5571428571428572,0.09047619047619047,0.3761904761904762,3.280952380952381,0.0,0.0,0.0,0.08571428571428572,0.0,0.0,0.19523809523809524,0.0,0.0,0.3142857142857143,0.08095238095238096,0.0,0.0,0.0,0.7380952380952381,10.00952380952381,0.0,2.1952380952380954,0.0,9.571428571428571,1.8428571428571427,0.0,5.252380952380952,0.0,0.0,0.10476190476190476,0.0,0.0,0.0,13.41904761904762,1.9142857142857144,0.0,0.06190476190476191,0.1619047619047619,0.0,0.6428571428571429,0.47619047619047616,0.0,0.0761904761904762,0.0
578,437,12,0.5808823529411765,0.051470588235294115,0.04779411764705882,2.4926470588235294,0.0,0.0,0.0,0.9411764705882353,0.0,0.0,0.0661764705882353,0.0,0.0,1.0294117647058822,0.5330882352941176,0.0,0.5,0.7169117647058824,0.31985294117647056,4.698529411764706,0.0,6.4411764705882355,0.0,2.286764705882353,1.4227941176470589,0.30514705882352944,3.5919117647058822,0.0,0.0,0.0,0.0,0.014705882352941176,0.0,12.338235294117647,1.588235294117647,0.0,0.0,0.0,0.09558823529411764,0.40441176470588236,0.5367647058823529,0.0,0.07352941176470588,11.772058823529411
589,1468,4,1.0321543408360128,0.11254019292604502,0.05466237942122187,3.3681672025723475,0.0,0.0,0.0,0.03215434083601286,0.0,0.0,0.00482315112540193,0.0,0.0,0.3504823151125402,0.12861736334405144,0.0,0.0932475884244373,0.5546623794212219,0.0,9.496784565916398,0.0,9.083601286173634,0.0,11.19774919614148,1.9983922829581993,0.28938906752411575,3.5836012861736335,0.0,0.0,0.0,0.0,0.0,0.0,13.813504823151126,1.9212218649517685,0.0,0.1607717041800643,0.12057877813504823,0.0,0.7765273311897106,0.5530546623794212,0.0,0.2395498392282958,8.088424437299036
580,155,4,0.6730945821854912,0.11294765840220386,0.20018365472910926,5.400367309458218,0.0,0.0881542699724518,0.0,0.0,0.0,0.0,0.010101010101010102,0.0,0.0,0.05693296602387511,0.05876951331496786,0.0,0.0,0.0,0.08631772268135904,17.846648301193756,0.0,3.743801652892562,0.0,16.930211202938477,3.1616161616161618,0.16437098255280075,3.3259871441689626,0.0,0.17355371900826447,0.19375573921028466,0.0,0.0,0.0,22.17998163452709,3.1763085399449036,0.0,0.1891643709825528,0.009182736455463728,0.0,1.0991735537190082,0.6666666666666666,0.0,0.03213957759412305,0.031221303948576674
573,706,3,0.5626780626780626,0.0811965811965812,0.7165242165242165,2.594017094017094,0.0,0.0,0.0,0.0,0.0,0.0,0.0,0.0,0.0,0.17236467236467237,0.014245014245014245,0.0,0.0,0.0,0.0,12.212250712250713,0.0,2.178062678062678,0.0,8.686609686609687,1.064102564102564,0.19658119658119658,4.3746438746438745,0.0,0.0,0.06837606837606838,0.0,0.0,0.0,10.787749287749287,1.4273504273504274,0.0,0.43162393162393164,0.07407407407407407,0.0,0.5370370370370371,0.49715099715099714,0.0,0.038461538461538464,0.07977207977207977
585,875,4,0.66,0.044,0.392,2.756,0.0,0.0,0.0,0.12,0.0,0.0,0.08,0.0,0.1,0.372,0.168,0.0,0.0,0.036,0.0,9.68,0.0,3.848,0.0,3.568,0.98,0.156,6.572,0.0,0.0,0.0,0.0,0.012,0.0,11.816,1.26,0.0,0.0,0.516,0.0,0.148,0.596,0.0,0.02,0.216
579,1355,4,0.8470715835140998,0.10737527114967461,0.5986984815618221,4.464208242950108,0.0,0.0,0.0,0.020607375271149676,0.0,0.0,0.0,0.0,0.0,0.01843817787418655,0.0,0.0,0.0,0.0,0.0,14.077006507592191,0.0032537960954446853,2.1203904555314534,0.0,12.533622559652928,3.4446854663774404,0.1279826464208243,5.459869848156182,0.0,0.08568329718004339,0.0455531453362256,0.11062906724511931,0.0,0.0,17.519522776572668,2.754880694143167,0.0,0.024945770065075923,0.0227765726681128,0.0,0.8481561822125814,0.6171366594360087,0.0,0.0509761388286334,0.0
575,126,4,0.6810176125244618,0.10567514677103718,0.7945205479452054,4.090019569471624,0.0,0.0,0.0,0.0136986301369863,0.0,0.0,0.003913894324853229,0.0,0.0,0.07436399217221135,0.0,0.0,0.0,0.0,0.0019569471624266144,11.348336594911938,0.003913894324853229,3.2309197651663406,0.0,10.735812133072407,2.8414872798434443,0.13307240704500978,4.342465753424658,0.0,0.0,0.15459882583170254,0.0,0.0,0.0019569471624266144,17.729941291585128,2.522504892367906,0.0,0.0,0.22896281800391388,0.0,0.6712328767123288,0.6712328767123288,0.0,0.03913894324853229,0.0
580,1643,14,0.5430711610486891,0.03745318352059925,0.5430711610486891,2.0224719101123596,0.0,0.0,0.0,0.0,0.0,0.0,0.0,0.0,0.0,0.00749063670411985,0.0,0.0,0.0,0.0,0.0,5.198501872659176,0.0,2.108614232209738,0.0,1.749063670411985,0.10112359550561797,0.23220973782771537,5.340823970037453,0.0,0.0,0.0,0.0,0.0,0.0,8.632958801498127,0.7715355805243446,0.0,0.06741573033707865,0.0,0.0,0.0,0.4157303370786517,0.0,0.0149812734082397,0.0
582,945,4,0.5927272727272728,0.12545454545454546,0.7036363636363636,6.252727272727273,0.0,0.0,0.0,0.0,0.0,0.0,0.22727272727272727,0.0,0.09636363636363636,0.74,0.4018181818181818,0.0,0.0,0.0,0.0,17.71818181818182,0.09818181818181818,5.390909090909091,0.0,13.707272727272727,6.496363636363636,0.8745454545454545,9.232727272727272,0.0,0.0,0.37636363636363634,0.0,0.0,0.0,25.623636363636365,3.349090909090909,0.0,0.17454545454545456,0.20545454545454545,0.0,0.9163636363636364,0.6327272727272727,0.0,0.06363636363636363,6.618181818181818
579,689,5,0.6460674157303371,0.056179775280898875,0.8230337078651685,3.345505617977528,0.0,0.0,0.0,0.0,0.0,0.0,0.0,0.0,0.0,0.0,0.0,0.0,0.0,0.0,0.0,5.446629213483146,0.008426966292134831,2.5786516853932584,0.0,3.783707865168539,1.75,0.014044943820224719,4.345505617977528,0.0,0.0,0.03089887640449438,0.0,0.0,0.0,14.831460674157304,2.0308988764044944,0.0,0.07584269662921349,0.06179775280898876,0.0,0.15730337078651685,0.5252808988764045,0.0,0.03651685393258427,0.0
586,1229,4,0.7374631268436578,0.16519174041297935,0.7463126843657817,5.905604719764011,0.0,0.0,0.0,0.07374631268436578,0.0,0.0,0.3185840707964602,0.0,0.10619469026548672,1.0206489675516224,0.46607669616519176,0.0,0.0,0.05014749262536873,0.0,16.08259587020649,0.0,2.870206489675516,0.19469026548672566,18.657817109144542,7.592920353982301,0.43952802359882004,6.846607669616519,0.0,0.0,0.30678466076696165,0.0,0.12094395280235988,0.0,21.336283185840706,3.5634218289085546,0.0,0.19174041297935104,0.168141592920354,0.0,1.126843657817109,0.551622418879056,0.0,0.08849557522123894,1.3952802359882006
580,1386,4,0.7440559440559441,0.09090909090909091,1.420979020979021,4.848951048951049,0.0,0.0,0.0,0.026573426573426574,0.0,0.0,0.0013986013986013986,0.0,0.0,0.07552447552447553,0.015384615384615385,0.0,0.0,0.004195804195804196,0.0,11.173426573426573,0.03636363636363636,3.6713286713286712,0.0,7.5986013986013985,1.690909090909091,0.07552447552447553,5.230769230769231,0.0,0.0,0.055944055944055944,0.3972027972027972,0.0,0.0,20.626573426573426,3.046153846153846,0.0,0.002797202797202797,0.08811188811188811,0.0,0.6195804195804195,0.6895104895104895,0.0,0.03076923076923077,0.0
576,783,12,0.6347150259067358,0.08808290155440414,0.20207253886010362,4.971502590673575,0.0,0.0,0.0,0.0,0.0,0.0,0.0,0.0,0.0,0.0,0.0,0.0,0.0,0.0,0.0,14.33160621761658,0.0,3.0544041450777204,0.0,16.55699481865285,3.471502590673575,0.04922279792746114,2.150259067357513,0.0,0.0,0.0,0.25906735751295334,0.0,0.0,20.310880829015545,3.2020725388601035,0.0,0.0,0.0025906735751295338,0.0,1.1295336787564767,0.7072538860103627,0.0,0.046632124352331605,0.0
581,980,4,0.9378238341968912,0.10880829015544041,0.8549222797927462,3.7305699481865284,0.0,0.08808290155440414,0.0,0.21243523316062177,0.0,0.04145077720207254,0.09326424870466321,0.0,0.09844559585492228,0.9119170984455959,0.36787564766839376,0.0,0.0,0.05181347150259067,0.0,15.61658031088083,0.0,8.393782383419689,0.0,9.362694300518134,2.2124352331606216,0.17098445595854922,6.046632124352332,0.0,0.0,0.08290155440414508,0.0,0.0,0.0,15.632124352331607,2.373056994818653,0.0,0.09844559585492228,0.2538860103626943,0.0,0.7202072538860104,0.6424870466321243,0.0,0.06735751295336788,0.5854922279792746
578,1242,4,0.6378378378378379,0.0918918918918919,0.8018018018018018,3.6,0.0,0.0,0.0,0.0,0.0,0.0,0.0,0.0,0.0,0.23063063063063063,0.0,0.0,0.0,0.0,0.0,10.518918918918919,0.018018018018018018,3.2036036036036037,0.0,8.09009009009009,1.5891891891891892,0.21981981981981982,5.385585585585585,0.0,0.0,0.1009009009009009,0.0,0.0,0.0,15.145945945945947,2.0792792792792794,0.0,0.0036036036036036037,0.12252252252252252,0.0,0.5243243243243243,0.5747747747747748,0.0,0.036036036036036036,0.0
582,284,11,0.6666666666666666,0.06140350877192982,1.5,3.1578947368421053,0.0,0.0,0.0,0.05263157894736842,0.0,0.0,0.0,0.0,0.0,0.0,0.0,0.0,0.0,0.0,0.0,4.315789473684211,0.043859649122807015,3.017543859649123,0.0,4.359649122807017,1.1578947368421053,0.05263157894736842,5.649122807017544,0.0,0.0,0.08771929824561403,0.16666666666666666,0.0,0.0,15.228070175438596,2.008771929824561,0.0,0.008771929824561403,0.08771929824561403,0.0,0.3684210526315789,0.631578947368421,0.0,0.0,0.0
580,800,6,0.8015873015873016,0.037037037037037035,1.1455026455026456,3.4021164021164023,0.0,0.08465608465608465,0.0,0.0,0.0,0.0,0.0,0.0,0.0,0.4656084656084656,0.06878306878306878,0.0,0.0,0.10317460317460317,0.0,7.267195767195767,0.0,2.0396825396825395,0.0,7.9603174603174605,2.0634920634920637,0.10582010582010581,4.256613756613756,0.0,0.0,0.18518518518518517,0.13227513227513227,0.0,0.6005291005291006,13.447089947089948,1.9788359788359788,0.0,0.26455026455026454,0.023809523809523808,0.0,0.783068783068783,0.47354497354497355,0.0,0.07936507936507936,0.08994708994708994
582,1666,4,1.098360655737705,0.11475409836065574,0.639344262295082,4.475409836065574,0.0,0.0,0.0,0.0,0.0,0.0,0.6098360655737705,0.0,0.22295081967213115,1.4754098360655739,0.6131147540983607,0.0,0.0,0.0,0.0,14.262295081967213,0.0,4.032786885245901,0.0,4.462295081967213,2.7114754098360656,0.10819672131147541,6.701639344262295,0.0,0.0,0.09836065573770492,0.0,0.0,0.0,16.308196721311475,2.3836065573770493,0.0,0.0,0.2983606557377049,0.0,0.28524590163934427,0.5901639344262295,0.0,0.09836065573770492,0.7016393442622951
587,1772,4,0.648936170212766,0.09361702127659574,0.35319148936170214,5.4297872340425535,0.0,0.0,0.0,0.0,0.0,0.0,0.11702127659574468,0.0,0.09361702127659574,0.5957446808510638,0.3638297872340426,0.0,0.0,0.0,0.010638297872340425,18.414893617021278,0.00851063829787234,3.797872340425532,0.0,11.438297872340426,5.123404255319149,0.4,5.304255319148936,0.0,0.0,0.04042553191489362,0.18085106382978725,0.0,0.0,21.3,2.880851063829787,0.0,0.010638297872340425,0.01276595744680851,0.0,0.7893617021276595,0.6021276595744681,0.0,0.04893617021276596,0.39148936170212767
579,1945,7,0.6663078579117331,0.08826695371367062,0.7438105489773951,3.6318622174381057,0.0,0.0,0.0,0.0193756727664155,0.0,0.0,0.0,0.0,0.0,0.05059203444564048,0.0,0.0,0.0,0.0,0.0,13.332615715823467,0.07857911733046287,3.968783638320775,0.0,13.503767491926803,3.0731969860064585,0.6254036598493004,5.569429494079656,0.0,0.05597416576964478,0.4628632938643703,0.0,0.0,0.0,17.342303552206673,1.8116254036598494,0.0,0.33907427341227125,0.13455328310010764,0.0,0.8611410118406889,0.6372443487621098,0.0,0.04305705059203445,0.0
586,221,7,0.8068965517241379,0.05172413793103448,1.389655172413793,3.7103448275862068,0.0,0.0,0.0,0.0,0.0,0.0,0.14482758620689656,0.0,0.0,1.3758620689655172,0.6793103448275862,0.0,0.0,0.0,0.8724137931034482,4.689655172413793,0.08275862068965517,6.196551724137931,0.0,5.76551724137931,2.1310344827586207,2.5827586206896553,11.744827586206897,0.0,0.0,0.40344827586206894,0.0,0.0,0.0,21.510344827586206,1.9379310344827587,0.0,0.6655172413793103,0.1724137931034483,0.0,0.47586206896551725,0.7413793103448276,0.0,0.08275862068965517,0.0
582,316,4,0.5499254843517138,0.10730253353204174,0.6214605067064084,3.929955290611028,0.0,0.0,0.0,0.0,0.0,0.0,0.2533532041728763,0.0,0.0,0.45305514157973176,0.09985096870342772,0.0,0.0,0.0,0.5275707898658718,12.2876304023845,0.0,1.7242921013412817,0.0,5.906110283159464,2.1997019374068554,0.14157973174366617,3.0342771982116243,0.0,0.0,0.0,0.19076005961251863,0.038748137108792845,0.0,15.940387481371088,2.4932935916542474,0.0,0.09239940387481371,0.0,0.0,0.323397913561848,0.481371087928465,0.0,0.037257824143070044,0.8807749627421758
580,999,4,0.6711281070745698,0.08604206500956023,0.7170172084130019,3.384321223709369,0.0,0.0,0.0,0.030592734225621414,0.0,0.0,0.0,0.0,0.0,0.0057361376673040155,0.10325047801147227,0.0,0.0,0.0,0.0,13.01338432122371,0.0,2.45697896749522,0.0,8.883365200764818,1.9636711281070747,0.11089866156787763,4.774378585086042,0.0,0.0,0.3384321223709369,0.13193116634799235,0.0,0.0,14.030592734225621,1.9636711281070747,0.10325047801147227,0.4321223709369025,0.14340344168260039,0.0,0.8011472275334608,0.5315487571701721,0.0,0.06692160611854685,0.0
582,1033,4,0.5375494071146245,0.07509881422924901,0.6047430830039525,3.438735177865613,0.0,0.0,0.0,0.0,0.0,0.0,0.0,0.0,0.0,0.0,0.0,0.0,0.0,0.0,0.0,9.826086956521738,0.07114624505928854,3.766798418972332,0.0,6.778656126482214,1.4743083003952568,0.233201581027668,4.561264822134388,0.0,0.0,0.09090909090909091,0.0,0.0,0.0,13.964426877470355,1.7351778656126482,0.0,0.0,0.08300395256916997,0.0,0.43478260869565216,0.5138339920948617,0.0,0.03162055335968379,0.0
582,34,4,0.5841121495327103,0.10747663551401869,0.4252336448598131,5.350467289719626,0.0,0.0,0.0,0.0,0.0,0.0,0.0,0.0,0.0,0.0,0.0,0.0,0.0,0.0,0.0,17.55607476635514,0.0,2.9906542056074765,0.0,18.565420560747665,5.154205607476635,0.0,2.336448598130841,0.0,0.0,0.40654205607476634,0.0,0.0,0.0,20.439252336448597,3.5186915887850465,0.0,0.37850467289719625,0.0,0.0,1.1682242990654206,0.6915887850467289,0.0,0.009345794392523364,0.0
590,1492,7,0.6650717703349283,0.11004784688995216,1.014354066985646,2.3014354066985647,0.0,0.0,0.0,0.0,0.0,0.0,0.0,0.0,0.0,0.014354066985645933,0.004784688995215311,0.0,0.0,0.0,0.10047846889952153,8.885167464114833,0.0,2.028708133971292,0.0,3.492822966507177,0.7942583732057417,0.722488038277512,7.181818181818182,0.0,0.0,0.0,0.0,0.0,0.0,9.5933014354067,0.8995215311004785,0.0,0.20095693779904306,0.0,0.0,0.11004784688995216,0.430622009569378,0.0,0.028708133971291867,0.0
583,765,12,1.4237560192616372,0.12359550561797752,0.6468699839486356,6.020866773675762,0.0,0.0,0.0,0.033707865168539325,0.0,0.0,0.39646869983948635,0.0,0.0,1.0192616372391654,0.5377207062600321,0.0,0.0,0.0,1.1348314606741574,16.359550561797754,0.02086677367576244,4.746388443017657,0.0,19.502407704654896,4.945425361155698,0.38362760834670945,5.829855537720706,0.0,0.0,0.3467094703049759,0.0,0.26324237560192615,0.0,23.264847512038525,3.373996789727127,0.0,0.30337078651685395,0.13964686998394862,0.15569823434991975,1.2054574638844302,0.7110754414125201,0.0,0.5730337078651685,1.5489566613162118
592,1018,4,0.7665094339622641,0.11320754716981132,0.33962264150943394,4.2075471698113205,0.0,0.4528301886792453,0.0,1.705188679245283,0.0,0.025943396226415096,0.0,0.0,0.02830188679245283,1.429245283018868,0.5306603773584906,0.0,0.0,0.17688679245283018,0.0,9.09433962264151,0.0,31.53066037735849,0.0,6.740566037735849,4.15566037735849,0.13443396226415094,5.75,0.0,0.0,0.21933962264150944,0.0,0.0,0.0,16.08490566037736,2.181603773584906,0.0,0.08962264150943396,0.2099056603773585,0.0,0.7570754716981132,0.6462264150943396,0.6344339622641509,0.07783018867924528,11.13679245283019
585,1203,6,0.5484351713859911,0.09090909090909091,0.8166915052160953,4.055141579731743,0.0,0.0,0.0,0.0,0.0,0.0,0.0,0.0,0.0,0.06110283159463487,0.022354694485842028,0.0,0.0,0.0,0.0,14.682563338301044,0.022354694485842028,4.546944858420268,0.0,10.731743666169896,3.5365126676602086,0.10730253353204174,5.007451564828614,0.0,0.0,0.5409836065573771,0.0,0.0,0.0,15.828614008941878,2.189269746646796,0.0,1.0849478390461997,0.02533532041728763,0.0,0.6870342771982116,0.5678092399403875,0.0,0.022354694485842028,0.0
590,112,4,0.6719101123595506,0.0651685393258427,0.5910112359550562,3.7685393258426965,0.0,0.04269662921348315,0.0,0.19325842696629214,0.0,0.0,0.7415730337078652,0.0,0.36179775280898874,2.6921348314606743,1.6696629213483145,0.0,0.0,0.051685393258426963,0.0,5.683146067415731,0.03146067415730337,5.343820224719101,0.0,2.8179775280898878,3.0808988764044942,0.15730337078651685,5.932584269662922,0.0,0.0,0.20224719101123595,0.0,0.0,0.0,17.469662921348316,2.3213483146067415,0.0,0.0,0.008988764044943821,0.0,0.24269662921348314,0.6202247191011236,0.0,0.0898876404494382,3.30561797752809
586,733,12,0.6100746268656716,0.07462686567164178,0.8936567164179104,2.2108208955223883,0.0,0.0,0.0,0.0,0.0,0.0,0.0,0.0,0.0,0.0,0.0,0.0,0.0,0.0,0.0,7.419776119402985,0.0,2.2667910447761193,0.0,4.824626865671642,0.707089552238806,0.4832089552238806,6.8638059701492535,0.0,0.0,0.007462686567164179,0.0,0.0,0.0,9.89365671641791,1.2537313432835822,0.0,0.13619402985074627,0.08582089552238806,0.0,0.3003731343283582,0.5130597014925373,0.0,0.022388059701492536,0.0
590,824,4,0.7455968688845401,0.08414872798434442,0.8943248532289628,2.8258317025440314,0.0,0.0273972602739726,0.0,0.7906066536203522,0.0,0.0,0.03718199608610567,0.0547945205479452,0.05283757338551859,1.0039138943248533,0.37181996086105673,0.0,0.136986301369863,0.5283757338551859,0.0,7.2465753424657535,0.0,7.2426614481409,0.0,5.6223091976516635,1.7064579256360077,0.2035225048923679,6.868884540117417,0.0,0.0,0.07045009784735812,0.0,0.0,0.0,11.915851272015656,1.1389432485322897,0.0,0.0,0.1780821917808219,0.0,0.5009784735812133,0.5322896281800391,0.8786692759295499,0.0547945205479452,6.088062622309198
590,958,4,0.968503937007874,0.1036745406824147,0.4973753280839895,4.206036745406824,0.0,0.0,0.0,0.0026246719160104987,0.0,0.003937007874015748,0.0984251968503937,0.0,0.0013123359580052493,0.29396325459317585,0.10498687664041995,0.0,0.0026246719160104987,0.0,0.3136482939632546,11.299212598425196,0.003937007874015748,2.7782152230971127,0.0,13.9750656167979,2.42257217847769,0.24671916010498687,4.925196850393701,0.0,0.0,0.18635170603674542,0.0,0.0,0.0,16.338582677165356,2.5918635170603674,0.0,0.36089238845144356,0.10236220472440945,0.0,1.0459317585301837,0.6456692913385826,0.0,0.08005249343832022,0.0
587,1179,11,0.6455331412103746,0.06051873198847262,0.8040345821325648,3.2651296829971184,0.0,0.0,0.0,0.0,0.0,0.0,0.0,0.0,0.0,0.0,0.0,0.0,0.0,0.0,0.0,6.804034582132565,0.0,2.440922190201729,0.0,3.4639769452449567,1.6282420749279538,0.037463976945244955,3.8530259365994235,0.0,0.0,0.0,0.0,0.0,0.0,13.939481268011527,2.086455331412104,0.0,0.025936599423631124,0.0,0.0,0.12680115273775217,0.4956772334293948,0.0,0.008645533141210375,0.0
584,1707,4,0.8306010928961749,0.07103825136612021,0.680327868852459,3.2185792349726774,0.07103825136612021,0.22131147540983606,0.26229508196721313,0.40710382513661203,0.0,0.0,0.02185792349726776,0.12021857923497267,0.03278688524590164,1.969945355191257,0.6038251366120219,0.0,0.3251366120218579,0.32786885245901637,0.0,7.814207650273224,0.0,8.939890710382514,0.0,1.6584699453551912,1.3579234972677596,0.16666666666666666,6.554644808743169,0.0,0.0,0.6939890710382514,0.0,0.0,1.7950819672131149,15.685792349726777,1.2814207650273224,0.0,0.0,0.12021857923497267,0.0,1.2704918032786885,0.6639344262295082,6.562841530054645,0.14754098360655737,8.748633879781421
592,1127,4,0.6322869955156951,0.03139013452914798,2.6457399103139014,3.098654708520179,0.0,0.0,0.0,0.0,0.0,0.0,0.0,0.0,0.0,0.004484304932735426,0.0,0.0,0.0,0.0,0.0,2.4663677130044843,0.2645739910313901,6.260089686098655,0.0,2.9730941704035874,1.1793721973094171,2.2600896860986546,12.645739910313901,0.0,0.0,0.6412556053811659,0.0,0.0,0.0,15.77578475336323,1.4304932735426008,0.0,0.4663677130044843,0.20179372197309417,0.0,0.0,0.6816143497757847,0.0,0.04484304932735426,0.0
598,2012,4,0.6993103448275862,0.09517241379310344,0.45379310344827584,3.197241379310345,0.0,0.0,0.02482758620689655,0.05103448275862069,0.0,0.0,0.0,0.012413793103448275,0.0,0.01793103448275862,0.0,0.0,0.0,0.0,0.0,8.939310344827586,0.005517241379310344,2.933793103448276,0.0,3.9806896551724136,2.5820689655172413,0.0,2.8441379310344828,0.0,0.0,0.0,0.0,0.0,0.0,14.097931034482759,1.659310344827586,0.0,0.0,0.0,0.0,0.29379310344827586,0.6041379310344828,4.786206896551724,0.04551724137931035,12.987586206896552
601,270,4,0.7777777777777778,0.12666666666666668,0.4688888888888889,3.668888888888889,0.0,0.0,0.0,0.02666666666666667,0.0,0.0,0.0,0.0,0.0,0.015555555555555555,0.011111111111111112,0.0,0.0,0.0,0.0,10.966666666666667,0.0,3.993333333333333,0.0,7.8133333333333335,2.8555555555555556,0.4311111111111111,2.8933333333333335,0.0,0.0,0.008888888888888889,0.1111111111111111,0.0,0.0,19.104444444444443,2.1422222222222222,0.0,0.0,0.1,0.0,0.8133333333333334,0.5822222222222222,0.0,0.044444444444444446,0.0
600,1419,4,0.6157540826128722,0.07780979827089338,0.32372718539865514,4.184438040345821,0.0,0.011527377521613832,0.0,0.0,0.0,0.0,0.0,0.0,0.0,0.10662824207492795,0.005763688760806916,0.0,0.0,0.01921229586935639,0.0,14.26416906820365,0.0,2.106628242074928,0.0,11.69164265129683,2.8683957732949086,0.01825168107588857,2.4073006724303556,0.0,0.0,0.01633045148895293,0.1988472622478386,0.0,0.07684918347742556,15.901056676272814,2.546589817483189,0.0,0.0,0.0643611911623439,0.0,0.8338136407300673,0.4793467819404419,0.0,0.04610951008645533,0.1844380403458213
598,1581,12,0.6390197926484449,0.07917059377945335,1.2007540056550423,4.053722902921772,0.0,0.034872761545711596,0.0,0.21300659754948162,0.0,0.0,0.001885014137606032,0.0,0.0,0.3751178133836004,0.11404335532516494,0.0,0.0,0.016965127238454288,0.030160226201696512,13.72761545711593,0.07540056550424128,6.060320452403393,0.0,10.803958529688973,2.5108388312912346,0.4872761545711593,6.324222431668238,0.0,0.15645617342130066,0.292177191328935,0.0,0.0,0.0,17.207351555136665,2.130065975494816,0.0,0.25918944392082943,0.04429783223374175,0.000942507068803016,0.8699340245051838,0.6682375117813384,0.0,0.036757775683317624,0.0
592,1684,4,0.6557161629434954,0.11563731931668857,0.28777923784494086,3.5860709592641262,0.01576872536136662,0.18659658344283836,0.0,0.8396846254927727,0.0,0.0,0.0,0.0,0.07490144546649145,1.1984231274638633,0.48488830486202367,0.0,0.3140604467805519,1.7529566360052562,0.026281208935611037,12.927726675427069,0.0,25.496714848883048,0.0,9.989487516425756,2.624178712220762,0.6727989487516426,5.730617608409987,0.0,0.07752956636005257,0.1800262812089356,0.0,0.0,0.0,16.783180026281208,1.5703022339027595,0.0,0.11300919842312747,0.2457293035479632,0.0,0.8725361366622865,0.6307490144546649,0.0,0.08804204993429698,5.993429697766097
587,1816,12,0.6676300578034682,0.057803468208092484,0.953757225433526,3.578034682080925,0.0,0.0,0.0,0.0,0.0,0.0,0.0,0.0,0.0,1.3815028901734103,0.5260115606936416,0.0,0.0,0.0,0.0,3.531791907514451,0.10982658959537572,3.4826589595375723,0.0,5.190751445086705,2.479768786127168,1.6213872832369942,9.858381502890174,0.0,0.0,1.0491329479768785,0.0,0.0,0.0,17.86994219653179,2.078034682080925,0.0,0.03468208092485549,0.35260115606936415,0.0,0.34104046242774566,0.5635838150289018,0.0,0.04046242774566474,3.3352601156069364
598,1344,4,0.6601307189542484,0.10130718954248366,1.0326797385620916,3.2058823529411766,0.0,0.1111111111111111,0.0,0.5588235294117647,0.0,0.0,0.0,0.0,0.0,1.0555555555555556,0.3006535947712418,0.0,0.49673202614379086,0.8169934640522876,0.0,12.973856209150327,0.08496732026143791,5.0130718954248366,0.0,2.107843137254902,1.7516339869281046,1.5751633986928104,7.790849673202614,0.0,0.0,0.21895424836601307,0.0,0.0,0.6862745098039216,15.754901960784315,1.34640522875817,0.0,0.11437908496732026,0.09477124183006536,0.0,0.5032679738562091,0.48366013071895425,0.0,0.06209150326797386,9.019607843137255
596,407,7,0.6641104294478528,0.09662576687116564,1.0276073619631902,4.717791411042945,0.0,0.0,0.0,0.0015337423312883436,0.0,0.0,0.0,0.0,0.0,0.12269938650306748,0.0,0.0,0.0,0.0,0.0,13.883435582822086,0.03067484662576687,3.7776073619631902,0.0,12.338957055214724,3.6794478527607364,0.147239263803681,3.8726993865030677,0.0,0.0,0.0,0.09662576687116564,0.0,0.0,19.90644171779141,2.7806748466257667,0.0,0.03067484662576687,0.0,0.0,0.9003067484662577,0.6411042944785276,0.0,0.03680981595092025,0.0
600,1949,4,0.6190476190476191,0.10666666666666667,0.2876190476190476,3.8057142857142856,0.0,0.0,0.0,0.049523809523809526,0.0,0.0,0.34285714285714286,0.0,0.0,0.8076190476190476,0.2704761904761905,0.0,0.0,0.08190476190476191,0.7447619047619047,14.588571428571429,0.0,3.447619047619048,0.0,11.182857142857143,3.0095238095238095,0.41333333333333333,4.700952380952381,0.0,0.0,0.0,0.0,0.2038095238095238,0.0,13.992380952380952,2.0552380952380953,0.0,0.1295238095238095,0.0419047619047619,0.09714285714285714,0.6838095238095238,0.5142857142857142,0.0,0.06857142857142857,5.201904761904762
605,1986,4,0.7385159010600707,0.10070671378091872,0.4708480565371025,3.340106007067138,0.0,0.0,0.0,0.0,0.0,0.0,0.0,0.0,0.0,0.09098939929328621,0.01060070671378092,0.0,0.0,0.0,0.013250883392226149,13.157243816254416,0.00530035335689046,4.546819787985866,0.0,11.54416961130742,1.8100706713780919,0.7128975265017667,5.554770318021202,0.0,0.0,0.3551236749116608,0.0,0.0,0.0,16.718197879858657,1.545053003533569,0.0,0.43109540636042404,0.18992932862190812,0.0,0.7332155477031802,0.6086572438162544,0.0,0.030035335689045935,0.0
593,707,12,0.9235427706283119,0.10219530658591976,0.45268735806207416,3.769114307342922,0.0,0.0,0.0,0.010598031794095382,0.0,0.0,0.0,0.0,0.0,0.02498107494322483,0.003785011355034065,0.0,0.0,0.0,0.0,12.391370174110522,0.002271006813020439,4.591218773656321,0.0,11.486752460257382,1.922785768357305,0.8190764572293717,4.950794852384557,0.0,0.045420136260408785,0.033308099924299776,0.000757002271006813,0.0,0.0,19.299772899318697,2.093111279333838,0.0,0.0,0.12187736563209689,0.0,0.9023467070401211,0.6457229371688115,0.0,0.1392884178652536,0.0
597,1289,4,0.7475247524752475,0.07920792079207921,0.09158415841584158,2.9381188118811883,0.0,0.0,0.0,0.4405940594059406,0.0,0.0,0.039603960396039604,0.0,0.024752475247524754,0.38613861386138615,0.09158415841584158,0.0,0.04950495049504951,0.8242574257425742,0.0,7.116336633663367,0.0,5.056930693069307,0.0,6.626237623762377,2.0965346534653464,0.17574257425742573,4.086633663366337,0.0,0.0,0.12623762376237624,0.0,0.024752475247524754,0.0,13.183168316831683,1.7103960396039604,0.0,0.0,0.1905940594059406,0.0,0.7599009900990099,0.5717821782178217,0.0,0.04950495049504951,11.482673267326733
604,79,4,0.7209985315712188,0.09544787077826726,1.2980910425844348,4.505139500734215,0.0,0.0,0.0,0.0,0.0,0.0,0.004405286343612335,0.0,0.011747430249632892,0.04405286343612335,0.03524229074889868,0.0,0.0,0.0,0.0,15.176211453744493,0.1145374449339207,3.2011747430249633,0.0,11.13215859030837,3.2187958883994128,0.23494860499265785,6.139500734214391,0.0,0.08370044052863436,0.1130690161527166,0.0,0.0,0.0,18.419970631424377,2.5447870778267254,0.0,0.14977973568281938,0.023494860499265784,0.0,0.7195301027900147,0.618208516886931,0.0,0.04552129221732746,0.631424375917768
589,375,12,0.6778115501519757,0.0911854103343465,0.3049645390070922,2.9412360688956434,0.0,0.0,0.0,0.0,0.0,0.0,0.00303951367781155,0.0,0.0,0.017223910840932118,0.0,0.0,0.0,0.0,0.0070921985815602835,13.29483282674772,0.005065856129685917,1.8196555217831814,0.0,12.275582573454914,1.6534954407294833,0.15501519756838905,2.806484295845998,0.0,0.0,0.3414387031408308,0.0,0.0,0.0,10.666666666666666,1.590678824721378,0.0,0.3677811550151976,0.02127659574468085,0.0,0.729483282674772,0.46200607902735563,0.0,0.029381965552178316,0.0
601,480,4,0.4863013698630137,0.06164383561643835,0.2534246575342466,1.9452054794520548,0.0,0.0,0.0,0.6575342465753424,0.0,0.0,0.0,0.0,0.0,0.726027397260274,0.21232876712328766,0.0,0.1643835616438356,0.3767123287671233,0.0,5.787671232876712,0.0,4.4520547945205475,0.0,1.047945205479452,0.4520547945205479,0.3972602739726027,5.308219178082192,0.0,0.0,0.0,0.0,0.0,0.0,9.082191780821917,0.815068493150685,0.0,0.0,0.18493150684931506,0.0,0.0,0.5547945205479452,0.0,0.0410958904109589,3.3904109589041096
604,504,12,0.5498108448928121,0.08827238335435057,0.9848675914249685,3.1551071878940733,0.0,0.027742749054224466,0.0,0.22824716267339218,0.0,0.0,0.0,0.0,0.0,0.5662042875157629,0.17654476670870115,0.0,0.0,0.05170239596469105,0.05044136191677175,10.691046658259774,0.0,4.891551071878941,0.0,5.216897856242118,1.849936948297604,0.29508196721311475,5.087011349306431,0.0,0.0,0.021437578814627996,0.0,0.0,0.0,13.12484237074401,1.7313997477931904,0.0,0.19798234552332913,0.021437578814627996,0.0,0.4401008827238335,0.5245901639344263,0.0,0.05170239596469105,0.011349306431273645
594,786,12,0.6475583864118896,0.08917197452229299,0.2059447983014862,3.583864118895966,0.0,0.10615711252653928,0.0,1.0870488322717622,0.0,0.0,0.0,0.021231422505307854,0.0,0.8174097664543525,0.3227176220806794,0.0,0.0,0.524416135881104,0.0,10.118895966029724,0.0,5.059447983014862,0.0,3.6475583864118897,1.9936305732484076,0.3036093418259023,3.6220806794055203,0.0,0.0,0.0,0.0,0.0,0.0,14.59660297239915,2.0955414012738856,0.0,0.0,0.0,0.0,0.5222929936305732,0.49256900212314225,0.016985138004246284,0.055201698513800426,10.685774946921443
611,1846,4,0.7692307692307693,0.0903010033444816,0.44816053511705684,3.411371237458194,0.0,0.0033444816053511705,0.0,0.08695652173913043,0.0,0.15719063545150502,0.0033444816053511705,0.0,0.010033444816053512,0.5384615384615384,0.2140468227424749,0.0,0.026755852842809364,1.0969899665551839,0.0,11.846153846153847,0.0,14.023411371237458,0.0,12.250836120401338,2.9933110367892977,0.08361204013377926,4.622073578595318,0.0,0.0,0.05016722408026756,0.0,0.0,0.0,13.695652173913043,1.785953177257525,0.0,0.0,0.14381270903010032,0.0,1.157190635451505,0.6521739130434783,0.016722408026755852,0.06688963210702341,10.54180602006689
599,175,4,0.7667140825035562,0.09672830725462304,0.7724039829302988,3.7859174964438123,0.0,0.0,0.0,0.0,0.0,0.0,0.0,0.0,0.0,0.006401137980085348,0.0,0.0,0.009246088193456615,0.0,0.0,14.087482219061167,0.09743954480796586,3.891180654338549,0.0,12.606685633001423,2.3541963015647225,0.716927453769559,8.081792318634424,0.0,0.0035561877667140826,0.24893314366998578,0.0,0.0,0.0,18.230440967283073,1.8477951635846372,0.0,0.044096728307254626,0.08748221906116643,0.0,0.8613086770981507,0.6792318634423897,0.0,0.04907539118065434,0.0
607,191,4,0.6268221574344023,0.10787172011661808,0.42565597667638483,3.4956268221574343,0.0,0.0,0.0,0.0,0.0,0.0,0.0,0.0,0.0,0.0,0.0,0.0,0.0,0.0,0.0,13.186588921282798,0.0,2.0787172011661808,0.0,8.364431486880466,1.8425655976676385,0.008746355685131196,1.8979591836734695,0.0,0.0,0.011661807580174927,0.0,0.0,0.0,13.396501457725947,2.0991253644314867,0.0,0.08746355685131195,0.023323615160349854,0.0,0.5364431486880467,0.4752186588921283,0.0,0.04081632653061224,0.0
592,429,12,0.5688073394495413,0.07033639143730887,0.5840978593272171,3.0168195718654434,0.0,0.0,0.0,0.0,0.0,0.0,0.0061162079510703364,0.0,0.0,0.010703363914373088,0.0061162079510703364,0.0,0.0,0.0,0.039755351681957186,10.454128440366972,0.0,1.9954128440366972,0.0,9.700305810397554,1.628440366972477,0.05657492354740061,2.81651376146789,0.0,0.0,0.0382262996941896,0.0,0.0,0.0,12.81039755351682,1.9418960244648318,0.0,0.13914373088685014,0.01529051987767584,0.0,0.6269113149847095,0.4740061162079511,0.0,0.0290519877675841,0.0
594,517,2,0.7529411764705882,0.047058823529411764,0.0,2.8294117647058825,0.0,0.0,0.0,0.0,0.0,0.0,0.0,0.0,0.0,0.011764705882352941,0.0,0.0,0.21176470588235294,1.5941176470588236,0.0,4.811764705882353,0.0,13.211764705882352,0.0,5.123529411764705,1.3470588235294119,0.052941176470588235,1.9764705882352942,0.0,0.0,0.0,0.0,0.0,0.0,12.405882352941177,1.588235294117647,0.0,0.0,0.07647058823529412,0.0,0.32941176470588235,0.5176470588235295,0.0,0.1411764705882353,16.564705882352943
598,1380,7,0.44696969696969696,0.06818181818181818,0.3560606060606061,2.6515151515151514,0.0,0.0,0.0,0.0,0.0,0.0,0.0,0.21212121212121213,0.0,0.0,0.0,0.0,0.0,0.0,0.0,4.492424242424242,0.0,1.5757575757575757,0.0,0.75,1.1136363636363635,0.0,2.5681818181818183,0.0,0.0,0.0,0.0,0.0,0.0,11.325757575757576,1.7424242424242424,0.0,0.0,0.0,0.0,0.007575757575757576,0.48484848484848486,0.6363636363636364,0.015151515151515152,22.022727272727273
596,1605,11,0.6506410256410257,0.125,0.7548076923076923,6.024038461538462,0.0,0.0,0.0,0.0,0.0,0.0,0.38301282051282054,0.0,0.0,0.8509615384615384,0.36698717948717946,0.0,0.0,0.0,0.6987179487179487,20.568910256410255,0.04006410256410257,3.530448717948718,0.0,16.66025641025641,4.7756410256410255,0.25,5.365384615384615,0.0,0.0,0.07692307692307693,0.1858974358974359,0.14583333333333334,0.0,23.147435897435898,3.426282051282051,0.0,0.17147435897435898,0.02403846153846154,0.23397435897435898,1.1762820512820513,0.6057692307692307,0.0,0.05929487179487179,1.6025641025641026
603,853,4,1.4385964912280702,0.07719298245614035,0.5789473684210527,5.996491228070176,0.10526315789473684,0.23157894736842105,0.0,1.2842105263157895,0.0,0.0,0.0,0.0,0.0,1.5052631578947369,0.43157894736842106,0.0,0.07719298245614035,0.2631578947368421,0.0,4.505263157894737,0.13333333333333333,14.326315789473684,0.0,11.817543859649122,2.319298245614035,1.3017543859649123,8.652631578947368,0.0,0.0,0.06666666666666667,0.0,0.0,1.2842105263157895,27.70877192982456,3.743859649122807,0.0,0.12631578947368421,0.09824561403508772,0.0,0.9473684210526315,0.7649122807017544,0.0,0.20350877192982456,0.49473684210526314
603,1082,4,0.7664233576642335,0.09197080291970802,0.36496350364963503,4.404379562043796,0.0,0.0,0.0,0.13576642335766423,0.0,0.0,0.0,0.0,0.0,0.08467153284671533,0.08029197080291971,0.0,0.032116788321167884,0.08759124087591241,0.0,11.821897810218978,0.0,3.245255474452555,0.0,7.090510948905109,2.602919708029197,0.10510948905109489,4.116788321167883,0.0,0.05693430656934306,0.1416058394160584,0.7781021897810219,0.0,0.0,16.906569343065694,2.6394160583941604,0.0,0.09635036496350365,0.035036496350364967,0.0,0.8350364963503649,0.6321167883211679,0.0,0.030656934306569343,1.2481751824817517
605,1315,4,4.409271523178808,0.06754966887417219,0.9218543046357616,3.480794701986755,0.006622516556291391,0.0013245033112582781,0.10728476821192053,0.02119205298013245,0.0,0.0,0.0,0.0026490066225165563,0.0,0.20794701986754968,0.046357615894039736,0.0,0.019867549668874173,0.003973509933774834,0.0,11.133774834437085,0.1205298013245033,3.8649006622516557,0.0,9.180132450331126,1.713907284768212,0.2860927152317881,5.105960264900662,0.0,0.0,0.25695364238410595,0.005298013245033113,0.0,0.02913907284768212,14.574834437086093,1.7456953642384105,0.0,0.24503311258278146,0.09536423841059603,0.0,0.7245033112582782,0.6781456953642384,0.0,1.818543046357616,0.152317880794702
595,1701,4,0.7312414733969986,0.07366984993178717,1.5798090040927695,3.581173260572988,0.0,0.0,0.0,0.01227830832196453,0.0,0.0,0.0,0.0,0.0,0.1296043656207367,0.005457025920873124,0.0,0.0,0.0,0.0,12.742155525238745,0.09822646657571624,3.1637107776261937,0.0,6.701227830832196,1.2373806275579808,0.16234652114597545,6.391541609822647,0.0,0.19508867667121418,0.47066848567530695,0.0,0.0,0.0,15.22237380627558,1.7053206002728514,0.0,0.73806275579809,0.09686221009549795,0.0,0.46521145975443384,0.6643929058663028,0.0,0.047748976807639835,6.040927694406548
604,242,7,0.5519125683060109,0.0546448087431694,0.6612021857923497,2.8743169398907105,0.0,0.0,0.0,0.0,0.0,0.0,0.0,0.0,0.0,0.02185792349726776,0.0,0.0,0.0,0.0,0.0,2.726775956284153,0.1092896174863388,6.426229508196721,0.0,1.721311475409836,0.8415300546448088,0.5901639344262295,7.0710382513661205,0.0,0.0,0.4644808743169399,0.0,0.0,0.0,14.62295081967213,1.469945355191257,0.0,0.17486338797814208,0.16939890710382513,0.0,0.0,0.6338797814207651,0.0,0.01639344262295082,0.0
595,319,4,0.5580110497237569,0.10313075506445672,0.4419889502762431,3.863720073664825,0.0,0.0,0.0,0.0,0.0,0.0,0.12154696132596685,0.0,0.0,0.3683241252302026,0.07366482504604052,0.0,0.0,0.0,0.578268876611418,13.355432780847146,0.0,1.7863720073664826,0.0,10.349907918968693,2.2320441988950277,0.04604051565377532,3.2099447513812156,0.0,0.0,0.05156537753222836,0.0,0.0,0.0,14.027624309392266,2.1933701657458564,0.0,0.0,0.04788213627992634,0.0,0.6556169429097606,0.425414364640884,0.0,0.03130755064456722,0.0
601,37,4,0.5899280575539568,0.03597122302158273,1.330935251798561,2.1510791366906474,0.0,0.0,0.0,0.0,0.0,0.0,0.0,0.0,0.0,0.0,0.0,0.0,0.0,0.0,0.0,2.7194244604316546,0.0,1.6762589928057554,0.0,2.4532374100719423,0.697841726618705,0.03597122302158273,4.755395683453237,0.0,0.0,0.2733812949640288,0.0,0.0,0.0,8.913669064748202,1.0071942446043165,0.0,0.2014388489208633,0.10071942446043165,0.0,0.19424460431654678,0.41007194244604317,0.0,0.007194244604316547,0.0
601,58,4,0.6740331491712708,0.1132596685082873,0.26795580110497236,3.3950276243093924,0.0,0.0,0.0,0.0,0.0,0.0,0.0,0.0,0.0,0.0,0.0,0.0,0.0,0.0,0.0,15.582872928176796,0.0,2.0662983425414363,0.0,6.969613259668508,2.116022099447514,0.08011049723756906,3.2569060773480665,0.0,0.0,0.0,0.0,0.0,0.0,13.069060773480663,2.1077348066298343,0.0,0.0027624309392265192,0.0,0.0,0.5138121546961326,0.46408839779005523,0.0,0.03591160220994475,0.0
604,544,4,0.5427509293680297,0.08550185873605948,0.6840148698884758,2.5724907063197024,0.0,0.0,0.0,0.0,0.0,0.0,0.0,0.0,0.0,0.0,0.0,0.0,0.0,0.0,0.0,11.58364312267658,0.0,1.8513011152416357,0.0,12.87732342007435,1.453531598513011,0.13011152416356878,3.654275092936803,0.0,0.0,0.30855018587360594,0.0,0.0,0.0,10.985130111524164,1.587360594795539,0.0,0.6431226765799256,0.0,0.0,0.7174721189591078,0.5390334572490706,0.0,0.026022304832713755,0.0
607,685,4,0.5530035335689046,0.09717314487632508,1.0459363957597174,3.5406360424028267,0.0,0.0,0.0,0.1413427561837456,0.0,0.0,0.0,0.04063604240282685,0.0,0.29858657243816256,0.15371024734982333,0.0,0.0,0.0,0.0,10.540636042402827,0.045936395759717315,5.446996466431095,0.0,4.91696113074205,2.045936395759717,0.19257950530035337,5.676678445229682,0.0,0.0,0.0,0.0,0.0,0.0,13.731448763250883,1.6819787985865724,0.0,0.2773851590106007,0.13957597173144876,0.0,0.48056537102473496,0.5159010600706714,1.1501766784452296,0.05653710247349823,9.676678445229681
601,1038,4,0.6654135338345865,0.09398496240601503,0.6842105263157895,3.9862155388471177,0.0,0.0,0.0,0.13283208020050125,0.0,0.0,0.0,0.0,0.0,0.20175438596491227,0.040100250626566414,0.0,0.0,0.002506265664160401,0.0,12.914786967418546,0.03258145363408521,3.1666666666666665,0.0,10.533834586466165,3.164160401002506,0.3508771929824561,4.593984962406015,0.0,0.0,0.15037593984962405,0.0,0.0,0.0,14.829573934837093,2.2669172932330826,0.0,0.24686716791979949,0.08521303258145363,0.0,0.9624060150375939,0.5601503759398496,0.0,0.05513784461152882,0.10401002506265664
601,1634,4,0.5496688741721855,0.10596026490066225,0.20198675496688742,5.923841059602649,0.0,0.0,0.0,0.0,0.0,0.0,0.0,0.0,0.0,0.0,0.0,0.0,0.0,0.0,0.0,19.60927152317881,0.0,2.480132450331126,0.0,16.60927152317881,4.771523178807947,0.0,2.0,0.0,0.0,0.006622516556291391,0.0033112582781456954,0.0,0.0,21.2682119205298,3.433774834437086,0.0,0.304635761589404,0.0,0.0,1.0,0.609271523178808,0.0,0.039735099337748346,0.0
605,1752,4,0.640661938534279,0.09219858156028368,0.6193853427895981,4.359338061465721,0.0,0.0,0.0,0.0,0.0,0.0,0.016548463356973995,0.0,0.04491725768321513,0.17966903073286053,0.08037825059101655,0.0,0.0,0.0,0.0,13.26950354609929,0.04728132387706856,4.711583924349882,0.0,10.959810874704491,2.978723404255319,0.6430260047281324,5.066193853427896,0.0,0.0,0.10638297872340426,0.0,0.0,0.0,19.921985815602838,2.5011820330969265,0.0,0.0,0.037825059101654845,0.0,0.7541371158392435,0.5508274231678487,0.0,0.054373522458628844,0.34988179669030733
602,154,4,0.89937106918239,0.0649895178197065,0.8134171907756813,3.7735849056603774,0.0,0.0,0.0,0.0,0.0,0.0,0.0,0.0,0.0,0.06079664570230608,0.0,0.0,0.0,0.0,0.0,14.849056603773585,0.0859538784067086,4.039832285115304,0.0,9.658280922431866,2.0377358490566038,0.8385744234800838,9.614255765199161,0.0,0.0,0.14255765199161424,0.0,0.0,0.0,16.161425576519918,1.6603773584905661,0.0,0.05450733752620545,0.031446540880503145,0.0,0.6834381551362684,0.5408805031446541,0.0,0.03563941299790356,0.0
608,808,12,0.6557377049180327,0.0778688524590164,0.5430327868852459,2.7807377049180326,0.0,0.0,0.0,0.018442622950819672,0.0,0.0,0.0,0.0,0.0,0.08811475409836066,0.0,0.0,0.0,0.022540983606557378,0.0,12.12295081967213,0.0,2.165983606557377,0.0,9.241803278688524,1.110655737704918,0.2827868852459016,4.739754098360656,0.0,0.0,0.11270491803278689,0.0,0.0,0.0,11.118852459016393,1.4569672131147542,0.0,0.29918032786885246,0.030737704918032786,0.0,0.6270491803278688,0.4651639344262295,0.0,0.014344262295081968,0.0
609,989,4,0.9389312977099237,0.09923664122137404,0.21564885496183206,3.954198473282443,0.0,0.0,0.0,0.21946564885496184,0.0,0.07251908396946564,0.030534351145038167,0.0,0.0019083969465648854,0.5591603053435115,0.183206106870229,0.0,0.12213740458015267,1.2118320610687023,0.0,12.127862595419847,0.0,14.0,0.0,15.816793893129772,3.4980916030534353,0.03244274809160305,4.074427480916031,0.0,0.0,0.09732824427480916,0.0,0.0,0.0,14.595419847328245,1.9961832061068703,0.0,0.03816793893129771,0.07824427480916031,0.0,1.3148854961832062,0.6030534351145038,0.16030534351145037,0.09923664122137404,12.198473282442748
599,1735,4,0.6876061120543294,0.08404074702886248,0.629881154499151,3.8853989813242786,0.0,0.0,0.0,0.011035653650254669,0.0,0.0,0.0,0.0,0.0,0.0500848896434635,0.0,0.0,0.0,0.0,0.0,10.715619694397283,0.0,3.141765704584041,0.0,9.946519524617997,2.699490662139219,0.015280135823429542,3.7911714770797964,0.0,0.07894736842105263,0.0730050933786078,0.0,0.0,0.0,15.682512733446519,2.333616298811545,0.0,0.11035653650254669,0.013582342954159592,0.0,0.6757215619694398,0.5789473684210527,0.0,0.027164685908319185,0.0
605,636,4,0.6267605633802817,0.07746478873239436,0.4859154929577465,4.352112676056338,0.0,0.0,0.0,0.0,0.0,0.0,0.0,0.0,0.0,0.0,0.0,0.0,0.0,0.0,0.0,10.267605633802816,0.18309859154929578,4.647887323943662,0.0,9.880281690140846,2.8943661971830985,0.5774647887323944,7.309859154929577,0.0,0.0,0.31690140845070425,0.0,0.0,0.0,18.683098591549296,2.2464788732394365,0.0,0.0,0.1619718309859155,0.0,0.8169014084507042,0.528169014084507,0.0,0.04929577464788732,0.0
613,1268,12,0.83,0.09166666666666666,0.5366666666666666,3.868333333333333,0.0,0.0,0.0,0.18333333333333332,0.0,0.0,0.0,0.0,0.0,0.0,0.0,0.0,0.0,0.0,0.0,12.441666666666666,0.006666666666666667,2.9433333333333334,0.0,6.596666666666667,2.111666666666667,0.03,3.555,0.0,0.0,0.045,0.18166666666666667,0.0,0.0,14.76,2.235,0.0,0.05,0.20833333333333334,0.0,0.5083333333333333,0.5966666666666667,0.0,0.02666666666666667,0.0
608,1719,4,0.6881937436932392,0.08173562058526741,0.7749747729566094,4.756811301715439,0.0,0.0030272452068617556,0.0,0.3340060544904137,0.0,0.0,0.007063572149344097,0.0,0.005045408678102927,0.42684157416750756,0.14833501513622604,0.0,0.09485368314833502,0.11200807265388496,0.0,14.740665993945509,0.04944500504540868,3.3733602421796167,0.0,12.564076690211907,3.7315842583249244,0.515640766902119,6.722502522704339,0.08072653884964683,0.15539858728557013,0.12613521695257315,0.0,0.0,0.0,18.114026236125127,2.6115035317860746,0.0,0.09081735620585267,0.06659939455095863,0.0,0.922300706357215,0.6528758829465187,0.0,0.039354187689202826,0.4419778002018164
613,213,4,0.6161290322580645,0.07903225806451612,0.5209677419354839,4.004838709677419,0.0,0.0,0.0,0.0,0.0,0.0,0.0,0.0,0.0,0.0,0.0,0.0,0.0,0.0,0.0,11.538709677419355,0.06774193548387097,4.401612903225806,0.0,9.396774193548387,2.67258064516129,0.42096774193548386,5.195161290322581,0.0,0.0,0.31290322580645163,0.0,0.0,0.0,17.56935483870968,2.05,0.0,0.0,0.20806451612903226,0.0,0.6564516129032258,0.5951612903225807,0.0,0.02258064516129032,0.0
605,390,4,0.5935412026726058,0.07349665924276169,0.37973273942093544,2.7650334075723833,0.0,0.0,0.0,0.0,0.0,0.0,0.02338530066815145,0.0,0.0,0.09242761692650334,0.013363028953229399,0.0,0.0,0.0,0.08463251670378619,11.140311804008908,0.0,2.3106904231625833,0.0,8.292873051224944,1.4766146993318485,0.04120267260579064,3.1391982182628064,0.0,0.0,0.015590200445434299,0.0,0.0,0.0,11.428730512249443,1.566815144766147,0.0,0.14365256124721604,0.0400890868596882,0.0,0.5189309576837416,0.4610244988864143,0.0,0.01670378619153675,0.0
604,750,15,0.5177865612648221,0.09486166007905138,0.6482213438735178,3.58102766798419,0.0,0.0,0.0,0.003952569169960474,0.0,0.0,0.003952569169960474,0.0,0.0,0.023715415019762844,0.003952569169960474,0.0,0.0,0.0,0.02766798418972332,10.774703557312254,0.0,2.6205533596837944,0.0,8.533596837944664,2.505928853754941,0.2134387351778656,3.324110671936759,0.0,0.0,0.0,0.0,0.0,0.0,14.430830039525691,2.3636363636363638,0.0,0.0,0.07509881422924901,0.0,0.5731225296442688,0.5217391304347826,0.0,0.03557312252964427,0.0
602,374,4,0.7764705882352941,0.07294117647058823,0.30117647058823527,2.084705882352941,0.0,0.0,0.0,0.21176470588235294,0.0,0.0,0.0,0.01647058823529412,0.0,0.20470588235294118,0.0611764705882353,0.0,0.0,0.023529411764705882,0.0,6.087058823529412,0.0,3.08,0.0,3.5458823529411765,1.4211764705882353,0.01647058823529412,3.3317647058823527,0.0,0.0,0.0,0.0,0.0,0.0,8.176470588235293,0.9152941176470588,0.0,0.0,0.01411764705882353,0.0,0.25176470588235295,0.43058823529411766,0.0,0.02588235294117647,3.4023529411764706
606,577,4,0.5708154506437768,0.12875536480686695,0.5622317596566524,3.8540772532188843,0.0,0.0,0.0,0.04721030042918455,0.0,0.0,0.0,0.0,0.0,0.1759656652360515,0.004291845493562232,0.0,0.0,0.03862660944206009,0.0,13.78969957081545,0.0,2.9871244635193133,0.0,8.03862660944206,2.347639484978541,0.19742489270386265,4.055793991416309,0.0,0.0,0.0,0.0,0.0,0.0,14.055793991416309,2.180257510729614,0.0,0.17167381974248927,0.0,0.0,0.5579399141630901,0.5236051502145923,0.0,0.017167381974248927,0.4334763948497854
606,352,4,0.6673866090712743,0.09071274298056156,2.3930885529157666,3.2095032397408207,0.0,0.0,0.0,0.017278617710583154,0.0,0.0,0.19870410367170627,0.0,0.0,0.8531317494600432,0.0,0.0,0.0,0.0,0.0,13.745140388768899,0.11663066954643629,2.8876889848812093,0.0,3.1166306695464363,1.142548596112311,0.49676025917926564,10.863930885529157,0.0,0.0,0.0,0.0,0.0,0.0,12.473002159827214,1.4751619870410366,0.0,0.38660907127429806,0.05183585313174946,0.0,0.38660907127429806,0.550755939524838,0.0,0.07775377969762419,0.0
615,906,4,0.5253012048192771,0.060240963855421686,0.8698795180722891,2.9542168674698797,0.0,0.0,0.0,0.11566265060240964,0.0,0.0,0.0,0.0,0.0,0.1855421686746988,0.060240963855421686,0.0,0.0,0.10120481927710843,0.0,8.125301204819277,0.0,2.2240963855421687,0.0,3.4120481927710844,1.3204819277108433,0.1180722891566265,4.108433734939759,0.0,0.0,0.09156626506024096,0.0,0.0,0.0,12.79277108433735,1.7710843373493976,0.0,0.2819277108433735,0.0,0.0,0.26506024096385544,0.491566265060241,0.0,0.03614457831325301,1.002409638554217
600,1201,6,0.6462841015992474,0.08372530573847602,1.0366886171213547,3.80620884289746,0.0,0.016933207902163686,0.0,0.20696142991533395,0.0,0.0,0.0,0.0,0.0009407337723424271,0.15145813734713076,0.053621825023518345,0.0,0.0,0.01975540921919097,0.005644402634054563,13.447789275634996,0.017873941674506115,3.19379115710254,0.0,6.215428033866416,1.834430856067733,0.30385700846660396,6.045155221072436,0.0,0.0,0.09031044214487301,0.14205079962370648,0.0,0.0,14.878645343367827,2.2220131702728128,0.0,0.13358419567262464,0.17121354656632173,0.0,0.4929444967074318,0.6190028222013171,0.0,0.05174035747883349,0.0
608,1654,4,1.5410958904109588,0.0547945205479452,2.4383561643835616,3.0136986301369864,0.0,0.0,0.6164383561643836,1.2054794520547945,0.0,0.0,0.589041095890411,0.0,0.3835616438356164,2.863013698630137,1.6986301369863013,0.0,0.0,0.0,0.0,2.308219178082192,0.2602739726027397,9.184931506849315,0.0,1.8082191780821917,1.8082191780821917,0.4726027397260274,13.198630136986301,0.0,0.0,0.0684931506849315,0.0,0.0,0.0,14.363013698630137,1.2191780821917808,0.0,0.0,0.06164383561643835,0.0,0.3013698630136986,0.6027397260273972,0.0,0.1780821917808219,1.1369863013698631
612,296,4,0.591304347826087,0.10434782608695652,0.9956521739130435,3.482608695652174,0.0,0.0,0.0,0.0,0.0,0.0,0.013043478260869565,0.0,0.0,0.14347826086956522,0.008695652173913044,0.0,0.0,0.0,0.004347826086956522,12.417391304347825,0.10869565217391304,4.191304347826087,0.0,7.543478260869565,1.873913043478261,1.108695652173913,6.939130434782609,0.0,0.0,0.10869565217391304,0.0,0.0,0.0,15.952173913043477,1.8478260869565217,0.0,0.0,0.28695652173913044,0.0,0.49130434782608695,0.7304347826086957,0.0,0.034782608695652174,0.0
619,658,4,0.629399585921325,0.062111801242236024,1.4720496894409938,2.7950310559006213,0.0,0.008281573498964804,0.0,0.0,0.0,0.0,0.0,0.0,0.0,0.34575569358178054,0.0,0.0,0.0,0.0,0.0,12.681159420289855,0.0,2.109730848861284,0.0,3.759834368530021,1.165631469979296,0.13043478260869565,4.917184265010352,0.0,0.0,0.15320910973084886,0.0,0.0,0.32712215320910976,11.219461697722567,1.3954451345755694,0.0,0.40372670807453415,0.055900621118012424,0.0,0.42857142857142855,0.515527950310559,0.0,0.035196687370600416,0.3084886128364389
620,782,4,0.6882591093117408,0.11201079622132254,0.5748987854251012,3.8475033738191633,0.0,0.0,0.0,0.21592442645074225,0.0,0.0,0.0,0.0,0.0,0.14304993252361672,0.04183535762483131,0.0,0.017543859649122806,0.0,0.0,13.333333333333334,0.006747638326585695,2.5789473684210527,0.0,6.762483130904184,2.242914979757085,0.10796221322537113,4.2159244264507425,0.0,0.0,0.10796221322537113,0.14439946018893388,0.0,0.0,14.20782726045884,2.1578947368421053,0.0,0.10931174089068826,0.07557354925775979,0.0,0.5209176788124157,0.5452091767881242,0.0,0.04183535762483131,0.0
606,1613,12,0.7469793887704336,0.12722103766879886,0.42217484008528783,3.8464818763326227,0.0,0.0,0.0,0.017057569296375266,0.0,0.10589907604832978,0.0,0.0255863539445629,0.0,0.24093816631130063,0.09026297085998579,0.0,0.03482587064676617,0.2977967306325515,0.0,16.174840085287848,0.0007107320540156361,5.420753375977257,0.0,6.706467661691542,2.9495380241648896,0.04975124378109453,3.54228855721393,0.0,0.0,0.02771855010660981,0.11442786069651742,0.0,0.0,14.52594171997157,2.2800284292821607,0.0,0.0,0.08315565031982942,0.0,0.5913290689410092,0.5543710021321961,0.11158493248045487,0.04051172707889126,2.650319829424307
614,1143,4,1.505952380952381,0.05952380952380952,0.5892857142857143,7.642857142857143,0.17261904761904762,0.27976190476190477,0.0,1.6785714285714286,0.0,0.0,0.0,0.0,0.2261904761904762,2.761904761904762,0.47619047619047616,0.0,0.18452380952380953,0.18452380952380953,0.0,5.744047619047619,0.03571428571428571,9.410714285714286,0.0,14.708333333333334,3.0773809523809526,1.2261904761904763,8.886904761904763,0.0,0.0,0.25595238095238093,0.0,0.0,1.755952380952381,32.80952380952381,4.732142857142857,0.0,0.0,0.0,0.0,1.3214285714285714,0.5773809523809523,1.4880952380952381,0.23214285714285715,0.9821428571428571
617,519,12,3.7488076311605725,0.06041335453100159,0.2178060413354531,2.494435612082671,0.1494435612082671,0.0,0.0047694753577106515,0.012718600953895072,0.0,0.0,0.014308426073131956,0.0,0.0,0.2273449920508744,0.0985691573926868,0.0,0.0,0.0,0.0,9.79014308426073,0.0,4.302066772655008,0.0,6.5691573926868045,2.6263910969793325,3.0349761526232113,2.810810810810811,0.0,0.0,0.12559618441971382,0.0,0.0,0.0,11.21462639109698,1.2702702702702702,0.0,0.0,0.0,0.03656597774244833,0.548489666136725,0.5993640699523053,0.32273449920508746,1.2289348171701113,6.324324324324325
615,124,4,0.6046511627906976,0.0872093023255814,0.09883720930232558,3.4651162790697674,0.0,0.0,0.0,0.24224806201550386,0.0,0.0,0.0,0.01744186046511628,0.0,0.27325581395348836,0.1434108527131783,0.0,0.0,0.22093023255813954,0.0,13.290697674418604,0.0,3.135658914728682,0.0,9.503875968992247,3.511627906976744,0.1298449612403101,3.391472868217054,0.0,0.0,0.0,0.0,0.0,0.0,14.395348837209303,2.2868217054263567,0.0,0.046511627906976744,0.009689922480620155,0.0,0.7616279069767442,0.5290697674418605,3.1647286821705425,0.05232558139534884,9.988372093023257
611,1535,12,0.5404580152671755,0.07938931297709924,0.8625954198473282,2.969465648854962,0.0,0.0,0.0,0.15572519083969466,0.0,0.0,0.0,0.0,0.0,0.4595419847328244,0.022900763358778626,0.0,0.06870229007633588,0.15725190839694655,0.013740458015267175,13.526717557251908,0.0,3.2763358778625955,0.0,6.543511450381679,2.380152671755725,0.6534351145038167,7.482442748091603,0.0,0.0,0.0061068702290076335,0.0,0.0,0.0,12.2,1.633587786259542,0.0,0.12366412213740458,0.09770992366412214,0.0,0.5083969465648855,0.4900763358778626,0.0,0.05648854961832061,2.003053435114504
619,427,5,0.9845559845559846,0.08494208494208494,0.9922779922779923,2.7606177606177607,0.06177606177606178,0.28185328185328185,0.0,0.888030888030888,0.0,0.0,0.0,0.0,0.003861003861003861,1.2625482625482625,0.583011583011583,0.0,0.49034749034749037,0.21621621621621623,0.0,10.583011583011583,0.06177606177606178,9.297297297297296,0.0,1.5212355212355213,0.972972972972973,1.6756756756756757,7.72972972972973,0.0,0.04247104247104247,0.4980694980694981,0.0,0.0,0.7915057915057915,12.505791505791505,0.9227799227799228,0.0,0.6872586872586872,0.15057915057915058,0.0,0.1969111969111969,0.5637065637065637,0.0,0.10038610038610038,3.749034749034749
623,721,12,0.5805860805860806,0.08791208791208792,0.5384615384615384,2.8937728937728937,0.0,0.0,0.0,0.09340659340659341,0.0,0.0,0.16666666666666666,0.0,0.19963369963369965,1.3223443223443223,0.6978021978021978,0.0,0.0,0.0018315018315018315,0.04395604395604396,14.001831501831502,0.0,3.5128205128205128,0.07875457875457875,3.8223443223443225,1.5293040293040292,0.6117216117216118,5.410256410256411,0.0,0.0,0.0,0.0,0.0,0.0,11.928571428571429,1.4120879120879122,0.0,0.05311355311355311,0.07326007326007326,0.0,0.21611721611721613,0.510989010989011,0.0,0.03663003663003663,2.5256410256410255
616,1105,11,0.6666666666666666,0.09447983014861996,0.3205944798301486,3.3524416135881103,0.0,0.008492569002123142,0.0,0.28768577494692144,0.0,0.0,0.0,0.0,0.006369426751592357,0.25477707006369427,0.07855626326963906,0.0,0.0,0.09660297239915075,0.0,11.067940552016985,0.0,3.4309978768577496,0.0,7.701698513800425,1.8450106157112527,0.3195329087048832,4.839702760084926,0.0,0.0,0.08386411889596602,0.0,0.0,0.0,13.126326963906582,1.870488322717622,0.0,0.0,0.020169851380042462,0.0,0.5286624203821656,0.6050955414012739,0.0,0.055201698513800426,0.4745222929936306
624,1209,4,12.24113475177305,0.09219858156028368,0.425531914893617,3.5815602836879434,0.1524822695035461,0.1950354609929078,0.3049645390070922,0.0035460992907801418,0.0,0.0,0.0,0.06028368794326241,0.0,2.599290780141844,0.37943262411347517,0.0,0.34397163120567376,0.1773049645390071,0.0,6.76241134751773,0.0851063829787234,4.067375886524823,0.0,1.400709219858156,1.450354609929078,0.07092198581560284,5.0177304964539005,0.0,0.0,0.12056737588652482,0.0,0.0,2.368794326241135,14.663120567375886,1.2198581560283688,0.0,0.0851063829787234,0.0,0.0,0.5354609929078015,0.6879432624113475,6.117021276595745,7.932624113475177,12.390070921985815
615,54,4,0.7595693779904307,0.12081339712918661,1.8026315789473684,4.7547846889952154,0.0,0.0,0.03110047846889952,0.023923444976076555,0.0,0.0,0.005980861244019139,0.0,0.0,0.10645933014354067,0.02751196172248804,0.0,0.0,0.0,0.008373205741626795,15.851674641148325,0.24282296650717702,3.964114832535885,0.0,10.322966507177034,3.1184210526315788,0.2942583732057416,6.970095693779904,0.0,0.0,0.1507177033492823,0.0,0.0,0.0,18.773923444976077,2.5442583732057416,0.0,0.2679425837320574,0.06818181818181818,0.0,0.7559808612440191,0.6519138755980861,0.0,0.07894736842105263,0.35406698564593303
619,1329,12,0.6916299559471366,0.09691629955947137,1.0352422907488987,2.5462555066079293,0.0,0.0,0.0,0.0,0.0,0.0,0.0,0.0,0.0,0.0,0.0,0.0,0.0,0.0,0.0,10.180616740088105,0.0,1.9515418502202644,0.0,13.299559471365638,1.3083700440528634,0.30837004405286345,4.110132158590308,0.0,0.0,0.24669603524229075,0.0,0.0,0.0,10.026431718061675,1.3392070484581498,0.0,0.6519823788546255,0.0,0.0,0.8061674008810573,0.4933920704845815,0.0,0.01762114537444934,0.0
624,1386,4,0.6040609137055838,0.1065989847715736,0.4467005076142132,6.152284263959391,0.0,0.04060913705583756,0.0,0.9593908629441624,0.0,0.0,0.0,0.0,0.0,0.8121827411167513,0.22842639593908629,0.0,0.14974619289340102,1.299492385786802,0.0,15.84010152284264,0.0,4.299492385786802,0.0,7.157360406091371,4.840101522842639,0.1319796954314721,6.687817258883249,0.0,0.0,0.08883248730964467,0.0,0.0,0.08883248730964467,22.720812182741117,3.2055837563451774,0.0,0.0,0.0,0.0,1.0431472081218274,0.6192893401015228,0.0,0.0583756345177665,7.2969543147208125
623,373,4,0.6162207357859532,0.06939799331103678,0.9698996655518395,4.044314381270903,0.0,0.0,0.0,0.01254180602006689,0.0,0.0,0.025919732441471572,0.0,0.0,0.13879598662207357,0.0225752508361204,0.0,0.0,0.0,0.05016722408026756,12.057692307692308,0.056020066889632104,3.8737458193979935,0.0,10.792642140468228,2.641304347826087,0.1956521739130435,4.892976588628763,0.0,0.0,0.33361204013377926,0.0,0.002508361204013378,0.0,17.23494983277592,2.3285953177257523,0.0,0.05518394648829431,0.023411371237458192,0.01839464882943144,0.802675585284281,0.6312709030100334,0.0,0.04013377926421405,0.0
614,1638,4,0.573076923076923,0.09615384615384616,0.6192307692307693,4.017307692307693,0.0,0.0,0.0,0.0,0.0,0.0,0.0,0.0,0.0,0.0019230769230769232,0.05961538461538462,0.0,0.0,0.0019230769230769232,0.0,14.559615384615384,0.0,2.2115384615384617,0.0,10.080769230769231,2.8365384615384617,0.0038461538461538464,3.651923076923077,0.0,0.0,0.0038461538461538464,0.0,0.0,0.0,14.35576923076923,2.457692307692308,0.0,0.07884615384615384,0.0,0.0,0.6211538461538462,0.5038461538461538,0.0,0.025,0.013461538461538462
624,832,12,0.6428571428571429,0.1130952380952381,0.42857142857142855,4.988095238095238,0.0,0.0,0.0,0.0,0.0,0.0,0.0,0.0,0.011904761904761904,0.21428571428571427,0.20238095238095238,0.0,0.0,0.0,0.0,17.511904761904763,0.0,4.303571428571429,0.0,14.982142857142858,4.25,0.27380952380952384,2.5773809523809526,0.0,0.0,0.17261904761904762,0.0,0.0,0.0,20.511904761904763,2.9642857142857144,0.0,0.0,0.0,0.0,1.2202380952380953,0.5952380952380952,0.0,0.02976190476190476,0.4107142857142857
615,1030,4,0.8173190984578885,0.07591933570581258,0.9988137603795967,3.616844602609727,0.0,0.0,0.0,0.41874258600237246,0.0,0.06405693950177936,0.0,0.0,0.0,0.3570581257413998,0.14590747330960854,0.0,0.1257413997627521,0.20047449584816132,0.0,11.459074733096086,0.027283511269276393,4.264531435349941,0.0,7.9169632265717675,2.391459074733096,0.3001186239620403,5.519572953736655,0.0,0.0,0.07236061684460261,0.0,0.0,0.0,14.530249110320284,2.093712930011862,0.0,0.25029655990510086,0.07829181494661921,0.0,0.6239620403321471,0.5788849347568209,0.0,0.060498220640569395,0.3914590747330961
616,1354,4,0.6147540983606558,0.03278688524590164,1.139344262295082,2.5327868852459017,0.0,0.0,0.0,0.0,0.0,0.0,0.0,0.0,0.0,0.0,0.0,0.0,0.0,0.0,0.0,2.0327868852459017,0.0,3.557377049180328,0.0,2.081967213114754,0.7622950819672131,0.0,4.590163934426229,0.0,0.0,0.14754098360655737,0.0,0.0,0.0,12.475409836065573,1.4754098360655739,0.0,0.8524590163934426,0.10655737704918032,0.0,0.0,0.5245901639344263,0.0,0.01639344262295082,0.0
615,1480,4,0.6666666666666666,0.0365296803652968,1.4840182648401827,3.8995433789954337,0.0,0.0,0.0,0.1050228310502283,0.0,0.0,0.0,0.0,0.0,0.0776255707762557,0.0,0.0,0.0,0.0,0.0,7.808219178082192,0.0821917808219178,5.45662100456621,0.0,6.789954337899544,2.3926940639269407,0.1598173515981735,5.497716894977169,0.0,0.0,0.0776255707762557,0.0867579908675799,0.0,0.0,17.39269406392694,2.26027397260274,0.0,0.0319634703196347,0.0410958904109589,0.0,0.4429223744292237,0.6940639269406392,0.0,0.0730593607305936,0.0
622,1733,4,0.574585635359116,0.055248618784530384,1.5138121546961325,3.7569060773480665,0.0,0.0055248618784530384,0.0,0.0,0.0,0.0,0.0,0.0,0.0,0.13812154696132597,0.0,0.0,0.0,0.0,0.13259668508287292,5.138121546961326,0.03314917127071823,3.911602209944751,0.0,4.3646408839779,1.4475138121546962,0.6408839779005525,12.248618784530386,0.0,0.0,0.30386740331491713,0.0,0.0,0.0,17.298342541436465,2.143646408839779,0.0,0.40331491712707185,0.18232044198895028,0.0,0.3370165745856354,0.6629834254143646,0.0,0.03314917127071823,0.0
626,260,4,0.6160990712074303,0.09287925696594428,0.7089783281733746,4.318885448916409,0.0,0.0,0.0,0.0,0.0,0.0,0.0,0.0,0.0,0.0,0.0,0.0,0.0,0.0,0.0,10.520123839009289,0.09597523219814241,4.281733746130031,0.0,10.662538699690403,3.1455108359133126,0.34055727554179566,5.507739938080495,0.0,0.0,0.2476780185758514,0.0,0.0,0.0,19.08668730650155,2.3374613003095974,0.0,0.02476780185758514,0.0,0.0,0.6842105263157895,0.5603715170278638,0.0,0.015479876160990712,0.0
625,1058,4,0.6282306163021869,0.09542743538767395,0.3996023856858847,3.423459244532803,0.0,0.0,0.0,0.0,0.0,0.0,0.0437375745526839,0.0,0.0,0.17693836978131214,0.03180914512922465,0.0,0.0,0.0,0.2345924453280318,11.662027833001988,0.0,2.3956262425447314,0.0,8.578528827037774,1.3558648111332008,0.05964214711729622,3.2365805168986084,0.0,0.0,0.0437375745526839,0.011928429423459244,0.0,0.0,12.761431411530815,1.856858846918489,0.0,0.019880715705765408,0.0,0.0,0.584493041749503,0.536779324055666,0.0,0.0437375745526839,0.0
623,1236,4,0.6270833333333333,0.09583333333333334,0.33958333333333335,4.410416666666666,0.0,0.0,0.0,0.0,0.0,0.0,0.0,0.0,0.0,0.0,0.0,0.0,0.0,0.0,0.0,14.616666666666667,0.008333333333333333,2.845833333333333,0.0,9.514583333333333,2.595833333333333,0.016666666666666666,2.5625,0.0,0.0,0.00625,0.37916666666666665,0.0,0.0,18.279166666666665,3.060416666666667,0.0,0.0125,0.0,0.0,0.6833333333333333,0.5708333333333333,0.0,0.075,0.0
625,1468,4,0.6369230769230769,0.08,1.9461538461538461,4.32923076923077,0.0,0.012307692307692308,0.0,0.1,0.0,0.0,0.0,0.0,0.0,0.10307692307692308,0.016923076923076923,0.0,0.0,0.015384615384615385,0.0,14.36,0.1123076923076923,3.66,0.0,7.378461538461538,2.750769230769231,0.34307692307692306,8.395384615384616,0.0,0.08,0.2,0.0,0.0,0.0,16.869230769230768,2.2830769230769232,0.0,0.1676923076923077,0.08461538461538462,0.0,0.6123076923076923,0.6184615384615385,0.0,0.05846153846153846,0.9938461538461538
628,342,5,0.571078431372549,0.04411764705882353,0.5882352941176471,3.428921568627451,0.0,0.09068627450980392,0.0,0.0,0.0,0.0,0.0,0.0,0.0,0.0,0.0,0.0,0.0,0.0,0.0,7.367647058823529,0.0,3.284313725490196,0.0,4.338235294117647,1.5808823529411764,0.5294117647058824,6.453431372549019,0.0,0.23039215686274508,0.4387254901960784,0.0,0.0,0.0,16.193627450980394,2.017156862745098,0.0,0.23529411764705882,0.1642156862745098,0.0,0.3480392156862745,0.6274509803921569,0.0,0.031862745098039214,0.0
627,541,4,0.5501730103806228,0.11418685121107267,0.444636678200692,4.147058823529412,0.0,0.0,0.0,0.0,0.0,0.0,0.48788927335640137,0.0,0.21280276816608998,0.6141868512110726,0.29238754325259514,0.0,0.0,0.0,0.0,12.046712802768166,0.0,1.8356401384083045,0.24394463667820068,10.59688581314879,4.321799307958478,0.025951557093425604,5.16955017301038,0.0,0.0,0.08650519031141868,0.0,0.48961937716262977,0.0,16.242214532871973,2.6920415224913494,0.0,0.15916955017301038,0.0034602076124567475,0.0,0.7283737024221453,0.4809688581314879,0.0,0.05709342560553633,0.0
620,1077,4,0.5993640699523053,0.11605723370429252,0.6375198728139905,3.767885532591415,0.0,0.00794912559618442,0.0,0.12241653418124006,0.0,0.0,0.0,0.0,0.0,0.21939586645468998,0.21621621621621623,0.0,0.0,0.06359300476947535,0.0,12.791732909379968,0.0,2.875993640699523,0.0,13.472178060413354,3.920508744038156,0.07790143084260731,3.7154213036565977,0.0,0.0,0.0,0.0,0.0,0.0,13.543720190779014,2.0524642289348174,0.0,0.1478537360890302,0.0,0.0,0.9077901430842608,0.5596184419713831,1.09697933227345,0.07631160572337042,4.453100158982512
620,1624,4,2.047761194029851,0.1253731343283582,0.34626865671641793,4.525373134328358,0.0,0.0,0.026865671641791045,0.0,0.0,0.0,0.0,0.0,0.0,0.014925373134328358,0.0,0.0,0.0,0.0,0.0,12.513432835820895,0.020895522388059702,2.5402985074626865,0.0,11.605970149253732,3.0955223880597016,0.01791044776119403,2.4716417910447763,0.0,0.0,0.03880597014925373,0.4059701492537313,0.0,0.0,17.71641791044776,2.934328358208955,0.0,0.026865671641791045,0.0,0.0,0.9761194029850746,0.6388059701492538,0.0,0.46865671641791046,0.01791044776119403
618,41,4,0.6198347107438017,0.11983471074380166,0.36363636363636365,5.2727272727272725,0.0,0.0,0.0,0.0,0.0,0.0,0.0,0.0,0.19834710743801653,0.5413223140495868,0.08677685950413223,0.0,0.0,0.0,0.0,14.863636363636363,0.0,2.946280991735537,0.0,9.888429752066116,4.471074380165289,0.30991735537190085,3.847107438016529,0.0,0.0,0.09504132231404959,0.0,0.0,0.0,20.14876033057851,2.260330578512397,0.0,0.0,0.0,0.0,1.165289256198347,0.5991735537190083,3.5371900826446283,0.049586776859504134,18.855371900826448
626,171,4,0.6451612903225806,0.0967741935483871,0.47580645161290325,3.6451612903225805,0.0,0.0,0.0,0.0,0.0,0.0,0.0,0.0,0.0,0.0,0.0,0.0,0.0,0.0,0.0,18.620967741935484,0.0,1.9919354838709677,0.0,7.854838709677419,2.306451612903226,0.14516129032258066,3.3951612903225805,0.0,0.0,0.07258064516129033,0.0,0.0,0.0,14.411290322580646,1.935483870967742,0.0,0.1532258064516129,0.0,0.0,0.47580645161290325,0.4596774193548387,0.0,0.04032258064516129,0.0
623,397,4,0.6159844054580896,0.07017543859649122,0.695906432748538,2.892787524366472,0.0,0.0,0.0,0.007797270955165692,0.0,0.0,0.007797270955165692,0.0,0.0,0.05847953216374269,0.011695906432748537,0.0,0.0,0.0,0.011695906432748537,10.904483430799221,0.0,1.8304093567251463,0.0,7.237816764132553,1.0058479532163742,0.04678362573099415,4.060428849902534,0.0,0.0,0.1617933723196881,0.0,0.0,0.0,11.483430799220272,1.6608187134502923,0.0,0.5964912280701754,0.015594541910331383,0.0,0.42300194931773877,0.4327485380116959,0.0,0.02729044834307992,0.0
622,599,4,0.5882352941176471,0.08597285067873303,0.6809954751131222,3.3574660633484164,0.0,0.0,0.0,0.0,0.0,0.0,0.0,0.0,0.0,0.00904977375565611,0.0,0.0,0.0,0.0,0.0,14.339366515837105,0.0,2.764705882352941,0.0,7.373303167420814,2.0339366515837103,0.17647058823529413,4.608597285067873,0.0,0.0,0.03167420814479638,0.0,0.0,0.0,12.821266968325792,2.1176470588235294,0.0,0.0,0.083710407239819,0.0,0.5113122171945701,0.5882352941176471,0.0,0.04524886877828054,0.0
629,932,4,0.7731481481481481,0.1111111111111111,3.5787037037037037,3.912037037037037,0.0,0.0,0.0,0.0,0.0,0.0,0.0,0.0,0.0,0.08333333333333333,0.0,0.0,0.26851851851851855,0.0,0.0,19.12962962962963,0.1574074074074074,1.9490740740740742,0.0,5.796296296296297,0.6666666666666666,0.5231481481481481,10.018518518518519,0.0,0.0,0.0,0.25925925925925924,0.0,0.0,14.532407407407407,1.7731481481481481,0.0,0.7453703703703703,0.1388888888888889,0.0,0.7407407407407407,0.5601851851851852,0.0,0.08796296296296297,0.0
624,1035,4,0.6496062992125984,0.08661417322834646,0.8464566929133859,3.868766404199475,0.0,0.0,0.0,0.028871391076115485,0.0,0.0,0.0,0.0,0.0,0.02099737532808399,0.009186351706036745,0.0,0.0,0.0,0.0,15.217847769028872,0.0,3.667979002624672,0.0,6.510498687664042,2.006561679790026,0.31496062992125984,8.128608923884514,0.0,0.0,0.18241469816272965,0.13910761154855644,0.0,0.0,14.566929133858268,2.026246719160105,0.0,0.11286089238845144,0.12992125984251968,0.0,0.4671916010498688,0.5511811023622047,0.0,0.030183727034120734,0.0
625,1155,12,0.6228813559322034,0.0635593220338983,1.2161016949152543,2.9661016949152543,0.0,0.0,0.0,0.0,0.0,0.0,0.0,0.0,0.0,0.0,0.0,0.0,0.0,0.0,0.0,2.7838983050847457,0.0,3.114406779661017,0.0,2.9745762711864407,1.0084745762711864,0.09745762711864407,3.4364406779661016,0.0,0.0,0.326271186440678,0.0,0.0,0.0,13.432203389830509,1.9872881355932204,0.0,0.6864406779661016,0.11016949152542373,0.0,0.0,0.5932203389830508,0.0,0.046610169491525424,0.0
632,1171,7,2.30635838150289,0.09248554913294797,0.31213872832369943,2.913294797687861,0.884393063583815,0.0,0.0,0.26011560693641617,0.0,0.0,0.16184971098265896,0.0,0.0,2.2716763005780347,0.7398843930635838,0.0,0.0,0.32947976878612717,0.36416184971098264,11.83815028901734,0.0,6.763005780346821,0.0,3.2254335260115607,1.583815028901734,14.248554913294798,4.23121387283237,0.0,0.0,0.18497109826589594,0.0,0.0,0.0,13.901734104046243,1.1791907514450868,0.0,0.0,0.0,0.08092485549132948,0.8786127167630058,0.5895953757225434,0.27167630057803466,0.8901734104046243,8.699421965317919
623,1295,6,1.0637037037037036,0.1288888888888889,0.557037037037037,5.035555555555556,0.037037037037037035,0.017777777777777778,0.0,0.32296296296296295,0.0,0.017777777777777778,0.4785185185185185,0.0,0.008888888888888889,1.7718518518518518,0.9451851851851852,0.0,0.07851851851851852,0.43555555555555553,1.0725925925925925,16.703703703703702,0.08,9.79111111111111,0.0,13.804444444444444,5.554074074074074,0.2992592592592593,4.927407407407407,0.0,0.04,0.23703703703703705,0.0,0.0,0.0,20.59111111111111,3.0681481481481483,0.0,0.28,0.008888888888888889,0.011851851851851851,1.1762962962962964,0.6548148148148148,0.1837037037037037,0.25037037037037035,8.346666666666666
624,585,4,0.6293103448275862,0.06465517241379311,1.1120689655172413,4.306034482758621,0.0,0.0,0.0,0.0,0.0,0.0,0.5086206896551724,0.0,0.5948275862068966,1.853448275862069,1.353448275862069,0.0,0.0,0.0,0.0,12.90948275862069,0.06896551724137931,3.3620689655172415,0.0,8.918103448275861,4.232758620689655,0.5517241379310345,6.879310344827586,0.0,0.3706896551724138,0.25,0.0,0.0,0.0,15.448275862068966,1.8491379310344827,0.0,0.3793103448275862,0.0,0.0,0.6120689655172413,0.5474137931034483,0.0,0.06465517241379311,5.732758620689655
626,618,4,0.5758928571428571,0.09375,1.7455357142857142,2.955357142857143,0.0,0.0,0.0,0.0,0.0,0.0,0.004464285714285714,0.0,0.0,0.05803571428571429,0.0,0.0,0.0,0.0,0.0,14.602678571428571,0.03571428571428571,2.8392857142857144,0.0,3.424107142857143,0.49107142857142855,0.08928571428571429,4.888392857142857,0.0,0.0,0.0,0.12946428571428573,0.0,0.0,11.678571428571429,1.40625,0.0,0.044642857142857144,0.0,0.0,1.6785714285714286,0.5267857142857143,0.0,0.026785714285714284,0.0
627,635,4,0.7300613496932515,0.09815950920245399,1.7975460122699387,3.539877300613497,0.0,0.0,0.0,0.0,0.0,0.0,0.0,0.0,0.0,0.11042944785276074,0.0,0.0,0.0,0.0,0.0,10.644171779141104,0.10429447852760736,3.4907975460122698,0.0,5.711656441717792,1.7300613496932515,0.20245398773006135,5.932515337423313,0.0,0.0,0.6196319018404908,0.0,0.0,0.0,12.803680981595091,1.6012269938650308,0.0,0.3987730061349693,0.17177914110429449,0.0,0.3558282208588957,0.588957055214724,0.0,0.024539877300613498,0.0
630,692,4,0.6320754716981132,0.1069182389937107,0.5094339622641509,4.39622641509434,0.0,0.0,0.0,0.0,0.0,0.0,0.0,0.0,0.0,0.0,0.0,0.0,0.0,0.0,0.0,17.632075471698112,0.018867924528301886,2.3836477987421385,0.0,9.556603773584905,2.8710691823899372,0.0031446540880503146,3.6666666666666665,0.0,0.0,0.0,0.015723270440251572,0.0,0.0,15.937106918238994,2.738993710691824,0.0,0.05345911949685535,0.0031446540880503146,0.0,0.5849056603773585,0.41823899371069184,0.0,0.05345911949685535,0.0
632,1753,4,0.7198581560283688,0.07092198581560284,1.1914893617021276,3.9290780141843973,0.0,0.0,0.0,0.0070921985815602835,0.0,0.0,0.0,0.0,0.0,0.06028368794326241,0.0,0.0,0.0,0.0,0.0,12.670212765957446,0.07801418439716312,3.269503546099291,0.0,10.145390070921986,2.702127659574468,0.42907801418439717,5.48581560283688,0.0,0.0,0.375886524822695,0.0,0.0,0.0,14.074468085106384,2.226950354609929,0.0,0.2907801418439716,0.0,0.0,0.6382978723404256,0.5921985815602837,0.0,0.024822695035460994,0.0
634,1111,11,0.7234957020057307,0.07593123209169055,1.0644699140401146,3.995702005730659,0.0,0.0,0.0,0.0,0.0,0.0,0.0,0.0,0.0,0.10888252148997135,0.07879656160458452,0.0,0.0,0.0,0.10888252148997135,15.292263610315187,0.1303724928366762,4.901146131805158,0.0,10.975644699140402,2.391117478510029,0.8853868194842407,9.010028653295128,0.0,0.0,0.15472779369627507,0.0,0.0,0.0,17.820916905444125,1.8925501432664757,0.0,0.19484240687679083,0.04871060171919771,0.0,0.7979942693409742,0.6404011461318052,0.0,0.07449856733524356,0.0
629,1649,4,1.3189300411522633,0.08024691358024691,0.5061728395061729,3.578189300411523,0.0,0.00823045267489712,0.17695473251028807,0.0,0.0,0.0,0.0,0.05555555555555555,0.0,0.13168724279835392,0.02263374485596708,0.0,0.030864197530864196,0.01646090534979424,0.0,5.845679012345679,0.0,6.676954732510288,0.0,2.234567901234568,1.353909465020576,0.00205761316872428,4.1460905349794235,0.0,0.0,0.0102880658436214,0.0,0.0,0.8004115226337448,16.61934156378601,1.8703703703703705,0.0,0.0,0.0,0.0,0.08641975308641975,0.6460905349794238,4.559670781893004,0.3374485596707819,3.7839506172839505
632,289,11,0.6217228464419475,0.09737827715355805,0.29775280898876405,4.084269662921348,0.0,0.15168539325842698,0.0,0.08239700374531835,0.0,0.07865168539325842,0.0,0.0,0.0,0.37265917602996257,0.20786516853932585,0.0,0.016853932584269662,0.11797752808988764,0.0,14.565543071161049,0.0056179775280898875,5.368913857677903,0.0,11.252808988764045,2.559925093632959,0.36891385767790263,3.911985018726592,0.0,0.0,0.11423220973782772,0.0,0.0,0.0,17.06741573033708,2.106741573033708,0.0,0.0,0.024344569288389514,0.0,0.9119850187265918,0.6235955056179775,0.43258426966292135,0.04681647940074907,3.49250936329588
626,358,4,0.6147859922178989,0.09727626459143969,0.4474708171206226,3.859922178988327,0.0,0.0,0.0,0.0,0.0,0.0,0.0,0.0,0.0,0.29571984435797666,0.0,0.0,0.0,0.0,0.0,16.229571984435797,0.0,2.0252918287937742,0.0,5.488326848249027,2.7587548638132295,0.0,3.0642023346303504,0.0,0.0,0.005836575875486381,0.0,0.0,0.42412451361867703,13.996108949416342,2.2879377431906613,0.0,0.03696498054474708,0.13813229571984437,0.0,0.5797665369649806,0.5428015564202334,0.0,0.027237354085603113,0.0
633,485,4,0.6796875,0.0859375,1.5078125,2.890625,0.0,0.0,0.0,0.0,0.0,0.0,0.078125,0.0,0.0234375,0.1171875,0.0,0.0,0.0,0.0,0.0,10.015625,0.0,1.53125,0.0,3.328125,1.28125,0.0,6.15625,0.0,0.0,0.265625,0.0,0.1015625,0.0,12.9921875,1.4609375,0.0,0.3125,0.0,0.0,0.1796875,0.546875,0.0,0.0546875,0.0
625,703,4,0.561822125813449,0.11062906724511931,0.8308026030368764,4.59002169197397,0.0,0.0,0.0,0.0,0.0,0.0,0.0,0.0,0.0,0.019522776572668113,0.0,0.0,0.0,0.0,0.0,14.986984815618221,0.0,2.0412147505422995,0.0,6.18004338394794,1.8698481561822127,0.07592190889370933,4.331887201735358,0.0,0.0,0.004338394793926247,0.39045553145336226,0.0,0.0,17.22125813449024,2.8655097613882865,0.0,0.11279826464208242,0.0824295010845987,0.0,1.0477223427331888,0.5401301518438177,0.0,0.026030368763557483,0.0
631,1345,11,0.6623376623376623,0.09090909090909091,0.14285714285714285,4.779220779220779,0.0,0.0,0.0,0.0,0.0,0.0,0.0,0.0,0.0,0.0,0.0,0.0,0.0,0.0,0.0,16.116883116883116,0.0,2.7532467532467533,0.0,12.142857142857142,4.038961038961039,0.19480519480519481,2.3766233766233764,0.0,0.0,0.03896103896103896,0.0,0.0,0.0,16.974025974025974,2.844155844155844,0.0,0.0,0.0,0.0,0.7792207792207793,0.6233766233766234,0.0,0.025974025974025976,0.0
634,466,4,0.6041055718475073,0.07038123167155426,0.8504398826979472,4.454545454545454,0.0,0.12316715542521994,0.0,1.0762463343108504,0.0,0.0,0.07624633431085044,0.0,0.0,1.8240469208211143,0.45161290322580644,0.0,0.020527859237536656,0.5102639296187683,0.0,12.548387096774194,0.04105571847507331,5.105571847507331,0.0,4.357771260997067,3.19941348973607,0.19648093841642228,5.75366568914956,0.0,0.0,0.20234604105571846,0.0,0.0,1.6744868035190617,17.809384164222873,2.2609970674486806,0.0,0.05278592375366569,0.07917888563049853,0.0,0.782991202346041,0.6099706744868035,0.0,0.08211143695014662,6.668621700879766
646,1414,4,0.5291375291375291,0.10023310023310024,0.49417249417249415,4.440559440559441,0.0,0.0,0.0,0.02097902097902098,0.0,0.0,0.0,0.0,0.0,0.016317016317016316,0.0,0.0,0.0,0.0,0.0,13.566433566433567,0.0,2.491841491841492,0.0,5.400932400932401,1.648018648018648,0.027972027972027972,3.972027972027972,0.0,0.0,0.07692307692307693,0.3006993006993007,0.0,0.0,16.475524475524477,2.8904428904428903,0.0,0.22377622377622378,0.14219114219114218,0.0,1.7692307692307692,0.5501165501165501,0.0,0.03263403263403263,0.0
639,1906,5,0.5744849445324881,0.1133122028526149,1.1561014263074485,4.320919175911252,0.0,0.0,0.0,0.003169572107765452,0.0,0.0,0.0,0.0,0.0,0.02456418383518225,0.009508716323296355,0.0,0.0,0.0,0.0,14.98177496038035,0.05229793977812995,3.6434231378763866,0.0,9.097464342313788,3.0515055467511885,0.19730586370839936,6.093502377179081,0.0,0.1537242472266244,0.22583201267828842,0.07290015847860538,0.0,0.0,17.88431061806656,2.558637083993661,0.0,0.32805071315372425,0.06973058637083994,0.0,0.8367670364500792,0.6275752773375595,0.0,0.03248811410459588,0.0
630,36,4,0.6663019693654267,0.13347921225382933,0.8358862144420132,4.579868708971554,0.0,0.0,0.0,0.0,0.0,0.0,0.2921225382932166,0.0,0.3435448577680525,1.4704595185995624,1.0656455142231946,0.0,0.0,0.0,0.002188183807439825,16.719912472647703,0.05689277899343545,3.4168490153172866,0.3052516411378556,7.554704595185996,4.904814004376368,1.3172866520787747,7.814004376367615,0.0,0.03282275711159737,0.5536105032822757,0.0,0.11925601750547046,0.0,21.230853391684903,2.2658643326039387,0.0,0.3774617067833698,0.030634573304157548,0.0,0.5787746170678337,0.6717724288840262,0.0,0.05689277899343545,1.2975929978118161
639,1509,4,0.583941605839416,0.11313868613138686,0.6788321167883211,2.7627737226277373,0.0,0.0,0.0,0.0,0.0,0.0,0.0,0.0,0.0,0.0,0.0,0.0,0.0,0.0,0.0,10.91970802919708,0.0,1.7956204379562044,0.0,5.95985401459854,1.813868613138686,0.12773722627737227,4.124087591240876,0.0,0.0,0.0,0.0,0.0,0.0,11.383211678832117,1.4963503649635037,0.0,0.06934306569343066,0.0,0.0,0.40875912408759124,0.4124087591240876,0.0,0.010948905109489052,0.0
636,1577,12,0.7601296596434359,0.06320907617504051,1.6807131280388978,3.379254457050243,0.0,0.0,0.0,0.0,0.0,0.0,0.0,0.0,0.0,0.0,0.0,0.0,0.0,0.0,0.0,13.696920583468396,0.15235008103727715,4.413290113452188,0.0,5.578606158833063,0.8103727714748784,0.9092382495948136,9.423014586709886,0.0,0.0,0.8087520259319287,0.0,0.0,0.0,14.011345218800649,1.4991896272285252,0.0,0.47487844408427876,0.1085899513776337,0.0,0.3338735818476499,0.6855753646677472,0.0,0.06807131280388978,0.0
631,1879,5,0.7073170731707317,0.11280487804878049,0.15853658536585366,4.928353658536586,0.06707317073170732,0.24847560975609756,0.0,1.6798780487804879,0.0,0.0,0.0,0.0,0.004573170731707317,1.3185975609756098,0.44664634146341464,0.0,0.34146341463414637,0.7515243902439024,0.0,13.112804878048781,0.0,6.496951219512195,0.0,6.3323170731707314,3.3033536585365852,0.49847560975609756,4.780487804878049,0.0,0.13414634146341464,0.5,0.0,0.0,0.6204268292682927,21.03201219512195,2.4969512195121952,0.0,0.19664634146341464,0.08231707317073171,0.0,1.6875,0.6585365853658537,0.9969512195121951,0.12195121951219512,6.9314024390243905
632,567,4,0.6015831134564644,0.08179419525065963,0.841688654353562,4.75197889182058,0.0,0.0,0.0,0.036939313984168866,0.0,0.0,0.5382585751978892,0.0,0.2849604221635884,1.324538258575198,0.7440633245382586,0.0,0.0,0.036939313984168866,0.0079155672823219,12.395778364116095,0.005277044854881266,2.965699208443272,0.36939313984168864,8.12401055408971,4.0263852242744065,0.7968337730870713,5.897097625329815,0.0,0.09498680738786279,0.6437994722955145,0.0,0.0,0.2717678100263852,21.989445910290236,2.7757255936675462,0.0,0.6701846965699209,0.06860158311345646,0.0,0.58311345646438,0.6306068601583114,0.0,0.06596306068601583,2.5356200527704487
637,82,4,0.6541095890410958,0.0547945205479452,1.7363013698630136,2.6678082191780823,0.0,0.08561643835616438,0.0,0.23972602739726026,0.0,0.0,0.0,0.0,0.0,0.4726027397260274,0.14383561643835616,0.0,0.0,0.0,0.0,10.191780821917808,0.05136986301369863,3.8253424657534247,0.0,5.592465753424658,1.2123287671232876,0.13013698630136986,5.472602739726027,0.0,0.0,0.0,0.0,0.0,0.0,11.037671232876713,1.5273972602739727,0.0,0.4006849315068493,0.0821917808219178,0.0,0.5684931506849316,0.4726027397260274,0.0,0.0684931506849315,0.17465753424657535
633,1492,4,0.6122754491017964,0.12125748502994012,0.7200598802395209,3.658682634730539,0.0,0.0,0.0,0.005988023952095809,0.0,0.0,0.11526946107784432,0.0,0.0,0.7425149700598802,0.5254491017964071,0.0,0.0,0.0,0.02245508982035928,15.326347305389222,0.0,1.9910179640718564,0.0,11.976047904191617,3.2410179640718564,0.6077844311377245,5.847305389221557,0.0,0.0,0.08233532934131736,0.20209580838323354,0.07934131736526946,0.28592814371257486,13.600299401197605,2.001497005988024,0.0,0.20059880239520958,0.040419161676646706,0.21407185628742514,0.7320359281437125,0.46407185628742514,0.0,0.04640718562874251,0.0
646,753,4,0.5649717514124294,0.07344632768361582,1.6101694915254237,3.3446327683615817,0.0,0.0,0.0,0.0,0.0,0.0,0.0,0.0,0.0,0.0,0.0,0.0,0.0,0.0,0.0,6.785310734463277,0.11299435028248588,3.7005649717514126,0.0,3.463276836158192,1.1468926553672316,0.7627118644067796,7.700564971751413,0.0,0.0,0.8305084745762712,0.0,0.0,0.0,14.915254237288135,1.8757062146892656,0.0,0.8022598870056498,0.05084745762711865,0.0,0.096045197740113,0.5932203389830508,0.0,0.01694915254237288,0.0
637,605,4,0.7425515660809778,0.08021390374331551,1.0634071810542398,3.330022918258212,0.0,0.0,0.0,0.14056531703590527,0.0,0.06340718105423988,0.0,0.0,0.0,0.19327731092436976,0.03284950343773873,0.0,0.0,0.0,0.0,12.854087089381206,0.006111535523300229,3.826585179526356,0.0,7.682200152788388,2.119938884644767,0.28113063407181055,6.042016806722689,0.0,0.0,0.02750190985485103,0.0,0.0,0.0,13.022918258212377,1.8304048892284186,0.0,0.13445378151260504,0.11153552330022919,0.0,0.5477463712757831,0.6050420168067226,0.0,0.03208556149732621,0.0
645,866,4,0.9816176470588235,0.11764705882352941,1.8639705882352942,3.588235294117647,0.0,0.0,0.0,0.0,0.0,0.0,0.0,0.0,0.0,0.01838235294117647,0.0,0.0,0.0,0.0,0.0,16.96323529411765,0.025735294117647058,2.7536764705882355,0.0,5.2536764705882355,0.5661764705882353,0.058823529411764705,4.0661764705882355,0.0,0.0,0.04044117647058824,0.3235294117647059,0.0,0.0,13.338235294117647,1.9154411764705883,0.0,0.19117647058823528,0.0,0.0,1.5,0.5,0.0,0.1213235294117647,0.0
644,971,4,0.7399577167019028,0.10042283298097252,0.8562367864693446,3.8298097251585626,0.010570824524312896,0.011627906976744186,0.0,0.3171247357293869,0.0,0.0,0.0,0.0,0.0021141649048625794,0.1427061310782241,0.080338266384778,0.0,0.07610993657505286,0.045454545454545456,0.0,9.39217758985201,0.0010570824524312897,3.09830866807611,0.0,6.435517970401691,2.4524312896405918,0.24101479915433405,9.469344608879492,0.0,0.0,0.03699788583509514,0.0,0.0,0.0,16.377378435517972,2.700845665961945,0.0,0.26215644820295986,0.12050739957716702,0.0,0.4809725158562368,0.5961945031712473,0.0,0.03276955602536998,0.03488372093023256
640,1306,6,0.5794223826714802,0.0776173285198556,1.0631768953068592,3.5117328519855597,0.0,0.0,0.0,0.10018050541516245,0.0,0.0,0.017148014440433214,0.0,0.018050541516245487,0.23826714801444043,0.11552346570397112,0.0,0.0,0.0,0.0,12.355595667870036,0.018050541516245487,3.509927797833935,0.0,6.629061371841155,1.71028880866426,0.04783393501805054,4.4485559566787005,0.0,0.0,0.002707581227436823,0.0,0.0,0.0,14.157942238267148,2.017148014440433,0.0,0.07671480144404332,0.0,0.0,0.47924187725631767,0.6064981949458483,0.0,0.03700361010830325,0.0
646,1985,4,0.6826347305389222,0.10778443113772455,0.312874251497006,6.505988023952096,0.0,0.0029940119760479044,0.0,0.0,0.0,0.0,0.24550898203592814,0.0,0.20359281437125748,1.2709580838323353,0.7679640718562875,0.0,0.0,0.0,0.0,13.592814371257486,0.0,3.434131736526946,0.0,11.161676646706587,8.139221556886227,0.10329341317365269,4.341317365269461,0.0,0.0,0.04341317365269461,0.0,0.0,0.0,23.9625748502994,3.940119760479042,0.0688622754491018,0.2155688622754491,0.0,0.0,0.7425149700598802,0.6227544910179641,0.0,0.061377245508982034,1.1946107784431137
641,128,12,0.7610526315789473,0.08947368421052632,0.6547368421052632,3.7536842105263157,0.0,0.0,0.0,0.0,0.0,0.0,0.0,0.0,0.0,0.002105263157894737,0.0,0.0,0.0,0.0,0.01368421052631579,8.870526315789474,0.015789473684210527,3.626315789473684,0.0,5.724210526315789,1.9821052631578948,0.9947368421052631,6.24421052631579,0.0,0.0,0.004210526315789474,0.1,0.0,0.0,20.22421052631579,2.174736842105263,0.0,0.0,0.1,0.0010526315789473684,0.94,0.6378947368421053,0.0,0.035789473684210524,0.0
644,1482,4,0.614950634696756,0.09590973201692525,0.019746121297602257,2.9548660084626235,0.0,0.0028208744710860366,0.0,0.4132581100141044,0.0,0.0,0.0,0.0,0.0,0.4513399153737659,0.15937940761636107,0.0,0.0,0.37799717912552894,0.022566995768688293,10.356840620592383,0.0,4.218617771509168,0.0,11.073342736248238,2.208744710860367,0.2919605077574048,3.5021156558533146,0.0,0.0,0.20310296191819463,0.0,0.0,0.0,11.753173483779971,1.692524682651622,0.0,0.0,0.06770098730606489,0.0,1.1325811001410437,0.49506346967559944,0.0,0.03244005641748942,5.6657263751763045
650,1695,7,0.49299719887955185,0.06722689075630252,1.3333333333333333,3.330532212885154,0.0,0.0,0.0,0.20448179271708683,0.0,0.0,0.0,0.0,0.0,0.10084033613445378,0.0,0.0,0.0,0.0,0.0,10.5406162464986,0.0,3.34733893557423,0.0,4.711484593837535,1.3361344537815125,0.6666666666666666,8.817927170868348,0.0,0.025210084033613446,0.3025210084033613,0.0,0.0,0.0,14.221288515406162,1.7675070028011204,0.0,0.28291316526610644,0.1092436974789916,0.0,0.38375350140056025,0.5770308123249299,0.0,0.05042016806722689,0.0
638,153,7,0.6724845995893224,0.09240246406570841,0.8264887063655031,5.237166324435318,0.0,0.0,0.0,0.002053388090349076,0.0,0.0,0.3141683778234086,0.0,0.0,0.9188911704312115,0.10985626283367557,0.0,0.015400410677618069,0.0,0.9579055441478439,13.504106776180699,0.06262833675564682,4.331622176591376,0.0,11.388090349075975,4.039014373716633,0.891170431211499,6.968172484599589,0.0,0.008213552361396304,0.4106776180698152,0.0,0.0,0.0,21.202258726899384,2.648870636550308,0.0,0.3049281314168378,0.08521560574948665,0.0,0.7248459958932238,0.6160164271047228,0.2997946611909651,0.0646817248459959,6.857289527720739
644,1015,4,0.625531914893617,0.10212765957446808,0.26382978723404255,4.51063829787234,0.0,0.0,0.0,0.0425531914893617,0.0,0.0,0.34893617021276596,0.0,0.0,0.7574468085106383,0.0,0.0,0.0,0.0,0.7446808510638298,9.148936170212766,0.0,2.0893617021276594,0.0,7.919148936170213,4.051063829787234,0.14893617021276595,5.195744680851064,0.0,0.0,0.01702127659574468,0.0,0.0,0.0,17.727659574468085,2.974468085106383,0.0,0.029787234042553193,0.0,0.0,0.4723404255319149,0.5319148936170213,0.0,0.0425531914893617,3.2
640,1191,4,0.5446265938069217,0.0546448087431694,0.8561020036429873,2.9326047358834244,0.0,0.0,0.0,0.0,0.0,0.0,0.0,0.0,0.0,0.0036429872495446266,0.0,0.0,0.0,0.0,0.0,6.0236794171220405,0.0,2.814207650273224,0.0,3.6138433515482697,0.907103825136612,0.012750455373406194,3.1129326047358834,0.0,0.0,0.2586520947176685,0.0,0.0,0.0,13.3551912568306,1.7632058287795993,0.0,0.5938069216757741,0.2877959927140255,0.0,0.15664845173041894,0.5901639344262295,0.0,0.020036429872495445,0.0
650,1932,5,1.1464788732394366,0.05352112676056338,1.5098591549295775,3.9126760563380283,0.0,0.0,0.0,0.0,0.0,0.0,0.0,0.0,0.0,0.016901408450704224,0.0,0.0,0.0,0.0,0.0028169014084507044,6.002816901408451,0.15492957746478872,3.4140845070422534,0.0,4.495774647887324,2.3830985915492957,0.29295774647887324,7.183098591549296,0.0,0.11267605633802817,0.24225352112676057,0.0,0.0,0.0,16.949295774647887,2.2647887323943663,0.0,0.3408450704225352,0.21971830985915494,0.0,0.27323943661971833,0.5211267605633803,0.0,0.16619718309859155,0.35774647887323946
637,230,7,0.6998769987699877,0.09225092250922509,0.7380073800738007,4.915129151291513,0.0,0.0,0.0,0.11070110701107011,0.0,0.0,0.11193111931119311,0.0,0.1008610086100861,0.7564575645756457,0.3886838868388684,0.0,0.0,0.0,0.02214022140221402,11.02460024600246,0.05904059040590406,6.72939729397294,0.35547355473554737,13.60270602706027,6.667896678966789,1.089790897908979,9.017220172201721,0.0,0.0,0.24846248462484624,0.0,0.0,0.0,23.506765067650676,2.8339483394833946,0.0,0.18450184501845018,0.24108241082410825,0.08364083640836409,1.003690036900369,0.6100861008610086,0.0,0.07011070110701106,4.168511685116851
648,1087,11,0.6484375,0.046875,1.1484375,2.421875,0.0,0.0,0.0,0.0,0.0,0.0,0.4375,0.0,0.0,0.859375,0.4609375,0.0,0.0,0.0,1.71875,6.34375,0.0,2.0234375,0.0,2.1171875,0.4765625,0.234375,6.8125,0.0,0.0,0.1484375,0.0,0.0,0.0,9.7890625,0.84375,0.0,0.15625,0.1953125,0.3515625,0.0,0.4609375,0.0,0.0234375,2.390625
632,1323,12,16.397398843930635,0.14450867052023122,0.5014450867052023,5.322254335260116,0.09104046242774566,0.28034682080924855,0.12283236994219653,0.2861271676300578,0.0,0.001445086705202312,0.0,0.0,0.03901734104046243,1.8135838150289016,0.4884393063583815,0.0,0.25289017341040465,0.4508670520231214,0.01878612716763006,10.78757225433526,0.0,16.634393063583815,0.0,5.154624277456647,4.4479768786127165,0.13872832369942195,3.699421965317919,0.0,0.0,0.16473988439306358,0.0,0.0,6.309248554913295,19.933526011560694,2.828034682080925,0.0,0.0,0.0,0.0,0.6416184971098265,0.6315028901734104,0.19797687861271676,9.0621387283237,6.619942196531792
646,1619,12,0.4,0.05,0.375,2.575,0.0,0.05,0.0,0.4,0.0,0.0,0.0,0.0,0.0,0.675,0.3,0.0,0.0,0.3,0.0,12.2,0.0,2.575,0.0,5.275,1.7,0.0,2.775,0.0,0.0,0.025,0.0,0.0,0.0,10.525,1.65,0.0,0.0,0.0,0.0,0.8,0.55,0.0,0.025,6.175
650,188,7,2.419127988748242,0.08860759493670886,0.469760900140647,3.870604781997187,0.0,0.09563994374120956,0.0,0.5133614627285513,0.0,0.02531645569620253,0.09423347398030943,0.09985935302390998,0.0,0.4430379746835443,0.35724331926863573,0.0,0.0014064697609001407,0.1308016877637131,0.0,8.843881856540085,0.0,7.420534458509142,0.0,12.374120956399437,4.037974683544304,0.12236286919831224,4.675105485232067,0.0,0.0,0.14627285513361463,0.0,0.0,0.0,16.970464135021096,1.9156118143459915,0.5752461322081576,0.07172995780590717,0.09845288326300984,0.0,1.3389592123769338,0.6905766526019691,0.919831223628692,0.4613220815752461,12.51054852320675
654,585,4,0.6047486033519553,0.11871508379888268,0.33379888268156427,4.305865921787709,0.0,0.0,0.0,0.0,0.0,0.0,0.32821229050279327,0.0,0.0,0.8282122905027933,0.39804469273743015,0.0,0.0,0.0,0.4329608938547486,14.597765363128492,0.0,1.8854748603351956,0.0,11.48463687150838,2.786312849162011,0.07262569832402235,2.8114525139664805,0.0,0.0,0.04189944134078212,0.0,0.09776536312849161,0.0,15.831005586592179,2.6298882681564244,0.0,0.1871508379888268,0.0,0.0,0.7793296089385475,0.4888268156424581,0.0,0.0670391061452514,2.409217877094972
642,628,4,0.5794871794871795,0.07076923076923076,0.9435897435897436,3.463589743589744,0.0,0.0,0.0,0.0041025641025641026,0.0,0.0,0.0,0.0,0.0,0.02564102564102564,0.009230769230769232,0.0,0.0,0.0,0.0,11.383589743589743,0.0,2.7764102564102564,0.0,7.564102564102564,1.7394871794871796,0.04717948717948718,3.528205128205128,0.0,0.0,0.0,0.0,0.0,0.0,13.138461538461538,1.958974358974359,0.0,0.08717948717948718,0.031794871794871796,0.0,0.7528205128205128,0.5323076923076923,0.0,0.03076923076923077,0.0
641,1637,12,0.6016260162601627,0.0975609756097561,0.7533875338753387,4.086720867208672,0.0,0.0,0.0,0.12737127371273713,0.0,0.0,0.0,0.0,0.0,0.24119241192411925,0.11382113821138211,0.0,0.0,0.0,0.0,13.886178861788618,0.0,3.086720867208672,0.0,8.401084010840108,2.8428184281842817,0.08943089430894309,4.883468834688347,0.0,0.0,0.15447154471544716,0.0,0.0,0.0,14.449864498644986,2.3116531165311653,0.0,0.08943089430894309,0.0,0.0,0.8265582655826558,0.5203252032520326,0.0,0.04607046070460705,0.0
652,1851,4,0.7412280701754386,0.10087719298245613,0.24561403508771928,4.890350877192983,0.0,0.12719298245614036,0.0,0.17543859649122806,0.0,0.05701754385964912,0.02631578947368421,0.0043859649122807015,0.0,0.5745614035087719,0.40350877192982454,0.0,0.02631578947368421,0.23684210526315788,0.0,12.298245614035087,0.0,5.201754385964913,0.0,17.083333333333332,4.947368421052632,0.10087719298245613,4.219298245614035,0.0,0.0,0.32894736842105265,0.0,0.0,0.0,18.850877192982455,2.18859649122807,0.15789473684210525,0.10087719298245613,0.0043859649122807015,0.0,2.017543859649123,0.6096491228070176,5.12280701754386,0.07456140350877193,16.859649122807017
648,1957,7,0.6949152542372882,0.1167608286252354,0.4529190207156309,4.768361581920904,0.0,0.0,0.0,0.0,0.0,0.0,0.02448210922787194,0.0,0.007532956685499058,0.07721280602636535,0.044256120527306965,0.0,0.0,0.0,0.0,16.850282485875706,0.026365348399246705,3.1854990583804144,0.0,16.451977401129945,3.3832391713747647,0.7984934086629002,4.214689265536723,0.0,0.192090395480226,0.3370998116760829,0.0,0.018832391713747645,0.0,21.872881355932204,2.6393596986817327,0.0,0.4689265536723164,0.05743879472693032,0.0,1.21939736346516,0.6393596986817326,0.0,0.044256120527306965,0.0
644,62,4,0.8477157360406091,0.12690355329949238,1.369289340101523,5.093908629441624,0.0,0.0,0.0,0.0038071065989847717,0.0,0.0,0.39593908629441626,0.0,0.030456852791878174,0.6649746192893401,0.3426395939086294,0.0,0.0,0.0,1.901015228426396,12.944162436548224,0.09137055837563451,5.552030456852792,0.0,14.897208121827411,4.346446700507614,1.2969543147208122,11.266497461928934,0.0,0.0,0.36421319796954316,0.0,0.0,0.0,24.711928934010153,2.8553299492385786,0.0,0.282994923857868,0.15355329949238578,0.22842639593908629,1.031725888324873,0.7525380710659898,0.0,0.06852791878172589,0.48096446700507617
657,1325,4,0.6079545454545454,0.08806818181818182,0.4744318181818182,2.3267045454545454,0.0,0.0,0.0,0.0,0.0,0.0,0.005681818181818182,0.0,0.0,0.13920454545454544,0.11647727272727272,0.0,0.0,0.0,0.0,8.735795454545455,0.0,2.164772727272727,0.0,4.997159090909091,1.2159090909090908,0.4715909090909091,5.875,0.0,0.0,0.0,0.005681818181818182,0.0,0.0,9.846590909090908,1.1647727272727273,0.0,0.2755681818181818,0.16761363636363635,0.048295454545454544,0.3352272727272727,0.5255681818181818,0.0,0.04261363636363636,0.0
653,265,4,0.8980263157894737,0.07976973684210527,0.7993421052631579,4.719572368421052,0.0,0.0024671052631578946,0.0,0.05180921052631579,0.0,0.0,0.003289473684210526,0.0,0.0024671052631578946,0.19901315789473684,0.06414473684210527,0.0,0.0,0.029605263157894735,0.0,14.23108552631579,0.05263157894736842,4.717105263157895,0.0,11.119243421052632,3.098684210526316,0.03618421052631579,3.658717105263158,0.0,0.05838815789473684,0.15789473684210525,0.19572368421052633,0.0,0.0,18.86266447368421,2.653782894736842,0.17434210526315788,0.049342105263157895,0.009868421052631578,0.0,0.8305921052631579,0.6422697368421053,0.0,0.060032894736842105,0.2680921052631579
641,517,5,0.621875,0.08229166666666667,0.8572916666666667,3.236458333333333,0.0,0.0,0.0,0.0,0.0,0.0,0.0,0.0,0.0,0.0010416666666666667,0.0,0.0,0.0,0.0,0.010416666666666666,12.879166666666666,0.0,2.0989583333333335,0.0,8.979166666666666,2.0125,0.065625,4.857291666666667,0.0,0.0,0.019791666666666666,0.0,0.0,0.0,12.802083333333334,1.803125,0.0,0.057291666666666664,0.05,0.0,0.6364583333333333,0.4708333333333333,0.0,0.03125,0.0
641,707,4,0.5714285714285714,0.042328042328042326,0.3386243386243386,3.164021164021164,0.0,0.0,0.0,0.0,0.0,0.0,0.21693121693121692,0.0,0.0,0.5978835978835979,0.20634920634920634,0.0,0.0,0.0,0.0,9.994708994708995,0.0,3.0211640211640214,0.1746031746031746,7.238095238095238,2.7936507936507935,0.42857142857142855,5.7936507936507935,0.0,0.0,0.0,0.0,0.0,0.0,13.201058201058201,1.8677248677248677,0.0,0.1164021164021164,0.015873015873015872,0.0,0.6137566137566137,0.5714285714285714,0.0,0.037037037037037035,4.095238095238095
652,1041,4,0.8449612403100775,0.09302325581395349,0.23255813953488372,4.51937984496124,0.0,0.0,0.0,0.015503875968992248,0.0,0.0,0.0,0.0,0.0,0.5348837209302325,0.023255813953488372,0.0,0.0,0.0,0.0,13.713178294573643,0.0,2.813953488372093,0.0,11.891472868217054,3.488372093023256,0.15503875968992248,2.186046511627907,0.0,0.0,0.11627906976744186,0.0,0.0,0.0,14.542635658914728,2.5736434108527133,0.0,0.0,0.0,0.0,0.7984496124031008,0.4883720930232558,0.0,0.03875968992248062,0.0
642,1060,4,0.5457142857142857,0.08142857142857143,0.8071428571428572,4.038571428571428,0.0,0.0,0.0,0.0,0.0,0.0,0.0,0.0,0.0,0.0,0.0,0.0,0.0,0.0,0.0,8.751428571428571,0.0014285714285714286,2.0914285714285716,0.0,5.6257142857142854,1.0957142857142856,0.05714285714285714,4.122857142857143,0.0,0.0,0.12714285714285714,0.2,0.0,0.0,16.174285714285713,2.388571428571429,0.0,0.2985714285714286,0.027142857142857142,0.0,0.34,0.5057142857142857,0.0,0.041428571428571426,0.0
646,1243,4,0.7289473684210527,0.039473684210526314,0.5526315789473685,3.713157894736842,0.0,0.0,0.0,0.0,0.0,0.0,0.0,0.0,0.0,0.031578947368421054,0.0,0.0,0.0,0.0,0.0,12.463157894736842,0.031578947368421054,2.586842105263158,0.0,7.836842105263158,1.9263157894736842,0.0,3.836842105263158,0.0,0.0,0.06315789473684211,0.2789473684210526,0.0,0.0,15.652631578947368,2.3684210526315788,0.0,0.2710526315789474,0.07631578947368421,0.0,0.6342105263157894,0.5815789473684211,0.0,0.07105263157894737,0.0
651,1146,12,0.7241992882562278,0.10498220640569395,0.36298932384341637,5.284697508896797,0.0,0.0,0.0,0.0,0.0,0.0,0.0,0.0,0.0,0.0,0.0,0.0,0.0,0.0,0.0,14.233096085409253,0.06583629893238434,2.1459074733096086,0.0,11.314946619217082,3.3665480427046264,0.042704626334519574,3.2348754448398576,0.0,0.0,0.012455516014234875,0.08540925266903915,0.0,0.0,20.40747330960854,3.288256227758007,0.0,0.0,0.04804270462633452,0.0,0.6548042704626335,0.6441281138790036,0.0,0.05338078291814947,1.1441281138790036
653,320,7,1.0617088607594938,0.11075949367088607,0.185126582278481,3.5031645569620253,0.0490506329113924,0.07911392405063292,0.0,0.8829113924050633,0.0,0.07436708860759493,0.0,0.0680379746835443,0.13132911392405064,0.8908227848101266,0.3623417721518987,0.0,0.00949367088607595,0.6930379746835443,0.04272151898734177,11.569620253164556,0.0,14.580696202531646,0.0,12.754746835443038,3.1376582278481013,0.7072784810126582,4.050632911392405,0.0,0.0,0.023734177215189875,0.0,0.0,0.0,15.780063291139241,1.9778481012658229,0.0,0.03955696202531646,0.014240506329113924,0.0,1.7009493670886076,0.5712025316455697,0.12341772151898735,0.19778481012658228,12.930379746835444
648,390,12,0.6494845360824743,0.10996563573883161,0.6649484536082474,4.242268041237113,0.0,0.0,0.0,0.0,0.0,0.0,0.3127147766323024,0.0,0.0,0.6494845360824743,0.3487972508591065,0.0,0.0,0.0,1.245704467353952,13.458762886597938,0.0,1.7336769759450172,0.0,12.618556701030927,3.2869415807560136,0.10481099656357389,4.352233676975945,0.0,0.0,0.1323024054982818,0.0,0.12886597938144329,0.0,15.742268041237113,2.527491408934708,0.0,0.20962199312714777,0.020618556701030927,0.15463917525773196,0.8642611683848798,0.5584192439862543,0.0,0.06013745704467354,3.747422680412371
650,1000,4,0.5842696629213483,0.07584269662921349,1.095505617977528,2.7724719101123596,0.0,0.08426966292134831,0.0,0.550561797752809,0.0,0.0,0.0,0.0,0.0,0.5786516853932584,0.19382022471910113,0.0,0.0,0.4297752808988764,0.0,8.092696629213483,0.0,5.171348314606742,0.0,4.671348314606742,1.5561797752808988,0.4241573033707865,4.856741573033708,0.0,0.0,0.21348314606741572,0.09831460674157304,0.0,0.0,11.581460674157304,1.2584269662921348,0.0,0.0,0.0,0.0,0.6207865168539326,0.5786516853932584,0.0,0.025280898876404494,2.918539325842697
653,406,12,0.6421404682274248,0.0903010033444816,1.4214046822742474,3.1036789297658864,0.0,0.0,0.0,0.06688963210702341,0.0,0.0,0.0,0.0,0.0,0.0903010033444816,0.08361204013377926,0.0,0.0,0.0,0.0,9.391304347826088,0.013377926421404682,3.20066889632107,0.0,4.1806020066889635,0.802675585284281,0.013377926421404682,4.525083612040134,0.0,0.0,0.10702341137123746,0.0,0.0,0.0,12.304347826086957,1.5418060200668897,0.0,0.38127090301003347,0.17725752508361203,0.0,0.17725752508361203,0.5284280936454849,0.0,0.030100334448160536,0.0
646,501,4,0.5897435897435898,0.08461538461538462,0.6333333333333333,3.3897435897435897,0.0,0.23333333333333334,0.0,0.7128205128205128,0.0,0.0,0.0,0.0,0.0,0.6641025641025641,0.3282051282051282,0.0,0.0,0.4205128205128205,0.0,8.797435897435898,0.0,4.51025641025641,0.0,7.9051282051282055,2.8076923076923075,0.3153846153846154,4.47948717948718,0.0,0.0,0.005128205128205128,0.09230769230769231,0.0,0.0,13.74102564102564,1.8076923076923077,0.0,0.05128205128205128,0.03333333333333333,0.0,0.7794871794871795,0.541025641025641,0.0,0.046153846153846156,2.958974358974359
649,898,12,0.5225563909774437,0.06390977443609022,0.7857142857142857,2.7481203007518795,0.0,0.0,0.0,0.007518796992481203,0.0,0.0,0.0037593984962406013,0.0,0.0,0.10902255639097744,0.0,0.0,0.0,0.0,0.0,4.834586466165414,0.0,2.9586466165413534,0.0,2.1203007518796992,0.9774436090225563,0.24436090225563908,5.842105263157895,0.0,0.0,0.09398496240601503,0.0,0.0,0.0,11.424812030075188,1.5977443609022557,0.0,0.06015037593984962,0.21804511278195488,0.0,0.11654135338345864,0.518796992481203,0.0,0.018796992481203006,0.0
665,559,4,0.6271604938271605,0.056790123456790124,1.1506172839506172,2.7209876543209877,0.11851851851851852,0.044444444444444446,0.0,1.7135802469135804,0.0,0.0,0.0,0.0,0.02962962962962963,0.8123456790123457,0.2962962962962963,0.0,0.05432098765432099,0.22962962962962963,0.037037037037037035,8.08395061728395,0.056790123456790124,6.387654320987655,0.0,2.6246913580246916,0.817283950617284,0.35555555555555557,6.923456790123457,0.0,0.0,0.07654320987654321,0.0,0.0,0.0,11.535802469135803,1.14320987654321,0.0,0.3135802469135803,0.24691358024691357,0.0,0.41975308641975306,0.6666666666666666,0.0,0.07407407407407407,0.044444444444444446
648,168,7,0.6458186929023191,0.08995080815179199,0.7554462403373156,3.600843288826423,0.0,0.011946591707659873,0.0,0.03373155305692199,0.0,0.0,0.0,0.0,0.0007027406886858749,0.059030217849613494,0.014757554462403373,0.0,0.0,0.0,0.0,13.836964160224877,0.0,2.4574841883345044,0.0,11.365425158116654,3.5073787772312017,0.12368236120871398,3.765987350667604,0.0,0.0,0.0,0.0,0.0,0.0,14.182009838369641,2.3239634574841883,0.0,0.12438510189739986,0.13281799016163034,0.0,0.6886858749121574,0.5467322557976106,0.0,0.029515108924806747,0.0
648,359,4,0.5818965517241379,0.10344827586206896,0.11637931034482758,3.1508620689655173,0.0,0.0,0.0,0.0,0.0,0.0,0.13793103448275862,0.0,0.0,0.5603448275862069,0.22844827586206898,0.0,0.0,0.0,0.41379310344827586,10.46551724137931,0.0,2.0991379310344827,0.0,8.25,1.4353448275862069,0.0,2.5775862068965516,0.0,0.0,0.0,0.0,0.0,0.0,12.711206896551724,2.1982758620689653,0.0,0.02586206896551724,0.0,0.0,0.5387931034482759,0.44396551724137934,0.0,0.03879310344827586,0.03879310344827586
648,1221,4,0.596875,0.084375,0.5625,3.103125,0.0,0.0,0.0,0.075,0.0,0.0,0.08125,0.0,0.096875,0.565625,0.296875,0.0,0.0,0.0,0.0,8.096875,0.0,1.9375,0.0,3.81875,1.403125,0.075,4.725,0.0,0.0,0.1375,0.0,0.009375,0.0,13.028125,1.98125,0.0,0.08125,0.10625,0.0,0.24375,0.475,0.0,0.04375,0.0
651,1536,12,0.7484276729559748,0.0880503144654088,0.6352201257861635,5.735849056603773,0.0,0.0,0.0,0.0,0.0,0.0,0.0,0.0,0.0,0.0,0.0,0.0,0.0,0.0,0.0,16.339622641509433,0.0,2.2452830188679247,0.0,14.421383647798741,4.339622641509434,0.11949685534591195,3.251572327044025,0.0,0.0,0.006289308176100629,0.050314465408805034,0.0,0.0,21.41509433962264,3.69811320754717,0.0,0.0,0.0,0.0,0.949685534591195,0.610062893081761,0.0,0.0440251572327044,0.0
650,34,4,0.6421568627450981,0.11519607843137254,0.9803921568627451,5.115196078431373,0.056372549019607844,0.11274509803921569,0.0,0.7303921568627451,0.0,0.0,0.0,0.0,0.0,1.1372549019607843,0.3627450980392157,0.0,0.27205882352941174,0.35784313725490197,0.0,16.147058823529413,0.06372549019607843,4.875,0.0,4.860294117647059,3.7941176470588234,1.0147058823529411,6.127450980392157,0.0,0.6397058823529411,0.9191176470588235,0.0,0.0,0.3700980392156863,19.767156862745097,2.622549019607843,0.0,0.5784313725490197,0.00980392156862745,0.0,0.7426470588235294,0.6299019607843137,0.0,0.07107843137254902,5.473039215686274
647,295,4,0.7020408163265306,0.11020408163265306,0.3469387755102041,3.089795918367347,0.0,0.0,0.0,0.0,0.0,0.0,0.0,0.0,0.0,0.0,0.0,0.0,0.0,0.0,0.0,6.791836734693877,0.0,1.8204081632653062,0.0,3.4489795918367347,1.6448979591836734,0.19183673469387755,3.3102040816326532,0.0,0.0,0.0,0.0163265306122449,0.0,0.0,12.314285714285715,1.6244897959183673,0.0,0.0,0.0,0.0,0.1836734693877551,0.49387755102040815,0.0,0.02040816326530612,0.0
655,654,4,0.5407407407407407,0.08888888888888889,1.1555555555555554,2.848148148148148,0.0,0.0,0.0,0.0,0.0,0.0,0.0,0.0,0.0,0.06666666666666667,0.0,0.0,0.0,0.0,0.0,12.433333333333334,0.0,1.9333333333333333,0.0,5.477777777777778,0.9851851851851852,0.1259259259259259,4.266666666666667,0.0,0.0,0.07407407407407407,0.0,0.0,0.0,11.077777777777778,1.4370370370370371,0.0,0.1814814814814815,0.06666666666666667,0.0,0.26296296296296295,0.4148148148148148,0.0,0.037037037037037035,0.0
648,724,4,0.5945945945945946,0.06587837837837837,1.1266891891891893,3.185810810810811,0.0,0.0016891891891891893,0.0,0.06587837837837837,0.0,0.0,0.0,0.0,0.0,0.04222972972972973,0.010135135135135136,0.0,0.0,0.0,0.0,10.390202702702704,0.0,2.6942567567567566,0.0,3.9003378378378377,1.8057432432432432,0.17060810810810811,5.836148648648648,0.0,0.0,0.05405405405405406,0.09966216216216216,0.0,0.0,12.701013513513514,1.6537162162162162,0.0,0.24662162162162163,0.17567567567567569,0.0,0.22804054054054054,0.5118243243243243,0.0,0.02533783783783784,0.0
655,1590,12,0.888135593220339,0.1152542372881356,0.6271186440677966,3.5084745762711864,0.0,0.0,0.0,0.2135593220338983,0.0,0.020338983050847456,0.0,0.0,0.0,0.31186440677966104,0.09491525423728814,0.0,0.0,0.0,0.0,9.776271186440677,0.02711864406779661,4.508474576271187,0.0,8.294915254237289,2.3220338983050848,0.31864406779661014,4.6,0.0,0.0,0.2,0.0,0.0,0.0,12.623728813559323,1.6745762711864407,0.0,0.3152542372881356,0.15254237288135594,0.0,0.7661016949152543,0.5932203389830508,0.0,0.03728813559322034,0.0
648,1879,5,2.919452887537994,0.12462006079027356,0.07598784194528875,5.720364741641338,0.016717325227963525,0.1519756838905775,0.0,1.3358662613981762,0.0,0.004559270516717325,0.013677811550151976,0.019756838905775075,0.022796352583586626,1.472644376899696,0.41033434650455924,0.0,0.0,0.23556231003039513,0.0,14.501519756838906,0.0,4.699088145896656,0.0,5.089665653495441,4.320668693009119,0.1033434650455927,4.624620060790273,0.0,0.025835866261398176,0.22340425531914893,0.0,0.0,0.5592705167173252,23.475683890577507,3.2674772036474162,0.0,0.02127659574468085,0.0729483282674772,0.0,0.49544072948328266,0.6671732522796353,0.20364741641337386,2.221884498480243,8.281155015197568
663,348,4,0.6666666666666666,0.16140350877192983,0.45263157894736844,6.428070175438597,0.0,0.0,0.0,0.20350877192982456,0.0,0.0,0.5473684210526316,0.0,0.22456140350877193,1.5824561403508772,0.7964912280701755,0.0,0.0,0.40350877192982454,0.10526315789473684,15.470175438596492,0.05263157894736842,3.2140350877192985,0.5368421052631579,12.042105263157895,5.926315789473684,0.6491228070175439,5.185964912280702,0.0,0.10175438596491228,0.6456140350877193,0.0,0.0,0.21754385964912282,29.396491228070175,3.7333333333333334,0.0,0.5228070175438596,0.0,0.0,0.9157894736842105,0.5964912280701754,0.0,0.10175438596491228,3.389473684210526
657,696,4,0.5641293013555787,0.07820646506777894,0.7163712200208551,3.011470281543274,0.0,0.0,0.0,0.0,0.0,0.0,0.009384775808133473,0.0,0.0,0.03753910323253389,0.020855057351407715,0.0,0.0,0.0,0.05943691345151199,13.194994786235663,0.0,1.9614181438998957,0.0,3.267987486965589,1.0062565172054223,0.013555787278415016,3.897810218978102,0.0,0.0,0.20437956204379562,0.0,0.0010427528675703858,0.0,11.971845672575599,1.6788321167883211,0.0,0.23670490093847757,0.03232533889468196,0.0020855057351407717,0.3222106360792492,0.48905109489051096,0.0,0.029197080291970802,0.053180396246089674
655,925,4,0.697841726618705,0.07793764988009592,1.119904076738609,3.7494004796163067,0.0,0.0,0.0,0.12709832134292565,0.0,0.0,0.0,0.0,0.0,0.14028776978417265,0.03597122302158273,0.0,0.0,0.0,0.0,10.902877697841726,0.0803357314148681,5.947242206235012,0.0,5.697841726618705,2.2050359712230216,0.49160671462829736,6.835731414868105,0.0,0.0,0.06115107913669065,0.047961630695443645,0.0,0.0,14.744604316546763,2.3441247002398082,0.0,0.039568345323741004,0.03717026378896882,0.0,0.4292565947242206,0.5695443645083933,0.0,0.03836930455635491,0.0
660,1206,4,0.6215277777777778,0.1527777777777778,0.8252314814814815,4.02662037037037,0.0,0.0,0.0,0.011574074074074073,0.0,0.0,0.0,0.0,0.0,0.023148148148148147,0.0,0.0,0.0,0.0,0.0,16.068287037037038,0.009259259259259259,11.972222222222221,0.0,9.43287037037037,3.0127314814814814,0.11226851851851852,5.520833333333333,0.0,0.12384259259259259,0.11805555555555555,0.0,0.0,0.0,15.197916666666666,2.2662037037037037,0.0,0.16782407407407407,0.19560185185185186,0.0,0.6759259259259259,0.7546296296296297,0.0,0.04861111111111111,0.0
659,149,4,0.6776765375854215,0.1082004555808656,0.5683371298405467,6.159453302961276,0.0,0.0,0.0,0.0,0.0,0.0,0.0,0.0,0.0,0.0,0.0,0.0,0.0,0.0,0.0,17.05125284738041,0.05011389521640091,2.3997722095671983,0.0,14.29498861047836,4.014806378132119,0.11161731207289294,3.4145785876993164,0.0,0.0,0.004555808656036446,0.1958997722095672,0.0,0.0,22.34510250569476,3.650341685649203,0.0,0.022779043280182234,0.018223234624145785,0.0,0.9316628701594533,0.6287015945330297,0.0,0.04328018223234624,1.0466970387243735
663,801,4,0.6244665718349929,0.08250355618776671,0.2759601706970128,2.733997155049787,0.0,0.01849217638691323,0.0,0.14082503556187767,0.0,0.0,0.05832147937411095,0.0,0.0,0.4950213371266003,0.12375533428165007,0.0,0.0,0.0,0.22617354196301565,11.285917496443812,0.0,2.8349928876244666,0.0,7.268847795163585,1.2574679943100995,0.29871977240398295,5.112375533428165,0.0,0.0,0.08961593172119488,0.02275960170697013,0.0,0.0,11.637268847795164,1.6571834992887624,0.0,0.07539118065433854,0.029871977240398292,0.0,0.5135135135135135,0.49644381223328593,0.0,0.04551920341394026,0.38264580369843526
651,1657,12,0.768894440974391,0.11430356027482823,0.8600874453466584,3.750156152404747,0.0,0.0,0.0,0.03622735790131168,0.0,0.0,0.0,0.0,0.0,0.16926920674578388,0.0,0.0,0.008744534665833853,0.0,0.0,12.628357276702062,0.023735165521549032,2.966895690193629,0.0,6.228607120549657,2.345409119300437,0.09618988132417239,3.378513429106808,0.0,0.0,0.017489069331667707,0.16427232979387882,0.0,0.0,14.45471580262336,2.2435977514053715,0.0,0.08744534665833854,0.09743910056214866,0.0,0.7520299812617114,0.7626483447845097,0.0,0.03622735790131168,0.0
657,1372,4,0.6655844155844156,0.07142857142857142,0.19480519480519481,2.3636363636363638,0.0,0.03571428571428571,0.0,0.6818181818181818,0.0,0.21753246753246752,0.0,0.0,0.0,0.6266233766233766,0.2077922077922078,0.0,0.2987012987012987,0.9448051948051948,0.0,3.5064935064935066,0.048701298701298704,12.107142857142858,0.0,10.876623376623376,0.37662337662337664,0.685064935064935,5.483766233766234,0.0,0.0,0.17207792207792208,0.0,0.0,0.0,12.555194805194805,1.0422077922077921,0.0,0.0,0.16233766233766234,0.0,1.4090909090909092,0.6396103896103896,0.10064935064935066,0.07467532467532467,7.2564935064935066
673,1561,4,0.6323907455012854,0.09254498714652956,1.416452442159383,4.994858611825193,0.0,0.0,0.0,0.0,0.0,0.0,0.0,0.0,0.0,0.0,0.0,0.0,0.0,0.0,0.0,16.681233933161955,0.04884318766066838,4.269922879177378,0.0,6.16452442159383,1.9768637532133677,0.05141388174807198,4.825192802056555,0.0,0.0,0.030848329048843187,0.31362467866323906,0.0,0.0,20.010282776349616,2.6426735218508997,0.0,0.08226221079691516,0.08997429305912596,0.0,1.8406169665809768,0.6606683804627249,0.0,0.02313624678663239,0.0
660,429,4,0.6336421952957947,0.10049893086243764,0.16749821810406273,5.167498218104063,0.0,0.029223093371347115,0.0,0.19529579472558803,0.0,0.020669992872416252,0.023521026372059873,0.0,0.01924447612259444,0.3741981468282252,0.1525302922309337,0.0,0.0,0.007127583749109052,0.07626514611546685,16.595153243050607,0.003563791874554526,3.888809693513899,0.0,15.273699215965788,4.245901639344262,0.2074126870990734,5.369208838203849,0.0,0.07412687099073414,0.7398431931575196,0.0,0.0,0.0,20.695652173913043,2.887384176764077,0.0,0.41767640769779046,0.039201710620099785,0.0,1.0883820384889522,0.6357804704205274,0.0,0.0698503207412687,0.05559515324305061
658,1389,4,0.5888888888888889,0.1,0.5805555555555556,3.290277777777778,0.0,0.004166666666666667,0.0,0.0625,0.0,0.0,0.0,0.0,0.0,0.1527777777777778,0.04861111111111111,0.0,0.0,0.18888888888888888,0.0,14.120833333333334,0.0,2.8847222222222224,0.0,6.934722222222222,1.7486111111111111,0.2152777777777778,3.901388888888889,0.0,0.0,0.029166666666666667,0.0,0.0,0.0,12.911111111111111,1.7555555555555555,0.0,0.06805555555555555,0.041666666666666664,0.0,0.625,0.5361111111111111,0.0,0.034722222222222224,2.088888888888889
655,79,4,0.6270718232044199,0.09392265193370165,1.0662983425414365,5.837016574585635,0.0,0.23204419889502761,0.0,0.0,0.0,0.0,0.0,0.0,0.0,0.0,0.0,0.0,0.0,0.0,0.0,20.18232044198895,0.03591160220994475,3.8011049723756907,0.0,7.767955801104972,2.3314917127071824,0.016574585635359115,3.7900552486187844,0.0,0.0,0.03314917127071823,0.40331491712707185,0.0,0.0,21.42265193370166,3.229281767955801,0.0,0.0,0.10497237569060773,0.0,1.7541436464088398,0.6657458563535912,0.0,0.022099447513812154,0.0
655,520,5,0.6647727272727273,0.11363636363636363,1.2329545454545454,2.7954545454545454,0.0,0.0,0.0,0.0,0.0,0.0,0.0,0.0,0.0,0.022727272727272728,0.005681818181818182,0.0,0.0,0.0,0.0,9.335227272727273,0.0,1.8977272727272727,0.0,4.642045454545454,1.1647727272727273,0.23863636363636365,6.431818181818182,0.0,0.0,0.0,0.0,0.0,0.0,10.823863636363637,1.3068181818181819,0.0,0.022727272727272728,0.06818181818181818,0.0,0.2727272727272727,0.42613636363636365,0.0,0.011363636363636364,0.0
669,1252,4,0.6415770609318996,0.12186379928315412,0.5232974910394266,4.548387096774194,0.0,0.017921146953405017,0.0,0.21863799283154123,0.0,0.0,0.2078853046594982,0.0,0.08243727598566308,0.6487455197132617,0.24372759856630824,0.0,0.0,0.0,0.0,17.376344086021504,0.0,4.401433691756273,0.6164874551971327,15.96415770609319,7.419354838709677,0.4874551971326165,6.103942652329749,0.0,0.0,0.1003584229390681,0.0,0.0,0.0,16.70250896057348,2.8530465949820787,0.0,0.6845878136200717,0.17921146953405018,0.0,1.1612903225806452,0.5734767025089605,0.0,0.04659498207885305,0.1039426523297491
672,1735,4,0.6617647058823529,0.09502262443438914,0.27828054298642535,5.105203619909502,0.0,0.0,0.0,0.0,0.0,0.0,0.0,0.0,0.0,0.0,0.0,0.0,0.0,0.0,0.0,13.593891402714933,0.013574660633484163,2.419683257918552,0.0,11.559954751131222,3.3993212669683257,0.04751131221719457,2.6889140271493215,0.0,0.0,0.36425339366515835,0.04524886877828054,0.0,0.0,19.32126696832579,3.1176470588235294,0.0,0.0,0.0,0.0,0.7805429864253394,0.6210407239819005,0.0,0.020361990950226245,0.6979638009049773
659,772,4,0.5686119873817035,0.08517350157728706,0.9353312302839116,4.193217665615142,0.0,0.0,0.0,0.0,0.0,0.0,0.0,0.0,0.0,0.022870662460567823,0.0,0.0,0.0,0.0,0.0,13.481072555205047,0.12066246056782334,4.653785488958991,0.0,6.592271293375394,2.452681388012618,0.6727129337539433,5.350946372239748,0.0,0.0,0.11041009463722397,0.050473186119873815,0.0,0.0,17.315457413249213,2.001577287066246,0.0,0.0749211356466877,0.12066246056782334,0.0,0.48264984227129337,0.6340694006309149,0.0,0.032334384858044164,0.0031545741324921135
664,1107,12,0.7435897435897436,0.03418803418803419,0.8461538461538461,2.52991452991453,0.0,0.0,0.0,0.0,0.0,0.0,0.0,0.0,0.0,0.0,0.0,0.0,0.0,0.0,0.0,5.931623931623932,0.0,2.427350427350427,0.0,3.0,1.017094017094017,0.0,4.2905982905982905,0.0,0.0,0.3418803418803419,0.0,0.0,0.0,12.341880341880342,1.7606837606837606,0.0,0.0,0.49572649572649574,0.0,0.24786324786324787,0.6410256410256411,0.0,0.0,0.0
668,1131,5,1.2095400340715503,0.1260647359454855,0.17717206132879046,3.606473594548552,0.013628620102214651,0.1890971039182283,0.0,0.6950596252129472,0.0,0.1465076660988075,0.0017035775127768314,0.03747870528109029,0.06643952299829642,0.6814310051107325,0.282793867120954,0.0,0.10391822827938671,0.5775127768313458,0.005110732538330494,13.14480408858603,0.0,49.45144804088586,0.0,8.74787052810903,4.257240204429301,0.293015332197615,3.3458262350936967,0.0,0.0,0.0,0.0,0.0,0.0034071550255536627,16.291311754684838,1.9165247018739353,0.0,0.028960817717206135,0.013628620102214651,0.0,0.787052810902896,0.6422487223168655,0.0,0.21294718909710392,12.393526405451448
665,299,4,1.0518018018018018,0.10135135135135136,0.46846846846846846,5.218468468468468,0.013513513513513514,0.1036036036036036,0.01126126126126126,0.2545045045045045,0.0,0.04279279279279279,0.25225225225225223,0.14864864864864866,0.16891891891891891,1.1103603603603605,0.5990990990990991,0.0,0.0,0.06981981981981981,0.0,16.34009009009009,0.0,16.70945945945946,0.45495495495495497,23.396396396396398,8.506756756756756,0.20045045045045046,3.858108108108108,0.0,0.0,0.0,0.0,0.0,0.1373873873873874,20.25,3.015765765765766,0.0,0.24324324324324326,0.0045045045045045045,0.0,1.6013513513513513,0.6036036036036037,0.0,0.22747747747747749,2.671171171171171
664,874,4,0.5971370143149284,0.10020449897750511,0.9100204498977505,3.2719836400817996,0.0,0.0,0.0,0.0,0.0,0.0,0.0,0.0,0.0,0.0,0.0,0.0,0.0,0.0,0.0,12.053169734151329,0.0,2.1595092024539877,0.0,8.61758691206544,1.7423312883435582,0.08793456032719836,4.5010224948875255,0.0,0.0,0.049079754601226995,0.0,0.0,0.0,13.840490797546012,2.1676891615541924,0.0,0.1554192229038855,0.028629856850715747,0.0,0.5950920245398773,0.5194274028629857,0.0,0.018404907975460124,0.0
670,1642,12,0.6826347305389222,0.11976047904191617,0.5059880239520959,5.272455089820359,0.0,0.0,0.0,0.26646706586826346,0.0,0.0,0.0,0.0,0.0,0.0,0.0,0.0,0.0,0.0,0.0,11.470059880239521,0.0,1.6077844311377245,0.0,8.802395209580839,1.8353293413173652,0.10179640718562874,2.961077844311377,0.0,0.0,0.0,0.38922155688622756,0.0,0.0,20.04191616766467,3.964071856287425,0.0,0.0,0.19161676646706588,0.0,0.7544910179640718,0.5838323353293413,0.0,0.020958083832335328,0.0
673,448,4,0.8378698224852071,0.0863905325443787,0.1301775147928994,3.8923076923076922,0.03550295857988166,0.39289940828402364,0.0,0.9893491124260355,0.0,0.09349112426035502,0.0,0.04378698224852071,0.06745562130177515,1.4520710059171598,0.6603550295857988,0.0,0.06863905325443787,0.29467455621301775,0.005917159763313609,9.107692307692307,0.0,19.65207100591716,0.0,11.649704142011835,3.2,1.1301775147928994,4.795266272189349,0.0,0.23076923076923078,0.16923076923076924,0.0,0.0,0.0,18.623668639053253,2.1502958579881657,0.0,2.731360946745562,0.37041420118343193,0.0,1.7242603550295859,0.6698224852071006,0.22840236686390533,0.08284023668639054,8.635502958579881
667,1829,6,0.5631399317406144,0.09726962457337884,0.5784982935153583,3.3088737201365186,0.0,0.0,0.0,0.008532423208191127,0.0,0.0,0.008532423208191127,0.0,0.0,0.09897610921501707,0.008532423208191127,0.0,0.0,0.010238907849829351,0.0,11.752559726962458,0.0,2.6877133105802047,0.0,6.353242320819112,1.7081911262798635,0.30204778156996587,3.9505119453924915,0.0,0.0,0.03754266211604096,0.0,0.0,0.0,12.488054607508532,1.8020477815699658,0.0,0.023890784982935155,0.0,0.0,0.48293515358361777,0.47440273037542663,0.0,0.040955631399317405,0.7474402730375427
665,1883,7,0.7777777777777778,0.07526881720430108,1.028673835125448,3.7670250896057347,0.0,0.0,0.0,0.0,0.0,0.0,0.5089605734767025,0.0,0.2616487455197133,1.4516129032258065,0.953405017921147,0.0,0.0,0.0,0.0,6.967741935483871,0.010752688172043012,3.2652329749103943,0.0,7.462365591397849,4.010752688172043,1.5268817204301075,7.100358422939068,0.0,0.0,0.13978494623655913,0.0,0.7275985663082437,0.0,20.100358422939067,2.4193548387096775,0.0,0.1863799283154122,0.1863799283154122,0.0,0.5734767025089605,0.5949820788530465,0.0,0.06810035842293907,0.0
664,236,7,0.6482558139534884,0.09883720930232558,1.1104651162790697,3.241279069767442,0.0,0.0,0.0,0.02616279069767442,0.0,0.0,0.1686046511627907,0.0,0.005813953488372093,1.0261627906976745,0.23546511627906977,0.0,0.0,0.0,0.5697674418604651,12.863372093023257,0.020348837209302327,3.2906976744186047,0.0,10.453488372093023,1.5872093023255813,0.7936046511627907,7.877906976744186,0.0,0.22674418604651161,0.7674418604651163,0.0,0.09593023255813954,0.0,16.886627906976745,1.561046511627907,0.0,0.6308139534883721,0.0,0.04941860465116279,0.6947674418604651,0.6017441860465116,0.0,0.0436046511627907,0.0
665,1709,7,0.38620689655172413,0.041379310344827586,0.8,2.1724137931034484,0.0,0.0,0.0,0.0,0.0,0.0,0.8344827586206897,0.0,0.0,2.682758620689655,1.393103448275862,0.0,0.0,0.0,1.6551724137931034,5.758620689655173,0.0,1.606896551724138,0.0,1.8206896551724139,0.19310344827586207,0.27586206896551724,5.855172413793103,0.0,0.0,0.0896551724137931,0.0,0.0,0.0,8.662068965517241,0.7793103448275862,0.0,0.15862068965517243,0.020689655172413793,0.2,0.0,0.3793103448275862,0.0,0.0896551724137931,0.0
666,252,4,0.6021505376344086,0.13440860215053763,1.2903225806451613,4.612903225806452,0.0,0.0,0.0,0.0,0.0,0.0,0.5161290322580645,0.0,0.0,1.8870967741935485,0.17204301075268819,0.0,0.0,0.0,0.543010752688172,15.349462365591398,0.03763440860215054,5.5,0.0,6.688172043010753,2.1451612903225805,1.118279569892473,8.510752688172044,0.0,0.0,0.46774193548387094,0.0,0.0,0.0,18.010752688172044,1.8978494623655915,0.0,0.23118279569892472,0.27419354838709675,0.0,0.46236559139784944,0.6559139784946236,0.478494623655914,0.06989247311827956,7.67741935483871
672,728,12,0.6692307692307692,0.038461538461538464,0.8538461538461538,2.207692307692308,0.0,0.0,0.0,0.0,0.0,0.0,0.03076923076923077,0.0,0.0,0.1,0.05384615384615385,0.0,0.0,0.0,0.09230769230769231,7.792307692307692,0.0,1.5769230769230769,0.0,3.253846153846154,0.36153846153846153,0.3230769230769231,7.876923076923077,0.0,0.0,0.14615384615384616,0.0,0.0,0.0,9.607692307692307,1.2692307692307692,0.0,0.0,0.05384615384615385,0.015384615384615385,0.27692307692307694,0.4153846153846154,0.0,0.046153846153846156,0.0
667,1916,4,0.7935483870967742,0.09161290322580645,0.3432258064516129,3.1625806451612903,0.0,0.0,0.0,0.3832258064516129,0.0,0.016774193548387096,0.0,0.0,0.027096774193548386,0.5212903225806451,0.22064516129032258,0.0,0.2503225806451613,0.8529032258064516,0.0,8.878709677419355,0.01806451612903226,11.424516129032257,0.0,11.943225806451613,2.450322580645161,0.4670967741935484,5.35741935483871,0.0,0.0,0.10451612903225807,0.0,0.0,0.0,13.169032258064517,1.8787096774193548,0.0,0.007741935483870968,0.24645161290322581,0.0,0.9045161290322581,0.5961290322580645,0.0,0.0567741935483871,7.636129032258064
670,523,5,0.609271523178808,0.09933774834437085,0.48344370860927155,2.562913907284768,0.0,0.0,0.0,0.0,0.0,0.0,0.0,0.0,0.006622516556291391,0.039735099337748346,0.0,0.0,0.0,0.0,0.0,6.218543046357616,0.0,3.2450331125827816,0.0,3.1258278145695364,0.5298013245033113,0.5231788079470199,7.741721854304636,0.0,0.0,0.10596026490066225,0.0,0.0,0.0,13.602649006622517,0.9271523178807947,0.0,0.0,0.2185430463576159,0.006622516556291391,0.09933774834437085,0.5761589403973509,0.0,0.006622516556291391,0.0
667,1529,12,0.6556603773584906,0.10613207547169812,0.8372641509433962,3.8679245283018866,0.0,0.0,0.0,0.05660377358490566,0.0,0.0,0.1580188679245283,0.0,0.018867924528301886,0.5801886792452831,0.29952830188679247,0.0,0.0,0.0,0.0,13.15566037735849,0.0,2.9080188679245285,0.45047169811320753,14.587264150943396,6.2334905660377355,0.6792452830188679,5.787735849056604,0.0,0.0,0.09669811320754718,0.0,0.0,0.0,13.959905660377359,2.17688679245283,0.0,0.6367924528301887,0.18632075471698112,0.0,0.9787735849056604,0.5212264150943396,0.0,0.05660377358490566,0.0
668,1545,11,0.6119402985074627,0.08955223880597014,0.7835820895522388,5.514925373134329,0.0,0.3358208955223881,0.0,1.5298507462686568,0.0,0.0,0.04477611940298507,0.0,0.007462686567164179,2.2611940298507465,0.6044776119402985,0.0,0.5671641791044776,0.291044776119403,0.0,15.477611940298507,0.06716417910447761,4.843283582089552,0.0,5.335820895522388,4.156716417910448,1.6865671641791045,8.08955223880597,0.0,0.16417910447761194,0.5895522388059702,0.0,0.0,0.835820895522388,21.05223880597015,2.888059701492537,0.0,0.26119402985074625,0.0,0.0,0.8731343283582089,0.6865671641791045,0.0,0.06716417910447761,5.2164179104477615
673,1602,6,0.609375,0.109375,0.2265625,9.078125,0.0,0.0,0.0,0.53125,0.0,0.0,0.1796875,0.0,0.09375,1.28125,0.75,0.0,0.1875,0.203125,0.125,21.2421875,0.0,3.3828125,0.0,11.046875,9.375,0.84375,3.1796875,0.0,0.0234375,0.359375,0.0,0.0,0.734375,30.96875,5.2734375,0.0,0.015625,0.0,0.0,1.0546875,0.6640625,0.0,0.0703125,5.609375
671,102,7,1.8288288288288288,0.08558558558558559,0.5788288288288288,3.0720720720720722,0.0,0.17792792792792791,0.0,1.3468468468468469,0.0,0.0,0.36486486486486486,0.0,0.40540540540540543,1.8603603603603605,0.7342342342342343,0.0,0.0,0.015765765765765764,0.0,2.1531531531531534,0.0472972972972973,9.054054054054054,0.0,3.2635135135135136,3.2117117117117115,1.2094594594594594,17.144144144144143,0.0,0.0,0.0472972972972973,0.0,0.0,0.0045045045045045045,16.873873873873872,1.5833333333333333,0.0,0.006756756756756757,0.29504504504504503,0.0,0.5923423423423423,0.6463963963963963,0.0,0.536036036036036,0.7882882882882883
675,1176,4,0.6470588235294118,0.10980392156862745,0.4,2.9607843137254903,0.0,0.0,0.0,0.0,0.0,0.0,0.5215686274509804,0.0,0.0,2.3058823529411763,1.1372549019607843,0.0,0.0,0.0,2.7294117647058824,9.007843137254902,0.0,2.1215686274509804,0.0,5.431372549019608,1.7843137254901962,0.29411764705882354,5.909803921568628,0.0,0.0,0.0,0.0,0.0,0.0,11.8,1.572549019607843,0.0,0.0,0.00392156862745098,0.0,0.33725490196078434,0.49019607843137253,0.0,0.047058823529411764,1.7843137254901962
675,843,4,0.6861924686192469,0.08786610878661087,0.7447698744769874,3.303347280334728,0.016736401673640166,0.02301255230125523,0.0,0.1903765690376569,0.0,0.0,0.0,0.0,0.03138075313807531,0.20711297071129708,0.13807531380753138,0.0,0.04811715481171548,0.11715481171548117,0.03138075313807531,10.604602510460252,0.07322175732217573,4.435146443514644,0.0,10.472803347280335,1.8221757322175731,0.16108786610878661,4.106694560669456,0.0,0.0,0.2112970711297071,0.0,0.0,0.0,13.721757322175732,1.9560669456066946,0.0,0.11506276150627615,0.38493723849372385,0.0,0.7552301255230126,0.6924686192468619,0.0,0.06694560669456066,0.3807531380753138
675,890,4,0.7453580901856764,0.09283819628647215,2.5172413793103448,2.8992042440318304,0.0,0.0,0.0,0.0,0.0,0.0,0.0,0.0,0.0,0.0,0.0,0.0,0.0,0.0,0.0,4.702917771883289,0.08488063660477453,2.519893899204244,0.0,3.7108753315649867,1.2838196286472148,0.3978779840848806,5.811671087533156,0.0,0.0,0.4588859416445623,0.0,0.0,0.0,12.567639257294429,1.9389920424403182,0.0,1.026525198938992,0.363395225464191,0.0,0.1883289124668435,0.5702917771883289,0.0,0.05305039787798409,0.0
668,1004,15,0.7374701670644391,0.11694510739856802,0.8305489260143198,4.140811455847255,0.0,0.0,0.0,0.19809069212410502,0.0,0.0,0.0,0.0,0.0,0.002386634844868735,0.0,0.0,0.0,0.0,0.0,18.126491646778042,0.014319809069212411,1.928400954653938,0.0,5.252983293556086,0.9355608591885441,0.315035799522673,4.949880668257757,0.0,0.0,0.10023866348448687,0.2720763723150358,0.0,0.0,15.58472553699284,2.126491646778043,0.0,0.0405727923627685,0.324582338902148,0.0,0.7589498806682577,0.5990453460620525,0.0,0.06443914081145585,0.0
674,1028,4,0.5242290748898678,0.09691629955947137,1.1938325991189427,3.3303964757709252,0.0,0.0,0.0,0.43171806167400884,0.0,0.0,0.07488986784140969,0.0,0.16299559471365638,0.7444933920704846,0.45374449339207046,0.0,0.0,0.0,0.0,11.370044052863436,0.0,4.048458149779735,0.0,4.541850220264317,0.9911894273127754,0.06607929515418502,5.048458149779735,0.0,0.0,0.19823788546255505,0.0,0.0,0.0,13.3568281938326,1.4581497797356828,0.0,0.17180616740088106,0.05286343612334802,0.0,0.30837004405286345,0.6167400881057269,0.0,0.05726872246696035,0.0
676,1503,4,0.5710306406685237,0.0807799442896936,0.7883008356545961,3.136490250696379,0.0,0.0,0.0,0.07242339832869081,0.0,0.0,0.0,0.0,0.0,0.11977715877437325,0.03064066852367688,0.0,0.0,0.0807799442896936,0.0,9.64066852367688,0.0,3.3259052924791086,0.0,6.899721448467966,1.732590529247911,0.0,3.2423398328690807,0.0,0.0,0.08635097493036212,0.0,0.0,0.0,13.415041782729805,1.6991643454038998,0.0,0.1977715877437326,0.002785515320334262,0.0,0.5264623955431755,0.5431754874651811,0.0,0.019498607242339833,0.011142061281337047
681,1897,7,0.5249457700650759,0.07809110629067245,0.40563991323210413,3.6377440347071586,0.0,0.0,0.0,0.0,0.0,0.0,0.0,0.0,0.0,0.0368763557483731,0.0,0.0,0.0,0.0,0.0,15.301518438177874,0.02386117136659436,4.8242950108459866,0.0,4.971800433839479,1.1279826464208242,0.3600867678958785,5.099783080260304,0.0,0.0,0.19088937093275488,0.08676789587852494,0.0,0.0,14.926247288503253,1.7331887201735359,0.0,0.028199566160520606,0.039045553145336226,0.0,0.32537960954446854,0.5553145336225597,0.0,0.03036876355748373,0.0
683,38,4,0.7021276595744681,0.10137672090112641,0.7784730913642053,3.8335419274092617,0.0,0.0,0.0,0.0,0.0,0.0,0.30663329161451813,0.0,0.02753441802252816,0.9774718397997497,0.37922403003754696,0.0,0.0,0.0,0.8760951188986232,11.5369211514393,0.0050062578222778474,3.3554443053817273,0.0,11.088861076345431,1.9749687108886107,0.5832290362953693,6.724655819774719,0.0,0.06633291614518148,0.5569461827284106,0.0,0.2928660826032541,0.0,19.94743429286608,2.1289111389236544,0.0,0.44680851063829785,0.028785982478097622,0.10012515644555695,0.7471839799749687,0.5957446808510638,0.0,0.06132665832290363,0.01376720901126408
674,119,7,0.6441717791411042,0.09815950920245399,0.5623721881390593,2.869120654396728,0.0,0.0,0.0,0.0,0.0,0.0,0.0,0.0,0.0,0.012269938650306749,0.0,0.0,0.0,0.0,0.0,7.948875255623722,0.0,1.9406952965235174,0.0,4.4969325153374236,1.8773006134969326,0.21267893660531698,5.421267893660532,0.0,0.0,0.0,0.032719836400818,0.0,0.0,12.357873210633947,1.7607361963190185,0.0,0.012269938650306749,0.0,0.0,0.3456032719836401,0.45194274028629855,0.0,0.010224948875255624,0.0
685,285,4,0.610223642172524,0.04792332268370607,0.22364217252396165,3.29073482428115,0.0,0.04472843450479233,0.0,0.2939297124600639,0.0,0.0,0.1597444089456869,0.0,0.0,1.038338658146965,0.4281150159744409,0.0,0.0,0.009584664536741214,0.6421725239616614,8.15335463258786,0.0,2.3961661341853033,0.0,6.645367412140575,2.5654952076677318,0.5271565495207667,5.840255591054313,0.03194888178913738,0.0,0.0,0.0,0.0,0.0,13.980830670926517,2.2236421725239617,0.0,0.4185303514376997,0.03194888178913738,0.0,0.4217252396166134,0.48242811501597443,0.0,0.04153354632587859,0.12460063897763578
687,398,4,0.6095890410958904,0.08047945205479452,1.0342465753424657,3.4280821917808217,0.0,0.0,0.0,0.0,0.0,0.0,0.0,0.0,0.0,0.0,0.0,0.0,0.0,0.0,0.0,10.876712328767123,0.0,2.087328767123288,0.0,7.488013698630137,1.5085616438356164,0.23972602739726026,4.863013698630137,0.0,0.0,0.06678082191780822,0.0,0.0,0.0,13.042808219178083,1.9606164383561644,0.0,0.0839041095890411,0.04452054794520548,0.0,0.5342465753424658,0.4897260273972603,0.0,0.02910958904109589,0.0
676,1157,7,0.5151515151515151,0.08907254361799816,0.6703397612488522,2.795224977043159,0.0,0.0,0.0,0.028466483011937556,0.0,0.0,0.0,0.0,0.0,0.011019283746556474,0.010101010101010102,0.0,0.0,0.0,0.0,11.388429752066116,0.0,2.4269972451790633,0.0,8.115702479338843,0.8686868686868687,0.13774104683195593,4.206611570247934,0.0,0.0,0.0780532598714417,0.0,0.0,0.0,11.307621671258035,1.5528007346189165,0.0,0.04499540863177227,0.0,0.0,0.5068870523415978,0.49127640036730946,0.0,0.03305785123966942,0.0
678,1145,12,1.2447552447552448,0.10839160839160839,0.493006993006993,4.751748251748252,0.0034965034965034965,0.027972027972027972,0.0,0.2727272727272727,0.0,0.0,0.05944055944055944,0.0,0.0,0.5979020979020979,0.3951048951048951,0.0,0.0,0.1888111888111888,0.3531468531468531,17.45104895104895,0.0,7.255244755244755,0.0,19.96853146853147,4.311188811188811,0.2202797202797203,3.839160839160839,0.0,0.0,0.11538461538461539,0.0,0.045454545454545456,0.0,18.46153846153846,2.832167832167832,0.0,0.14685314685314685,0.0,0.06293706293706294,1.56993006993007,0.6748251748251748,0.0,0.12237762237762238,2.765734265734266
678,63,7,0.7988165680473372,0.07692307692307693,0.2485207100591716,4.449704142011834,0.21893491124260356,0.1834319526627219,0.0,0.8698224852071006,0.0,0.07100591715976332,0.07692307692307693,0.0,0.07100591715976332,1.0414201183431953,0.47337278106508873,0.0,0.0,0.4911242603550296,0.011834319526627219,13.36094674556213,0.0,13.094674556213018,0.0,15.603550295857989,4.822485207100592,0.3254437869822485,3.93491124260355,0.0,0.0,0.03550295857988166,0.0,0.0,0.0,18.97041420118343,2.591715976331361,0.0,0.2958579881656805,0.08284023668639054,0.0,1.7100591715976332,0.5621301775147929,0.0,0.1242603550295858,6.414201183431953
686,477,4,0.6004319654427646,0.09287257019438445,0.6371490280777538,3.248380129589633,0.0,0.0,0.0,0.0,0.0,0.0,0.19870410367170627,0.0,0.0,0.5788336933045356,0.20086393088552915,0.0,0.0,0.0,0.46220302375809935,14.682505399568035,0.0,1.980561555075594,0.0,12.323974082073434,1.8596112311015118,0.28293736501079914,4.930885529157667,0.0,0.0,0.0,0.0,0.24838012958963282,0.0,12.002159827213823,1.5226781857451404,0.0,0.5356371490280778,0.07775377969762419,0.0,0.7429805615550756,0.43844492440604754,0.0,0.047516198704103674,0.0
675,772,4,0.5985477178423236,0.10062240663900415,0.43049792531120334,3.617219917012448,0.0,0.006224066390041493,0.0,0.0508298755186722,0.0,0.0,0.0,0.0,0.0,0.10062240663900415,0.0,0.0,0.0,0.02074688796680498,0.0,13.407676348547717,0.0,2.263485477178423,0.0,5.554979253112033,2.816390041493776,0.15975103734439833,3.79253112033195,0.0,0.0,0.12344398340248963,0.01970954356846473,0.0,0.1991701244813278,13.842323651452283,2.1265560165975104,0.0,0.07987551867219916,0.05394190871369295,0.0,0.799792531120332,0.5114107883817427,0.0,0.03008298755186722,0.0
674,1042,4,0.7872340425531915,0.06808510638297872,1.2297872340425533,2.217021276595745,0.0,0.0,0.0,0.0,0.0,0.0,0.0,0.0,0.0,0.0,0.0,0.0,0.0,0.0,0.0,2.6808510638297873,0.059574468085106386,2.2425531914893617,0.0,1.974468085106383,0.6170212765957447,0.10212765957446808,7.025531914893617,0.0,0.0,0.09787234042553192,0.0,0.0,0.0,10.293617021276596,1.3148936170212766,0.0,0.1829787234042553,0.08936170212765958,0.0,0.0,0.6127659574468085,0.0,0.02127659574468085,0.0
678,1419,11,0.5459770114942529,0.09770114942528736,0.7068965517241379,3.7298850574712645,0.0,0.0,0.0,0.0,0.0,0.0,0.0,0.0,0.0,0.0,0.0,0.0,0.0,0.0,0.0,12.137931034482758,0.0,2.4885057471264367,0.0,10.293103448275861,2.3908045977011496,0.1206896551724138,3.942528735632184,0.0,0.0,0.034482758620689655,0.0,0.0,0.0,14.879310344827585,2.160919540229885,0.0,0.011494252873563218,0.0,0.0,0.7471264367816092,0.6091954022988506,0.0,0.017241379310344827,0.0
688,1457,4,0.6522727272727272,0.05909090909090909,1.5272727272727273,2.925,0.0,0.015909090909090907,0.0,0.0,0.0,0.0,0.0,0.0,0.0,0.42272727272727273,0.0,0.0,0.0,0.0,0.0,10.377272727272727,0.14545454545454545,4.134090909090909,0.0,4.5613636363636365,0.7022727272727273,0.33181818181818185,12.270454545454545,0.0,0.65,0.6090909090909091,0.0,0.0,0.9159090909090909,12.997727272727273,1.165909090909091,0.0,1.315909090909091,0.031818181818181815,0.0,0.7863636363636364,0.5772727272727273,0.0,0.05227272727272727,0.05
681,183,4,0.5244755244755245,0.07342657342657342,0.513986013986014,3.8085664335664338,0.0,0.0,0.0,0.0,0.0,0.0,0.0,0.0,0.0,0.0,0.0,0.0,0.0,0.0,0.0,8.72465034965035,0.0,5.0026223776223775,0.0,5.230769230769231,1.7141608391608392,0.06905594405594405,3.1923076923076925,0.0,0.0026223776223776225,0.03146853146853147,0.0,0.0,0.0,16.79895104895105,2.207167832167832,0.0,0.016608391608391608,0.012237762237762238,0.0,0.2736013986013986,0.625,0.0,0.021853146853146852,0.0
682,376,4,0.5905224787363305,0.09477521263669501,0.7825030376670717,3.2952612393681653,0.0,0.0,0.0,0.0,0.0,0.0,0.015795868772782502,0.0,0.0,0.0911300121506683,0.030376670716889428,0.0,0.0,0.0,0.0425273390036452,12.970838396111786,0.0,2.490886998784933,0.0,12.001215066828676,1.5735115431348725,0.06439854191980558,4.131227217496963,0.0,0.0,0.012150668286755772,0.0,0.0,0.0,12.414337788578372,1.8116646415552855,0.0,0.21020656136087484,0.0,0.0,0.8323207776427703,0.5479951397326853,0.0,0.019441069258809233,0.0
676,955,4,0.5353846153846153,0.052307692307692305,0.5815384615384616,3.0153846153846153,0.0,0.0,0.0,0.0,0.0,0.0,0.0,0.0,0.0,0.0,0.0,0.0,0.0,0.0,0.0,8.6,0.0,2.12,0.0,4.818461538461539,1.003076923076923,0.09846153846153846,4.135384615384615,0.0,0.0,0.24,0.0,0.0,0.0,12.086153846153847,1.7692307692307692,0.0,0.11692307692307692,0.2153846153846154,0.0,0.23692307692307693,0.5476923076923077,0.0,0.018461538461538463,0.0
679,1205,4,0.8777292576419214,0.05240174672489083,0.8034934497816594,3.2401746724890828,0.0,0.0,0.0,0.004366812227074236,0.0,0.0,0.0,0.0,0.0,0.039301310043668124,0.013100436681222707,0.0,0.0,0.0,0.0,5.4847161572052405,0.0,3.03056768558952,0.0,7.131004366812227,1.8646288209606987,0.0,3.2882096069868996,0.0,0.0,0.2183406113537118,0.0,0.0,0.0,14.375545851528384,2.519650655021834,0.0,0.13100436681222707,0.462882096069869,0.0,0.38427947598253276,0.6069868995633187,0.0,0.021834061135371178,0.021834061135371178
678,1712,14,0.6563106796116505,0.10485436893203884,0.5242718446601942,5.916504854368932,0.0,0.0,0.0,0.0,0.0,0.0,0.0,0.0,0.0,0.0,0.0,0.0,0.0,0.0,0.0,16.741747572815534,0.06990291262135923,2.6,0.0,13.990291262135923,3.9980582524271844,0.07572815533980583,4.0077669902912625,0.0,0.0,0.18446601941747573,0.10485436893203884,0.0,0.0,20.689320388349515,3.3572815533980584,0.0,0.0,0.009708737864077669,0.0,0.9475728155339805,0.5883495145631068,0.0,0.02912621359223301,1.6757281553398058
690,1863,4,0.6141078838174274,0.11618257261410789,0.946058091286307,4.850622406639004,0.0,0.06639004149377593,0.0,0.14522821576763487,0.0,0.0,0.17427385892116182,0.0,0.0,1.2780082987551866,0.13278008298755187,0.0,0.0,0.0,0.0,14.248962655601659,0.07883817427385892,9.800829875518673,0.0,9.066390041493776,3.6514522821576763,1.033195020746888,6.419087136929461,0.0,0.0,0.16597510373443983,0.0,0.0,0.0,17.850622406639005,2.20746887966805,0.0,0.26141078838174275,0.14107883817427386,0.0,0.5892116182572614,0.6016597510373444,0.0,0.08713692946058091,0.4149377593360996
678,142,15,0.5836148648648649,0.07685810810810811,0.6891891891891891,3.6697635135135136,0.0,0.004222972972972973,0.0,0.0,0.0,0.0,0.01266891891891892,0.0,0.0,0.024493243243243243,0.0033783783783783786,0.0,0.0,0.0,0.02702702702702703,11.482263513513514,0.0008445945945945946,3.0489864864864864,0.0,8.017736486486486,1.505912162162162,0.5422297297297297,4.381756756756757,0.0,0.07516891891891891,0.44172297297297297,0.0,0.007601351351351352,0.0,18.78462837837838,2.102195945945946,0.0,0.17736486486486486,0.032939189189189186,0.0,0.5447635135135135,0.6461148648648649,0.0,0.024493243243243243,0.0
689,218,7,0.6338383838383839,0.07828282828282829,0.5782828282828283,2.830808080808081,0.0,0.11616161616161616,0.0,0.3888888888888889,0.0,0.0,0.0,0.0,0.0,0.7196969696969697,0.3282828282828283,0.0,0.0,0.0025252525252525255,0.25,11.426767676767676,0.0,6.790404040404041,0.0,8.714646464646465,1.2601010101010102,0.6994949494949495,9.176767676767676,0.0,0.0,0.11868686868686869,0.06565656565656566,0.0,0.0,12.494949494949495,1.6515151515151516,0.0,0.44696969696969696,0.16161616161616163,0.0,0.4898989898989899,0.6313131313131313,0.0,0.025252525252525252,0.0
678,867,4,0.5884907709011944,0.11509229098805646,0.9381107491856677,3.9326818675352877,0.0,0.0,0.0,0.053203040173724216,0.0,0.0,0.16938110749185667,0.0,0.0,0.5591748099891423,0.1444082519001086,0.0,0.0,0.0,0.5548317046688382,14.330076004343105,0.0,2.0944625407166124,0.0,11.775244299674267,3.6666666666666665,0.21281216069489686,4.351791530944626,0.0,0.0,0.10857763300760044,0.0,0.0,0.0,14.49185667752443,2.2931596091205213,0.0,0.22041259500542887,0.0,0.10749185667752444,0.8360477741585234,0.5276872964169381,0.0,0.04017372421281216,3.6851248642779586
676,925,4,0.8443804034582133,0.14697406340057637,0.7896253602305475,6.550432276657061,0.0,0.0,0.0,0.002881844380403458,0.0,0.0,0.0,0.0,0.0,0.0,0.0,0.0,0.0,0.0,0.0,15.82420749279539,0.008645533141210375,1.7118155619596542,0.0,13.014409221902017,2.628242074927954,0.1786743515850144,3.7579250720461097,0.0,0.0,0.06340057636887608,0.723342939481268,0.0,0.0,24.328530259365994,4.363112391930835,0.0,0.1873198847262248,0.3314121037463977,0.0,0.9567723342939481,0.6743515850144092,0.0,0.043227665706051875,0.0
679,314,4,0.5534246575342465,0.057534246575342465,0.8986301369863013,3.2356164383561645,0.0,0.0,0.0,0.1178082191780822,0.0,0.0,0.0,0.0,0.03287671232876712,0.21095890410958903,0.07123287671232877,0.0,0.0,0.13972602739726028,0.0,14.791780821917808,0.0547945205479452,4.7095890410958905,0.0,5.364383561643836,1.3178082191780822,0.12602739726027398,6.994520547945205,0.0,0.0,0.049315068493150684,0.0,0.0,0.0,14.32876712328767,1.9534246575342467,0.0,0.0273972602739726,0.0958904109589041,0.0,0.40821917808219177,0.5643835616438356,0.0,0.03561643835616438,1.115068493150685
682,1535,6,0.604,0.068,0.716,3.588,0.0,0.0,0.0,0.176,0.0,0.0,0.0,0.0,0.0,0.0,0.0,0.0,0.0,0.0,0.008,10.8,0.0,2.204,0.0,8.808,1.968,0.0,3.524,0.0,0.0,0.0,0.076,0.0,0.0,13.408,2.008,0.0,0.016,0.04,0.0,0.968,0.532,0.0,0.04,0.0
687,268,4,0.6797385620915033,0.09803921568627451,1.1176470588235294,4.810457516339869,0.0,0.0392156862745098,0.0,0.21241830065359477,0.0,0.0,0.4444444444444444,0.0,0.19934640522875818,1.5326797385620916,0.8986928104575164,0.0,0.016339869281045753,0.0196078431372549,0.18627450980392157,18.73202614379085,0.1111111111111111,4.228758169934641,0.0,13.947712418300654,4.199346405228758,0.8496732026143791,8.199346405228757,0.0,0.9444444444444444,0.954248366013072,0.0,0.0,0.23202614379084968,18.401960784313726,2.1470588235294117,0.0,0.7777777777777778,0.0,0.0,1.1143790849673203,0.6045751633986928,0.0,0.0718954248366013,2.7712418300653594
681,698,4,0.5679012345679012,0.10617283950617284,0.7851851851851852,3.397530864197531,0.0,0.0,0.0,0.0,0.0,0.0,0.0,0.0,0.0,0.0,0.0,0.0,0.0,0.0,0.0,11.901234567901234,0.0,2.162962962962963,0.0,10.540740740740741,1.4197530864197532,0.11358024691358025,5.061728395061729,0.0,0.0,0.1037037037037037,0.0,0.0,0.0,13.039506172839506,1.8987654320987655,0.0,0.09876543209876543,0.0,0.0,0.8592592592592593,0.528395061728395,0.0,0.08641975308641975,0.0
695,826,4,0.6981891348088531,0.06438631790744467,1.3179074446680081,2.788732394366197,0.0,0.0,0.0,0.08450704225352113,0.0,0.0,0.0,0.0,0.0,0.30784708249496984,0.11267605633802817,0.0,0.13480885311871227,0.09456740442655935,0.0,10.816901408450704,0.096579476861167,8.750503018108652,0.0,3.0824949698189137,0.8772635814889336,0.5553319919517102,8.346076458752515,0.0,0.0,0.2535211267605634,0.11267605633802817,0.0,0.0,10.993963782696177,1.1690140845070423,0.0,0.24748490945674045,0.23340040241448692,0.0,0.22132796780684105,0.5674044265593562,0.0,0.0482897384305835,0.1227364185110664
687,1048,4,0.7574503311258278,0.1216887417218543,0.9304635761589404,3.9188741721854305,0.0,0.0,0.0,0.029801324503311258,0.0,0.0,0.0,0.0,0.0,0.0024834437086092716,0.0008278145695364238,0.0,0.0,0.0,0.0,14.29884105960265,0.0016556291390728477,2.55794701986755,0.0,9.494205298013245,2.955298013245033,0.12665562913907286,4.732615894039735,0.0,0.03559602649006623,0.34602649006622516,0.0,0.0,0.0,15.081125827814569,2.437086092715232,0.0,0.38741721854304634,0.11506622516556292,0.0,0.7210264900662252,0.5960264900662252,0.0,0.024834437086092714,0.0
683,1929,6,0.6850828729281768,0.1132596685082873,0.569060773480663,4.12707182320442,0.0,0.0,0.0,0.10220994475138122,0.0,0.0,0.0,0.0,0.0,0.1298342541436464,0.10773480662983426,0.0,0.008287292817679558,0.1850828729281768,0.0,15.524861878453038,0.0,3.930939226519337,0.0,13.513812154696133,3.2403314917127073,0.03314917127071823,2.842541436464088,0.0,0.0,0.2845303867403315,0.0,0.0,0.0,15.9060773480663,2.723756906077348,0.0,0.20994475138121546,0.049723756906077346,0.0,1.011049723756906,0.5441988950276243,0.0,0.04143646408839779,1.770718232044199
697,1948,4,0.7074954296160878,0.13528336380255943,0.9689213893967094,6.319926873857404,0.0,0.0,0.0,0.0,0.0,0.0,0.5685557586837294,0.0,0.2522851919561243,1.3564899451553931,0.6563071297989032,0.0,0.0,0.0,0.0,16.55941499085923,0.0712979890310786,3.983546617915905,0.0,11.6672760511883,5.6855575868372945,0.8555758683729433,9.023765996343693,0.0,0.0,0.2413162705667276,0.0,0.0,0.0,27.73674588665448,3.3455210237659965,0.0,0.2449725776965265,0.12248628884826325,0.3820840950639854,0.8391224862888482,0.6361974405850092,0.0,0.051188299817184646,2.080438756855576
685,973,4,0.6989141164856861,0.09674234945705824,0.4461994076999013,4.347482724580454,0.0,0.0,0.0,0.0,0.0,0.0,0.004935834155972359,0.0,0.0,0.017769002961500493,0.007897334649555774,0.0,0.0,0.0,0.003948667324777887,11.894373149062192,0.019743336623889437,3.468904244817374,0.0,12.634748272458046,2.908193484698914,0.47581441263573543,5.665350444225074,0.0,0.0,0.5350444225074038,0.0,0.0,0.0,20.538005923000988,2.397828232971372,0.17867719644619942,0.13228035538005922,0.08390918065153011,0.004935834155972359,0.9792694965449161,0.6357354392892399,0.0,0.04146100691016782,0.0
680,1066,4,0.7610619469026548,0.09557522123893805,0.7398230088495575,3.424778761061947,0.0,0.0,0.0,0.049557522123893805,0.0,0.0,0.0,0.0,0.0,0.26017699115044246,0.11327433628318584,0.0,0.0,0.02831858407079646,0.0,10.955752212389381,0.0,3.669026548672566,0.0,3.2265486725663717,1.4566371681415928,0.049557522123893805,5.125663716814159,0.0,0.0,0.033628318584070796,0.0,0.0,0.0,13.8070796460177,1.7911504424778761,0.0,0.13982300884955753,0.049557522123893805,0.0,0.13274336283185842,0.6035398230088496,0.0,0.04247787610619469,0.008849557522123894
689,647,4,0.7120622568093385,0.10116731517509728,0.7937743190661478,2.894941634241245,0.0,0.0,0.0,0.011673151750972763,0.0,0.0,0.0,0.0,0.0,0.1867704280155642,0.0,0.0,0.0,0.0,0.0,10.669260700389104,0.03501945525291829,2.7976653696498053,0.0,3.801556420233463,0.8093385214007782,0.058365758754863814,4.217898832684825,0.0,0.0,0.13618677042801555,0.0,0.0,0.0,12.214007782101167,1.4357976653696498,0.0,0.5175097276264592,0.25680933852140075,0.0,0.20622568093385213,0.5992217898832685,0.0,0.07782101167315175,0.0
692,1235,4,0.6012658227848101,0.10759493670886076,1.8822784810126583,3.107594936708861,0.0,0.013924050632911392,0.0,0.0949367088607595,0.0,0.0,0.0,0.0,0.0,0.08987341772151898,0.03291139240506329,0.0,0.0,0.0,0.0,15.307594936708862,0.03164556962025317,2.4367088607594938,0.0,3.6126582278481014,1.2924050632911392,0.17088607594936708,6.522784810126582,0.0,0.0,0.09113924050632911,0.0,0.0,0.0,11.934177215189873,1.491139240506329,0.0,0.5620253164556962,0.189873417721519,0.0,0.1949367088607595,0.5037974683544304,0.0,0.05189873417721519,0.0
685,248,4,0.6430232558139535,0.1058139534883721,0.2616279069767442,5.255813953488372,0.0,0.0,0.0,0.0,0.0,0.0,0.0,0.0,0.0,0.0,0.0,0.0,0.0,0.0,0.0,19.122093023255815,0.05930232558139535,2.383720930232558,0.0,14.344186046511627,4.187209302325582,0.037209302325581395,3.5081395348837208,0.0,0.0,0.013953488372093023,0.14186046511627906,0.0,0.0,19.990697674418605,3.1476744186046512,0.0,0.0,0.018604651162790697,0.0,0.9604651162790697,0.6941860465116279,0.0,0.03837209302325582,0.30465116279069765
683,1006,6,0.6054590570719603,0.09181141439205956,0.3870967741935484,2.9751861042183623,0.0,0.0,0.0,0.0,0.0,0.0,0.0,0.0,0.0,0.004962779156327543,0.0,0.0,0.0,0.0,0.0,10.64516129032258,0.0,1.3771712158808933,0.0,6.143920595533499,1.13151364764268,0.06699751861042183,3.553349875930521,0.0,0.0,0.19106699751861042,0.0,0.0,0.0,13.014888337468983,2.305210918114144,0.0,0.12903225806451613,0.05459057071960298,0.0,0.36228287841191065,0.49379652605459057,0.0,0.01240694789081886,0.0
694,1766,4,0.5316901408450704,0.04929577464788732,0.4964788732394366,3.4190140845070425,0.0,0.0,0.0,0.30633802816901406,0.0,0.01056338028169014,0.2746478873239437,0.0,0.2887323943661972,1.1901408450704225,0.7323943661971831,0.0,0.0,0.02112676056338028,0.0,11.07394366197183,0.0,3.0492957746478875,0.01056338028169014,7.97887323943662,2.788732394366197,0.0035211267605633804,4.605633802816901,0.0,0.0,0.06690140845070422,0.0,0.0,0.0,14.334507042253522,2.063380281690141,0.0,0.0035211267605633804,0.0,0.0,0.528169014084507,0.5563380281690141,0.0,0.10915492957746478,0.9683098591549296
691,504,4,0.5509977827050998,0.09312638580931264,0.7926829268292683,3.5310421286031044,0.0,0.0,0.0,0.0,0.0,0.0,0.0,0.0,0.0,0.0,0.0,0.0,0.0,0.0,0.0,11.48891352549889,0.08869179600886919,3.902439024390244,0.0,8.504434589800443,2.1407982261640797,0.6031042128603105,6.57760532150776,0.0,0.0,0.26718403547671843,0.0,0.0,0.0,17.17960088691796,1.8713968957871396,0.0,0.15077605321507762,0.11419068736141907,0.0,0.5709534368070953,0.647450110864745,0.0,0.02771618625277162,0.0
694,945,12,0.6138433515482696,0.12021857923497267,0.7741347905282332,4.551912568306011,0.0,0.0,0.0,0.11293260473588343,0.0,0.0,0.0273224043715847,0.0,0.0,0.28051001821493626,0.12750455373406194,0.0,0.0,0.0,0.1621129326047359,22.82695810564663,0.0018214936247723133,1.8561020036429872,0.0,6.362477231329691,1.883424408014572,0.1785063752276867,4.520947176684881,0.0,0.0,0.546448087431694,0.26229508196721313,0.0,0.0,15.712204007285974,2.4918032786885247,0.0,0.3533697632058288,0.1657559198542805,0.0,1.0510018214936248,0.5555555555555556,0.0,0.04189435336976321,0.0
689,348,4,0.6230088495575221,0.09026548672566372,0.3929203539823009,3.6123893805309732,0.0,0.0,0.0,0.4690265486725664,0.0,0.0,0.0,0.0,0.0743362831858407,0.5699115044247788,0.22654867256637168,0.0,0.049557522123893805,0.856637168141593,0.0,11.093805309734513,0.0,11.008849557522124,0.0,13.702654867256637,3.1699115044247788,0.1663716814159292,4.350442477876106,0.0,0.0,0.21061946902654868,0.0,0.0,0.0,14.536283185840707,2.088495575221239,0.0,0.06371681415929203,0.01592920353982301,0.0,1.031858407079646,0.5982300884955752,0.0,0.0584070796460177,9.403539823008849
685,1124,12,0.6054852320675106,0.09282700421940929,0.5464135021097046,5.289029535864979,0.0,0.0,0.0,0.006329113924050633,0.0,0.0,0.0,0.0,0.0,0.0,0.0,0.0,0.0,0.0,0.0,13.447257383966244,0.016877637130801686,1.630801687763713,0.0,12.236286919831224,1.590717299578059,0.05063291139240506,2.7848101265822787,0.0,0.0,0.1518987341772152,0.6075949367088608,0.0,0.0,20.72151898734177,3.717299578059072,0.0,0.36075949367088606,0.10970464135021098,0.0,1.040084388185654,0.5189873417721519,0.0,0.03164556962025317,0.0
687,1265,4,0.6631205673758865,0.09219858156028368,0.2553191489361702,3.868794326241135,0.03546099290780142,0.1773049645390071,0.17375886524822695,0.8156028368794326,0.0,0.20567375886524822,0.07446808510638298,0.0,0.0425531914893617,0.8475177304964538,0.32978723404255317,0.0,0.0,0.13829787234042554,0.0,12.52127659574468,0.0,32.234042553191486,0.0,8.03191489361702,4.656028368794326,0.18085106382978725,3.074468085106383,0.0,0.0,0.0,0.0,0.0,0.0,17.45390070921986,1.9397163120567376,0.0,0.014184397163120567,0.0070921985815602835,0.0,0.9361702127659575,0.7092198581560284,0.0,0.04964539007092199,5.24822695035461
695,1514,4,0.6090225563909775,0.06766917293233082,1.086466165413534,3.9849624060150375,0.0,0.0,0.0,0.0,0.0,0.0,0.0,0.0,0.0,0.0,0.0,0.0,0.0,0.0,0.0,15.582706766917294,0.16165413533834586,2.9849624060150375,0.0,6.7406015037593985,2.2481203007518795,0.23308270676691728,7.169172932330827,0.0,0.0,0.015037593984962405,0.03007518796992481,0.0,0.0,15.537593984962406,2.31203007518797,0.0,0.14661654135338345,0.011278195488721804,0.0,0.47368421052631576,0.6203007518796992,0.0,0.041353383458646614,2.327067669172932
697,1980,4,0.5624123422159888,0.09396914446002805,0.6830294530154277,4.32258064516129,0.0,0.0,0.0,0.019635343618513323,0.0,0.0,0.0,0.0,0.0,0.02664796633941094,0.0,0.0,0.0,0.0,0.0,17.183730715287517,0.02244039270687237,4.05890603085554,0.0,7.485273492286115,1.879382889200561,0.45021037868162694,5.453015427769986,0.0,0.008415147265077139,0.29873772791023845,0.10659186535764376,0.0,0.0,17.632538569424966,2.0631136044880787,0.0,0.3211781206171108,0.0070126227208976155,0.0,0.5105189340813464,0.6507713884992987,0.0,0.02664796633941094,0.15427769985974754
693,162,4,0.7108521485797523,0.10342316096139839,0.16751638747268754,3.924981791697014,0.0,0.0,0.0,0.0,0.0,0.0,0.0,0.0,0.0,0.013838310269482883,0.0,0.0,0.0,0.0,0.0,12.932993445010926,0.007283321194464676,3.358339402767662,0.0,11.370721048798252,2.7844136926438456,0.19883466860888566,3.331391114348143,0.0,0.0,0.2833211944646759,0.05243991260014567,0.0,0.0,19.20975965040058,2.2112163146394757,0.0,0.10050983248361253,0.06045156591405681,0.0,0.8171886380189366,0.6205389657683904,0.0,0.026219956300072834,0.0
699,620,4,0.5413333333333333,0.08,0.7173333333333334,3.168,0.0,0.0,0.0,0.0,0.0,0.0,0.08533333333333333,0.0,0.016,0.18933333333333333,0.072,0.0,0.0,0.0,0.0,16.632,0.0,2.12,0.0,11.68,1.44,0.16533333333333333,3.7706666666666666,0.0,0.0,0.2773333333333333,0.0,0.0,0.0,12.317333333333334,1.7706666666666666,0.0,0.416,0.0,0.0,0.792,0.4746666666666667,0.0,0.032,0.0
691,1583,12,0.6215986394557823,0.0782312925170068,0.5620748299319728,3.3554421768707483,0.0,0.0,0.0,0.0008503401360544217,0.0,0.0,0.0,0.0,0.0,0.0,0.0,0.0,0.0,0.0,0.0,13.341836734693878,0.01445578231292517,2.66921768707483,0.0,5.780612244897959,1.3605442176870748,0.09608843537414966,3.6760204081632653,0.0,0.0,0.10884353741496598,0.0,0.0,0.0,12.649659863945578,1.8435374149659864,0.0,0.375,0.1641156462585034,0.0,0.36394557823129253,0.5612244897959183,0.0,0.025510204081632654,0.0
697,1793,4,0.6586826347305389,0.09281437125748503,0.46107784431137727,4.2155688622754495,0.0,0.2754491017964072,0.0,1.721556886227545,0.07784431137724551,0.017964071856287425,0.0,0.0,0.014970059880239521,1.7335329341317365,0.4940119760479042,0.0,0.25449101796407186,0.45808383233532934,0.0,10.577844311377245,0.07784431137724551,5.404191616766467,0.0,3.592814371257485,3.2994011976047903,0.8622754491017964,9.44311377245509,0.0,0.0,0.08982035928143713,0.0,0.0,0.0,18.239520958083833,2.092814371257485,0.0,0.029940119760479042,0.10778443113772455,0.0,0.44610778443113774,0.6227544910179641,0.0,0.07784431137724551,0.6227544910179641
697,72,4,0.5937904269081501,0.08538163001293661,0.8137128072445019,3.6015523932729625,0.0,0.0,0.0,0.0,0.0,0.0,0.0,0.0,0.0,0.0,0.0,0.0,0.0,0.0,0.0,10.564036222509703,0.04915912031047866,3.7076326002587323,0.0,8.835705045278138,1.7296248382923674,0.7800776196636481,5.974126778783958,0.0,0.0,1.3428201811125484,0.0,0.0,0.0,17.217335058214747,1.9379042690815007,0.0,0.723156532988357,0.11254851228978008,0.0,0.5304010349288486,0.648124191461837,0.0,0.0258732212160414,0.0
691,748,4,0.6211699164345403,0.1095636025998143,0.37418755803156917,3.8040854224698237,0.0,0.0,0.0,0.0,0.0,0.0,0.003714020427112349,0.0,0.0,0.02414113277623027,0.0,0.0,0.0,0.0,0.012070566388115135,14.13649025069638,0.0,2.0566388115134635,0.0,7.414113277623027,2.7957288765088206,0.1309192200557103,3.2376973073351905,0.0,0.0,0.005571030640668524,0.25441039925719594,0.002785515320334262,0.0,14.24791086350975,2.285979572887651,0.0,0.09192200557103064,0.04735376044568245,0.0,0.5041782729805014,0.5023212627669452,0.0,0.025998142989786442,0.0
690,914,4,0.7613636363636364,0.08181818181818182,1.365909090909091,2.7590909090909093,0.0,0.0,0.0,0.22954545454545455,0.0,0.0,0.0,0.0,0.038636363636363635,0.34545454545454546,0.14772727272727273,0.0,0.05454545454545454,0.06363636363636363,0.0,7.861363636363636,0.1,4.472727272727273,0.0,6.775,1.3636363636363635,0.4590909090909091,7.081818181818182,0.0,0.0,0.25,0.0,0.0,0.0,12.206818181818182,1.7613636363636365,0.0,0.14772727272727273,0.15,0.0,0.725,0.5863636363636363,0.0,0.022727272727272728,0.5568181818181818
692,306,4,0.6368038740920097,0.0847457627118644,1.387409200968523,3.656174334140436,0.0,0.0,0.0,0.06053268765133172,0.0,0.0,0.0,0.0,0.0,0.06779661016949153,0.0,0.0,0.0,0.0,0.0,8.154963680387409,0.06295399515738499,2.9491525423728815,0.0,6.552058111380146,2.3462469733656173,0.1016949152542373,7.476997578692494,0.0,0.0,0.09200968523002422,0.0,0.0,0.0,16.092009685230025,2.4479418886198547,0.0,0.0,0.07263922518159806,0.0,0.3341404358353511,0.6416464891041163,0.0,0.04116222760290557,0.0
690,731,12,0.5502958579881657,0.07988165680473373,0.7396449704142012,2.9497041420118344,0.0,0.0,0.0,0.005917159763313609,0.0,0.0,0.0,0.0,0.0,0.0,0.0,0.0,0.0,0.0,0.0,12.307692307692308,0.0,2.0857988165680474,0.0,7.887573964497041,1.9053254437869822,0.17159763313609466,4.754437869822485,0.0,0.0,0.4556213017751479,0.0,0.0,0.0,11.233727810650887,1.6479289940828403,0.0,0.28106508875739644,0.07692307692307693,0.0,0.5532544378698225,0.45857988165680474,0.0,0.01775147928994083,0.0
695,855,4,0.7294685990338164,0.0966183574879227,0.3864734299516908,3.5555555555555554,0.0,0.0,0.0,0.10628019323671498,0.0,0.0,0.0,0.0,0.0,0.4396135265700483,0.21256038647342995,0.0,0.3140096618357488,0.9468599033816425,0.0,10.695652173913043,0.09178743961352658,8.352657004830919,0.0,11.73913043478261,2.4444444444444446,0.42028985507246375,6.101449275362318,0.0,0.0,0.27053140096618356,0.0,0.0,0.0,15.02415458937198,2.260869565217391,0.0,0.057971014492753624,0.0,0.0,0.9082125603864735,0.6473429951690821,0.0,0.07246376811594203,7.903381642512077
698,334,4,0.7586206896551724,0.09939148073022312,0.77079107505071,3.8012170385395536,0.0,0.0,0.0,0.0,0.0,0.0,0.0,0.0,0.0,0.0,0.0,0.0,0.02231237322515213,0.0,0.0,14.403651115618661,0.0,2.4259634888438133,0.0,11.448275862068966,2.8884381338742395,0.018255578093306288,3.288032454361055,0.0,0.0,0.04462474645030426,0.0,0.0,0.0,14.523326572008113,2.160243407707911,0.0,0.3367139959432049,0.17849898580121704,0.0,0.768762677484787,0.592292089249493,0.0,0.032454361054766734,0.0
695,1022,5,0.5859375,0.091796875,0.607421875,4.5859375,0.0,0.0,0.0,0.203125,0.0,0.0,0.0,0.0,0.0,0.169921875,0.0,0.0,0.0,0.0,0.0,13.541015625,0.0,2.083984375,0.0,9.087890625,1.1640625,0.03515625,3.77734375,0.0,0.05078125,0.060546875,0.56640625,0.0,0.0,17.255859375,2.88671875,0.0,0.326171875,0.005859375,0.0,1.271484375,0.52734375,0.0,0.029296875,0.0
700,1332,4,0.5969387755102041,0.09948979591836735,0.5382653061224489,5.660714285714286,0.0,0.0,0.0,0.5612244897959183,0.0,0.025510204081632654,0.2755102040816326,0.0,0.32653061224489793,1.2474489795918366,0.8647959183673469,0.0,0.02295918367346939,0.14795918367346939,0.0,21.410714285714285,0.0,3.4158163265306123,0.2372448979591837,21.428571428571427,6.405612244897959,0.05102040816326531,4.3520408163265305,0.0,0.0,0.4387755102040816,0.0,0.0,0.0,20.18877551020408,3.2933673469387754,0.0,0.27040816326530615,0.08673469387755102,0.0,1.3188775510204083,0.5382653061224489,0.0,0.07397959183673469,2.104591836734694
693,109,7,0.6528250510551395,0.10211027910142954,0.7726344452008169,4.345132743362832,0.0,0.0,0.0,0.0,0.0,0.0,0.0,0.0,0.0,0.0,0.0,0.0,0.0,0.0,0.0,13.205582028590879,0.010891763104152484,3.3601089176310417,0.0,9.122532334921715,2.8413886997957793,0.010211027910142955,3.0211027910142954,0.0,0.0,0.12525527569775358,0.023825731790333562,0.0,0.0,17.150442477876105,2.585432266848196,0.0,0.02722940776038121,0.10619469026548672,0.0,0.6643975493533015,0.6085772634445201,0.0,0.021783526208304968,0.0
695,1164,7,0.5943708609271523,0.0728476821192053,0.35596026490066224,2.763245033112583,0.0,0.0,0.0,0.029801324503311258,0.0,0.0,0.08112582781456953,0.0,0.0,0.3228476821192053,0.026490066225165563,0.0,0.0,0.0,0.38576158940397354,9.3841059602649,0.0,2.0794701986754967,0.0,5.245033112582782,1.9122516556291391,0.24834437086092714,4.518211920529802,0.0,0.0,0.0,0.0,0.0,0.0,12.107615894039736,1.849337748344371,0.0,0.07781456953642384,0.076158940397351,0.0,0.29635761589403975,0.48013245033112584,0.0,0.033112582781456956,0.0
705,443,4,0.6468172484599589,0.07392197125256673,0.9075975359342916,3.1745379876796713,0.0,0.0,0.0,0.0,0.0,0.0,0.13552361396303902,0.0,0.0,0.3182751540041068,0.15811088295687886,0.0,0.0,0.0,0.6427104722792608,12.8870636550308,0.059548254620123205,3.166324435318275,0.0,7.006160164271047,1.2607802874743326,0.0944558521560575,5.4517453798767965,0.0,0.0,0.09240246406570841,0.0,0.08829568788501027,0.0,12.8870636550308,1.5338809034907597,0.0,0.08418891170431211,0.20123203285420946,0.1026694045174538,0.4414784394250513,0.6365503080082136,0.0,0.053388090349075976,0.030800821355236138
696,1489,4,0.5902834008097166,0.09230769230769231,0.8299595141700404,3.4639676113360323,0.0,0.0,0.0,0.012955465587044534,0.0,0.0,0.0,0.0,0.0,0.0825910931174089,0.04696356275303644,0.0,0.0,0.10121457489878542,0.0,14.017004048582995,0.026720647773279354,2.490688259109312,0.0,6.110931174089068,1.7036437246963563,0.23967611336032388,5.133603238866397,0.0,0.0,0.07854251012145749,0.12631578947368421,0.0,0.0,12.781376518218623,1.8129554655870446,0.0,0.1659919028340081,0.05991902834008097,0.04777327935222672,0.5352226720647774,0.5352226720647774,0.0,0.03805668016194332,0.8072874493927126
698,1637,12,0.5,0.07941176470588235,0.9852941176470589,3.070588235294118,0.0,0.0,0.0,0.07352941176470588,0.0,0.0,0.0,0.0,0.0,0.07058823529411765,0.0,0.0,0.0,0.0,0.0,8.261764705882353,0.0,6.520588235294118,0.0,2.95,0.49411764705882355,0.5205882352941177,6.75,0.0,0.0,0.12352941176470589,0.0,0.0,0.0,13.547058823529412,1.238235294117647,0.0,0.25882352941176473,0.0,0.0,0.19411764705882353,0.5647058823529412,0.0,0.07941176470588235,0.0
691,199,4,0.6325823223570191,0.11265164644714037,0.036395147313691506,3.7469670710571923,0.0,0.2582322357019064,0.0,0.6984402079722704,0.0,0.0,0.0,0.0,0.0831889081455806,0.7902946273830156,0.37435008665511266,0.0,1.124783362218371,0.8682842287694974,0.0,14.60311958405546,0.006932409012131715,30.291161178509533,0.0,13.065857885615252,2.4055459272097055,0.6291161178509532,4.164644714038128,0.0,0.0,0.0,0.0,0.0,0.0,17.902946273830157,1.8388214904679376,0.0,0.0,0.3708838821490468,0.0,1.3206239168110918,0.658578856152513,0.01386481802426343,0.08665511265164645,10.720970537261698
707,1362,4,0.5985401459854015,0.08759124087591241,0.46715328467153283,4.043795620437956,0.0,0.0,0.0,0.0,0.0,0.0,0.0072992700729927005,0.0,0.0,0.058394160583941604,0.0,0.0,0.0,0.0,0.0948905109489051,14.583941605839415,0.0,1.7664233576642336,0.0,14.540145985401459,2.051094890510949,0.06569343065693431,2.1824817518248176,0.0,0.0,0.19708029197080293,0.0,0.0,0.0,14.737226277372264,2.6934306569343067,0.0,0.29927007299270075,0.0,0.014598540145985401,1.0145985401459854,0.49635036496350365,0.0,0.021897810218978103,0.3795620437956204
700,1609,4,0.7842669845053635,0.12038140643623362,0.9880810488676997,4.289630512514899,0.0,0.0,0.0,0.0,0.0,0.0,0.0,0.0,0.0,0.0,0.0,0.0,0.0,0.0,0.0,17.710369487485103,0.017878426698450536,4.66984505363528,0.0,7.483909415971395,2.2526817640047674,0.04290822407628129,4.68176400476758,0.0,0.0,0.08820023837902265,0.09177592371871275,0.0,0.0,17.7580452920143,2.4171632896305124,0.0,0.014302741358760428,0.003575685339690107,0.0,0.5041716328963052,0.6436233611442194,0.0,0.03218116805721097,0.0
693,142,15,0.6485671191553545,0.07088989441930618,1.4811463046757165,3.58974358974359,0.0,0.05429864253393665,0.0,0.22473604826546004,0.0,0.0,0.0015082956259426848,0.0,0.05128205128205128,0.3333333333333333,0.15233785822021115,0.0,0.0,0.0015082956259426848,0.0,8.43288084464555,0.10256410256410256,6.257918552036199,0.0,8.340874811463047,1.6530920060331824,0.722473604826546,8.764705882352942,0.0,0.0,0.20361990950226244,0.0,0.0,0.0,16.46153846153846,1.9155354449472097,0.0,0.3167420814479638,0.08295625942684766,0.0,0.521870286576169,0.6395173453996983,0.0,0.05279034690799397,0.0
699,581,4,0.5360824742268041,0.10824742268041238,0.4896907216494845,2.788659793814433,0.0,0.12371134020618557,0.0,0.7731958762886598,0.0,0.0,0.05670103092783505,0.0,0.0,1.6546391752577319,0.5927835051546392,0.0,0.0,0.0,0.13917525773195877,5.994845360824742,0.0,3.9278350515463916,0.0,1.7164948453608246,1.1546391752577319,0.6494845360824743,8.211340206185566,0.0,0.0,0.0,0.0,0.0,0.0,11.417525773195877,1.2268041237113403,0.0,0.28865979381443296,0.04639175257731959,0.0,0.1134020618556701,0.4381443298969072,0.0,0.03608247422680412,0.0
701,716,4,0.5944700460829493,0.06605222734254992,0.7050691244239631,3.2457757296466974,0.0,0.09831029185867896,0.0,0.0,0.0,0.0,0.0,0.0,0.0,0.0,0.0,0.0,0.0,0.0,0.0,10.68509984639017,0.0,2.241167434715822,0.0,4.7695852534562215,1.4900153609831028,0.09831029185867896,3.686635944700461,0.0,0.0,0.30568356374807987,0.0,0.0,0.0,12.89247311827957,1.9155145929339479,0.0,0.3010752688172043,0.07219662058371736,0.0,0.28417818740399386,0.5499231950844854,0.0,0.016897081413210446,0.0
698,1384,4,0.7339285714285714,0.10357142857142858,1.5910714285714285,3.0642857142857145,0.0,0.0,0.0,0.007142857142857143,0.0,0.0,0.0,0.0,0.0,0.125,0.03571428571428571,0.0,0.09285714285714286,0.09464285714285714,0.0,13.182142857142857,0.11428571428571428,4.225,0.0,6.7178571428571425,1.8160714285714286,0.36428571428571427,6.714285714285714,0.0,0.0,0.30714285714285716,0.0,0.0,0.0,12.605357142857143,1.6089285714285715,0.0,0.6571428571428571,0.07321428571428572,0.0,0.4607142857142857,0.6285714285714286,0.0,0.044642857142857144,0.6375
705,903,4,0.5791044776119403,0.08059701492537313,1.31044776119403,4.107462686567164,0.0,0.0,0.0,0.0,0.0,0.0,0.0,0.0,0.0,0.0,0.0,0.0,0.0,0.0,0.0,11.385074626865672,0.008955223880597015,3.023880597014925,0.0,7.883582089552239,2.6776119402985072,0.07761194029850746,6.543283582089552,0.0,0.16417910447761194,0.1373134328358209,0.23582089552238805,0.0,0.0,17.188059701492538,2.2776119402985073,0.0,0.11343283582089553,0.0,0.0,0.7910447761194029,0.6597014925373135,0.0,0.04776119402985075,0.011940298507462687
695,1062,4,0.7420042643923241,0.11940298507462686,0.5948827292110874,3.7057569296375266,0.0,0.0,0.0,0.014925373134328358,0.0,0.0,0.0,0.019189765458422176,0.0,1.0788912579957357,0.0,0.0,0.0,0.0,0.0,8.594882729211088,0.046908315565031986,2.0490405117270787,0.0,3.739872068230277,2.5714285714285716,0.24733475479744135,3.8763326226012795,0.0,0.0,0.1023454157782516,0.0,0.0,0.0,15.394456289978677,2.0170575692963753,0.0,0.02771855010660981,0.11940298507462686,0.0,0.5756929637526652,0.5650319829424307,2.0810234541577826,0.042643923240938165,3.0405117270788913
711,1408,4,0.6880733944954128,0.09174311926605505,0.44954128440366975,3.743119266055046,0.0,0.0,0.0,0.0,0.0,0.0,0.0,0.0,0.0,0.1743119266055046,0.01834862385321101,0.0,0.0,0.01834862385321101,0.0,16.027522935779817,0.0,3.2752293577981653,0.0,10.871559633027523,2.128440366972477,0.08256880733944955,3.2477064220183487,0.0,0.0,0.07339449541284404,0.0,0.0,0.0,15.330275229357799,2.2477064220183487,0.0,0.1743119266055046,0.44036697247706424,0.0,0.6972477064220184,0.5871559633027523,0.0,0.05504587155963303,0.045871559633027525
698,766,4,0.5986486486486486,0.08243243243243244,0.7878378378378378,4.621621621621622,0.0,0.033783783783783786,0.0,0.002702702702702703,0.0,0.0,0.0,0.0,0.0,0.27297297297297296,0.0,0.0,0.0,0.0,0.0,14.16891891891892,0.033783783783783786,2.504054054054054,0.0,8.458108108108108,2.7972972972972974,0.12297297297297298,5.975675675675675,0.0,0.0,0.2810810810810811,0.33378378378378376,0.0,0.4297297297297297,18.208108108108107,2.581081081081081,0.0,0.2648648648648649,0.0013513513513513514,0.0,0.8959459459459459,0.6810810810810811,0.0,0.0445945945945946,0.30675675675675673
713,378,4,0.8106995884773662,0.12757201646090535,2.6378600823045266,3.6995884773662553,0.0,0.0,0.0,0.012345679012345678,0.0,0.0,0.0,0.0,0.0,0.037037037037037035,0.04526748971193416,0.0,0.07407407407407407,0.0,0.0,14.366255144032921,0.10699588477366255,2.074074074074074,0.0,5.8806584362139915,0.8518518518518519,0.6090534979423868,8.460905349794238,0.0,0.0,0.4444444444444444,0.2839506172839506,0.0,0.0,12.995884773662551,1.6748971193415638,0.0,0.6460905349794238,0.0823045267489712,0.0,0.5267489711934157,0.5925925925925926,0.0,0.05761316872427984,0.48148148148148145
709,531,7,0.6123456790123457,0.06831275720164609,0.8798353909465021,3.241152263374486,0.0,0.0,0.0,0.009876543209876543,0.0,0.0,0.00411522633744856,0.0,0.0024691358024691358,0.08395061728395062,0.006584362139917695,0.0,0.0,0.0,0.0,11.674897119341564,0.005761316872427984,2.3242798353909464,0.0,6.523456790123457,1.357201646090535,0.13415637860082305,3.8872427983539093,0.0,0.0,0.297119341563786,0.0,0.0,0.0,12.213168724279836,1.7753086419753086,0.0,0.2897119341563786,0.040329218106995884,0.0,0.5341563786008231,0.4674897119341564,0.0,0.03209876543209877,0.0
701,1473,4,0.632258064516129,0.10752688172043011,1.0225806451612902,3.6903225806451614,0.0,0.0,0.0,0.01827956989247312,0.0,0.0,0.15376344086021507,0.0,0.0,0.7268817204301076,0.3053763440860215,0.0,0.0,0.0,0.678494623655914,12.237634408602151,0.025806451612903226,1.972043010752688,0.0,4.2290322580645165,1.8623655913978494,0.38064516129032255,5.797849462365591,0.0,0.0,0.0989247311827957,0.06666666666666667,0.17311827956989248,0.0,14.495698924731183,2.2096774193548385,0.0,0.2161290322580645,0.0978494623655914,0.0,0.36129032258064514,0.4978494623655914,0.0,0.041935483870967745,0.0
707,1657,12,0.6073059360730594,0.0639269406392694,0.6712328767123288,3.557077625570776,0.0,0.0,0.0,0.182648401826484,0.0,0.0,0.0,0.0,0.0,0.1506849315068493,0.0,0.0,0.0,0.0,0.0867579908675799,7.2146118721461185,0.0,6.552511415525114,0.0,4.534246575342466,1.2557077625570776,0.319634703196347,6.465753424657534,0.0,0.0,0.0593607305936073,0.0,0.0,0.0,15.32420091324201,1.7762557077625571,0.0,0.1095890410958904,0.0502283105022831,0.0,0.2831050228310502,0.6621004566210046,0.0,0.0273972602739726,0.0
703,258,4,0.7367387033398821,0.11198428290766209,0.2691552062868369,3.5461689587426326,0.0,0.09430255402750491,0.0,0.3477406679764244,0.0,0.0,0.0,0.04911591355599214,0.0,0.5206286836935167,0.22593320235756384,0.0,0.5009823182711198,0.381139489194499,0.0,13.605108055009824,0.0,14.75638506876228,0.0,12.715127701375245,2.8035363457760316,0.5245579567779961,6.673870333988212,0.0,0.0,0.0,0.0,0.0,0.0,17.821218074656187,1.6817288801571708,0.0,0.0,0.21021611001964635,0.0,0.9469548133595285,0.6326129666011788,3.255402750491159,0.07072691552062868,21.222003929273086
708,883,4,0.7410468319559229,0.09366391184573003,0.7382920110192838,3.1487603305785123,0.0,0.0,0.0,0.09641873278236915,0.0,0.0,0.0,0.0,0.0,0.0,0.0,0.0,0.0,0.0,0.0,7.853994490358127,0.0,1.6914600550964187,0.0,6.231404958677686,1.2011019283746556,0.2534435261707989,6.016528925619835,0.0,0.0,0.1349862258953168,0.0,0.0,0.0,12.352617079889807,1.9228650137741048,0.0,0.02203856749311295,0.024793388429752067,0.0,0.349862258953168,0.509641873278237,0.0,0.027548209366391185,0.0
710,1012,12,0.7139917695473251,0.10699588477366255,1.0679012345679013,3.8909465020576133,0.0,0.0,0.0,0.0,0.0,0.0,0.0,0.00205761316872428,0.0,0.037037037037037035,0.0,0.0,0.06995884773662552,0.0,0.0,13.783950617283951,0.030864197530864196,2.5123456790123457,0.0,10.862139917695472,3.230452674897119,0.06584362139917696,3.983539094650206,0.0,0.0,0.13786008230452676,0.0,0.0,0.0,15.687242798353909,2.588477366255144,0.0,0.2551440329218107,0.24897119341563786,0.0,0.7263374485596708,0.6069958847736625,0.24074074074074073,0.037037037037037035,0.037037037037037035
704,1074,4,0.5424354243542435,0.07933579335793357,0.4151291512915129,3.525830258302583,0.0,0.0,0.0,0.4022140221402214,0.0,0.06273062730627306,0.007380073800738007,0.0,0.03874538745387454,0.35424354243542433,0.21217712177121772,0.0,0.03690036900369004,0.4151291512915129,0.0,9.317343173431734,0.007380073800738007,4.1531365313653135,0.0,8.169741697416974,2.922509225092251,0.08302583025830258,3.2232472324723247,0.0,0.0,0.1088560885608856,0.0,0.0,0.0,15.134686346863468,2.0350553505535056,0.0,0.05719557195571956,0.33025830258302585,0.0,0.6955719557195572,0.5461254612546126,0.0,0.04797047970479705,6.1900369003690034
714,1538,4,0.6620689655172414,0.0896551724137931,0.5413793103448276,3.6517241379310343,0.0,0.0,0.0,0.0,0.0,0.0,0.0,0.0,0.0,0.020689655172413793,0.0,0.0,0.0,0.0,0.0,14.293103448275861,0.0,5.093103448275862,0.0,9.493103448275862,1.396551724137931,0.0034482758620689655,2.682758620689655,0.0,0.0,0.07241379310344828,0.0,0.0,0.0,13.693103448275862,2.203448275862069,0.0,0.1413793103448276,0.13793103448275862,0.0,0.5275862068965518,0.596551724137931,0.0,0.034482758620689655,0.0
705,177,4,0.5659630606860159,0.0712401055408971,0.47757255936675463,3.95910290237467,0.0,0.0,0.0,0.0,0.0,0.0,0.0,0.0,0.0,0.0395778364116095,0.014511873350923483,0.0,0.0,0.0,0.0,13.771767810026386,0.011873350923482849,3.1108179419525066,0.0,11.864116094986807,1.849604221635884,0.5263852242744064,5.816622691292876,0.0,0.7968337730870713,0.8034300791556728,0.0,0.0,0.0,15.369393139841689,1.9195250659630607,0.0,0.5382585751978892,0.08047493403693931,0.0,0.8034300791556728,0.604221635883905,0.0,0.0395778364116095,0.24406332453825857
708,677,4,0.5757575757575758,0.06397306397306397,0.4074074074074074,2.898989898989899,0.0,0.0,0.0,0.0,0.0,0.0,0.0,0.0,0.0,0.04713804713804714,0.0,0.0,0.0,0.0,0.0,10.558922558922559,0.0,2.090909090909091,0.0,9.63973063973064,1.2861952861952861,0.07744107744107744,4.3232323232323235,0.0,0.0,0.3468013468013468,0.0,0.0,0.0,11.996632996632997,1.6498316498316499,0.0,0.22895622895622897,0.0,0.0,0.6195286195286195,0.5286195286195287,0.0,0.026936026936026935,0.0
704,1041,12,0.6590909090909091,0.075,0.9204545454545454,3.375,0.0,0.0,0.0,0.0,0.0,0.0,0.0,0.0,0.0,0.0,0.0,0.0,0.0,0.0,0.0,11.704545454545455,0.0659090909090909,2.4386363636363635,0.0,5.968181818181818,1.6545454545454545,0.08409090909090909,5.095454545454546,0.0,0.0,0.1590909090909091,0.0,0.0,0.0,12.686363636363636,1.8204545454545455,0.0,0.30227272727272725,0.21363636363636362,0.0,0.325,0.5772727272727273,0.0,0.05454545454545454,0.0
705,1908,4,0.6006825938566553,0.08873720136518772,0.2696245733788396,3.9590443686006824,0.0,0.17064846416382254,0.0,0.9010238907849829,0.0,0.16723549488054607,0.0034129692832764505,0.0,0.10921501706484642,0.863481228668942,0.36860068259385664,0.0,0.6006825938566553,1.1399317406143346,0.0,10.276450511945393,0.0,8.320819112627987,0.0,9.696245733788396,4.09556313993174,0.19112627986348124,4.3310580204778155,0.0,0.0,0.051194539249146756,0.0,0.0,0.0,16.754266211604097,2.3959044368600684,0.0,0.06484641638225255,0.0,0.0,0.7235494880546075,0.590443686006826,0.0,0.07167235494880546,3.7610921501706485
709,40,4,0.6066481994459834,0.05263157894736842,1.1689750692520775,2.634349030470914,0.0,0.0,0.0,0.01662049861495845,0.0,0.0,0.0110803324099723,0.0,0.0,0.12742382271468145,0.036011080332409975,0.0,0.0,0.0,0.0,6.93628808864266,0.09695290858725762,3.703601108033241,0.0,2.822714681440443,0.46814404432132967,0.6759002770083102,7.903047091412742,0.0,0.0,0.592797783933518,0.0,0.0,0.0,14.562326869806094,1.07202216066482,0.0,0.6177285318559557,0.01662049861495845,0.0110803324099723,0.13019390581717452,0.6592797783933518,0.0,0.0221606648199446,0.0
715,695,4,0.6368515205724508,0.11806797853309481,0.7209302325581395,3.329159212880143,0.0,0.0,0.0,0.0,0.0,0.0,0.0,0.0,0.0,0.0,0.0,0.0,0.0,0.0,0.0,14.898032200357783,0.0,1.8318425760286225,0.0,6.098389982110913,1.3542039355992845,0.1556350626118068,3.892665474060823,0.0,0.0,0.07155635062611806,0.19141323792486584,0.0,0.0,12.066189624329159,1.776386404293381,0.0,0.03041144901610018,0.07155635062611806,0.0,0.32379248658318427,0.4490161001788909,0.0,0.025044722719141325,0.0
722,1560,4,0.725705329153605,0.08620689655172414,1.225705329153605,3.8557993730407523,0.0,0.0,0.0,0.0,0.0,0.0,0.0,0.0,0.0,0.0,0.05172413793103448,0.0,0.0,0.0,0.0,13.700626959247648,0.032915360501567396,2.8150470219435735,0.0,8.003134796238244,2.126959247648903,0.15517241379310345,5.310344827586207,0.0,0.0,0.18495297805642633,0.0,0.0,0.0,14.106583072100314,2.0705329153605017,0.0,0.5015673981191222,0.07053291536050156,0.0,0.5846394984326019,0.554858934169279,0.0,0.03918495297805643,0.0
716,1695,12,0.6083262531860663,0.09685641461342395,0.5598980458793543,4.488530161427358,0.0,0.0,0.0,0.0237892948173322,0.05862361937128292,0.0,0.0,0.0,0.0,0.03313508920985556,0.01784197111299915,0.0,0.0,0.0008496176720475786,0.0,12.395921835174171,0.011045029736618521,3.344944774851317,0.0,14.047578589634664,2.4078164825828376,0.43840271877655057,5.48768054375531,0.0,0.006796941376380629,0.22259983007646558,0.0,0.0,0.0,17.82837723024639,2.344944774851317,0.0,0.22429906542056074,0.06711979609175871,0.0,0.913338997451147,0.6499575191163977,0.0,0.03228547153780799,0.0
706,129,15,1.5149892933618843,0.10385438972162742,0.4721627408993576,4.088865096359743,0.027837259100642397,0.0974304068522484,0.0,0.6049250535331906,0.0,0.0,0.0,0.006423982869379015,0.0,0.7644539614561028,0.3875802997858672,0.0,0.21948608137044967,0.49143468950749464,0.0053533190578158455,13.502141327623127,0.058886509635974305,37.01713062098501,0.0,12.788008565310493,3.7698072805139184,2.057815845824411,6.355460385438972,0.0,0.0,0.2012847965738758,0.0,0.0,0.0,18.18843683083512,1.9903640256959314,0.0,0.07708779443254818,0.2505353319057816,0.0,1.4775160599571735,0.6777301927194861,0.6338329764453962,0.4892933618843683,8.049250535331906
706,201,4,0.5191256830601093,0.060109289617486336,0.39344262295081966,2.4098360655737703,0.0,0.0,0.0,0.7868852459016393,0.0,0.0,0.0,0.0,0.0,1.005464480874317,0.44808743169398907,0.0,0.0,0.0,0.10382513661202186,3.8633879781420766,0.0,15.601092896174864,0.0,1.825136612021858,0.5792349726775956,0.6557377049180327,7.076502732240437,0.0,0.0,0.00546448087431694,0.0,0.0,0.0,10.295081967213115,1.2622950819672132,0.0,0.0,0.28415300546448086,0.0,0.0,0.48633879781420764,0.0,0.0273224043715847,0.0
707,317,4,0.527972027972028,0.0979020979020979,1.013986013986014,2.9335664335664338,0.0,0.0,0.0,0.0,0.0,0.0,0.0,0.0,0.0,0.017482517482517484,0.0,0.0,0.0,0.0,0.09090909090909091,11.56993006993007,0.0,2.0489510489510487,0.0,9.27972027972028,1.2622377622377623,0.3321678321678322,4.891608391608392,0.0,0.0,0.0979020979020979,0.0,0.0,0.0,11.772727272727273,1.6643356643356644,0.0,0.24825174825174826,0.0,0.0034965034965034965,0.5384615384615384,0.506993006993007,0.0,0.027972027972027972,0.0
727,1758,4,0.5637065637065637,0.06563706563706563,0.5598455598455598,2.9382239382239383,0.0,0.0,0.0,0.0,0.0,0.0,0.0,0.0,0.0,0.0,0.0,0.0,0.0,0.0,0.0,12.505791505791505,0.0,2.1042471042471043,0.0,6.980694980694981,1.386100386100386,0.04247104247104247,4.158301158301159,0.0,0.0,0.05405405405405406,0.0,0.0,0.0,11.706563706563706,1.718146718146718,0.0,0.16988416988416988,0.0,0.0,0.42857142857142855,0.46332046332046334,0.0,0.015444015444015444,0.0
715,108,4,0.59983429991715,0.10190555095277548,0.6180613090306545,4.006628003314002,0.0,0.0687655343827672,0.0,0.11516155758077878,0.0,0.0,0.0,0.0,0.0,0.22866611433305717,0.08782104391052195,0.0,0.0,0.04722452361226181,0.0,13.861640430820215,0.09444904722452362,4.474730737365369,0.0,9.205468102734052,2.195526097763049,0.8003314001657,6.574150787075394,0.0,0.07373653686826843,0.1980115990057995,0.0,0.0,0.0,17.336371168185583,1.9229494614747307,0.0,0.11184755592377796,0.09527754763877382,0.0,0.6735708367854184,0.6909693454846727,0.0,0.03976801988400994,0.0
724,309,4,0.5922208281053952,0.07904642409033877,0.2835633626097867,3.0451693851944794,0.0,0.0,0.0,0.0,0.0,0.0,0.0,0.0,0.0,0.006273525721455458,0.0,0.0,0.0,0.0,0.0,8.648682559598495,0.0,2.066499372647428,0.0,4.749058971141782,1.2233375156838142,0.28858218318695106,3.2885821831869513,0.0,0.0,0.037641154328732745,0.0451693851944793,0.0,0.0,12.601003764115433,1.917189460476788,0.0,0.08030112923462986,0.15056461731493098,0.0,0.20200752823086573,0.5357590966122961,0.0,0.020075282308657464,0.0
714,759,4,0.5469798657718121,0.07606263982102908,0.9686800894854586,2.8131991051454137,0.0,0.0,0.0,0.005592841163310962,0.0,0.0,0.017897091722595078,0.0,0.0,0.06040268456375839,0.025727069351230425,0.0,0.0,0.0,0.04138702460850112,9.36241610738255,0.0,2.088366890380313,0.0,5.430648769574944,1.174496644295302,0.23937360178970918,5.258389261744966,0.0,0.0,0.18344519015659955,0.0,0.0,0.0,11.61744966442953,1.609619686800895,0.0,0.33109619686800895,0.0894854586129754,0.0,0.3680089485458613,0.5190156599552572,0.0,0.021252796420581657,0.0
710,1058,4,0.7588832487309645,0.116751269035533,1.7791878172588833,4.814720812182741,0.0,0.0,0.0,0.02030456852791878,0.0,0.0,0.0,0.0,0.0,0.17258883248730963,0.0,0.0,0.0,0.0,0.0,20.30710659898477,0.08121827411167512,2.1243654822335025,0.0,11.16497461928934,1.7715736040609138,0.6522842639593909,7.1421319796954315,0.0,0.0,0.10913705583756345,0.565989847715736,0.0,0.0,17.428934010152282,2.779187817258883,0.0,0.5025380710659898,0.007614213197969543,0.0,0.682741116751269,0.6624365482233503,0.0,0.04568527918781726,0.0
713,1391,4,0.5088495575221239,0.11061946902654868,0.22123893805309736,4.588495575221239,0.0,0.0,0.0,0.01327433628318584,0.0,0.0,0.0,0.0,0.0,0.1504424778761062,0.05752212389380531,0.0,0.0,0.03982300884955752,0.0,19.190265486725664,0.0,3.433628318584071,0.0,15.734513274336283,2.8628318584070795,0.0,2.5088495575221237,0.0,0.0,0.0,0.0,0.0,0.0,17.163716814159294,2.982300884955752,0.0,0.1902654867256637,0.0,0.0,1.008849557522124,0.6592920353982301,0.0,0.030973451327433628,0.2079646017699115
711,498,4,0.6229508196721312,0.11065573770491803,0.5122950819672131,4.454918032786885,0.0,0.0,0.0,0.0,0.0,0.0,0.0,0.0,0.0,0.06967213114754098,0.0,0.0,0.0,0.0,0.0,10.274590163934427,0.0,2.7295081967213113,0.0,10.405737704918034,3.389344262295082,0.05327868852459016,5.901639344262295,0.0,0.0,0.06967213114754098,0.3401639344262295,0.0,0.0,18.475409836065573,2.5204918032786887,0.0,0.0,0.0,0.0,0.8729508196721312,0.5983606557377049,0.0,0.02459016393442623,0.0
718,1592,4,0.48325358851674644,0.03349282296650718,1.5502392344497609,2.138755980861244,0.0,0.0,0.0,0.0,0.0,0.0,0.0,0.0,0.0,0.3397129186602871,0.0,0.0,0.0,0.004784688995215311,0.019138755980861243,3.1052631578947367,0.06698564593301436,1.736842105263158,0.0,1.186602870813397,0.5885167464114832,0.40669856459330145,6.92822966507177,0.0,0.0,0.44976076555023925,0.0,0.0,0.0,10.626794258373206,1.1961722488038278,0.0,0.5119617224880383,0.44976076555023925,0.0,0.22488038277511962,0.46411483253588515,0.0,0.03349282296650718,0.0
715,481,11,0.7858347386172007,0.06239460370994941,1.1349072512647556,3.5801011804384486,0.0,0.0,0.0,0.0016863406408094434,0.0016863406408094434,0.0,0.0,0.0,0.0,0.021922428330522766,0.0,0.0,0.0,0.0,0.016863406408094434,4.298482293423271,0.047217537942664416,3.821247892074199,0.0,2.973018549747049,1.1652613827993255,0.45868465430016864,9.015177065767285,0.0,0.0,0.4873524451939292,0.0,0.0,0.0,16.26981450252951,1.7993254637436762,0.0,0.3220910623946037,0.06070826306913996,0.0,0.17200674536256325,0.627318718381113,0.0,0.04384485666104553,0.0
720,951,4,0.6358839050131926,0.05804749340369393,1.2638522427440633,3.29287598944591,0.0,0.21899736147757257,0.0,0.10026385224274406,0.0,0.0,0.0,0.0,0.0,1.9313984168865435,0.0,0.0,0.10817941952506596,0.47493403693931396,0.0712401055408971,3.203166226912929,0.09762532981530343,1.4722955145118735,0.0,1.7730870712401055,1.7071240105540897,0.7704485488126649,6.773087071240106,0.0,0.0,0.1820580474934037,0.0,0.0,2.4221635883905015,13.680738786279683,1.7651715039577835,0.0,0.3113456464379947,0.09234828496042216,0.0,0.5277044854881267,0.5699208443271768,0.0,0.10290237467018469,1.8232189973614776
718,806,4,0.5672413793103448,0.06896551724137931,1.1758620689655173,3.1913793103448276,0.0,0.04655172413793104,0.0,0.253448275862069,0.0,0.07586206896551724,0.0,0.0,0.0,0.4672413793103448,0.15517241379310345,0.0,0.0,0.19482758620689655,0.0,13.241379310344827,0.0603448275862069,5.651724137931034,0.0,5.325862068965518,1.1948275862068964,0.2982758620689655,5.181034482758621,0.0,0.010344827586206896,0.18448275862068966,0.0,0.0,0.0,12.848275862068965,1.5448275862068965,0.0,0.11724137931034483,0.33620689655172414,0.0,0.3,0.5706896551724138,0.0,0.05172413793103448,0.0
721,215,4,0.7627118644067796,0.06779661016949153,1.6271186440677967,3.01271186440678,0.0,0.0,0.0,0.3601694915254237,0.0,0.0,0.0,0.0,0.0,0.2457627118644068,0.05084745762711865,0.0,0.0,0.07627118644067797,0.0,8.377118644067796,0.0,3.25,0.0,1.978813559322034,0.4449152542372881,0.7033898305084746,8.508474576271187,0.0,0.0,0.15677966101694915,0.0,0.0,0.0,11.55084745762712,1.2838983050847457,0.0,0.2796610169491525,0.05084745762711865,0.0,0.19915254237288135,0.576271186440678,0.0,0.05508474576271186,0.6228813559322034
720,587,4,0.5837988826815642,0.06983240223463687,1.4608938547486034,2.3240223463687153,0.0,0.0,0.0,0.0,0.0,0.0,0.0,0.0,0.0,0.0111731843575419,0.002793296089385475,0.0,0.0,0.0,0.013966480446927373,10.03631284916201,0.0,1.9273743016759777,0.0,3.189944134078212,0.5307262569832403,0.2877094972067039,5.516759776536313,0.0,0.0,0.11452513966480447,0.0,0.0,0.0,9.567039106145252,0.9497206703910615,0.0,0.48044692737430167,0.0,0.0,0.11173184357541899,0.45251396648044695,0.0,0.025139664804469275,2.041899441340782
714,973,12,0.5949720670391061,0.09776536312849161,0.26675977653631283,3.8589385474860336,0.0,0.0,0.0,0.0,0.0,0.0,0.0,0.0,0.0,0.0,0.0,0.0,0.0,0.0,0.0,14.636871508379889,0.0,2.4427374301675977,0.0,8.347765363128492,2.7597765363128492,0.03770949720670391,2.5824022346368714,0.0,0.0,0.308659217877095,0.0,0.0,0.0,14.227653631284916,2.3952513966480447,0.0,0.20251396648044692,0.05446927374301676,0.0,0.46787709497206703,0.547486033519553,0.0,0.027932960893854747,0.0
723,1626,4,1.4516129032258065,0.04516129032258064,1.232258064516129,2.47741935483871,0.0,0.05806451612903226,0.0,0.49032258064516127,0.0,0.03225806451612903,0.0,0.0,0.0,0.3225806451612903,0.09032258064516129,0.0,0.0,0.1935483870967742,0.0,2.9806451612903224,0.14193548387096774,4.083870967741936,0.0,1.9741935483870967,0.8838709677419355,0.2064516129032258,4.948387096774193,0.0,0.0,0.32903225806451614,0.0,0.0,0.0,12.258064516129032,1.4709677419354839,0.0,0.4967741935483871,0.45806451612903226,0.0,0.13548387096774195,0.6193548387096774,0.0,0.2,0.0
717,558,4,0.671664167916042,0.10344827586206896,0.8695652173913043,3.6371814092953523,0.0,0.053973013493253376,0.0,0.10194902548725637,0.0,0.0,0.0,0.0,0.008995502248875561,0.3403298350824588,0.10194902548725637,0.0,0.014992503748125937,0.0074962518740629685,0.022488755622188907,10.893553223388306,0.06596701649175413,7.091454272863568,0.0,11.67616191904048,1.2428785607196402,0.8050974512743628,8.320839580209896,0.0,0.0,0.45577211394302847,0.0,0.0,0.0,16.52623688155922,1.9475262368815591,0.0,0.15742128935532235,0.1664167916041979,0.0,0.7856071964017991,0.6806596701649176,0.0,0.044977511244377814,0.06446776611694154
726,1485,4,0.5245901639344263,0.05737704918032787,0.8975409836065574,3.2336065573770494,0.0,0.0,0.0,0.0,0.0,0.0,0.0,0.0,0.0,0.04918032786885246,0.00819672131147541,0.0,0.0,0.0,0.0,9.69672131147541,0.0,2.2745901639344264,0.0,4.704918032786885,1.8811475409836065,0.32786885245901637,5.467213114754099,0.0,0.0,0.35655737704918034,0.0,0.0,0.0,12.831967213114755,2.1352459016393444,0.0,0.430327868852459,0.004098360655737705,0.0,0.29098360655737704,0.5122950819672131,0.0,0.03278688524590164,0.0
724,738,4,0.6034696406443618,0.09045848822800495,0.7633209417596035,3.9219330855018586,0.0,0.0,0.0,0.1251548946716233,0.0,0.0,0.0,0.0,0.0,0.1288723667905824,0.0,0.0,0.0,0.0,0.03469640644361834,13.905824039653035,0.0024783147459727386,4.4646840148698885,0.0,13.384138785625774,1.895910780669145,0.32342007434944237,6.598513011152416,0.0,0.0,0.2540272614622057,0.0,0.0,0.0,15.821561338289962,1.903345724907063,0.0,0.21065675340768278,0.040892193308550186,0.0,0.8314745972738538,0.6257744733581165,0.0,0.030978934324659233,0.0
728,924,4,0.8009049773755657,0.07013574660633484,1.0588235294117647,3.5542986425339365,0.0,0.0,0.0,0.0,0.0,0.0,0.0,0.0,0.0,0.0,0.0,0.0,0.0,0.0,0.0,9.020361990950226,0.058823529411764705,2.3800904977375565,0.0,7.653846153846154,1.9796380090497738,0.23755656108597284,5.205882352941177,0.0,0.0,0.14705882352941177,0.027149321266968326,0.0,0.0,14.561085972850679,2.2918552036199094,0.0,0.13800904977375567,0.1583710407239819,0.0,0.5203619909502263,0.5542986425339367,0.0,0.038461538461538464,0.2171945701357466
728,1194,4,0.6827033218785796,0.10423825887743414,0.5486827033218786,3.752577319587629,0.0,0.0,0.0,0.27491408934707906,0.0,0.0,0.0,0.045819014891179836,0.014891179839633447,0.24971363115693013,0.12027491408934708,0.0,0.013745704467353952,0.052691867124856816,0.0,10.051546391752577,0.011454753722794959,3.3127147766323026,0.0,11.49828178694158,3.1168384879725086,0.06643757159221077,5.148911798396335,0.0,0.22107674684994272,0.18785796105383734,0.0,0.0,0.0,15.096219931271477,1.9484536082474226,0.56815578465063,0.022909507445589918,0.025200458190148912,0.0,0.979381443298969,0.588774341351661,9.904925544100802,0.07101947308132875,14.49942726231386
729,1432,4,0.631619937694704,0.0911214953271028,0.868380062305296,4.6713395638629285,0.0,0.009345794392523364,0.0,0.11370716510903427,0.0,0.0,0.0,0.0,0.0,0.17445482866043613,0.06386292834890965,0.0,0.0,0.01557632398753894,0.0,14.399532710280374,0.10981308411214953,4.641744548286605,0.0,6.853582554517134,2.6596573208722742,0.15965732087227413,6.445482866043614,0.0,0.10747663551401869,0.04984423676012461,0.0,0.0,0.0,17.24221183800623,2.4742990654205608,0.0,0.0895638629283489,0.16822429906542055,0.0,0.4742990654205608,0.6051401869158879,0.0,0.04127725856697819,0.7577881619937694
718,1786,4,0.625725338491296,0.08317214700193423,0.30464216634429403,4.7466150870406185,0.0,0.04642166344294004,0.0,0.13056092843326886,0.0,0.0,0.029980657640232108,0.0,0.0,0.18762088974854932,0.059961315280464215,0.0,0.0,0.04448742746615087,0.0,12.072533849129593,0.0,3.506769825918762,0.0,10.771760154738878,2.793036750483559,0.07059961315280464,5.3220502901353965,0.0,0.09381044487427466,0.33268858800773693,0.27562862669245647,0.0,0.0,19.096711798839458,2.751450676982592,0.0,0.3597678916827853,0.0,0.0,1.3307543520309477,0.6576402321083172,0.0,0.0551257253384913,0.8462282398452611
723,718,4,0.6515151515151515,0.09848484848484848,0.5643939393939394,3.352272727272727,0.0,0.0,0.0,0.0,0.0,0.0,0.0,0.0,0.0,0.0,0.0,0.0,0.0,0.0,0.0,12.098484848484848,0.08712121212121213,3.0946969696969697,0.0,7.117424242424242,1.7348484848484849,0.5151515151515151,5.859848484848484,0.0,0.0,0.4090909090909091,0.07196969696969698,0.0,0.0,15.443181818181818,1.6136363636363635,0.0,0.16666666666666666,0.35984848484848486,0.0,0.48863636363636365,0.6174242424242424,0.0,0.01893939393939394,0.0
719,1460,4,0.7986725663716814,0.09292035398230089,0.918141592920354,5.342920353982301,0.0,0.0,0.0,0.0,0.0,0.0,0.0,0.0,0.0,0.0,0.0,0.0,0.0,0.0,0.0,12.918141592920353,0.0420353982300885,3.334070796460177,0.0,9.743362831858407,2.672566371681416,0.14823008849557523,4.506637168141593,0.0,0.0,0.05530973451327434,0.14601769911504425,0.0,0.0,17.701327433628318,2.834070796460177,0.0,0.41150442477876104,0.0,0.0,0.5951327433628318,0.9269911504424779,0.0,0.015486725663716814,0.03761061946902655
725,1960,4,0.5168067226890757,0.05042016806722689,0.5126050420168067,3.310924369747899,0.0,0.0,0.0,0.0,0.0,0.0,0.0,0.0,0.0,0.004201680672268907,0.0,0.0,0.0,0.0,0.0,7.189075630252101,0.0,5.743697478991597,0.0,2.3865546218487395,0.5210084033613446,0.07142857142857142,6.033613445378151,0.0,0.0,0.0,0.0,0.0,0.0,14.38655462184874,1.5378151260504203,0.0,0.012605042016806723,0.07983193277310924,0.0,0.13445378151260504,0.5840336134453782,0.0,0.01680672268907563,0.0
723,77,4,0.6306532663316583,0.09547738693467336,0.992462311557789,4.5879396984924625,0.0,0.0,0.0,0.3241206030150754,0.0,0.0,0.0,0.0,0.0,0.8341708542713567,0.16080402010050251,0.0,0.0,0.3542713567839196,0.0,13.339195979899497,0.1306532663316583,3.3969849246231156,0.0,4.105527638190955,4.045226130653266,1.0427135678391959,6.849246231155779,0.0,0.1658291457286432,0.5175879396984925,0.0,0.0,0.0,21.605527638190956,2.3844221105527637,0.0,0.3341708542713568,0.271356783919598,0.0,0.4648241206030151,0.5829145728643216,0.0,0.0728643216080402,0.0
734,258,4,0.6229802513464991,0.0933572710951526,0.6032315978456014,3.3285457809694794,0.0,0.0,0.0,0.0,0.0,0.0,0.0,0.0,0.0,0.0,0.0,0.0,0.0,0.0,0.0,11.829443447037702,0.0,1.8850987432675046,0.0,8.657091561938959,2.502692998204668,0.26750448833034113,3.3644524236983844,0.0,0.0,0.06463195691202872,0.07540394973070018,0.0,0.0,13.102333931777379,1.9964093357271095,0.0,0.46858168761220825,0.05026929982046679,0.0,0.49730700179533216,0.5116696588868941,0.0,0.03231597845601436,0.0
716,1003,4,0.6777620396600567,0.07507082152974505,0.6310198300283286,2.853399433427762,0.0,0.0,0.0,0.1529745042492918,0.0,0.013456090651558074,0.0,0.0,0.0,0.0764872521246459,0.06161473087818697,0.0,0.0,0.0,0.0,10.831444759206798,0.0,2.1975920679886687,0.0,9.864730878186968,1.3222379603399435,0.1529745042492918,4.764872521246459,0.0,0.07790368271954674,0.12181303116147309,0.0,0.0,0.0,11.241501416430594,1.551699716713881,0.0,0.0,0.07436260623229461,0.0,0.7386685552407932,0.5198300283286119,0.0,0.0453257790368272,0.22662889518413598
727,1804,4,0.5959595959595959,0.010101010101010102,0.8787878787878788,3.313131313131313,0.0,0.0,0.0,0.0,0.0,0.0,0.0,0.0,0.0,0.13131313131313133,0.0,0.0,0.0,0.0,0.0,6.98989898989899,0.050505050505050504,2.888888888888889,0.0,4.343434343434343,1.505050505050505,0.0,3.393939393939394,0.0,0.0,0.31313131313131315,0.0,0.0,0.0,13.545454545454545,1.696969696969697,0.0,0.4444444444444444,0.9292929292929293,0.0,0.21212121212121213,0.7070707070707071,0.0,0.010101010101010102,0.0
724,872,4,0.8201219512195121,0.10213414634146341,0.8490853658536586,4.3185975609756095,0.0,0.0,0.0,0.0,0.0,0.0,0.0,0.0,0.0,0.022865853658536585,0.0,0.0,0.0,0.0,0.0,13.794207317073171,0.11280487804878049,4.5060975609756095,0.0,10.789634146341463,2.798780487804878,0.899390243902439,6.9192073170731705,0.0,0.0,0.21036585365853658,0.12195121951219512,0.0,0.0,19.31859756097561,2.2530487804878048,0.0,0.03048780487804878,0.07621951219512195,0.0,0.7271341463414634,0.6966463414634146,0.0,0.0625,0.0
731,1317,4,0.702576112412178,0.09601873536299765,1.4871194379391102,4.044496487119438,0.0,0.0,0.0,0.22482435597189696,0.0,0.0,0.0,0.0,0.01405152224824356,0.1686182669789227,0.0351288056206089,0.0,0.02576112412177986,0.0,0.0,10.800936768149883,0.05620608899297424,2.9836065573770494,0.0,9.665105386416862,3.1826697892271665,0.02107728337236534,4.730679156908665,0.0,0.0,0.12412177985948478,0.02576112412177986,0.0,0.0,17.11007025761124,2.702576112412178,0.0,0.4426229508196721,0.1990632318501171,0.0,0.5620608899297423,0.6416861826697893,0.0,0.0468384074941452,0.0
728,2005,4,0.6456984273820536,0.08048103607770583,1.160037002775208,4.408880666049954,0.0,0.0,0.0,0.0,0.0,0.0,0.0,0.0,0.0,0.07493061979648474,0.030527289546716005,0.0,0.0,0.0,0.0,11.612395929694728,0.04070305272895467,4.9139685476410735,0.0,8.493987049028677,2.5679925994449584,0.10823311748381129,4.555041628122109,0.0,0.08048103607770583,0.16558741905642924,0.16003700277520813,0.0,0.0,17.524514338575393,2.643848288621647,0.0,0.0851063829787234,0.05087881591119334,0.0,0.6290471785383904,0.5772432932469935,0.0,0.03700277520814061,0.0
731,358,5,0.7359223300970874,0.07961165048543689,0.4388349514563107,2.9902912621359223,0.0,0.0,0.0,0.0,0.0,0.0,0.0,0.0,0.0,0.005825242718446602,0.0,0.0,0.0,0.0,0.0,4.497087378640777,0.005825242718446602,3.0233009708737866,0.0,3.875728155339806,0.8330097087378641,0.287378640776699,5.036893203883495,0.0,0.0,0.3339805825242718,0.0,0.0,0.0,17.085436893203884,1.5728155339805825,0.0,0.30097087378640774,0.10679611650485436,0.0,0.2446601941747573,0.6213592233009708,0.0,0.015533980582524271,0.0
724,1067,4,0.552734375,0.095703125,0.650390625,3.486328125,0.0,0.0,0.0,0.001953125,0.0,0.0,0.251953125,0.0,0.056640625,0.5,0.3046875,0.0,0.0,0.0,0.12109375,14.12890625,0.0,1.818359375,0.14453125,9.681640625,2.52734375,0.177734375,5.0234375,0.0,0.0,0.14453125,0.0,0.0,0.0,13.30859375,1.97265625,0.0,0.416015625,0.06640625,0.005859375,0.6953125,0.470703125,0.0,0.03515625,4.177734375
731,1141,4,0.5821727019498607,0.1309192200557103,0.5236768802228412,4.5013927576601676,0.0,0.0,0.0,0.06128133704735376,0.0,0.0,0.0,0.0,0.0,0.3008356545961003,0.14484679665738162,0.0,0.0,0.0,0.0,18.87743732590529,0.005571030640668524,3.401114206128134,0.0,14.782729805013927,2.331476323119777,0.0,3.214484679665738,0.0,0.0,0.033426183844011144,0.0,0.0,0.0,16.498607242339833,2.5933147632311977,0.0,0.2924791086350975,0.011142061281337047,0.0,0.8356545961002786,0.6239554317548747,0.0,0.036211699164345405,0.0
725,160,4,0.6052009456264775,0.10520094562647754,1.3782505910165486,3.6702127659574466,0.0,0.0,0.0,0.0,0.0,0.0,0.0,0.0,0.0,0.0,0.0,0.0,0.0,0.0,0.0,13.58628841607565,0.0851063829787234,4.588652482269503,0.0,11.078014184397164,2.66903073286052,0.05200945626477541,3.7612293144208038,0.0,0.10401891252955082,0.13002364066193853,0.0,0.0,0.0,15.378250591016549,2.3156028368794326,0.0,0.7387706855791962,0.06855791962174941,0.0,0.7139479905437353,0.6087470449172577,0.0,0.04609929078014184,0.45390070921985815
730,1262,4,0.5551724137931034,0.06551724137931035,1.2310344827586206,2.3655172413793104,0.0,0.0,0.0,0.0,0.0,0.0,0.0,0.0,0.0,0.1310344827586207,0.05517241379310345,0.0,0.0,0.0,0.0,8.110344827586207,0.0,2.0,0.0,7.303448275862069,0.32413793103448274,0.3931034482758621,6.944827586206896,0.0,0.0,0.0,0.5,0.03793103448275862,0.0,10.472413793103449,1.3758620689655172,0.0,0.03793103448275862,0.05172413793103448,0.0,0.4103448275862069,0.43103448275862066,0.0,0.034482758620689655,0.0
722,30,4,0.676333021515435,0.07857811038353602,0.7652011225444341,4.189897100093545,0.0,0.011225444340505144,0.0,0.027128157156220765,0.0,0.007483629560336763,0.0,0.0,0.0,0.052385406922357346,0.03835360149672591,0.0,0.0,0.0,0.0,12.25912067352666,0.09728718428437792,3.6688493919550984,0.0,10.795135640785782,2.1141253507951356,0.11225444340505145,6.041159962581852,0.0,0.1225444340505145,0.2441534144059869,0.0,0.0,0.0,15.103835360149672,2.216089803554724,0.0,0.12067352666043031,0.11038353601496725,0.0,0.7726847521047708,0.6248830682881198,0.0,0.03648269410664172,0.08793264733395698
736,896,4,0.6511627906976745,0.13953488372093023,1.5116279069767442,2.2790697674418605,0.0,0.0,0.0,0.0,0.0,0.0,0.0,0.0,0.0,0.0,0.0,0.0,0.0,0.0,0.0,3.2325581395348837,0.0,1.9767441860465116,0.0,1.697674418604651,0.20930232558139536,0.13953488372093023,6.395348837209302,0.0,0.0,0.13953488372093023,0.0,0.0,0.0,10.744186046511627,0.9767441860465116,0.0,0.7906976744186046,0.0,0.0,0.06976744186046512,0.6046511627906976,0.0,0.046511627906976744,0.0
732,1086,4,0.6603518267929634,0.10554803788903924,0.618403247631935,4.611637347767253,0.0,0.0,0.0,0.0,0.0,0.0,0.03924221921515562,0.14749661705006767,0.0,0.11231393775372124,0.12043301759133965,0.0,0.0,0.0,0.0,13.253044654939107,0.005412719891745603,2.174560216508796,0.0,11.84979702300406,5.634641407307172,0.0,4.2327469553450605,0.0,0.0,0.2476319350473613,0.0,0.0,0.0,17.050067658998646,2.7577807848443845,0.32882273342354534,0.10148849797023005,0.009472259810554804,0.0,0.8687415426251691,0.5683355886332883,2.178619756427605,0.07983761840324763,12.190798376184032
744,191,4,1.0554371002132197,0.06823027718550106,0.976545842217484,2.6908315565031984,0.0,0.0,0.0,0.06823027718550106,0.0,0.06823027718550106,0.0,0.0,0.0,0.2025586353944563,0.021321961620469083,0.0,0.0,0.07462686567164178,0.0,11.208955223880597,0.0042643923240938165,6.456289978678038,0.0,5.025586353944563,0.8678038379530917,0.04051172707889126,3.9445628997867805,0.0,0.0,0.07889125799573561,0.0,0.0,0.0,11.42643923240938,1.3326226012793176,0.0,0.67590618336887,0.10660980810234541,0.0,0.31130063965884863,0.5842217484008528,0.0,0.11513859275053305,0.09808102345415778
733,549,5,0.5306539509536785,0.0837874659400545,0.7077656675749319,2.9455040871934606,0.0,0.0,0.0,0.004087193460490463,0.0,0.0,0.048365122615803814,0.0,0.0,0.19005449591280654,0.035422343324250684,0.0,0.0,0.0,0.10217983651226158,11.538828337874659,0.0,2.332425068119891,0.0,5.706403269754769,1.8957765667574933,0.19482288828337874,3.7649863760217985,0.0,0.0,0.008174386920980926,0.0,0.0,0.0,11.931198910081743,1.8153950953678475,0.0,0.06267029972752043,0.011580381471389645,0.0,0.3508174386920981,0.494550408719346,0.0,0.027929155313351498,0.0
731,610,4,0.5622406639004149,0.10995850622406639,0.6182572614107884,4.41701244813278,0.0,0.0,0.0,0.0,0.0,0.0,0.12655601659751037,0.0,0.2074688796680498,0.7012448132780082,0.2946058091286307,0.0,0.0,0.0,0.006224066390041493,13.54564315352697,0.03112033195020747,2.120331950207469,0.2012448132780083,7.149377593360996,4.178423236514523,0.23858921161825727,4.784232365145228,0.0,0.0,0.15352697095435686,0.0,0.024896265560165973,0.0,15.493775933609959,2.6970954356846475,0.0,0.1970954356846473,0.1908713692946058,0.0,0.5435684647302904,0.49377593360995853,0.0,0.06846473029045644,0.0
738,831,5,0.5665137614678899,0.08944954128440367,0.4908256880733945,3.44954128440367,0.0,0.0,0.0,0.0,0.0,0.0,0.0,0.0,0.0,0.0,0.0,0.0,0.0,0.0,0.0,11.380733944954128,0.0022935779816513763,2.389908256880734,0.0,5.73394495412844,1.5321100917431192,0.10091743119266056,3.5894495412844036,0.0,0.0,0.07110091743119266,0.0,0.0,0.0,13.447247706422019,1.9931192660550459,0.0,0.2798165137614679,0.11467889908256881,0.0,0.3165137614678899,0.573394495412844,0.0,0.020642201834862386,0.0
735,1391,4,0.782559456398641,0.11211778029445074,0.7440543601359003,4.501698754246886,0.0,0.0,0.0,0.6591166477916195,0.0,0.0,0.36126840317100795,0.0,0.39071347678369195,1.1868629671574178,0.72480181200453,0.0,0.01245753114382786,0.039637599093997736,0.08154020385050963,11.298980747451868,0.02944507361268403,4.013590033975085,0.319365798414496,15.197055492638732,5.12797281993205,0.23442808607021517,6.339750849377124,0.0,0.0,0.07814269535673839,0.0,0.0033975084937712344,0.0,16.873159682899207,2.7474518686296716,0.0,0.3714609286523216,0.1347678369195923,0.01698754246885617,1.031710079275198,0.5956964892412231,0.0,0.09513023782559456,5.366930917327293
738,764,4,0.6262203626220363,0.08647140864714087,0.5285913528591353,4.613668061366806,0.0,0.0,0.0,0.0,0.0,0.0,0.0,0.0,0.0,0.05160390516039052,0.0,0.0,0.0,0.0,0.0,12.06136680613668,0.0,3.00697350069735,0.0,14.873082287308229,2.778242677824268,0.13807531380753138,5.99721059972106,0.0,0.0,0.05718270571827057,0.14644351464435146,0.0,0.0,18.800557880055788,2.700139470013947,0.0,0.0,0.05299860529986053,0.0,0.9539748953974896,0.6331938633193863,0.0,0.03486750348675035,0.009762900976290097
736,651,4,0.817762399077278,0.0853517877739331,1.196078431372549,3.916955017301038,0.0,0.0,0.0,0.11995386389850057,0.0,0.0,0.0,0.0,0.0,0.17993079584775087,0.05420991926182238,0.0,0.0,0.011534025374855825,0.0,13.409457900807382,0.0,3.0311418685121105,0.0,7.913494809688581,1.8823529411764706,0.19261822376009227,4.837370242214533,0.0,0.0,0.3552479815455594,0.19492502883506344,0.0,0.0,15.014994232987313,2.283737024221453,0.0,0.6839677047289504,0.13264129181084197,0.0,0.5536332179930796,0.5905420991926182,0.0,0.04382929642445214,0.04152249134948097
737,1675,12,0.6377025036818851,0.050073637702503684,1.2945508100147276,2.82179675994109,0.0,0.0,0.0,0.0,0.0,0.0,0.0,0.0,0.0,0.0,0.0,0.0,0.0,0.0,0.0,4.195876288659794,0.016200294550810016,2.9381443298969074,0.0,2.499263622974963,0.9131075110456554,0.17525773195876287,5.4698085419734905,0.0,0.0,0.19145802650957292,0.0,0.0,0.0,12.413843888070693,1.642120765832106,0.0,0.44477172312223856,0.19734904270986744,0.0,0.0,0.5581737849779087,0.0,0.039764359351988215,0.0
738,59,4,0.6373626373626373,0.09419152276295134,0.3390894819466248,4.437990580847724,0.0,0.08320251177394035,0.0,0.21036106750392464,0.0,0.0,0.0,0.02040816326530612,0.0,0.3092621664050236,0.2260596546310832,0.0,0.0,0.04866562009419152,0.0,13.226059654631083,0.0,5.599686028257457,0.0,8.296703296703297,4.470957613814757,0.32653061224489793,6.01883830455259,0.0,0.058084772370486655,0.25274725274725274,0.0,0.0,0.0,19.08634222919937,2.2496075353218212,0.0,0.006279434850863423,0.13343799058084774,0.0,0.8398744113029827,0.631083202511774,1.3202511773940346,0.06907378335949764,9.899529042386185
732,467,4,0.6711635750421585,0.08600337268128162,0.5126475548060708,3.3338954468802697,0.0,0.0,0.0,0.0,0.0,0.0,0.0,0.0,0.0,0.0,0.0,0.0,0.0,0.0,0.0,11.893760539629005,0.0,2.3794266441821246,0.0,7.318718381112985,2.0185497470489038,0.16526138279932545,3.3288364249578413,0.0,0.0,0.05396290050590219,0.14839797639123103,0.0,0.0,12.615514333895447,1.9325463743676223,0.0,0.3844856661045531,0.045531197301854974,0.0,0.5767284991568297,0.4300168634064081,0.0,0.03709949409780776,0.0
737,1113,4,0.5071428571428571,0.04642857142857143,1.1285714285714286,2.7071428571428573,0.0,0.0,0.0,0.2785714285714286,0.0,0.0,0.0,0.0,0.0,0.225,0.075,0.0,0.017857142857142856,0.18214285714285713,0.0,4.992857142857143,0.02142857142857143,1.6892857142857143,0.0,1.7821428571428573,1.025,0.3535714285714286,5.364285714285714,0.0,0.0,0.18571428571428572,0.0,0.0,0.0,12.389285714285714,1.6928571428571428,0.0,0.4035714285714286,0.0,0.0,0.225,0.48214285714285715,0.0,0.025,0.0
733,570,4,1.1167369901547117,0.1111111111111111,1.5949367088607596,3.057665260196906,0.0,0.0,0.09563994374120956,0.12939521800281295,0.0,0.008438818565400843,0.0,0.0,0.0,0.09563994374120956,0.07454289732770746,0.0,0.0,0.0,0.0,12.50351617440225,0.08720112517580872,7.206751054852321,0.0,8.786216596343179,1.8354430379746836,0.040787623066104076,4.061884669479606,0.0,0.0,0.0970464135021097,0.0,0.0,0.0,14.040787623066104,1.4627285513361463,0.0,0.6751054852320675,0.12939521800281295,0.0,0.5822784810126582,0.6483825597749648,0.0,0.11954992967651196,0.09423347398030943
738,106,4,0.51953125,0.10546875,0.5,3.62890625,0.0,0.0,0.0,0.0,0.0,0.0,0.0,0.0,0.046875,0.18359375,0.0546875,0.0,0.0,0.0,0.0,14.76171875,0.0,2.21875,0.0,8.0859375,3.17578125,0.11328125,3.859375,0.0,0.0,0.13671875,0.0,0.0,0.0,14.4140625,2.29296875,0.0,0.0546875,0.12890625,0.0,0.43359375,0.5078125,0.0,0.046875,0.0
737,680,4,0.6230283911671924,0.11356466876971609,0.6593059936908517,3.359621451104101,0.0,0.0,0.0,0.0,0.0,0.0,0.0,0.0,0.0,0.0015772870662460567,0.0,0.0,0.0,0.0,0.0,13.867507886435332,0.0,2.1577287066246056,0.0,7.865930599369086,2.082018927444795,0.2807570977917981,4.200315457413249,0.0,0.0,0.06782334384858044,0.06782334384858044,0.0,0.0,12.782334384858045,1.9290220820189274,0.0,0.3391167192429022,0.0,0.0,0.5189274447949527,0.43375394321766564,0.0,0.028391167192429023,0.0
749,154,4,0.5974683544303797,0.05063291139240506,2.3367088607594937,2.389873417721519,0.0,0.0,0.0,0.0,0.0,0.0,0.0,0.0,0.0,0.11645569620253164,0.0,0.0,0.0,0.0,0.0,7.569620253164557,0.16962025316455695,2.7746835443037976,0.0,2.3468354430379748,0.43544303797468353,0.46835443037974683,10.068354430379747,0.0,0.0,0.2481012658227848,0.0,0.0,0.0,9.90126582278481,0.9443037974683545,0.0,0.7544303797468355,0.24050632911392406,0.0,0.0,0.5772151898734177,0.0,0.035443037974683546,0.0
747,962,4,0.5640809443507588,0.09780775716694773,0.3086003372681282,3.438448566610455,0.0,0.0,0.0,0.024451939291736932,0.0,0.0,0.008431703204047217,0.0,0.0,0.12731871838111297,0.03204047217537943,0.0,0.0,0.0,0.01011804384485666,12.783305227655987,0.0,2.6509274873524453,0.0,6.804384485666104,2.3077571669477233,0.17537942664418213,4.5050590219224285,0.0,0.0,0.0,0.0008431703204047217,0.010961214165261383,0.0,13.26053962900506,2.097807757166948,0.0,0.16863406408094436,0.04131534569983136,0.0,0.53035413153457,0.5008431703204047,0.0,0.03709949409780776,0.0
745,1738,4,0.6941176470588235,0.07720588235294118,0.7860294117647059,3.3426470588235295,0.0,0.003676470588235294,0.0,0.1161764705882353,0.0,0.060294117647058824,0.0,0.0,0.0,0.19926470588235295,0.0625,0.0,0.0,0.025,0.0,11.384558823529412,0.041176470588235294,4.409558823529411,0.0,7.776470588235294,1.9375,0.24191176470588235,3.0455882352941175,0.0,0.0,0.10882352941176471,0.0,0.0,0.0,13.798529411764706,2.075,0.0,0.13308823529411765,0.17794117647058824,0.0,0.5617647058823529,0.5970588235294118,0.0,0.07058823529411765,0.7838235294117647
751,1468,4,0.5814307458143074,0.0684931506849315,0.9254185692541856,3.7351598173515983,0.0,0.136986301369863,0.0,0.1993911719939117,0.0,0.0,0.0,0.0,0.0,0.3942161339421613,0.1506849315068493,0.0,0.0,0.0487062404870624,0.0,12.4337899543379,0.1202435312024353,5.920852359208523,0.0,8.362252663622527,2.4383561643835616,1.0669710806697108,8.117199391171994,0.0,0.0,0.4003044140030441,0.0,0.0,0.0,15.572298325722983,1.599695585996956,0.0,0.4353120243531202,0.0867579908675799,0.0,0.4657534246575342,0.6316590563165906,0.0,0.0395738203957382,0.0
733,2016,4,0.6075471698113207,0.10113207547169811,0.76,4.769056603773585,0.0,0.0,0.0,0.007547169811320755,0.0,0.0,0.010566037735849057,0.0,0.010566037735849057,0.19245283018867926,0.03169811320754717,0.0,0.0037735849056603774,0.0,0.0,15.697358490566037,0.025660377358490565,3.6664150943396225,0.0,11.95622641509434,2.7049056603773587,0.23547169811320753,5.66188679245283,0.0,0.08075471698113207,0.1630188679245283,0.047547169811320754,0.0,0.0,19.580377358490566,2.910188679245283,0.0,0.2656603773584906,0.021132075471698115,0.0,0.8286792452830188,0.6294339622641509,0.0,0.021132075471698115,0.7064150943396227
746,38,4,0.8409090909090909,0.06818181818181818,0.9090909090909091,4.431818181818182,0.0,0.0,0.0,0.0,0.0,0.0,0.0,0.0,0.0,0.0,0.0,0.0,0.0,0.0,0.0,15.386363636363637,0.0,2.9545454545454546,0.0,12.613636363636363,2.25,0.0,2.6363636363636362,0.0,0.0,0.045454545454545456,0.0,0.0,0.0,21.295454545454547,2.590909090909091,0.0,0.022727272727272728,0.0,0.0,0.7954545454545454,0.6590909090909091,0.0,0.045454545454545456,0.0
740,448,4,0.6388443017656501,0.10914927768860354,0.4189406099518459,3.460674157303371,0.0,0.0,0.0,0.0,0.0,0.0,0.0,0.0,0.0,0.0,0.0,0.0,0.0,0.0,0.0,12.815409309791333,0.0,2.117174959871589,0.0,9.775280898876405,2.0176565008025684,0.033707865168539325,2.817014446227929,0.0,0.0,0.025682182985553772,0.004815409309791332,0.0,0.0,13.02728731942215,1.9823434991974318,0.0,0.2552166934189406,0.04173354735152488,0.0,0.637239165329053,0.42696629213483145,0.0,0.02086677367576244,0.0
749,803,7,0.5673469387755102,0.04897959183673469,2.8285714285714287,2.3836734693877553,0.0,0.0,0.0,0.0,0.0,0.0,0.0,0.0,0.0,0.0,0.0,0.0,0.0,0.0,0.0,2.7346938775510203,0.0,2.5551020408163265,0.0,1.8408163265306123,0.4897959183673469,0.5183673469387755,7.457142857142857,0.0,0.0,0.17142857142857143,0.0,0.0,0.0,10.485714285714286,1.2693877551020407,0.0,0.5551020408163265,0.1306122448979592,0.0,0.24081632653061225,0.5346938775510204,0.0,0.024489795918367346,0.0
749,221,4,0.7858851674641149,0.11722488038277512,0.7141148325358851,4.633971291866029,0.0,0.0,0.0,0.1590909090909091,0.0,0.0,0.36363636363636365,0.0,0.019138755980861243,0.9198564593301436,0.38636363636363635,0.0,0.0,0.07775119617224881,0.6220095693779905,17.283492822966508,0.007177033492822967,3.0191387559808613,0.0,11.953349282296651,3.648325358851675,0.2607655502392344,4.883971291866029,0.0,0.0,0.13875598086124402,0.24760765550239233,0.2727272727272727,0.0,17.05622009569378,2.8289473684210527,0.0,0.5358851674641149,0.17464114832535885,0.025119617224880382,0.8026315789473685,0.5885167464114832,0.0,0.05861244019138756,4.673444976076555
750,868,4,0.5318471337579618,0.07961783439490445,0.7133757961783439,2.6894904458598727,0.0,0.0,0.0,0.009554140127388535,0.0,0.0,0.0015923566878980893,0.0,0.0,0.15127388535031847,0.03503184713375796,0.0,0.0,0.0,0.014331210191082803,11.219745222929935,0.0,3.498407643312102,0.0,6.740445859872612,1.4060509554140128,0.1592356687898089,3.624203821656051,0.0,0.0,0.0,0.0,0.0,0.0,11.380573248407643,1.605095541401274,0.0,0.0,0.0,0.0,0.4012738853503185,0.5159235668789809,0.0,0.03184713375796178,0.006369426751592357
761,240,4,0.795662100456621,0.1004566210045662,0.8687214611872146,3.9383561643835616,0.0,0.0,0.0,0.02511415525114155,0.0,0.0,0.00228310502283105,0.0,0.00228310502283105,0.04337899543378995,0.012557077625570776,0.0,0.0,0.0,0.010273972602739725,13.100456621004566,0.02511415525114155,2.084474885844749,0.0,6.840182648401827,2.127853881278539,0.0319634703196347,3.6666666666666665,0.0,0.0,0.2842465753424658,0.1963470319634703,0.0,0.0,15.418949771689498,2.4851598173515983,0.0,0.17579908675799086,0.05593607305936073,0.0,0.4235159817351598,0.615296803652968,0.00684931506849315,0.0410958904109589,0.0
744,413,4,0.5288831835686778,0.0821566110397946,1.0783055198973042,2.5802310654685496,0.0,0.0,0.0,0.038510911424903725,0.0,0.0,0.0,0.0,0.0,0.0410783055198973,0.0,0.0,0.0,0.0,0.0,11.539152759948653,0.0,1.7227214377406932,0.0,5.857509627727857,0.7984595635430038,0.08857509627727857,3.890885750962773,0.0,0.0,0.03594351732991014,0.0,0.0,0.0,10.836970474967908,1.3786906290115533,0.0,0.059050064184852376,0.0,0.0,0.3851091142490372,0.4557124518613607,0.0,0.024390243902439025,0.2079589216944801
741,785,12,0.5636363636363636,0.07012987012987013,1.135064935064935,2.444155844155844,0.0,0.0,0.0,0.0,0.0,0.0,0.015584415584415584,0.0,0.0,0.0,0.0,0.0,0.0,0.0,0.04935064935064935,8.454545454545455,0.0,2.251948051948052,0.0,2.3636363636363638,0.18441558441558442,0.06753246753246753,6.763636363636364,0.0,0.0,0.34025974025974026,0.0,0.0,0.0,9.966233766233767,1.0623376623376624,0.0,0.5506493506493506,0.023376623376623377,0.0,0.11948051948051948,0.509090909090909,0.0,0.02857142857142857,0.0
748,1014,5,0.7086956521739131,0.05217391304347826,0.7434782608695653,2.534782608695652,0.0,0.0,0.0,0.8956521739130435,0.0,0.0,0.11304347826086956,0.0,0.0,1.0782608695652174,0.3521739130434783,0.0,0.0,0.2782608695652174,0.23043478260869565,5.269565217391304,0.0,6.356521739130435,0.0,2.9956521739130433,0.3739130434782609,0.23043478260869565,6.034782608695652,0.0,0.0,0.17391304347826086,0.0,0.013043478260869565,0.0,9.752173913043478,1.0739130434782609,0.0,0.28695652173913044,0.36086956521739133,0.004347826086956522,0.6130434782608696,0.5043478260869565,0.0,0.04782608695652174,0.5043478260869565
742,1897,4,0.614596670934699,0.10627400768245839,1.2407170294494239,4.838668373879641,0.0,0.0,0.0,0.27784891165172854,0.0,0.005121638924455826,0.31370038412291934,0.0,0.2112676056338028,1.1843790012804096,0.6427656850192062,0.0,0.0,0.024327784891165175,0.19590268886043533,13.475032010243277,0.028169014084507043,4.617157490396927,0.4186939820742638,10.905249679897567,5.094750320102433,0.31241997439180536,5.87708066581306,0.0,0.0,0.117797695262484,0.0,0.0,0.0,17.793854033290653,2.8693982074263764,0.0,0.40973111395646605,0.026888604353393086,0.020486555697823303,0.7464788732394366,0.5813060179257362,0.0,0.08706786171574904,0.4647887323943662
741,84,4,0.6111111111111112,0.05925925925925926,1.325925925925926,2.740740740740741,0.0,0.0,0.0,0.0,0.0,0.0,0.0,0.0,0.0,0.0,0.0,0.0,0.0,0.0,0.0,6.359259259259259,0.037037037037037035,2.7185185185185183,0.0,2.174074074074074,0.337037037037037,0.8444444444444444,7.440740740740741,0.0,1.6333333333333333,2.2074074074074073,0.0,0.0,0.0,14.02962962962963,1.0888888888888888,0.0,1.9296296296296296,0.040740740740740744,0.0,0.05925925925925926,0.6555555555555556,0.0,0.03333333333333333,0.0
745,710,4,0.6666666666666666,0.13071895424836602,0.24183006535947713,5.026143790849673,0.0,0.0,0.0,0.0,0.0,0.0,0.0,0.0,0.0,0.0,0.0,0.0,0.0,0.0,0.0,17.705882352941178,0.0,2.2679738562091503,0.0,14.947712418300654,3.2679738562091503,0.026143790849673203,2.084967320261438,0.0,0.0,0.006535947712418301,0.1503267973856209,0.0,0.0,18.202614379084967,3.196078431372549,0.0,0.20261437908496732,0.0,0.0,1.0718954248366013,0.6013071895424836,0.0,0.058823529411764705,0.0
747,730,4,0.6430260047281324,0.09456264775413711,1.2056737588652482,4.921985815602837,0.0,0.0,0.0,0.0,0.0,0.0,0.0,0.0,0.0,0.0,0.0,0.0,0.0,0.0,0.0,13.929078014184396,0.07092198581560284,2.940898345153664,0.0,3.7044917257683214,1.4113475177304964,0.2127659574468085,6.002364066193853,0.0,0.0,0.17494089834515367,0.03309692671394799,0.0,0.0,14.853427895981087,2.120567375886525,0.0,0.49645390070921985,0.29314420803782504,0.0,0.1773049645390071,1.0023640661938533,0.0,0.03546099290780142,0.0
754,600,4,0.7444168734491315,0.06947890818858561,1.3870967741935485,3.620347394540943,0.0,0.0,0.0,0.0,0.0,0.0,0.0,0.0,0.0,0.0,0.0,0.0,0.0,0.0,0.0,11.605459057071961,0.0,2.642679900744417,0.0,4.1464019851116625,1.3002481389578164,0.15384615384615385,6.104218362282879,0.0,0.0,0.7915632754342432,0.10669975186104218,0.0,0.0,13.962779156327544,2.032258064516129,0.0,0.9478908188585607,0.05955334987593052,0.0,0.21836228287841192,0.707196029776675,0.0,0.022332506203473945,0.0
753,1149,4,0.5853080568720379,0.09083728278041074,0.471563981042654,3.4454976303317535,0.0,0.0,0.0,0.0,0.0,0.0,0.0,0.0,0.0,0.0,0.0,0.0,0.0,0.0,0.0,14.145339652448657,0.0,2.442338072669826,0.0,7.5947867298578196,1.7669826224328593,0.13981042654028436,3.7472353870458135,0.0,0.0,0.24170616113744076,0.0,0.0,0.0,13.201421800947868,2.0450236966824646,0.0,0.17772511848341233,0.06003159557661927,0.0,0.48420221169036337,0.5560821484992101,0.0,0.0315955766192733,0.0
743,1166,4,0.6294820717131474,0.10557768924302789,0.7868525896414342,4.555776892430279,0.0,0.07171314741035857,0.0,0.20318725099601595,0.0,0.0,0.0,0.0,0.00199203187250996,0.3784860557768924,0.11952191235059761,0.0,0.053784860557768925,0.09362549800796813,0.0,18.804780876494025,0.00199203187250996,8.229083665338646,0.0,12.741035856573705,3.139442231075697,0.14143426294820718,3.689243027888446,0.0,0.11155378486055777,0.16334661354581673,0.0,0.0,0.0,17.147410358565736,2.8804780876494025,0.0,0.30876494023904383,0.035856573705179286,0.0,1.099601593625498,0.6454183266932271,0.0,0.053784860557768925,1.2350597609561753
749,1282,4,0.6578947368421053,0.05921052631578947,1.611842105263158,3.5460526315789473,0.0,0.0,0.0,0.0,0.0,0.0,0.0,0.0,0.0,0.2894736842105263,0.0,0.0,0.0,0.0,0.0,10.592105263157896,0.07236842105263158,4.453947368421052,0.0,7.098684210526316,1.7236842105263157,0.40789473684210525,6.434210526315789,0.0,0.5460526315789473,0.2236842105263158,0.0,0.0,0.0,15.43421052631579,2.4078947368421053,0.0,0.7105263157894737,0.4605263157894737,0.0,0.625,0.6381578947368421,0.0,0.06578947368421052,0.0
755,1813,4,0.6996587030716723,0.12627986348122866,1.5494880546075085,4.593856655290103,0.0,0.0,0.0,0.0,0.0,0.0,0.0,0.0,0.0,0.0,0.0,0.0,0.0,0.0,0.0,17.129692832764505,0.042662116040955635,3.378839590443686,0.0,11.571672354948806,1.7747440273037542,0.06313993174061433,5.129692832764505,0.0,0.0,0.27986348122866894,0.0,0.0,0.0,16.213310580204777,2.1808873720136517,0.0,0.24061433447098976,0.15187713310580206,0.0,0.7440273037542662,0.6194539249146758,0.0,0.03924914675767918,0.13139931740614336
751,466,4,0.5987558320373251,0.10186625194401244,0.3203732503888025,4.450233281493001,0.0,0.04665629860031104,0.0,0.01166407465007776,0.0,0.0,0.0,0.0,0.0,0.13141524105754276,0.020995334370139968,0.0,0.0,0.17418351477449456,0.0,12.938569206842924,0.02021772939346812,4.287713841368585,0.0,7.896578538102644,2.9867807153965784,0.432348367029549,3.828926905132193,0.0,0.0,0.20217729393468117,0.13452566096423016,0.0,0.0,20.741835147744947,2.573094867807154,0.0,0.045878693623639194,0.019440124416796267,0.0,0.6516329704510109,0.6469673405909798,0.0,0.04354587869362364,0.8475894245723172
744,1036,4,0.6303854875283447,0.08390022675736962,0.4897959183673469,3.492063492063492,0.0,0.0,0.0,0.19501133786848074,0.0,0.0,0.0,0.0,0.0,0.21768707482993196,0.05215419501133787,0.0,0.013605442176870748,0.12244897959183673,0.0,13.206349206349206,0.0,1.9387755102040816,0.0,5.290249433106576,2.165532879818594,0.13151927437641722,3.7142857142857144,0.0,0.0,0.05895691609977324,0.07029478458049887,0.0,0.0,14.242630385487528,2.453514739229025,0.0,0.024943310657596373,0.17913832199546487,0.0,0.3945578231292517,0.5011337868480725,0.0,0.036281179138321996,0.0
763,1217,4,0.41,0.03,1.85,2.44,0.0,0.0,0.0,0.09,0.0,0.0,0.0,0.0,0.0,0.03,0.0,0.0,0.0,0.0,0.0,6.22,0.0,3.72,0.0,1.47,0.3,0.04,5.28,0.0,0.0,0.0,0.0,0.0,0.0,11.35,1.15,0.0,0.05,0.0,0.0,0.0,0.64,0.0,0.04,0.0
744,1237,4,0.6671418389166073,0.0955096222380613,1.0940841054882395,4.523164647184604,0.0,0.0135424091233072,0.0,0.11119030648610122,0.0,0.0,0.0,0.0,0.0,0.08196721311475409,0.03706343549536707,0.0,0.0,0.0007127583749109052,0.0,14.19743406985032,0.04918032786885246,3.3841767640769778,0.0,10.657875980042766,3.406985032074127,0.05559515324305061,4.467569493941554,0.0,0.09194583036350677,0.037776193870277974,0.019957234497505347,0.0,0.0,15.65288667141839,2.3955808980755524,0.0,0.05559515324305061,0.07626514611546685,0.0,0.7548111190306486,0.5994297933000713,0.0,0.040627227369921595,0.7904490377761939
746,1380,4,0.61875,0.05625,1.45625,2.31875,0.0,0.0,0.0,0.09375,0.0,0.0,0.0,0.0,0.0,0.0625,0.0,0.0,0.0,0.0,0.0,4.61875,0.15625,3.25,0.0,1.375,0.3875,0.03125,5.71875,0.0,0.0,0.1375,0.0,0.0,0.0,11.14375,1.025,0.0,0.0,0.1375,0.0,0.0375,0.61875,0.0,0.025,2.3125
745,1623,4,0.7901234567901234,0.06172839506172839,0.7325102880658436,4.9300411522633745,0.0,0.0,0.0,0.0,0.0,0.0,0.0,0.0,0.0,0.18518518518518517,0.053497942386831275,0.0,0.0,0.0,0.0,16.82304526748971,0.05761316872427984,5.041152263374485,0.0,21.74897119341564,3.39917695473251,0.2962962962962963,6.68724279835391,0.0,0.0,0.13991769547325103,0.1934156378600823,0.0,0.0,20.555555555555557,3.0205761316872426,0.0,0.29218106995884774,0.0,0.0,1.3909465020576133,0.7860082304526749,0.0,0.024691358024691357,0.9094650205761317
751,1870,4,0.6121372031662269,0.09498680738786279,0.6754617414248021,3.20844327176781,0.0,0.0,0.0,0.0,0.0,0.0,0.0,0.0,0.0,0.044854881266490766,0.0,0.0,0.0,0.0,0.029023746701846966,9.25065963060686,0.0,5.018469656992084,0.0,10.522427440633246,0.9287598944591029,0.9023746701846965,8.031662269129287,0.0,0.0,0.005277044854881266,0.0,0.0,0.0,14.277044854881266,1.683377308707124,0.0,0.002638522427440633,0.0,0.0,0.6279683377308707,0.604221635883905,0.0,0.052770448548812667,0.0
749,1935,4,0.6384892086330936,0.12050359712230216,2.0431654676258995,4.246402877697841,0.0,0.030575539568345324,0.0,0.0,0.0,0.0,0.1672661870503597,0.0,0.0,0.7122302158273381,0.04316546762589928,0.0,0.0,0.0,0.048561151079136694,14.627697841726619,0.2356115107913669,3.8507194244604315,0.0,6.111510791366906,2.7715827338129495,1.683453237410072,9.266187050359711,0.0,0.09352517985611511,0.4460431654676259,0.0,0.0,0.0,18.89568345323741,2.012589928057554,0.0,0.6996402877697842,0.019784172661870502,0.0,0.4136690647482014,0.6672661870503597,0.0,0.07733812949640288,0.0
747,1366,4,0.6207792207792208,0.08831168831168831,0.4727272727272727,2.638961038961039,0.0,0.11688311688311688,0.0,0.05194805194805195,0.0,0.0,0.0,0.0,0.0,0.04935064935064935,0.0,0.0,0.0,0.0,0.0,2.587012987012987,0.02077922077922078,4.184415584415585,0.0,1.051948051948052,0.7532467532467533,0.8597402597402597,7.594805194805195,0.0,0.0,0.2519480519480519,0.08051948051948052,0.0,0.0,16.433766233766235,1.3792207792207791,0.0,0.07012987012987013,0.15584415584415584,0.0,0.0025974025974025974,0.5454545454545454,0.0,0.025974025974025976,0.0
752,341,4,0.5816993464052288,0.06535947712418301,0.24836601307189543,2.1633986928104574,0.0,0.0,0.0,0.0,0.0,0.0,0.0,0.0,0.0,0.21568627450980393,0.0,0.0,0.0392156862745098,0.10457516339869281,0.0,9.928104575163399,0.0,7.69281045751634,0.0,1.973856209150327,0.0,0.16993464052287582,7.372549019607843,0.0,0.0,0.0,0.0,0.0,0.0,12.379084967320262,1.2810457516339868,0.0,0.7581699346405228,0.0,0.0,0.0457516339869281,0.6013071895424836,0.0,0.0457516339869281,2.0065359477124183
756,389,4,0.6120527306967984,0.0696798493408663,0.5819209039548022,3.2693032015065913,0.0,0.0,0.0,0.0,0.0,0.0,0.005649717514124294,0.0,0.0,0.09416195856873823,0.018832391713747645,0.0,0.0,0.0,0.01694915254237288,11.195856873822976,0.0,1.8926553672316384,0.0,7.531073446327683,1.5725047080979284,0.35969868173258,4.146892655367232,0.0,0.0,0.1751412429378531,0.14124293785310735,0.0,0.0,12.291902071563088,1.817325800376648,0.0,0.4011299435028249,0.19962335216572505,0.0018832391713747645,0.5310734463276836,0.5009416195856874,0.0,0.047080979284369114,0.0
760,1353,12,0.594017094017094,0.07834757834757834,0.5,3.6396011396011394,0.0,0.0,0.0,0.0,0.0,0.0,0.004273504273504274,0.0,0.0,0.0,0.0,0.0,0.0,0.0,0.017094017094017096,13.823361823361823,0.0,1.8874643874643875,0.0,10.085470085470085,1.6139601139601139,0.05128205128205128,2.668091168091168,0.0,0.0,0.22934472934472935,0.09259259259259259,0.0,0.0,13.743589743589743,2.49002849002849,0.0,0.2934472934472934,0.0,0.0,0.6452991452991453,0.5683760683760684,0.0,0.019943019943019943,0.0
747,1785,4,0.6418663303909206,0.07818411097099622,0.266078184110971,2.337957124842371,0.0,0.17654476670870115,0.0,0.5535939470365699,0.0,0.0,0.0,0.0,0.0,0.5081967213114754,0.28877679697351827,0.0,0.31778058007566207,0.21689785624211855,0.0,10.779319041614123,0.0025220680958385876,10.73392181588903,0.0,2.4665825977301385,0.1223203026481715,0.14627994955863807,7.562421185372005,0.0,0.0,0.39722572509457754,0.0,0.0,0.0,12.180327868852459,1.373266078184111,0.0,0.8738965952080706,0.021437578814627996,0.0,0.22824716267339218,0.6103404791929382,0.0,0.058007566204287514,1.4905422446406054
748,2011,4,0.5524475524475524,0.08391608391608392,1.4405594405594406,2.8811188811188813,0.0,0.0,0.0,0.0,0.0,0.0,0.0,0.0,0.0,0.0,0.0,0.0,0.0,0.0,0.0,3.4965034965034967,0.17482517482517482,4.13986013986014,0.0,2.9160839160839163,0.8531468531468531,1.2797202797202798,6.804195804195804,0.0,0.0,0.5314685314685315,0.0,0.0,0.0,15.811188811188812,1.4055944055944056,0.0,0.27972027972027974,0.06293706293706294,0.0,0.3146853146853147,0.5524475524475524,0.0,0.02097902097902098,0.0
758,367,4,0.8729281767955801,0.06629834254143646,0.0,3.005524861878453,0.0,0.0,0.0,0.0,0.0,0.0,0.0,0.0,0.0,0.0,0.0,0.0,0.0,0.0,0.0,3.414364640883978,0.0,3.226519337016575,0.0,3.9889502762430937,1.0,0.0055248618784530384,3.3756906077348066,0.0,0.0,0.20994475138121546,0.0,0.0,0.0,18.104972375690608,1.6243093922651934,0.0,0.022099447513812154,0.11602209944751381,0.0,0.19337016574585636,0.6298342541436464,0.0,0.03867403314917127,0.0
758,1082,4,0.6211180124223602,0.07246376811594203,0.36024844720496896,3.2546583850931676,0.0,0.0,0.0,0.0,0.0,0.0,0.0,0.0,0.0,0.0,0.0,0.0,0.0,0.0,0.0,11.03312629399586,0.0,1.94824016563147,0.0,7.391304347826087,1.7225672877846792,0.037267080745341616,4.037267080745342,0.0,0.0,0.033126293995859216,0.0,0.0,0.0,12.691511387163562,1.950310559006211,0.0,0.22567287784679088,0.014492753623188406,0.0,0.5507246376811594,0.4927536231884058,0.0,0.018633540372670808,0.0
755,908,4,0.6502242152466368,0.09118086696562033,1.0837070254110612,3.403587443946188,0.0,0.04185351270553064,0.0,0.22122571001494767,0.0,0.0,0.0,0.0,0.0,0.16741405082212257,0.059790732436472344,0.0,0.0,0.059790732436472344,0.0,14.837070254110612,0.028400597907324365,5.633781763826607,0.0,5.998505231689088,1.6113602391629298,0.11808669656203288,3.6442451420029895,0.0,0.0,0.2765321375186846,0.01046337817638266,0.0,0.0,13.763826606875934,1.8071748878923768,0.0,0.25411061285500747,0.18236173393124067,0.0,0.4080717488789238,0.7354260089686099,0.0,0.07473841554559044,2.420029895366218
753,1443,4,0.7212713936430318,0.10024449877750612,0.6919315403422983,4.6821515892420535,0.0,0.0,0.0,0.13202933985330073,0.0,0.0,0.10513447432762836,0.22249388753056235,0.061124694376528114,0.4132029339853301,0.2591687041564792,0.0,0.02444987775061125,0.014669926650366748,0.0,13.9119804400978,0.0,1.97799511002445,0.0,12.02444987775061,6.616136919315403,0.02689486552567237,4.352078239608802,0.0,0.0,0.5378973105134475,0.0,0.0,0.2591687041564792,18.723716381418093,3.1246943765281174,0.0,0.0,0.0,0.0,0.9486552567237164,0.589242053789731,2.748166259168704,0.06601466992665037,14.750611246943766
749,73,4,0.5868544600938967,0.09389671361502347,0.2863849765258216,5.154929577464789,0.0,0.0,0.0,0.0,0.0,0.0,0.0,0.0,0.0,0.11737089201877934,0.0,0.0,0.0,0.0,0.0,15.112676056338028,0.004694835680751174,3.427230046948357,0.0,12.774647887323944,3.004694835680751,0.023474178403755867,6.187793427230047,0.0,0.10328638497652583,0.09389671361502347,0.596244131455399,0.0,0.0,21.64788732394366,3.075117370892019,0.0,0.22535211267605634,0.0,0.0,1.1690140845070423,0.5868544600938967,0.0,0.028169014084507043,0.3333333333333333
753,1412,12,0.5747126436781609,0.14942528735632185,0.1724137931034483,4.057471264367816,0.0,0.0,0.0,0.0,0.0,0.0,0.0,0.0,0.0,0.0,0.0,0.0,0.0,0.0,0.0,13.10344827586207,0.0,2.735632183908046,0.0,10.827586206896552,3.5172413793103448,0.0,1.9310344827586208,0.0,0.0,0.0,0.10344827586206896,0.0,0.0,14.264367816091953,2.9310344827586206,0.0,0.0,0.0,0.0,0.9425287356321839,0.3333333333333333,0.0,0.011494252873563218,0.0
764,1429,4,0.6261261261261262,0.10810810810810811,0.2972972972972973,4.738738738738738,0.0,0.05405405405405406,0.0,0.509009009009009,0.0,0.0,0.06306306306306306,0.0,0.0,1.2837837837837838,0.4594594594594595,0.0,0.02252252252252252,0.23873873873873874,0.0,11.468468468468469,0.0,3.869369369369369,0.0,4.193693693693693,2.9414414414414414,0.23873873873873874,6.653153153153153,0.0,0.0,0.24324324324324326,0.02702702702702703,0.0,0.0,17.963963963963963,2.545045045045045,0.0,0.018018018018018018,0.0,0.0,1.018018018018018,0.6666666666666666,0.0,0.03153153153153153,9.211711711711711
761,1242,4,0.5984251968503937,0.07874015748031496,0.1889763779527559,4.911811023622048,0.0,0.0,0.0,0.03779527559055118,0.0,0.0,0.0,0.0,0.0,0.07874015748031496,0.011023622047244094,0.0,0.0,0.006299212598425197,0.0,11.700787401574804,0.0,2.784251968503937,0.0,10.576377952755905,2.721259842519685,0.025196850393700787,4.916535433070866,0.0,0.07874015748031496,0.23937007874015748,0.3165354330708661,0.0,0.0,20.796850393700787,3.440944881889764,0.0,0.2204724409448819,0.05984251968503937,0.0,1.094488188976378,0.6157480314960629,0.0,0.03937007874015748,0.3606299212598425
767,1527,4,0.6238317757009346,0.07710280373831775,0.719626168224299,5.52803738317757,0.0,0.0,0.0,0.0,0.0,0.0,0.0,0.0,0.0,0.0,0.0,0.0,0.0,0.0,0.0,15.336448598130842,0.011682242990654205,2.808411214953271,0.0,9.992990654205608,4.289719626168225,0.0,2.9158878504672896,0.0,0.0,0.02570093457943925,0.20093457943925233,0.0,0.0,19.91822429906542,3.1401869158878504,0.0,0.0,0.08878504672897196,0.0,0.8434579439252337,0.6191588785046729,0.0,0.037383177570093455,0.0
759,1699,12,0.6068181818181818,0.06477272727272727,0.6409090909090909,3.8329545454545455,0.0,0.0125,0.0,0.0,0.0,0.0,0.00909090909090909,0.0,0.0,0.17954545454545454,0.020454545454545454,0.0,0.0,0.0,0.06363636363636363,11.17159090909091,0.03295454545454545,4.756818181818182,0.0,11.029545454545454,1.6,0.4011363636363636,5.859090909090909,0.0,0.05909090909090909,0.22045454545454546,0.0,0.0,0.0,16.57840909090909,2.0943181818181817,0.0,0.11363636363636363,0.07613636363636364,0.0022727272727272726,0.7704545454545455,0.6352272727272728,0.0,0.03295454545454545,0.12386363636363637
760,93,4,0.515970515970516,0.07862407862407862,0.2113022113022113,3.2014742014742015,0.0,0.257985257985258,0.0,3.0933660933660936,0.0,0.0,0.0,0.009828009828009828,0.0,1.8722358722358723,0.6732186732186732,0.0,0.2457002457002457,1.5085995085995085,0.0,2.597051597051597,0.012285012285012284,16.81081081081081,0.0,1.1891891891891893,1.1670761670761671,0.6535626535626535,6.358722358722359,0.07616707616707617,0.0,0.26044226044226043,0.0,0.0,0.6584766584766585,15.744471744471744,1.3832923832923834,0.0,0.16216216216216217,0.36363636363636365,0.0,1.0737100737100738,0.547911547911548,0.0,0.085995085995086,13.191646191646191
760,1052,4,0.6022889842632332,0.09585121602288985,0.8283261802575107,3.456366237482117,0.0,0.0,0.0,0.0,0.0,0.0,0.0,0.0,0.0,0.0,0.0,0.0,0.0,0.0,0.0,11.969957081545065,0.0,2.311874105865522,0.0,9.310443490701001,1.988555078683834,0.12160228898426323,3.2546494992846924,0.0,0.0,0.08726752503576538,0.0,0.0,0.0,12.985693848354792,1.9170243204577968,0.0,0.21602288984263232,0.012875536480686695,0.0,0.6237482117310443,0.4592274678111588,0.0,0.02861230329041488,0.0
761,1169,12,0.5226063829787234,0.07845744680851063,0.9428191489361702,4.444148936170213,0.0,0.0,0.0,0.0,0.0,0.0,0.0026595744680851063,0.0,0.0,0.0013297872340425532,0.0,0.0,0.0,0.0,0.0,13.928191489361701,0.003989361702127659,2.651595744680851,0.0,7.610372340425532,2.761968085106383,0.1077127659574468,3.640957446808511,0.0,0.0,0.0598404255319149,0.0,0.0,0.0,17.595744680851062,3.0066489361702127,0.0,0.0625,0.11170212765957446,0.0,0.4507978723404255,0.5704787234042553,0.0,0.023936170212765957,0.0
762,1597,7,0.6340956340956341,0.09147609147609148,0.34511434511434513,5.288981288981289,0.0,0.0498960498960499,0.0,0.3659043659043659,0.0,0.0,0.0,0.0,0.010395010395010396,0.7692307692307693,0.22245322245322247,0.0,0.08108108108108109,0.39501039501039503,0.0,17.12889812889813,0.0,7.411642411642411,0.0,7.538461538461538,4.898128898128898,0.3596673596673597,3.503118503118503,0.0,0.04365904365904366,0.1288981288981289,0.0,0.0,0.35135135135135137,19.172557172557173,3.079002079002079,0.0,0.016632016632016633,0.17671517671517672,0.0,0.8565488565488566,0.577962577962578,0.0,0.06444906444906445,4.6881496881496885
764,1897,4,0.6294642857142857,0.10714285714285714,0.7700892857142857,5.912946428571429,0.0,0.0,0.0,0.013392857142857142,0.0,0.0,0.45535714285714285,0.0,0.0,1.1049107142857142,0.6049107142857143,0.0,0.0,0.0,1.8125,12.578125,0.008928571428571428,3.328125,0.0,10.477678571428571,5.845982142857143,0.4107142857142857,7.569196428571429,0.0,0.0,0.23660714285714285,0.0,0.171875,0.0,23.415178571428573,3.3482142857142856,0.0,0.2611607142857143,0.1875,0.25,0.7053571428571429,0.59375,0.0,0.06473214285714286,1.0513392857142858
762,1919,4,0.6023489932885906,0.09060402684563758,0.5436241610738255,3.780201342281879,0.0,0.0,0.0,0.0,0.0,0.0,0.0,0.0,0.0,0.053691275167785234,0.02348993288590604,0.0,0.0,0.0,0.0,12.406040268456376,0.050335570469798654,3.634228187919463,0.0,11.110738255033556,3.3506711409395975,0.4312080536912752,4.701342281879195,0.0,0.3104026845637584,0.6426174496644296,0.0,0.0,0.0,17.436241610738254,2.075503355704698,0.0,0.5,0.05201342281879195,0.0,0.8053691275167785,0.6208053691275168,0.0,0.03523489932885906,0.0
759,1677,4,0.5945378151260504,0.08823529411764706,0.22268907563025211,3.7668067226890756,0.0,0.018907563025210083,0.0,0.02100840336134454,0.0,0.0,0.0,0.0,0.0,0.03991596638655462,0.0,0.0,0.0,0.0,0.0,10.600840336134453,0.0,3.485294117647059,0.0,9.481092436974789,2.888655462184874,0.4222689075630252,5.195378151260504,0.0,0.004201680672268907,0.27310924369747897,0.06092436974789916,0.0,0.0,17.636554621848738,2.0945378151260505,0.0,0.08403361344537816,0.031512605042016806,0.0,0.7331932773109243,0.6176470588235294,0.0,0.058823529411764705,0.0
758,754,4,0.7107623318385651,0.09192825112107623,0.22869955156950672,4.3475336322869955,0.0,0.09641255605381166,0.0,0.15022421524663676,0.0,0.0,0.0,0.09417040358744394,0.0,0.13901345291479822,0.16591928251121077,0.0,0.0,0.0,0.0,11.02914798206278,0.0,3.6995515695067263,0.0,8.309417040358744,4.401345291479821,0.1210762331838565,6.408071748878924,0.0,0.004484304932735426,0.35201793721973096,0.0,0.0,0.0,19.199551569506728,2.3452914798206277,0.0,0.0,0.13004484304932734,0.0,0.874439461883408,0.6278026905829597,0.7040358744394619,0.04708520179372197,11.786995515695068
764,1391,5,0.6788990825688074,0.10091743119266056,0.8027522935779816,3.1743119266055047,0.0,0.0,0.0,0.0,0.0,0.0,0.0,0.0,0.0,0.0,0.0,0.0,0.0,0.0,0.0,4.89908256880734,0.0,2.426605504587156,0.0,4.839449541284404,1.7660550458715596,0.013761467889908258,4.697247706422019,0.0,0.0,0.3211009174311927,0.0,0.0,0.0,13.738532110091743,2.0275229357798166,0.0,0.5045871559633027,0.0963302752293578,0.0,0.1834862385321101,0.5,0.0,0.022935779816513763,0.0
765,1549,7,0.6620689655172414,0.09310344827586207,0.6655172413793103,5.444827586206896,0.0,0.0,0.0,0.05862068965517241,0.0,0.0,0.23103448275862068,0.0,0.0,0.7896551724137931,0.5896551724137931,0.0,0.1103448275862069,0.08275862068965517,0.0,13.296551724137931,0.0,4.475862068965517,0.5655172413793104,24.851724137931033,5.944827586206896,0.13448275862068965,5.603448275862069,0.0,0.0,0.0,0.020689655172413793,0.0,0.3724137931034483,21.53103448275862,3.2448275862068967,0.0,0.46206896551724136,0.06896551724137931,0.0,1.7862068965517242,0.6103448275862069,0.0,0.07586206896551724,5.7379310344827585
763,1645,4,0.558766859344894,0.08092485549132948,0.8940269749518305,4.851637764932563,0.0,0.0,0.0,0.0,0.0,0.0,0.4489402697495183,0.0,0.0,0.9036608863198459,0.48940269749518306,0.0,0.0,0.0,2.250481695568401,16.339113680154142,0.0,3.4971098265895955,0.0,14.013487475915221,3.48747591522158,0.6339113680154143,8.870905587668593,0.0,0.0,0.2581888246628131,0.0,0.11175337186897881,0.0,18.89402697495183,2.3371868978805397,0.0,0.3198458574181118,0.025048169556840076,0.1348747591522158,0.859344894026975,0.5337186897880539,0.0,0.06358381502890173,1.346820809248555
758,570,4,0.6637931034482759,0.04885057471264368,0.2959770114942529,4.066091954022989,0.0,0.0,0.0,0.0,0.0,0.0,0.05747126436781609,0.0,0.0,0.2413793103448276,0.05459770114942529,0.0,0.0,0.03735632183908046,0.20114942528735633,14.114942528735632,0.0,6.045977011494253,0.0,14.543103448275861,2.295977011494253,0.42528735632183906,7.080459770114943,0.0,0.6264367816091954,0.5373563218390804,0.0,0.0,0.0,17.362068965517242,2.25,0.0,0.3218390804597701,0.3735632183908046,0.0,1.3045977011494252,0.7126436781609196,0.0,0.034482758620689655,0.14655172413793102
760,782,7,0.5426356589147286,0.046511627906976744,0.5813953488372093,2.697674418604651,0.0,0.0,0.0,0.0,0.0,0.0,0.0,0.0,0.0,0.0,0.0,0.0,0.0,0.0,0.0,2.7209302325581395,0.14728682170542637,2.937984496124031,0.0,1.2093023255813953,0.8217054263565892,0.15503875968992248,6.162790697674419,0.0,0.0,0.046511627906976744,0.0,0.0,0.0,12.875968992248062,1.8527131782945736,0.0,0.13953488372093023,0.15503875968992248,0.0,0.007751937984496124,0.5426356589147286,0.0,0.007751937984496124,0.0
761,846,4,0.7564766839378239,0.08808290155440414,0.3316062176165803,3.673575129533679,0.0,0.0,0.0,0.927461139896373,0.0,0.0,0.6994818652849741,0.0,0.0,1.305699481865285,0.7098445595854922,0.0,0.0,0.0,1.072538860103627,8.637305699481866,0.0,3.9689119170984455,0.0,5.927461139896373,1.6839378238341969,0.3471502590673575,4.8549222797927465,0.0,0.0,0.05699481865284974,0.17616580310880828,0.13989637305699482,0.0,15.150259067357513,2.2538860103626943,0.0,0.0051813471502590676,0.0051813471502590676,0.15544041450777202,0.46113989637305697,0.6321243523316062,0.0,0.06735751295336788,1.4455958549222798
762,1376,4,0.640117994100295,0.06784660766961652,1.0412979351032448,3.144542772861357,0.0,0.0,0.0,0.1710914454277286,0.0,0.0,0.032448377581120944,0.0,0.011799410029498525,0.22713864306784662,0.08259587020648967,0.0,0.0,0.0,0.11209439528023599,5.094395280235989,0.008849557522123894,2.433628318584071,0.0,4.15929203539823,1.5103244837758112,0.0855457227138643,3.9174041297935105,0.0,0.0,0.11504424778761062,0.0,0.04129793510324484,0.0,13.218289085545722,2.206489675516224,0.0,0.4631268436578171,0.3274336283185841,0.0,0.22123893805309736,0.584070796460177,0.0,0.032448377581120944,0.05014749262536873
770,1761,4,0.64,0.045,0.06,2.715,0.0,0.0,0.0,0.0,0.0,0.0,0.0,0.0,0.0,0.01,0.045,0.0,0.0,0.0,0.0,17.37,0.0,9.9,0.0,5.33,0.265,0.02,2.22,0.0,0.0,0.0,0.0,0.0,0.0,13.395,2.075,0.0,1.475,0.0,0.0,0.43,0.71,0.0,0.07,0.11
763,1261,4,0.5295238095238095,0.07714285714285714,0.7619047619047619,3.8514285714285714,0.0,0.0019047619047619048,0.0,0.007619047619047619,0.0,0.0,0.0,0.0,0.0,0.008571428571428572,0.0,0.0,0.0,0.0,0.0,10.30952380952381,0.0761904761904762,3.6466666666666665,0.0,8.31047619047619,2.0923809523809522,0.9057142857142857,6.277142857142858,0.0,0.0,0.28476190476190477,0.08476190476190476,0.0,0.0,17.909523809523808,2.0514285714285716,0.0,0.22,0.18666666666666668,0.0,0.5685714285714286,0.5704761904761905,0.0,0.03619047619047619,0.0
763,1616,4,0.6764705882352942,0.09358288770053476,0.9518716577540107,4.0,0.0,0.0,0.0,0.0,0.0,0.0,0.0,0.0,0.0,0.0,0.0,0.0,0.0,0.0,0.0,12.631016042780749,0.0,2.3128342245989306,0.0,5.839572192513369,1.5802139037433156,0.0,2.5401069518716577,0.0,0.0,0.893048128342246,0.00267379679144385,0.0,0.0,14.95187165775401,2.235294117647059,0.0,0.0,0.07754010695187166,0.0,0.31016042780748665,0.6497326203208557,0.0,0.01871657754010695,0.0
767,292,4,0.5895765472312704,0.10423452768729642,0.5993485342019544,4.107491856677524,0.0,0.0,0.0,0.0,0.0,0.0,0.013029315960912053,0.0,0.0,0.11400651465798045,0.0781758957654723,0.0,0.0,0.0,0.05211726384364821,13.45928338762215,0.0,3.736156351791531,0.0,12.690553745928339,2.583061889250814,0.4788273615635179,4.88599348534202,0.0,0.0,0.11726384364820847,0.0,0.026058631921824105,0.0,18.21498371335505,2.407166123778502,0.0,0.026058631921824105,0.0,0.0,0.8697068403908795,0.5928338762214984,0.0,0.04560260586319218,0.0
768,925,11,0.5951417004048583,0.06072874493927125,1.1639676113360324,2.5668016194331984,0.0,0.0,0.0,0.030364372469635626,0.0,0.0,0.0,0.0,0.0,0.048582995951417005,0.0,0.0,0.0,0.0,0.0,3.9534412955465585,0.0,1.8400809716599191,0.0,2.52834008097166,0.805668016194332,0.18421052631578946,5.1923076923076925,0.0,0.0,0.04251012145748988,0.0,0.0,0.0,11.45344129554656,1.5890688259109311,0.0,0.15182186234817813,0.04251012145748988,0.0,0.18218623481781376,0.4757085020242915,0.0,0.030364372469635626,0.0
769,1661,12,0.5815217391304348,0.07065217391304347,0.3695652173913043,4.086956521739131,0.0,0.0,0.0,0.6331521739130435,0.0,0.0,0.0,0.005434782608695652,0.0,1.2581521739130435,0.3016304347826087,0.0,0.8125,0.4701086956521739,0.0,9.665760869565217,0.03260869565217391,2.0434782608695654,0.0,3.7119565217391304,2.592391304347826,1.3315217391304348,2.2934782608695654,0.0,0.02717391304347826,0.24456521739130435,0.0,0.0,4.260869565217392,17.782608695652176,2.964673913043478,0.0,0.059782608695652176,0.002717391304347826,0.0,0.6032608695652174,0.6304347826086957,1.4048913043478262,0.07608695652173914,8.828804347826088
761,1786,4,0.6594427244582043,0.08978328173374613,0.19504643962848298,4.910216718266254,0.0,0.12074303405572756,0.0,0.19504643962848298,0.0,0.0,0.0,0.0,0.0,0.47678018575851394,0.2631578947368421,0.0,0.0,0.34055727554179566,0.0,15.603715170278639,0.0,13.637770897832818,0.0,22.148606811145513,6.291021671826625,0.49226006191950467,4.544891640866873,0.0,0.1021671826625387,0.29102167182662536,0.0,0.0,0.0,22.092879256965944,2.9690402476780187,0.0,0.28173374613003094,0.16408668730650156,0.0,1.8204334365325077,0.6501547987616099,0.04953560371517028,0.08359133126934984,7.900928792569659
771,1847,4,0.5652173913043478,0.06763285024154589,0.5217391304347826,3.5458937198067635,0.0,0.0,0.0,0.0,0.0,0.0,0.0,0.0,0.0,0.0,0.0,0.0,0.0,0.0,0.0,5.0772946859903385,0.06280193236714976,4.613526570048309,0.0,4.2270531400966185,0.8357487922705314,0.9420289855072463,8.16425120772947,0.0,0.0,0.2946859903381642,0.0,0.0,0.0,18.004830917874397,2.0193236714975846,0.0,0.15942028985507245,0.15942028985507245,0.0,0.45410628019323673,0.6618357487922706,0.0,0.03864734299516908,0.0
770,1994,4,0.6163215590742996,0.10109622411693057,0.853836784409257,5.839220462850183,0.0,0.00243605359317905,0.0,0.0,0.0,0.0,0.0,0.0,0.0,0.4933008526187576,0.21680876979293545,0.0,0.0,0.0,0.0,14.389768574908649,0.0925700365408039,3.515225334957369,0.0,9.87454323995128,5.951278928136419,1.1084043848964678,5.475030450669915,0.0,0.00243605359317905,0.29963459196102316,0.3215590742996346,0.0,0.0,25.59074299634592,3.4165651644336177,0.0,0.25334957369062117,0.11936662606577345,0.0,0.7381242387332522,0.6236297198538368,0.0,0.06211936662606577,0.010962241169305725
764,2014,4,2.626086956521739,0.07577639751552795,0.613664596273292,3.1763975155279502,0.0,0.0,0.0,0.0,0.0,0.0,0.0,0.0,0.0,0.0,0.0,0.0,0.0,0.0,0.0,8.611180124223603,0.03975155279503106,4.291925465838509,0.0,7.911801242236025,1.4422360248447206,0.6782608695652174,6.048447204968944,0.0,0.0012422360248447205,0.2956521739130435,0.0,0.0,0.0,17.296894409937888,1.9142857142857144,0.0,0.20248447204968945,0.13043478260869565,0.0,0.622360248447205,0.7204968944099379,0.0,1.2385093167701864,0.0
771,61,4,0.8873239436619719,0.09859154929577464,1.0352112676056338,3.0704225352112675,0.0,0.0,0.0,0.0,0.0,0.0,0.0,0.0,0.0,0.0,0.0,0.0,0.0,0.0,0.0,9.387323943661972,0.1619718309859155,3.4014084507042255,0.0,6.232394366197183,1.204225352112676,1.295774647887324,6.838028169014085,0.0,0.9647887323943662,1.147887323943662,0.0,0.0,0.0,18.232394366197184,1.8450704225352113,0.0,1.2253521126760563,0.20422535211267606,0.0,0.47183098591549294,0.5422535211267606,0.0,0.02112676056338028,0.0
767,707,4,0.6033966033966034,0.1008991008991009,0.6253746253746254,3.056943056943057,0.0,0.0,0.0,0.0,0.0,0.0,0.0,0.0,0.0,0.0,0.0,0.0,0.0,0.0,0.0,12.23976023976024,0.0,2.1878121878121877,0.0,6.557442557442558,1.4905094905094904,0.054945054945054944,3.3446553446553446,0.0,0.0,0.08391608391608392,0.0,0.0,0.0,11.325674325674326,1.6513486513486513,0.0,0.21578421578421578,0.0,0.0,0.42857142857142855,0.48151848151848153,0.0,0.017982017982017984,0.0
771,352,4,0.7022900763358778,0.15012722646310434,0.6768447837150128,32.725190839694655,0.0,0.0,0.0,0.0,0.0,0.0,0.0,0.0,0.0,0.0,0.0,0.0,0.0,0.0,0.0,11.440203562340967,0.0,12.73791348600509,0.0,7.651399491094147,2.089058524173028,0.027989821882951654,3.6513994910941476,0.0,0.0,0.183206106870229,0.18829516539440203,0.0,0.0,29.368956743002546,2.4300254452926207,0.0,0.13231552162849872,0.010178117048346057,0.0,0.5012722646310432,11.994910941475826,0.0,0.05089058524173028,0.0
768,659,4,0.5607476635514018,0.1059190031152648,0.3052959501557632,3.9003115264797508,0.0,0.0,0.0,0.0,0.0,0.0,0.0,0.0,0.0,0.0,0.0,0.0,0.0,0.0,0.0,12.785046728971963,0.0,2.0996884735202492,0.0,11.613707165109034,2.35202492211838,0.006230529595015576,2.953271028037383,0.0,0.0,0.07476635514018691,0.0,0.0,0.0,14.376947040498443,2.4143302180685358,0.0,0.2523364485981308,0.059190031152647975,0.0,0.8006230529595015,0.6043613707165109,0.0,0.021806853582554516,0.0
767,32,4,0.60431654676259,0.08633093525179857,0.40047961630695444,3.369304556354916,0.0,0.0,0.0,0.02158273381294964,0.0,0.0,0.0,0.0,0.0,0.019184652278177457,0.007194244604316547,0.0,0.0,0.0,0.0,9.815347721822542,0.0,2.1414868105515588,0.0,4.112709832134293,1.39568345323741,0.17026378896882494,3.328537170263789,0.0,0.0,0.04316546762589928,0.2014388489208633,0.0,0.0,13.06714628297362,2.0215827338129495,0.0,0.0,0.0,0.0,0.38848920863309355,0.4988009592326139,0.0,0.05515587529976019,0.0
771,519,4,0.6463414634146342,0.0975609756097561,0.36585365853658536,4.2073170731707314,0.0,0.0,0.0,0.0,0.0,0.0,0.0,0.0,0.0,0.0,0.0,0.0,0.0,0.0,0.0,11.231707317073171,0.0,2.317073170731707,0.0,10.426829268292684,2.8902439024390243,0.0,2.658536585365854,0.0,0.0,0.0,0.06097560975609756,0.0,0.0,15.25609756097561,2.3536585365853657,0.0,0.012195121951219513,0.0,0.0,0.9512195121951219,0.47560975609756095,0.0,0.024390243902439025,0.0
767,723,4,0.5568627450980392,0.08823529411764706,0.1568627450980392,3.8,0.0,0.0,0.0,0.0,0.0,0.0,0.0,0.0,0.0,0.0,0.0,0.0,0.0,0.0,0.0,15.811764705882354,0.0,1.7588235294117647,0.0,4.2,1.1392156862745098,0.0,3.0352941176470587,0.0,0.0,0.0,0.0,0.0,0.0,12.766666666666667,1.9588235294117646,0.0,0.0,0.0,0.0,1.1764705882352942,0.5333333333333333,0.0,0.027450980392156862,0.0
770,1405,11,0.6275303643724697,0.09716599190283401,0.26720647773279355,30.05263157894737,0.0,0.0,0.0,0.0,0.0,0.0,0.0,0.0,0.0,0.0,0.0,0.0,0.0,0.0,0.0,11.979757085020243,0.0,11.96761133603239,0.0,8.45344129554656,2.2064777327935223,0.032388663967611336,1.9392712550607287,0.0,0.0,0.13765182186234817,0.20242914979757085,0.0,0.0,30.672064777327936,2.8906882591093117,0.0,0.10121457489878542,0.008097165991902834,0.0,0.582995951417004,16.51417004048583,0.0,0.02834008097165992,0.0
770,274,12,0.6649214659685864,0.12041884816753927,0.725130890052356,5.549738219895288,0.0,0.0,0.0,0.23298429319371727,0.0,0.0,0.12303664921465969,0.0,0.0,1.0026178010471205,0.3481675392670157,0.0,0.36910994764397903,0.4293193717277487,0.0,16.667539267015705,0.007853403141361256,3.505235602094241,0.1387434554973822,8.565445026178011,4.358638743455497,0.4476439790575916,6.337696335078534,0.0,0.0,0.23036649214659685,0.0,0.0,2.824607329842932,21.971204188481675,3.183246073298429,0.0,0.08638743455497382,0.10732984293193717,0.0,1.2041884816753927,0.6073298429319371,0.0,0.06282722513089005,12.013089005235603
768,464,4,0.7172131147540983,0.06147540983606557,0.7786885245901639,2.1475409836065573,0.0,0.0,0.0,1.0901639344262295,0.0,0.004098360655737705,0.0,0.0,0.0,0.5245901639344263,0.18442622950819673,0.0,0.20901639344262296,0.020491803278688523,0.0,2.737704918032787,0.0,2.5040983606557377,0.0,1.9098360655737705,0.5737704918032787,1.8360655737704918,5.368852459016393,0.0,0.0,0.0,0.0,0.0,0.0,10.422131147540984,1.2049180327868851,0.0,0.045081967213114756,0.0,0.0,0.5409836065573771,0.45901639344262296,0.0,0.08196721311475409,2.9795081967213113
781,538,4,0.6118421052631579,0.09210526315789473,0.680921052631579,3.6677631578947367,0.0,0.0,0.0,0.0,0.0,0.0,0.0,0.0,0.0,0.0,0.0,0.0,0.0,0.0,0.0,12.664473684210526,0.0,1.986842105263158,0.0,11.167763157894736,2.2401315789473686,0.125,4.322368421052632,0.0,0.0,0.08881578947368421,0.013157894736842105,0.0,0.0,13.703947368421053,2.2697368421052633,0.0,0.23026315789473684,0.20065789473684212,0.0,0.8651315789473685,0.5098684210526315,0.0,0.03289473684210526,0.0
780,736,4,0.5583224115334207,0.10353866317169069,0.2686762778505898,3.9528178243774574,0.0,0.0,0.0,0.0,0.0,0.0,0.0,0.0,0.0,0.0,0.0,0.0,0.0,0.0,0.0,17.112712975098297,0.005242463958060288,1.7627785058977719,0.0,4.918741808650066,1.18086500655308,0.06290956749672345,3.45478374836173,0.0,0.0,0.08125819134993446,0.0,0.0,0.0,13.495412844036696,2.040629095674967,0.0,0.0,0.0,0.0,1.1874180865006554,0.5439056356487549,0.0,0.02621231979030144,0.0
775,765,4,0.7926008968609866,0.08183856502242152,0.37668161434977576,4.630044843049327,0.0,0.0,0.0,0.01905829596412556,0.0,0.0,0.0,0.0,0.0,0.11210762331838565,0.026905829596412557,0.0,0.0,0.0,0.0,12.414798206278027,0.011210762331838564,3.1300448430493275,0.0,8.834080717488789,2.17152466367713,0.04708520179372197,3.0818385650224216,0.0,0.0,0.27466367713004486,0.10650224215246637,0.0,0.0,15.22421524663677,2.399103139013453,0.0,0.3060538116591928,0.11659192825112108,0.0,0.6625560538116592,0.8878923766816144,0.0,0.023542600896860985,0.0
769,824,4,0.7755102040816326,0.08905380333951762,1.150278293135436,4.178107606679036,0.0,0.0,0.0,0.0018552875695732839,0.0,0.0,0.0,0.0,0.0,0.0018552875695732839,0.0,0.0,0.0,0.0,0.0,10.755102040816327,0.029684601113172542,2.027829313543599,0.0,7.057513914656772,1.8608534322820036,0.14842300556586271,3.910946196660482,0.0,0.0,0.32653061224489793,0.06679035250463822,0.0,0.0,17.27829313543599,2.9072356215213357,0.0,0.7606679035250464,0.14100185528756956,0.0,0.4675324675324675,0.6252319109461967,0.0,0.02040816326530612,0.0
772,895,4,0.8193832599118943,0.09691629955947137,1.118942731277533,3.05726872246696,0.0,0.0,0.0,0.09251101321585903,0.0,0.0,0.0,0.0,0.0,0.07048458149779736,0.0,0.0,0.0,0.0,0.0,9.052863436123348,0.00881057268722467,2.4801762114537445,0.0,6.057268722466961,1.4581497797356828,0.19383259911894274,5.118942731277533,0.0,0.0,0.0,0.0,0.0,0.0,12.484581497797357,1.9427312775330396,0.0,0.17180616740088106,0.0881057268722467,0.0,0.31718061674008813,0.4801762114537445,0.0,0.03524229074889868,0.0
773,1029,4,0.6475095785440613,0.09195402298850575,1.8275862068965518,2.689655172413793,0.0,0.0,0.0,0.02681992337164751,0.0,0.0,0.25287356321839083,0.0,0.21455938697318008,0.8045977011494253,0.4942528735632184,0.0,0.0,0.0038314176245210726,0.0,6.954022988505747,0.07662835249042145,2.425287356321839,0.0,7.521072796934866,1.9157088122605364,0.12260536398467432,4.75095785440613,0.0,0.0,0.14942528735632185,0.0,0.0,0.0,10.739463601532567,1.1724137931034482,0.0,0.7241379310344828,0.09578544061302682,0.0,0.6360153256704981,0.5363984674329502,3.5900383141762453,0.08045977011494253,12.64367816091954
782,1284,4,0.5315315315315315,0.06906906906906907,1.075075075075075,4.675675675675675,0.0,0.0,0.0,0.0,0.0,0.0,0.10810810810810811,0.0,0.0,0.10510510510510511,0.03003003003003003,0.0,0.0,0.0,0.2552552552552553,13.375375375375375,0.04504504504504504,2.7417417417417416,0.0,7.2942942942942945,3.15015015015015,0.03303303303303303,3.4204204204204203,0.0,0.0,0.015015015015015015,0.0,0.0,0.0,18.123123123123122,3.135135135135135,0.0,0.10810810810810811,0.06306306306306306,0.003003003003003003,0.4924924924924925,0.5825825825825826,0.0,0.036036036036036036,0.0
776,1631,7,0.6823176823176823,0.08291708291708291,0.8861138861138861,4.414585414585415,0.0,0.0,0.0,0.0,0.0,0.0,0.0,0.0,0.0,0.0,0.0,0.0,0.0,0.0,0.0,13.572427572427573,0.01998001998001998,3.1768231768231767,0.0,8.825174825174825,2.4125874125874125,0.0,3.6653346653346652,0.0,0.0,0.3886113886113886,0.0,0.0,0.0,16.161838161838162,2.375624375624376,0.0,0.10789210789210789,0.04295704295704296,0.0,0.5974025974025974,0.6503496503496503,0.0,0.030969030969030968,0.002997002997002997
774,332,4,0.6394366197183099,0.14084507042253522,1.1042253521126761,8.067605633802817,0.0,0.0,0.0,0.0,0.0,0.0,0.37746478873239436,0.0,0.0,1.5183098591549296,0.2056338028169014,0.0,0.0,0.0,1.236619718309859,20.123943661971833,0.0,3.250704225352113,0.0,11.91830985915493,9.107042253521128,0.9267605633802817,6.414084507042253,0.0,0.1295774647887324,0.2028169014084507,0.0,0.0,0.0,30.146478873239438,4.52112676056338,0.0,0.4197183098591549,0.04225352112676056,0.0,0.8676056338028169,0.6535211267605634,0.0,0.059154929577464786,0.0
779,1008,4,0.4961038961038961,0.10909090909090909,0.6857142857142857,3.7974025974025976,0.0,0.0,0.0,0.0025974025974025974,0.0,0.0,0.0,0.0,0.0,0.007792207792207792,0.07532467532467532,0.0,0.0,0.0,0.0,15.472727272727273,0.0,1.8623376623376624,0.0,11.342857142857143,2.0545454545454547,0.14805194805194805,5.293506493506493,0.0,0.0,0.2597402597402597,0.0,0.0,0.0,13.875324675324675,2.3402597402597403,0.0,0.36883116883116884,0.0,0.0,0.7038961038961039,0.5558441558441558,0.0,0.04415584415584416,0.0
777,137,7,0.5615183246073299,0.07460732984293193,1.1086387434554974,4.4986910994764395,0.0,0.0,0.0,0.28272251308900526,0.0,0.04057591623036649,0.0013089005235602095,0.0,0.0,0.24738219895287958,0.0549738219895288,0.0,0.0,0.24476439790575916,0.0,8.80497382198953,0.03664921465968586,4.130890052356021,0.0,7.8442408376963355,3.108638743455497,0.13350785340314136,3.74869109947644,0.0,0.0,0.04450261780104712,0.0,0.0,0.0,17.586387434554975,2.8965968586387434,0.0,0.168848167539267,0.19109947643979058,0.0,0.46596858638743455,0.5837696335078534,0.0,0.04057591623036649,0.9057591623036649
778,643,4,0.6311336717428088,0.1353637901861252,0.4230118443316413,3.6328257191201354,0.0,0.05245346869712352,0.0,0.4213197969543147,0.0,0.0,0.2131979695431472,0.0,0.0,1.0642978003384094,0.4500846023688663,0.0,0.0,0.02707275803722504,0.5803722504230119,19.795262267343485,0.0,3.6040609137055837,0.0,15.580372250423013,2.8121827411167515,0.7901861252115059,7.2453468697123515,0.0,0.0,0.0,0.0,0.0,0.0,13.463620981387479,1.8409475465313028,0.0,0.27749576988155666,0.01353637901861252,0.0,0.9864636209813875,0.5245346869712352,0.6818950930626058,0.07952622673434856,5.83248730964467
774,810,4,0.5621621621621622,0.13243243243243244,0.5108108108108108,3.675675675675676,0.0,0.0,0.0,0.0,0.0,0.0,0.0,0.0,0.0,0.0,0.0,0.0,0.0,0.0,0.0,12.105405405405405,0.0,2.402702702702703,0.0,4.872972972972973,1.6027027027027028,0.2891891891891892,3.5945945945945947,0.0,0.0,0.03783783783783784,0.08648648648648649,0.0,0.0,15.243243243243244,2.3972972972972975,0.0,0.08378378378378379,0.0,0.0,0.3081081081081081,0.527027027027027,0.0,0.02972972972972973,0.0
773,1877,6,0.6297709923664122,0.08396946564885496,1.2442748091603053,4.343511450381679,0.0,0.0,0.0,0.0,0.0,0.0,0.011450381679389313,0.0,0.0,0.0648854961832061,0.011450381679389313,0.0,0.0,0.0,0.026717557251908396,9.442748091603054,0.0,1.6984732824427482,0.0,9.912213740458014,2.9923664122137406,0.0916030534351145,3.4656488549618323,0.0,0.0,0.022900763358778626,0.09923664122137404,0.0,0.0,17.00763358778626,3.0572519083969465,0.0,0.3969465648854962,0.0,0.0,0.6221374045801527,0.5076335877862596,0.0,0.015267175572519083,0.0
775,909,4,0.5915032679738562,0.06535947712418301,1.1274509803921569,3.4607843137254903,0.0,0.08823529411764706,0.0,0.0,0.0,0.0,0.4542483660130719,0.0,0.4738562091503268,2.130718954248366,1.2908496732026145,0.0,0.0,0.0,0.00980392156862745,8.745098039215685,0.16013071895424835,6.218954248366013,0.0,5.313725490196078,1.696078431372549,1.4836601307189543,9.509803921568627,0.0,0.05228758169934641,0.3431372549019608,0.0,0.25163398692810457,0.0,15.303921568627452,1.1666666666666667,0.0,0.2777777777777778,0.21241830065359477,0.0,0.35947712418300654,0.6045751633986928,0.0,0.06862745098039216,0.0
781,834,4,0.7849462365591398,0.10215053763440861,1.564516129032258,3.860215053763441,0.0,0.0,0.0,0.15053763440860216,0.0,0.0,0.016129032258064516,0.0,0.016129032258064516,0.532258064516129,0.42473118279569894,0.0,0.07526881720430108,0.3172043010752688,0.0,11.03225806451613,0.043010752688172046,2.4408602150537635,0.0,5.403225806451613,2.736559139784946,0.12903225806451613,3.2204301075268815,0.0,0.06989247311827956,0.04838709677419355,0.0,0.0,0.41397849462365593,15.0,2.1344086021505375,0.0,0.3709677419354839,0.021505376344086023,0.0,0.5967741935483871,0.5376344086021505,0.9408602150537635,0.06451612903225806,5.037634408602151
776,964,4,0.7739130434782608,0.11304347826086956,0.6173913043478261,4.352173913043479,0.0,0.0,0.0,0.0,0.0,0.0,0.02826086956521739,0.0,0.0,0.08478260869565217,0.017391304347826087,0.0,0.0,0.0,0.05217391304347826,10.669565217391304,0.0,2.4239130434782608,0.0,7.0978260869565215,2.85,0.017391304347826087,2.884782608695652,0.0,0.0,0.09565217391304348,0.13695652173913042,0.05,0.0,17.41521739130435,3.158695652173913,0.0,0.16304347826086957,0.008695652173913044,0.0,0.5695652173913044,0.5630434782608695,0.0,0.03695652173913044,0.030434782608695653
775,1459,6,0.6399253731343284,0.07835820895522388,1.162313432835821,3.7332089552238807,0.0,0.0,0.0,0.026119402985074626,0.0,0.0,0.0,0.0,0.0,0.08955223880597014,0.0037313432835820895,0.0,0.005597014925373134,0.0,0.0,8.656716417910447,0.04291044776119403,3.0055970149253732,0.0,8.044776119402986,2.0597014925373136,0.22574626865671643,3.3208955223880596,0.0,0.0,0.20708955223880596,0.0,0.0,0.0,15.423507462686567,2.485074626865672,0.0,0.32276119402985076,0.24067164179104478,0.0,0.5317164179104478,0.5727611940298507,0.0,0.029850746268656716,0.0
779,166,7,0.6930232558139535,0.05116279069767442,2.316279069767442,3.474418604651163,0.0,0.0,0.0,1.2744186046511627,0.0,0.0,0.35348837209302325,0.0,0.4558139534883721,2.046511627906977,0.9534883720930233,0.0,0.0,0.0,0.0,3.4976744186046513,0.20930232558139536,4.223255813953489,0.0,3.911627906976744,2.181395348837209,0.7395348837209302,14.251162790697675,0.0,0.5162790697674419,0.8790697674418605,0.0,0.0,0.0,17.725581395348836,2.186046511627907,0.0,1.213953488372093,0.06976744186046512,0.0,0.9953488372093023,0.6046511627906976,0.0,0.09767441860465116,1.3953488372093024
777,787,4,0.5943775100401606,0.10441767068273092,0.3112449799196787,3.9397590361445785,0.0,0.0,0.0,0.024096385542168676,0.0,0.0,0.39959839357429716,0.0,0.0,1.606425702811245,0.606425702811245,0.0,0.0,0.0,0.8373493975903614,12.734939759036145,0.0,4.395582329317269,0.0,9.738955823293173,3.6706827309236947,0.35943775100401604,4.825301204819277,0.0,0.0,0.004016064257028112,0.0,0.09839357429718876,0.0,15.194779116465863,2.4377510040160644,0.0,0.08032128514056225,0.0,0.0,0.608433734939759,0.4718875502008032,0.0,0.05220883534136546,0.7188755020080321
783,1069,4,0.7328605200945626,0.12293144208037825,0.4799054373522459,4.24822695035461,0.0,0.0,0.0,0.0,0.0,0.0,0.009456264775413711,0.0,0.0,0.0591016548463357,0.03546099290780142,0.0,0.0,0.0,0.009456264775413711,10.940898345153665,0.01182033096926714,2.264775413711584,0.0,8.673758865248226,2.4397163120567376,0.02127659574468085,2.955082742316785,0.0,0.0,0.10401891252955082,0.21749408983451538,0.0,0.0,15.704491725768321,2.652482269503546,0.0,0.18439716312056736,0.12056737588652482,0.0,0.6264775413711584,0.6288416075650118,0.0,0.030732860520094562,0.0
780,1821,4,0.5376,0.112,0.7968,4.1088,0.0,0.1184,0.0,0.0064,0.0,0.0,0.0,0.0,0.0,0.0576,0.0048,0.0,0.0,0.0,0.0,16.2048,0.016,3.0,0.0,8.832,2.544,0.072,3.7056,0.0,0.0,0.0096,0.1136,0.0,0.0,15.4256,2.216,0.0,0.0192,0.0,0.0,0.656,0.6544,0.0,0.0304,0.0
783,393,4,0.6467661691542289,0.05472636815920398,0.05472636815920398,4.666666666666667,0.0,0.0,0.0,0.0,0.0,0.0,0.01990049751243781,0.0,0.02736318407960199,0.20149253731343283,0.19651741293532338,0.0,0.0,0.0,0.0,12.216417910447761,0.0,3.4328358208955225,0.0024875621890547263,8.393034825870647,2.8383084577114426,0.43781094527363185,3.7039800995024876,0.0,0.0,0.4502487562189055,0.14427860696517414,0.0,0.0,21.49502487562189,2.743781094527363,0.0,0.0,0.0,0.0,0.6094527363184079,0.5920398009950248,0.0,0.02736318407960199,0.0
783,451,4,0.583756345177665,0.083248730964467,0.39086294416243655,3.349238578680203,0.0,0.0,0.0,0.0,0.0,0.0,0.0,0.0,0.0,0.0,0.0,0.0,0.0,0.0,0.0,13.23248730964467,0.0,1.8791878172588832,0.0,9.173604060913705,1.216243654822335,0.016243654822335026,2.1969543147208124,0.0,0.0,0.2050761421319797,0.12893401015228426,0.0,0.0,12.028426395939086,1.932994923857868,0.0,0.30761421319796955,0.007106598984771574,0.0,0.6426395939086295,0.5248730964467005,0.0,0.029441624365482234,0.0
784,1044,4,0.7830374753451677,0.10256410256410256,0.5384615384615384,4.096646942800789,0.0,0.0,0.0,0.0,0.0,0.0,0.0,0.0,0.0,0.09664694280078895,0.0,0.0,0.0,0.0,0.0,14.400394477317555,0.0,2.2347140039447733,0.0,11.846153846153847,2.856015779092702,0.01775147928994083,2.921104536489152,0.0,0.0,0.1893491124260355,0.252465483234714,0.0,0.0,15.67061143984221,2.8520710059171597,0.0,0.33925049309664695,0.009861932938856016,0.0,0.8915187376725838,0.5463510848126233,0.0,0.0611439842209073,0.0
788,1735,4,0.4900662251655629,0.10264900662251655,0.6986754966887417,6.135761589403973,0.0,0.0,0.0,0.0,0.0,0.0,0.0,0.0,0.0,0.0,0.11589403973509933,0.0,0.0,0.0,0.0,21.33112582781457,0.06291390728476821,2.6390728476821192,0.0,12.165562913907285,4.718543046357616,0.04304635761589404,2.7980132450331126,0.0,0.0,0.33112582781456956,0.0033112582781456954,0.0,0.0,20.483443708609272,3.728476821192053,0.0,0.0,0.0,0.0,0.8013245033112583,0.7052980132450332,0.0,0.016556291390728478,0.0
779,37,4,0.5856269113149847,0.09021406727828746,1.6406727828746177,5.443425076452599,0.0,0.14220183486238533,0.0,0.29510703363914376,0.0,0.0,0.0,0.0,0.0,0.37003058103975534,0.0871559633027523,0.0,0.0,0.0,0.0,6.137614678899083,0.16055045871559634,5.519877675840979,0.0,7.474006116207951,2.408256880733945,1.3302752293577982,7.825688073394495,0.0,0.0,0.25688073394495414,0.25229357798165136,0.0,0.0,24.48776758409786,3.4128440366972477,0.0,0.22629969418960244,0.27522935779816515,0.0,0.5718654434250765,0.6162079510703364,0.0,0.04128440366972477,1.1850152905198776
788,882,4,0.6370967741935484,0.11290322580645161,0.3548387096774194,3.5483870967741935,0.0,0.0,0.0,0.0,0.0,0.0,0.0,0.0,0.0,0.0,0.0,0.0,0.0,0.0,0.0,19.181451612903224,0.0,2.3629032258064515,0.0,9.576612903225806,2.556451612903226,0.0,2.649193548387097,0.0,0.0,0.25,0.0,0.0,0.0,12.22983870967742,1.8629032258064515,0.0,0.12096774193548387,0.0,0.0,0.6975806451612904,0.4798387096774194,0.0,0.03225806451612903,0.0
787,207,11,0.8223201174743024,0.09985315712187959,1.209985315712188,3.7577092511013217,0.0,0.0,0.0,0.0014684287812041115,0.0,0.0,0.0,0.0,0.0,0.016152716593245228,0.0,0.0,0.039647577092511016,0.0,0.0014684287812041115,12.20704845814978,0.041116005873715125,3.0499265785609397,0.0,6.233480176211454,2.1116005873715125,0.11160058737151249,2.834067547723935,0.0,0.0,0.43612334801762115,0.14390602055800295,0.0,0.0,15.123348017621145,2.4390602055800295,0.0,0.24963289280469897,0.1130690161527166,0.0,0.3832599118942731,0.6093979441997063,0.0,0.04698972099853157,0.26284875183553597
780,478,4,0.5396825396825397,0.08994708994708994,0.3880070546737213,3.439153439153439,0.13227513227513227,0.0,0.0,0.14814814814814814,0.0,0.0,0.02292768959435626,0.0,0.0,1.4462081128747795,0.3968253968253968,0.0,0.20458553791887124,0.3950617283950617,0.09700176366843033,12.105820105820106,0.0,2.3439153439153437,0.0,2.2151675485008817,2.2275132275132274,1.0758377425044092,4.559082892416225,0.599647266313933,0.0,0.15520282186948853,0.0,0.0,3.509700176366843,13.17636684303351,1.964726631393298,0.0,0.06172839506172839,0.0,0.0,0.6102292768959435,0.5008818342151675,0.0,0.0564373897707231,4.142857142857143
791,701,4,0.5259259259259259,0.1,0.7037037037037037,3.5407407407407407,0.0,0.0,0.0,0.0,0.0,0.0,0.0,0.0,0.0,0.0,0.0,0.0,0.0,0.0,0.0,12.0,0.0,1.9962962962962962,0.0,9.829629629629629,1.8666666666666667,0.22962962962962963,4.837037037037037,0.0,0.018518518518518517,0.0,0.0,0.0,0.0,13.814814814814815,2.225925925925926,0.0,0.2777777777777778,0.08888888888888889,0.0,0.5925925925925926,0.4962962962962963,0.0,0.025925925925925925,0.0
791,854,7,0.7362204724409449,0.140748031496063,0.4655511811023622,9.56988188976378,0.0,0.0,0.0,0.01673228346456693,0.0,0.0,0.0,0.0,0.0,0.021653543307086614,0.0344488188976378,0.0,0.0,0.0,0.0,19.715551181102363,0.0,1.7746062992125984,0.0,18.544291338582678,4.025590551181103,0.1171259842519685,1.983267716535433,0.0,0.0,0.11220472440944881,0.1889763779527559,0.0,0.0,28.978346456692915,5.852362204724409,0.0,0.3188976377952756,0.11909448818897637,0.0,1.3494094488188977,0.9350393700787402,0.0,0.027559055118110236,0.0
777,1380,12,0.7486515641855448,0.1413160733549083,0.6084142394822006,5.098166127292341,0.0,0.0,0.0,0.0,0.0,0.0,0.3117583603020496,0.0,0.0,0.5997842502696872,0.24271844660194175,0.0,0.0,0.0,0.6472491909385113,16.233009708737864,0.011866235167206042,2.500539374325782,0.0,12.394822006472491,4.439050701186623,0.19093851132686085,3.942826321467098,0.0,0.0,0.16612729234088458,0.0,0.133764832793959,0.0,18.566343042071196,3.284789644012945,0.0,0.16828478964401294,0.14563106796116504,0.0,0.7367853290183387,0.61596548004315,0.0,0.028047464940668825,3.518878101402373
775,1509,4,0.9907407407407407,0.07407407407407407,0.5370370370370371,2.574074074074074,0.0,0.0,0.0,0.1388888888888889,0.0,0.0,0.0,0.0,0.0,0.39814814814814814,0.21296296296296297,0.0,0.2777777777777778,0.3333333333333333,0.0,6.712962962962963,0.0,10.38888888888889,0.0,2.25,0.2222222222222222,0.2222222222222222,5.342592592592593,0.0,0.0,0.0,0.0,0.0,0.0,12.944444444444445,1.2685185185185186,0.0,0.6666666666666666,0.14814814814814814,0.0,0.46296296296296297,0.7685185185185185,0.0,0.037037037037037035,7.611111111111111
784,620,4,0.5081967213114754,0.13114754098360656,2.098360655737705,3.0327868852459017,0.0,0.0,0.0,0.0,0.0,0.0,0.0,0.0,0.0,0.0,0.0,0.0,0.0,0.0,0.0,5.704918032786885,0.01639344262295082,7.721311475409836,0.0,2.9508196721311477,0.5081967213114754,0.8688524590163934,7.163934426229508,0.0,0.0,0.18032786885245902,0.0,0.0,0.0,13.524590163934427,1.1311475409836065,0.0,0.22950819672131148,0.03278688524590164,0.0,0.26229508196721313,0.5409836065573771,0.0,0.06557377049180328,0.0
782,1257,4,0.5459016393442623,0.08852459016393442,0.6885245901639344,2.90655737704918,0.0,0.0,0.0,0.0,0.0,0.0,0.0,0.0,0.0,0.0,0.0,0.0,0.0,0.0,0.0,8.065573770491802,0.0,2.1524590163934425,0.0,4.0442622950819676,1.0508196721311476,0.24918032786885247,3.765573770491803,0.0,0.0,0.23442622950819672,0.0,0.0,0.0,11.595081967213115,1.560655737704918,0.0,0.1885245901639344,0.13114754098360656,0.0,0.25081967213114753,0.5295081967213114,0.0,0.022950819672131147,0.0
782,1581,12,0.6331877729257642,0.07423580786026202,1.1986899563318778,4.43886462882096,0.0,0.0,0.0,0.0,0.0,0.0,0.0,0.0,0.0,0.0,0.0,0.0,0.0,0.0,0.0,16.18122270742358,0.06331877729257641,2.4366812227074237,0.0,7.0196506550218345,2.1615720524017465,0.0,3.1986899563318776,0.0,0.0,0.1812227074235808,0.0,0.0,0.0,15.696506550218341,2.2925764192139737,0.0,0.004366812227074236,0.15065502183406113,0.0,0.48253275109170307,0.6200873362445415,0.0,0.04148471615720524,0.0
781,1606,7,0.49226006191950467,0.11145510835913312,1.1578947368421053,3.848297213622291,0.0,0.17337461300309598,0.0,1.888544891640867,0.0,0.0,0.0,0.0,0.0,1.8204334365325077,0.7554179566563467,0.0,0.3281733746130031,0.6470588235294118,0.14860681114551083,6.157894736842105,0.13003095975232198,4.547987616099071,0.0,2.65015479876161,2.1888544891640866,1.108359133126935,11.962848297213622,0.10835913312693499,0.0,0.12074303405572756,0.0,0.0,0.9938080495356038,18.058823529411764,1.891640866873065,0.0,0.034055727554179564,0.33436532507739936,0.0,0.4551083591331269,0.5975232198142415,0.0,0.05263157894736842,5.052631578947368
785,2012,4,0.6788154897494305,0.11161731207289294,0.7038724373576309,4.75626423690205,0.0,0.0,0.0,0.025056947608200455,0.0,0.0,0.1275626423690205,0.0,0.03189066059225513,0.7904328018223234,0.4646924829157175,0.0,0.0,0.009111617312072893,0.31890660592255127,16.40091116173121,0.0387243735763098,4.26879271070615,0.0,18.943052391799544,4.767653758542141,0.724373576309795,6.578587699316628,0.0,0.0,0.2460136674259681,0.0,0.05694760820045558,0.0,19.560364464692483,2.4760820045558085,0.0,0.3120728929384966,0.10022779043280182,0.09339407744874716,1.2186788154897494,0.6378132118451025,0.0,0.05694760820045558,0.89749430523918
781,1368,12,0.6916666666666667,0.1375,1.2666666666666666,3.341666666666667,0.0,0.0,0.0,0.0,0.0,0.0,0.0,0.0,0.0,0.0,0.0,0.0,0.0,0.0,0.0,10.466666666666667,0.06666666666666667,2.9291666666666667,0.0,8.95,1.8791666666666667,1.5041666666666667,7.4375,0.0,0.9041666666666667,0.8375,0.0,0.0,0.0,17.670833333333334,1.7916666666666667,0.0,0.7125,0.15,0.0,0.6083333333333333,0.675,0.0,0.0375,0.0
782,1910,4,0.5555555555555556,0.0707070707070707,1.3383838383838385,2.45959595959596,0.0,0.2676767676767677,0.0,0.6515151515151515,0.0,0.0,0.0,0.0,0.0,1.0404040404040404,0.5202020202020202,0.0,0.6161616161616161,0.6363636363636364,0.0,6.191919191919192,0.1414141414141414,14.494949494949495,0.0,1.8686868686868687,0.13636363636363635,0.2878787878787879,16.848484848484848,0.0,0.0,0.18686868686868688,0.0,0.0,0.0,13.671717171717171,1.2676767676767677,0.0,0.5505050505050505,0.21212121212121213,0.0,0.15151515151515152,0.6060606060606061,0.0,0.10606060606060606,7.575757575757576
783,1931,15,0.6512605042016807,0.08823529411764706,0.14705882352941177,4.626050420168068,0.0,0.0,0.0,0.0,0.0,0.0,0.0,0.0,0.0,0.01680672268907563,0.0,0.0,0.0,0.0,0.0,13.042016806722689,0.0,3.23109243697479,0.0,14.268907563025211,4.092436974789916,0.21428571428571427,3.508403361344538,0.0,0.12184873949579832,0.42857142857142855,0.0,0.0,0.0,21.83613445378151,2.8151260504201683,0.0,0.28991596638655465,0.008403361344537815,0.0,1.0252100840336134,0.542016806722689,0.0,0.05042016806722689,0.0
782,303,4,0.5507692307692308,0.07384615384615385,0.8246153846153846,4.326153846153846,0.0,0.08615384615384615,0.0,0.4492307692307692,0.0,0.0,0.0,0.0,0.0,0.4676923076923077,0.15692307692307692,0.0,0.0,0.012307692307692308,0.0,11.4,0.006153846153846154,4.975384615384615,0.0,10.036923076923078,2.9384615384615387,0.5107692307692308,5.6,0.0,0.23076923076923078,0.37846153846153846,0.0,0.0,0.0,20.876923076923077,2.2,0.0,0.22153846153846155,0.12615384615384614,0.0,0.7169230769230769,0.7169230769230769,0.0,0.06461538461538462,0.37538461538461537
786,1348,4,0.4793388429752066,0.01652892561983471,1.884297520661157,2.5454545454545454,0.0,0.0,0.0,0.0,0.0,0.0,0.0,0.0,0.0,0.0,0.0,0.0,0.0,0.0,0.0,2.256198347107438,0.0,1.8512396694214877,0.0,1.9669421487603307,0.5950413223140496,0.2644628099173554,5.9421487603305785,0.0,0.0,0.32231404958677684,0.0,0.0,0.0,11.132231404958677,1.2975206611570247,0.0,0.9173553719008265,0.0,0.0,0.0,0.5041322314049587,0.0,0.01652892561983471,0.0
793,1641,4,0.6554054054054054,0.060810810810810814,0.9572072072072072,3.373873873873874,0.0,0.0045045045045045045,0.0,0.12612612612612611,0.0,0.0,0.0,0.0,0.0,0.1036036036036036,0.04954954954954955,0.0,0.02702702702702703,0.05405405405405406,0.0,6.346846846846847,0.04954954954954955,4.4391891891891895,0.0,7.704954954954955,2.3018018018018016,0.02702702702702703,8.713963963963964,0.0,0.0,0.30405405405405406,0.0,0.0,0.0,15.556306306306306,2.105855855855856,0.0,0.26126126126126126,0.11711711711711711,0.0,0.5112612612612613,0.6013513513513513,0.0,0.05630630630630631,0.17342342342342343
789,1720,4,0.6790890269151139,0.10766045548654245,0.3188405797101449,4.859213250517598,0.0,0.006211180124223602,0.0,0.06832298136645963,0.10144927536231885,0.0,0.020703933747412008,0.0,0.0,0.4057971014492754,0.09316770186335403,0.0,0.0,0.024844720496894408,0.09730848861283643,14.06832298136646,0.008281573498964804,6.296066252587992,0.0,23.151138716356108,4.418219461697722,0.7204968944099379,4.968944099378882,0.0,0.5652173913043478,0.40372670807453415,0.0,0.0,0.0,21.03726708074534,2.8840579710144927,0.0,0.4886128364389234,0.07039337474120083,0.0,1.6832298136645962,0.6625258799171843,0.0,0.07039337474120083,0.09523809523809523
783,1239,4,0.6377708978328174,0.05572755417956656,2.0526315789473686,5.325077399380805,0.0,0.0,0.0,0.17647058823529413,0.0,0.0,0.009287925696594427,0.0,0.030959752321981424,0.4055727554179567,0.10526315789473684,0.0,0.0,0.0,0.0,3.5294117647058822,0.17647058823529413,6.1114551083591335,0.0,7.390092879256966,2.260061919504644,1.284829721362229,7.541795665634675,0.0,0.0,0.11455108359133127,0.24458204334365324,0.0030959752321981426,0.0,25.941176470588236,3.4458204334365323,0.0,0.058823529411764705,0.04953560371517028,0.0,0.5294117647058824,0.628482972136223,0.0,0.02786377708978328,0.6408668730650154
789,1448,4,0.5131578947368421,0.02631578947368421,0.47368421052631576,4.565789473684211,0.0,0.0,0.0,0.0,0.0,0.0,0.0,0.0,0.0,0.0,0.0,0.0,0.0,0.0,0.0,12.210526315789474,0.0,2.6973684210526314,0.0,6.407894736842105,3.013157894736842,0.0,2.8684210526315788,0.0,0.0,0.039473684210526314,0.0,0.0,0.0,18.907894736842106,3.1842105263157894,0.0,0.0,0.06578947368421052,0.0,0.4605263157894737,0.6710526315789473,0.0,0.02631578947368421,0.0
802,1867,4,0.6968503937007874,0.08661417322834646,2.2755905511811023,3.175196850393701,0.0,0.0,0.0,0.007874015748031496,0.0,0.0,0.005905511811023622,0.0,0.0,0.1062992125984252,0.00984251968503937,0.0,0.0,0.0,0.0,12.992125984251969,0.14763779527559054,4.181102362204724,0.0,5.074803149606299,1.0255905511811023,0.5570866141732284,12.029527559055119,0.0,2.236220472440945,1.2086614173228347,0.0,0.0,0.0,13.600393700787402,1.2578740157480315,0.0,2.0551181102362204,0.021653543307086614,0.0,0.639763779527559,0.5964566929133859,0.0,0.09055118110236221,1.4114173228346456
787,1958,4,0.5828835774865073,0.10331534309946029,0.5952197378565921,4.248265227447956,0.0,0.0,0.0,0.0,0.0,0.0,0.015420200462606014,0.010023130300693909,0.010023130300693909,0.19275250578257516,0.08172706245181187,0.0,0.0,0.0,0.0,14.05319969159599,0.08481110254433308,3.7340015420200463,0.0,13.76869699306091,3.0871241326137238,0.8851195065535852,5.5697764070932925,0.0,0.4556669236700077,0.27679259830377795,0.17810331534309945,0.0,0.0,20.294525828835773,2.471858134155744,0.0,0.18966846569005397,0.023901310717039322,0.0,1.110254433307633,0.6576715497301465,0.0,0.03855050115651504,0.6846569005397071
788,101,4,0.6303317535545023,0.08293838862559241,0.44786729857819907,2.6824644549763033,0.0,0.04739336492890995,0.0,0.13033175355450238,0.0,0.0,0.0,0.0,0.0,0.07109004739336493,0.014218009478672985,0.0,0.0,0.0,0.018957345971563982,9.791469194312796,0.05924170616113744,4.909952606635071,0.0,8.151658767772512,0.7488151658767772,0.6018957345971564,9.130331753554502,0.0,0.0,0.25118483412322273,0.0,0.0,0.0,15.689573459715639,1.3033175355450237,0.0,0.0,0.5734597156398105,0.0,0.6682464454976303,0.6729857819905213,0.0,0.04739336492890995,0.2843601895734597
790,1521,4,0.5728542914171657,0.059880239520958084,0.8223552894211577,2.7744510978043913,0.0,0.0,0.0,0.0,0.0,0.0,0.0,0.0,0.0,0.11776447105788423,0.0,0.0,0.0,0.0,0.0,6.2315369261477045,0.0,2.3393213572854292,0.0,2.806387225548902,0.9880239520958084,0.34530938123752497,5.910179640718563,0.0,0.0,0.08982035928143713,0.0,0.0,0.0,11.93812375249501,1.656686626746507,0.0,0.15568862275449102,0.0,0.0,0.15768463073852296,0.5528942115768463,0.0,0.027944111776447105,0.0
787,1804,5,0.5959885386819485,0.0659025787965616,0.8739255014326648,3.693409742120344,0.0,0.05730659025787966,0.0,0.0,0.0,0.0,0.0,0.0,0.0,0.0028653295128939827,0.0,0.0,0.0,0.0,0.0,13.065902578796562,0.0,3.979942693409742,0.0,12.959885386819485,1.6045845272206303,0.29512893982808025,3.3696275071633237,0.0,0.0,0.04297994269340974,0.0,0.0,0.0,14.9054441260745,1.848137535816619,0.0,0.0,0.12893982808022922,0.0,0.9598853868194842,0.6532951289398281,0.0,0.025787965616045846,0.0
797,419,4,0.5606060606060606,0.15151515151515152,0.3434343434343434,7.186868686868687,0.0,0.0,0.0,0.0,0.0,0.0,0.30303030303030304,0.0,0.23737373737373738,1.2272727272727273,0.7575757575757576,0.0,0.0,0.0,0.0,16.681818181818183,0.0,3.8484848484848486,0.5353535353535354,10.383838383838384,7.904040404040404,0.5151515151515151,4.398989898989899,0.0,0.0,0.08585858585858586,0.21212121212121213,0.0,0.0,28.838383838383837,4.424242424242424,0.0,0.08080808080808081,0.0,0.0,0.7727272727272727,0.6515151515151515,0.0,0.07575757575757576,0.0
787,1499,4,0.587251828631139,0.08150470219435736,0.4043887147335423,3.355276907001045,0.0,0.0,0.0,0.0,0.0,0.0,0.0,0.0,0.0,0.03970741901776385,0.024033437826541274,0.0,0.0,0.0,0.0,12.06478578892372,0.0020898641588296763,1.9644723092998955,0.0,8.021943573667711,1.5057471264367817,0.0041797283176593526,3.1253918495297808,0.0,0.0,0.33124346917450365,0.0,0.0,0.0,12.552769070010449,2.0198537095088818,0.0,0.3657262277951933,0.11076280041797283,0.0,0.6750261233019854,0.5120167189132706,0.0,0.03343782654127482,0.0
789,1664,12,0.6517857142857143,0.08928571428571429,1.34375,2.96875,0.0,0.10714285714285714,0.0,0.07142857142857142,0.0,0.0,0.0,0.0,0.0,0.125,0.008928571428571428,0.0,0.0,0.0,0.0,10.03125,0.0,5.803571428571429,0.0,8.90625,1.0223214285714286,0.625,10.5625,0.0,0.0,0.13392857142857142,0.0,0.0,0.0,13.919642857142858,1.4955357142857142,0.0,0.0,0.20982142857142858,0.0,0.6383928571428571,0.71875,0.0,0.03125,1.4821428571428572
794,918,4,0.6,0.11428571428571428,0.20952380952380953,4.245238095238095,0.03333333333333333,0.24047619047619048,0.0,0.7785714285714286,0.014285714285714285,0.0,0.0,0.05714285714285714,0.06428571428571428,0.9547619047619048,0.4666666666666667,0.002380952380952381,0.0,0.21428571428571427,0.0380952380952381,13.326190476190476,0.02142857142857143,14.271428571428572,0.0,15.716666666666667,4.485714285714286,0.45714285714285713,5.716666666666667,0.03333333333333333,0.002380952380952381,0.13333333333333333,0.0,0.0,0.0,19.419047619047618,2.4571428571428573,0.0,0.02142857142857143,0.25952380952380955,0.0,1.2738095238095237,0.6619047619047619,0.5452380952380952,0.06190476190476191,8.93095238095238
791,976,4,0.5776487663280117,0.06531204644412192,1.2641509433962264,2.699564586357039,0.0,0.0,0.0,0.12772133526850507,0.0,0.0043541364296081275,0.0,0.0,0.0,0.10740203193033382,0.011611030478955007,0.0,0.026124818577648767,0.0,0.0,2.9970972423802613,0.08853410740203194,4.448476052249637,0.0,2.568940493468795,0.8795355587808418,0.28737300435413643,3.2148040638606674,0.0,0.23947750362844702,0.3134978229317852,0.0,0.0,0.010159651669085631,12.634252539912918,1.730043541364296,0.0,0.737300435413643,0.3671988388969521,0.0,0.11465892597968069,0.6081277213352685,0.5108853410740203,0.03773584905660377,0.0
790,1119,2,0.5714285714285714,0.07494145199063232,0.8173302107728337,4.548009367681499,0.0,0.0,0.0,0.00468384074941452,0.0,0.00702576112412178,0.0,0.0,0.0,0.05620608899297424,0.0234192037470726,0.0,0.0,0.0,0.0,15.210772833723654,0.01873536299765808,2.6791569086651053,0.0,11.056206088992974,2.8641686182669788,0.07962529274004684,3.243559718969555,0.0,0.0,0.09601873536299765,0.0,0.0,0.0,16.278688524590162,2.8149882903981265,0.0,0.117096018735363,0.11241217798594848,0.0,0.702576112412178,0.5386416861826698,0.0,0.03278688524590164,0.0
795,124,4,2.586319218241042,0.0781758957654723,0.4234527687296417,2.781758957654723,0.0,0.0,0.0,0.0,0.0,0.0,0.0,0.09771986970684039,0.0,0.0,0.0,0.0,0.0,0.0,0.0,5.866449511400652,0.0,2.517915309446254,0.0,3.9413680781758957,2.3485342019543975,0.0,2.6058631921824102,0.0,0.0,0.0,0.0,0.0,0.0,13.026058631921824,1.289902280130293,0.0,0.0,0.0,0.0,0.24429967426710097,0.6872964169381107,3.244299674267101,0.745928338762215,8.762214983713354
791,807,4,0.55625,0.06041666666666667,1.3020833333333333,2.4145833333333333,0.0,0.0,0.0,0.10625,0.0,0.0,0.0,0.0,0.0,0.2375,0.008333333333333333,0.0,0.0,0.0,0.00625,4.84375,0.0,1.9541666666666666,0.0,2.2645833333333334,0.7895833333333333,0.2604166666666667,5.814583333333333,0.0,0.0,0.23541666666666666,0.0,0.0,0.0,10.1375,1.3625,0.0,0.65,0.004166666666666667,0.0,0.0,0.4625,0.0,0.027083333333333334,0.0
794,1683,4,0.7804878048780488,0.10975609756097561,1.3841463414634145,3.5640243902439024,0.0,0.0,0.0,0.0,0.0,0.0,0.0,0.0,0.0,0.021341463414634148,0.0,0.0,0.0,0.0,0.0,10.204268292682928,0.0,1.9908536585365855,0.0,7.783536585365853,1.8780487804878048,0.051829268292682924,2.777439024390244,0.0,0.0,0.06097560975609756,0.2073170731707317,0.0,0.0,14.5,2.274390243902439,0.0,0.03048780487804878,0.25,0.0,0.46646341463414637,0.5914634146341463,0.0,0.036585365853658534,0.0
795,1703,6,2.4392059553349874,0.09925558312655088,0.7617866004962779,3.357320099255583,0.0,0.019851116625310174,0.0,0.21339950372208435,0.0,0.0,0.0,0.4044665012406948,0.009925558312655087,0.1761786600496278,0.05459057071960298,0.0,0.0,0.02729528535980149,0.0,3.133995037220844,0.007444168734491315,5.037220843672457,0.0,1.3920595533498759,1.468982630272953,0.10918114143920596,9.163771712158809,0.004962779156327543,0.0,0.05955334987593052,0.0,0.004962779156327543,0.0,18.23821339950372,1.56575682382134,0.0,0.0,0.20099255583126552,0.0,0.13647642679900746,0.8039702233250621,2.7816377171215882,0.29280397022332505,22.01985111662531
790,350,4,0.607773851590106,0.15901060070671377,0.6625441696113075,5.623674911660777,0.0,0.11837455830388692,0.0,0.5547703180212014,0.0,0.0,0.1978798586572438,0.01060070671378092,0.2420494699646643,1.696113074204947,0.7314487632508834,0.0,0.0,0.09363957597173145,0.0,17.233215547703182,0.11130742049469965,7.9416961130742045,0.0,10.448763250883392,5.738515901060071,1.2084805653710247,6.913427561837456,0.0,0.0,0.09010600706713781,0.0,0.196113074204947,0.0,23.946996466431095,3.2508833922261484,0.0,0.2332155477031802,0.21024734982332155,0.0,0.6925795053003534,0.6201413427561837,0.42402826855123676,0.09010600706713781,8.26148409893993
794,589,5,0.5920745920745921,0.06526806526806526,1.1445221445221445,3.4312354312354314,0.0,0.0,0.0,0.023310023310023312,0.0,0.0,0.0,0.0,0.0,0.0,0.0,0.0,0.0,0.0,0.0,11.587412587412587,0.0,1.6853146853146854,0.0,9.333333333333334,1.8391608391608392,0.10722610722610723,5.368298368298368,0.0,0.0,0.40326340326340326,0.0,0.0,0.0,12.738927738927739,1.9044289044289044,0.0,0.703962703962704,0.04895104895104895,0.0,0.6013986013986014,0.5617715617715617,0.0,0.04428904428904429,0.0
799,193,7,0.7217235188509874,0.11310592459605028,0.9766606822262118,4.287253141831239,0.0,0.0,0.0,0.0,0.0,0.0,0.20107719928186715,0.0,0.0,0.718132854578097,0.34290843806104127,0.0,0.0,0.0,0.13285457809694792,12.443447037701976,0.017953321364452424,2.2244165170556554,0.236983842010772,12.97307001795332,5.845601436265709,0.19569120287253142,4.508078994614004,0.0,0.0,0.1813285457809695,0.0,0.09694793536804308,0.0,15.874326750448834,2.7504488330341115,0.0,0.6086175942549371,0.12028725314183124,0.0,0.8653500897666068,0.5278276481149012,0.0,0.05026929982046679,0.0
799,493,4,0.5579937304075235,0.09404388714733543,0.4373040752351097,3.5658307210031346,0.0,0.0,0.0,0.2445141065830721,0.0,0.01567398119122257,0.28213166144200624,0.0,0.0,1.1802507836990597,0.44200626959247646,0.0,0.0,0.0,0.6520376175548589,8.481191222570533,0.0,3.4623824451410656,0.0,5.018808777429467,2.9858934169278997,0.5595611285266457,5.230407523510972,0.006269592476489028,0.0,0.007836990595611285,0.0,0.13322884012539185,0.08620689655172414,14.084639498432601,2.3369905956112853,0.0,0.14890282131661442,0.0,0.0,0.3542319749216301,0.45454545454545453,0.0,0.05329153605015674,1.396551724137931
799,1791,4,0.5347938144329897,0.08376288659793814,0.7048969072164949,3.3917525773195876,0.0,0.0,0.0,0.0,0.0,0.0,0.08634020618556701,0.0,0.0,0.3131443298969072,0.12371134020618557,0.0,0.0,0.0,0.21520618556701032,10.279639175257731,0.02190721649484536,2.0309278350515463,0.0,7.64819587628866,1.7873711340206186,0.163659793814433,4.213917525773196,0.0,0.041237113402061855,0.06829896907216494,0.0,0.0,0.0,13.82603092783505,2.3853092783505154,0.0,0.17268041237113402,0.0,0.06572164948453608,0.7306701030927835,0.5412371134020618,0.0,0.03994845360824742,0.0
796,316,4,0.5557809330628803,0.07707910750507099,0.5172413793103449,3.417849898580122,0.0,0.002028397565922921,0.0,0.036511156186612576,0.0,0.0,0.014198782961460446,0.0,0.0,0.08519269776876268,0.056795131845841784,0.0,0.0,0.0,0.0,6.1318458417849895,0.04665314401622718,4.139959432048681,0.0,5.117647058823529,2.099391480730223,0.45030425963488846,4.83367139959432,0.0,0.0,0.07099391480730223,0.0,0.0,0.0,17.69574036511156,2.0892494929006085,0.0,0.0973630831643002,0.0,0.0,0.34685598377281945,0.5862068965517241,0.0,0.016227180527383367,0.0
798,652,4,0.552,0.1216,1.2928,3.4448,0.0,0.0,0.0,0.0816,0.0,0.0,0.0,0.0,0.0,0.0,0.0,0.0,0.0,0.0,0.0,17.7696,0.0,1.8736,0.0,6.776,1.0576,0.1616,5.4272,0.0,0.0,0.0976,0.2624,0.0,0.0,12.08,1.5936,0.0,0.2896,0.0672,0.0,0.6336,0.4656,0.0,0.0352,0.0
795,467,4,0.6105610561056105,0.08085808580858085,0.4207920792079208,3.6963696369636962,0.0,0.0,0.0,0.19471947194719472,0.0,0.0,0.0,0.0,0.0,0.19801980198019803,0.0627062706270627,0.0,0.0,0.018151815181518153,0.0,13.424092409240924,0.0,2.6947194719471947,0.0,7.417491749174918,2.0643564356435644,0.17986798679867988,3.8316831683168315,0.0,0.0,0.028052805280528052,0.026402640264026403,0.0,0.0,13.632013201320133,2.232673267326733,0.0,0.052805280528052806,0.06930693069306931,0.0,0.7772277227722773,0.5924092409240924,0.0,0.03135313531353135,0.4735973597359736
807,1505,4,0.851063829787234,0.0851063829787234,0.15319148936170213,4.025531914893617,0.0,0.0,0.0,0.0,0.0,0.0,0.0,0.0,0.0,0.0,0.0,0.0,0.0,0.0,0.0,10.038297872340426,0.0,1.7957446808510638,0.0,11.382978723404255,2.6893617021276595,0.0,1.553191489361702,0.0,0.0,0.0425531914893617,0.0,0.0,0.0,15.119148936170212,2.668085106382979,0.0,0.09361702127659574,0.0,0.0,0.8085106382978723,0.5404255319148936,0.0,0.03829787234042553,0.0
805,1620,4,0.6254635352286774,0.06674907292954264,0.9011124845488258,3.983930778739184,0.0,0.06056860321384425,0.0,0.1792336217552534,0.0,0.0,0.0,0.0,0.0,0.2088998763906057,0.07787391841779975,0.0,0.17181705809641531,0.5500618046971569,0.0407911001236094,14.61557478368356,0.002472187886279357,4.088998763906057,0.0,18.15945611866502,2.4981458590852905,0.3658838071693449,4.828182941903584,0.0,0.11866501854140915,0.1446229913473424,0.0,0.0,0.0,16.355995055624227,2.137206427688504,0.0,0.0,0.09147095179233622,0.0,1.211372064276885,0.6786155747836835,0.0,0.0754017305315204,2.338689740420272
806,751,4,0.6591928251121076,0.08370702541106129,0.6457399103139013,4.494768310911809,0.0,0.0,0.0,0.0,0.0,0.0,0.01943198804185351,0.0,0.005979073243647235,0.09715994020926756,0.052316890881913304,0.0,0.0,0.0,0.013452914798206279,9.683109118086696,0.04035874439461883,3.9895366218236172,0.0,8.142002989536621,3.5560538116591927,0.5769805680119582,4.884902840059791,0.0,0.13452914798206278,0.07473841554559044,0.11659192825112108,0.0,0.0,19.52017937219731,2.5276532137518686,0.0,0.059790732436472344,0.007473841554559043,0.04185351270553064,0.57847533632287,0.5710014947683109,0.0,0.02391629297458894,0.0
794,1198,4,0.7790476190476191,0.13047619047619047,0.49142857142857144,6.438095238095238,0.0,0.0,0.0,0.04,0.0,0.0,0.0,0.0,0.0,0.018095238095238095,0.0,0.0,0.0,0.0,0.0,16.294285714285714,0.011428571428571429,2.052380952380952,0.0,13.356190476190477,2.179047619047619,0.05142857142857143,2.5742857142857143,0.0,0.0,0.05333333333333334,0.7085714285714285,0.0,0.0,23.434285714285714,4.42,0.0,0.3933333333333333,0.16380952380952382,0.0,1.361904761904762,0.5847619047619048,0.0,0.022857142857142857,0.0
807,1916,4,0.5133079847908745,0.049429657794676805,1.2433460076045628,2.9277566539923954,0.0,0.0,0.0,0.0,0.0,0.0,0.0,0.0,0.0,0.0,0.0,0.0,0.0,0.0,0.0,8.11787072243346,0.053231939163498096,3.296577946768061,0.0,1.570342205323194,0.5019011406844106,0.022813688212927757,2.9847908745247147,0.0,0.0,0.13688212927756654,0.0,0.0,0.0,11.288973384030419,1.209125475285171,0.0,0.0,0.5133079847908745,0.0,0.0,0.5627376425855514,0.0,0.034220532319391636,0.0
800,39,4,0.635743519781719,0.10641200545702592,0.9781718963165075,4.900409276944066,0.0,0.0,0.0,0.0,0.0,0.0,0.0,0.0,0.0,0.834924965893588,0.010914051841746248,0.0,0.0,0.0,0.0,15.81855388813097,0.11323328785811733,3.3124147339699865,0.0,11.129604365620736,3.620736698499318,0.9645293315143247,7.965893587994543,0.0,0.0,0.41336971350613916,0.0,0.0,0.0,21.836289222373807,2.4201909959072307,0.0,0.45566166439290584,0.11050477489768076,0.0,0.8294679399727148,0.654843110504775,0.0,0.061391541609822645,3.538881309686221
805,669,4,0.6255924170616114,0.12006319115323855,0.5355450236966824,3.123222748815166,0.0,0.0,0.0,0.0,0.0,0.0,0.0,0.0,0.0,0.0,0.0,0.0,0.0,0.0,0.0,13.497630331753555,0.0,2.183254344391785,0.0,8.938388625592417,2.609794628751975,0.04897314375987362,3.3048973143759874,0.0,0.0,0.5955766192733017,0.0,0.0,0.0,11.842022116903633,1.7330173775671407,0.0,0.0679304897314376,0.04107424960505529,0.0,0.674565560821485,0.5071090047393365,0.0,0.014218009478672985,0.0
801,953,12,0.6232142857142857,0.1,0.8160714285714286,3.3642857142857143,0.0,0.0,0.0,0.06964285714285715,0.0,0.0,0.0,0.0,0.0,0.0625,0.026785714285714284,0.0,0.0125,0.033928571428571426,0.0,14.610714285714286,0.0,2.725,0.0,6.833928571428571,1.7464285714285714,0.14642857142857144,4.4125,0.0,0.0,0.17857142857142858,0.0,0.0,0.0,13.948214285714286,2.039285714285714,0.0,0.10714285714285714,0.03571428571428571,0.0,0.5553571428571429,0.5857142857142857,0.0,0.033928571428571426,0.39285714285714285
795,1031,4,0.5272727272727272,0.08,0.3618181818181818,3.6345454545454547,0.0,0.0,0.0,0.7890909090909091,0.0,0.27090909090909093,0.0,0.0,0.0,0.66,0.22181818181818183,0.0,0.14545454545454545,0.5309090909090909,0.0,11.114545454545455,0.0,10.185454545454546,0.0,7.450909090909091,3.18,0.4218181818181818,4.445454545454545,0.0,0.0,0.13636363636363635,0.0,0.0,0.0,14.690909090909091,2.14,0.0,0.04,0.07272727272727272,0.0,0.82,0.5963636363636363,0.0,0.04727272727272727,7.536363636363636
796,1571,4,0.4931506849315068,0.1095890410958904,0.2511415525114155,7.28310502283105,0.0,0.0,0.0,0.0,0.0,0.0,0.0,0.0,0.0,0.0,0.3059360730593607,0.0,0.0,0.0,0.0,19.141552511415526,0.0,2.4292237442922375,0.0,15.0,5.762557077625571,0.0,1.82648401826484,0.0,0.4703196347031963,0.0,0.3972602739726027,0.0,0.0,23.589041095890412,4.602739726027397,0.0,0.0,0.0,0.0,1.2009132420091324,0.5844748858447488,0.0,0.0593607305936073,0.0
800,1363,4,0.5564516129032258,0.056451612903225805,2.1774193548387095,3.524193548387097,0.0,0.08870967741935484,0.0,0.4314516129032258,0.0,0.0,0.18548387096774194,0.0,0.06451612903225806,1.4596774193548387,0.8669354838709677,0.0,0.0,0.008064516129032258,0.0,6.084677419354839,0.16129032258064516,5.459677419354839,0.0,3.9798387096774195,1.8185483870967742,2.495967741935484,13.588709677419354,0.0,0.0,0.6008064516129032,0.0,0.0,0.016129032258064516,16.45967741935484,1.8548387096774193,0.0,0.7983870967741935,0.13306451612903225,0.0,0.36693548387096775,0.6451612903225806,0.0,0.07258064516129033,1.0362903225806452
801,1388,7,0.6440217391304348,0.06793478260869565,0.7771739130434783,3.714673913043478,0.0,0.0,0.0,0.0,0.0,0.0,0.0,0.0,0.0,0.024456521739130436,0.008152173913043478,0.0,0.0,0.0,0.0,9.565217391304348,0.0,2.891304347826087,0.0,11.070652173913043,3.114130434782609,0.005434782608695652,6.573369565217392,0.0,0.0,0.15217391304347827,0.0,0.0,0.0,16.60326086956522,2.2989130434782608,0.0,0.1875,0.08152173913043478,0.0,0.720108695652174,0.5896739130434783,0.0,0.029891304347826088,0.0
802,1823,5,0.7045813586097947,0.11690363349131122,0.9778830963665087,5.690363349131122,0.0,0.0,0.0,0.007898894154818325,0.0,0.0,0.3744075829383886,0.0,0.0,1.2890995260663507,0.5308056872037915,0.0,0.01579778830963665,0.0,1.7488151658767772,13.786729857819905,0.02843601895734597,2.622432859399684,0.0,16.10268562401264,4.636650868878357,0.14218009478672985,7.614533965244866,0.0,0.0,0.1627172195892575,0.001579778830963665,0.28278041074249605,0.0,22.091627172195892,3.390205371248025,0.0,0.19273301737756715,0.0995260663507109,0.4913112164296998,1.1311216429699842,0.5924170616113744,0.0,0.07424960505529225,5.902053712480253
799,788,4,0.6393244873341375,0.11218335343787696,0.36550060313630883,6.5512665862484925,0.0,0.0,0.0,0.0,0.0,0.0,0.08805790108564536,0.0,0.014475271411338963,0.36429433051869725,0.35102533172496986,0.0,0.0,0.0,0.0,14.66344993968637,0.0036188178528347406,3.349819059107358,0.3425814234016888,11.355850422195417,6.79372738238842,0.5150784077201448,4.668275030156815,0.0,0.0,0.2955367913148372,0.28468033775633295,0.0,0.0,27.784077201447527,3.97708082026538,0.0,0.33172496984318456,0.045838359469240045,0.0,0.7406513872135102,0.6924004825090471,0.0,0.045838359469240045,0.0
797,59,4,0.8025210084033614,0.10294117647058823,1.8718487394957983,3.552521008403361,0.0,0.0,0.0,0.0,0.0,0.0,0.0,0.0,0.0,0.05672268907563025,0.0,0.0,0.0,0.0,0.0063025210084033615,15.3109243697479,0.0819327731092437,2.4600840336134455,0.0,4.682773109243698,1.3277310924369747,0.22268907563025211,5.376050420168068,0.0,0.0,0.20168067226890757,0.0,0.0,0.0,13.182773109243698,1.8865546218487395,0.0,0.25,0.1323529411764706,0.0,0.2857142857142857,0.6113445378151261,0.0,0.031512605042016806,0.0
805,75,4,0.6724137931034483,0.04597701149425287,1.2816091954022988,2.5517241379310347,0.0,0.0,0.0,0.0,0.0,0.0,0.0,0.0,0.0,0.0,0.0,0.0,0.0,0.0,0.0,3.4597701149425286,0.0,1.6149425287356323,0.0,1.9942528735632183,0.7068965517241379,0.25287356321839083,6.689655172413793,0.0,0.0,0.1724137931034483,0.0,0.0,0.0,10.637931034482758,1.4540229885057472,0.0,0.3563218390804598,0.0,0.0,0.0,0.4540229885057471,0.0,0.011494252873563218,0.0
810,261,4,0.5705445544554455,0.053217821782178217,1.058168316831683,2.4282178217821784,0.0,0.0,0.0,0.09900990099009901,0.0,0.0,0.0,0.0,0.0,0.12004950495049505,0.0,0.0,0.0,0.0,0.0,4.773514851485149,0.0,1.9467821782178218,0.0,2.219059405940594,0.681930693069307,0.31683168316831684,6.46039603960396,0.0,0.0,0.04702970297029703,0.0,0.0,0.0,10.153465346534654,1.306930693069307,0.0,0.22772277227722773,0.0,0.0,0.0,0.4900990099009901,0.0,0.017326732673267328,0.0
808,168,12,0.6090651558073654,0.08427762039660057,0.5056657223796034,3.070113314447592,0.0,0.0113314447592068,0.0,0.13314447592067988,0.0,0.0,0.0,0.0,0.0,0.29320113314447593,0.04886685552407932,0.0,0.0,0.0056657223796034,0.004957507082152974,11.586402266288951,0.0,3.0474504249291785,0.0,7.3696883852691215,1.3555240793201133,0.13739376770538245,4.111898016997167,0.0,0.0,0.032577903682719546,0.0,0.0,0.0,12.081444759206798,1.7847025495750708,0.0,0.08923512747875353,0.019830028328611898,0.0,0.626770538243626,0.4943342776203966,0.0,0.04178470254957507,0.0
814,1596,6,0.5882352941176471,0.0741687979539642,0.008951406649616368,2.6585677749360612,0.0,0.0,0.0,0.32225063938618925,0.0,0.07800511508951406,0.015345268542199489,0.0,0.0,0.5242966751918159,0.1010230179028133,0.0,0.09462915601023018,0.6815856777493606,0.054987212276214836,11.271099744245523,0.0,3.78772378516624,0.0,10.007672634271099,2.421994884910486,0.13938618925831203,2.8069053708439897,0.0,0.0,0.0,0.0,0.0038363171355498722,0.0,10.978260869565217,1.4641943734015346,0.0,0.0,0.0,0.0,0.809462915601023,0.4373401534526854,0.0,0.056265984654731455,4.7698209718670075
800,1050,4,0.5415499533146592,0.08590102707749767,1.3492063492063493,4.15499533146592,0.0,0.0,0.0,0.031746031746031744,0.0,0.0,0.3492063492063492,0.0,0.32212885154061627,1.3454715219421103,0.7301587301587301,0.0,0.0,0.0,0.0,10.179271708683473,0.059757236227824466,4.748832866479925,0.0,7.140989729225024,3.284780578898226,0.6563958916900093,10.15499533146592,0.0,0.0,0.48366013071895425,0.0,0.09803921568627451,0.0,17.562091503267975,2.142857142857143,0.0,0.46591970121381887,0.20634920634920634,0.39589169000933705,0.480859010270775,0.6339869281045751,0.0,0.07282913165266107,2.3968253968253967
806,1754,4,0.4696132596685083,0.1270718232044199,0.425414364640884,6.254143646408839,0.0,0.0,0.0,0.0,0.0,0.0,0.0,0.0,0.0,0.0,0.0,0.0,0.0,0.0,0.0,15.795580110497237,0.011049723756906077,2.591160220994475,0.0,15.602209944751381,5.331491712707182,0.2265193370165746,1.9226519337016574,0.0,0.24861878453038674,0.0,0.0,0.0,0.0,21.756906077348066,3.850828729281768,0.0,0.06077348066298342,0.0,0.0,1.2320441988950277,0.5524861878453039,0.0,0.016574585635359115,0.0
807,1772,4,0.5599214145383105,0.08447937131630648,1.4715127701375246,3.8094302554027504,0.0,0.025540275049115914,0.0,0.029469548133595286,0.0,0.0,0.0,0.0,0.0,0.11591355599214145,0.03143418467583497,0.0,0.0,0.0,0.0,16.278978388998034,0.21021611001964635,5.053045186640471,0.0,3.9174852652259333,1.1237721021611002,1.3713163064833005,10.93909626719057,0.0,0.0,0.33988212180746563,0.0,0.0,0.0,17.18860510805501,1.7544204322200392,0.0,0.23968565815324164,0.16306483300589392,0.0,0.49705304518664045,0.7013752455795678,0.0,0.0412573673870334,0.30648330058939094
798,1934,4,0.5391498881431768,0.06487695749440715,0.883668903803132,2.8702460850111855,0.0,0.03131991051454139,0.0,0.017897091722595078,0.0,0.0,0.0,0.0,0.0,0.0044742729306487695,0.0,0.0,0.0,0.0,0.0,4.138702460850112,0.07158836689038031,3.9060402684563758,0.0,2.655480984340045,0.8970917225950783,0.6756152125279642,7.380313199105146,0.0,0.0,0.2930648769574944,0.0,0.0,0.0,15.483221476510067,1.592841163310962,0.0,0.17002237136465326,0.31767337807606266,0.0,0.1319910514541387,0.6085011185682326,0.0,0.020134228187919462,0.0
809,1115,4,0.7294117647058823,0.058823529411764705,0.8176470588235294,4.0058823529411764,0.0,0.0,0.0,0.0,0.0,0.0,0.0,0.0,0.0,0.15294117647058825,0.0,0.0,0.0,0.0,0.0,10.647058823529411,0.052941176470588235,3.3058823529411763,0.0,10.31764705882353,2.4411764705882355,0.5588235294117647,6.358823529411764,0.0,0.4764705882352941,0.5176470588235295,0.0,0.0,0.0,19.229411764705883,2.0823529411764707,0.0,0.5705882352941176,0.08235294117647059,0.0,0.5882352941176471,0.611764705882353,0.0,0.041176470588235294,0.23529411764705882
812,1291,4,22.50980392156863,0.12121212121212122,0.39572192513368987,3.736185383244207,0.0,0.0,0.0,0.0,0.0,0.0,0.0,0.05525846702317291,0.0,0.0,0.0,0.0,0.0,0.0,0.0,9.98752228163993,0.0,2.212121212121212,0.0,6.545454545454546,3.556149732620321,0.0,3.053475935828877,0.0,0.0,0.053475935828877004,0.0,0.0,0.0,17.071301247771835,1.7843137254901962,0.0,0.0,0.0,0.0,0.49376114081996436,1.0089126559714796,1.8520499108734403,19.376114081996434,7.385026737967914
811,1339,4,0.7143962848297214,0.08359133126934984,0.7569659442724458,4.6308049535603715,0.0,0.0,0.0,0.0,0.0,0.0,0.0,0.0,0.0,0.0,0.0,0.0,0.0,0.0,0.0,13.409442724458204,0.009287925696594427,2.6996904024767803,0.0,10.13312693498452,3.0456656346749225,0.11842105263157894,4.158668730650155,0.0,0.0,0.011609907120743035,0.20123839009287925,0.0,0.0,17.6687306501548,2.748452012383901,0.0,0.023993808049535603,0.02863777089783282,0.0,0.8173374613003096,0.6222910216718266,0.0,0.0348297213622291,0.0
800,1558,8,0.6510480887792849,0.07644882860665844,1.1331689272503083,4.44019728729963,0.0,0.0,0.0,0.0,0.0,0.0,0.0,0.0,0.0,0.0530209617755857,0.0,0.0,0.0,0.0,0.0,16.109741060419235,0.0530209617755857,3.81134401972873,0.0,7.368680641183724,2.569667077681874,0.0,5.855733662145499,0.0,0.0,0.06411837237977805,0.13563501849568435,0.0,0.0,16.983970406905055,2.462392108508015,0.0,0.14919852034525277,0.187422934648582,0.0,0.6165228113440198,0.6424167694204685,0.0,0.03822441430332922,0.0
809,451,4,0.6136363636363636,0.05303030303030303,1.25,3.590909090909091,0.0,0.0,0.0,0.007575757575757576,0.0,0.0,0.30303030303030304,0.0,0.11363636363636363,1.4696969696969697,0.9015151515151515,0.0,0.0,0.0,0.0,2.765151515151515,0.11363636363636363,6.712121212121212,0.0,2.477272727272727,2.378787878787879,1.1818181818181819,14.409090909090908,0.0,0.0,0.23484848484848486,0.0,0.0,0.0,19.166666666666668,2.272727272727273,0.0,0.08333333333333333,0.17424242424242425,0.0,0.1590909090909091,0.5833333333333334,0.0,0.05303030303030303,0.03787878787878788
808,568,7,0.6610687022900763,0.09923664122137404,0.24580152671755726,4.468702290076336,0.0,0.0,0.0,0.0,0.0,0.0,0.0,0.0,0.0,0.042748091603053436,0.0061068702290076335,0.0,0.0,0.0,0.0,15.745038167938931,0.0,1.850381679389313,0.0,9.65648854961832,3.6793893129770994,0.0,2.7297709923664124,0.0,0.0,0.22137404580152673,0.1450381679389313,0.0,0.0,15.598473282442749,2.7954198473282443,0.0,0.09465648854961832,0.06564885496183206,0.0,0.7114503816793893,0.5404580152671755,0.0,0.03969465648854962,0.0
807,1019,4,0.6666666666666666,0.12260536398467432,1.4272030651340997,4.383141762452107,0.0,0.0,0.0,0.0,0.0,0.0,0.3773946360153257,0.0,0.0,0.8045977011494253,0.3333333333333333,0.0,0.0,0.0,0.9195402298850575,11.432950191570882,0.10727969348659004,1.6532567049808429,0.0,11.076628352490422,4.0440613026819925,0.2835249042145594,6.454022988505747,0.0,0.032567049808429116,0.18773946360153257,0.0,0.0,0.0,16.27777777777778,2.760536398467433,0.0,0.3563218390804598,0.03065134099616858,0.0,0.789272030651341,0.4904214559386973,0.0,0.05555555555555555,0.0
814,1950,4,0.4922048997772829,0.10244988864142539,0.6080178173719376,5.204899777282851,0.0,0.0,0.0,0.0,0.0,0.0,0.0,0.0,0.0,0.0,0.028953229398663696,0.0,0.0,0.0,0.0,17.527839643652563,0.0,2.3363028953229397,0.0,8.501113585746102,3.5835189309576836,0.015590200445434299,2.5657015590200447,0.0,0.024498886414253896,0.0,0.31625835189309576,0.0,0.0,19.36748329621381,3.307349665924276,0.0,0.044543429844097995,0.0,0.0,0.5590200445434298,0.6057906458797327,0.0,0.044543429844097995,0.0
804,1064,4,0.6761992619926199,0.11070110701107011,0.46309963099630996,4.035055350553505,0.0,0.0036900369003690036,0.0,0.01937269372693727,0.0,0.0,0.0,0.0,0.0,0.033210332103321034,0.008302583025830259,0.0,0.0,0.0,0.061808118081180814,11.58210332103321,0.03136531365313653,13.587638376383763,0.0,9.890221402214022,2.236162361623616,0.3173431734317343,4.766605166051661,0.0,0.0,0.5119926199261993,0.14944649446494465,0.0,0.0,19.20387453874539,2.0765682656826567,0.0,0.45202952029520294,0.11439114391143912,0.0,0.6466789667896679,1.3579335793357934,0.0,0.0470479704797048,0.005535055350553505
803,1652,12,0.5523255813953488,0.11627906976744186,1.9186046511627908,5.459302325581396,0.0,0.0,0.0,0.01744186046511628,0.0,0.0,0.0,0.0,0.0,0.040697674418604654,0.0,0.0,0.0,0.0,0.0,14.895348837209303,0.05813953488372093,2.9593023255813953,0.0,14.05232558139535,4.6104651162790695,0.10465116279069768,2.627906976744186,0.0,0.23255813953488372,0.13372093023255813,0.0,0.0,0.0,20.436046511627907,3.558139534883721,0.0,0.622093023255814,0.046511627906976744,0.0,1.0116279069767442,0.4941860465116279,0.0,0.08139534883720931,0.0
812,1085,11,1.0,0.09183673469387756,0.5612244897959183,4.326530612244898,0.37755102040816324,0.5510204081632653,0.0,2.7448979591836733,2.0510204081632653,0.0,0.23469387755102042,0.0,0.17346938775510204,3.857142857142857,0.7959183673469388,0.07142857142857142,0.0,0.09183673469387756,1.2551020408163265,2.5918367346938775,0.09183673469387756,10.051020408163266,0.0,7.010204081632653,2.5408163265306123,2.2346938775510203,13.081632653061224,0.0,0.0,0.12244897959183673,0.0,0.0,0.0,20.357142857142858,2.061224489795918,0.0,0.0,0.20408163265306123,0.0,0.7142857142857143,0.6428571428571429,0.0,0.16326530612244897,1.010204081632653
823,1462,4,1.4947368421052631,0.10736842105263159,0.6631578947368421,5.372631578947368,0.09473684210526316,0.0,0.0,0.1831578947368421,0.0,0.0,0.0,0.14736842105263157,0.0,1.4442105263157894,0.37684210526315787,0.0,0.13473684210526315,0.24842105263157896,0.0,15.410526315789474,0.031578947368421054,4.1557894736842105,0.0,3.6757894736842105,3.8526315789473684,0.11578947368421053,3.4673684210526314,0.0,0.0,0.06526315789473684,0.0,0.0,2.6926315789473683,21.646315789473686,3.0105263157894737,0.0,0.09473684210526316,0.09263157894736843,0.0,0.608421052631579,0.6821052631578948,2.5789473684210527,0.52,4.3052631578947365
812,426,4,0.5657142857142857,0.07510204081632653,0.72,4.33469387755102,0.0,0.0,0.0,0.0163265306122449,0.0,0.0,0.0,0.0,0.0,0.07102040816326531,0.0008163265306122449,0.0,0.0,0.037551020408163265,0.0,13.006530612244898,0.035918367346938776,3.8114285714285714,0.0,8.898775510204082,2.7208163265306125,0.2620408163265306,5.1722448979591835,0.0,0.09387755102040816,0.19510204081632654,0.08816326530612245,0.0,0.0,17.75673469387755,2.6040816326530614,0.0,0.1436734693877551,0.062040816326530614,0.0,0.6489795918367347,0.6122448979591837,0.0,0.029387755102040815,0.0
811,775,4,0.6993670886075949,0.08227848101265822,0.5284810126582279,4.0284810126582276,0.0,0.0,0.0,0.0,0.0,0.0,0.0,0.0,0.0,0.03164556962025317,0.012658227848101266,0.0,0.0,0.0,0.0,14.354430379746836,0.0,2.151898734177215,0.0,10.474683544303797,1.7531645569620253,0.0,2.617088607594937,0.0,0.0,0.5886075949367089,0.0,0.0,0.0,13.85759493670886,2.3512658227848102,0.0,0.5759493670886076,0.10126582278481013,0.0,0.75,0.5158227848101266,0.0,0.04113924050632911,0.0
815,1532,4,0.7578125,0.140625,2.20703125,2.91796875,0.0,0.09765625,0.0,0.03515625,0.0,0.0,0.046875,0.0,0.0,0.109375,0.01171875,0.0,0.0,0.0,0.21484375,11.3515625,0.0703125,3.171875,0.0,2.73828125,0.83984375,0.4765625,7.2421875,0.0,0.0,0.0078125,0.0,0.0,0.0,12.16015625,1.3671875,0.0,0.83203125,0.04296875,0.0,1.05859375,0.51953125,0.0,0.03515625,0.0
810,683,4,0.6490196078431373,0.09803921568627451,0.9509803921568627,5.003921568627451,0.0,0.0,0.0,0.0,0.0,0.0,0.0,0.0,0.0,0.025490196078431372,0.0,0.0,0.0,0.0,0.07058823529411765,14.650980392156862,0.01764705882352941,4.133333333333334,0.0,19.58627450980392,4.650980392156863,0.615686274509804,7.1156862745098035,0.0,0.0,0.12745098039215685,0.38235294117647056,0.0,0.0,19.215686274509803,2.764705882352941,0.0,0.09215686274509804,0.03137254901960784,0.0,1.219607843137255,0.6274509803921569,0.0,0.052941176470588235,0.11960784313725491
811,1042,4,0.6,0.06956521739130435,0.6652173913043479,3.1913043478260867,0.0,0.0,0.0,0.0,0.0,0.0,0.0,0.0,0.0,0.0,0.0,0.0,0.0,0.0,0.0,6.217391304347826,0.004347826086956522,2.4478260869565216,0.0,3.8130434782608695,1.6652173913043478,0.06086956521739131,3.6652173913043478,0.0,0.0,0.08695652173913043,0.0,0.0,0.0,13.178260869565218,2.0521739130434784,0.0,0.034782608695652174,0.030434782608695653,0.0,0.2782608695652174,0.5304347826086957,0.0,0.008695652173913044,0.0
822,1184,4,0.5079365079365079,0.1111111111111111,0.5714285714285714,4.626984126984127,0.0,0.0,0.0,0.0,0.0,0.0,0.0,0.0,0.0,0.0,0.003968253968253968,0.0,0.0,0.0,0.0,14.25,0.011904761904761904,2.4484126984126986,0.0,12.567460317460318,4.369047619047619,0.0,2.0,0.0,0.0992063492063492,0.0,0.0,0.0,0.0,16.74206349206349,2.861111111111111,0.0,0.3492063492063492,0.13095238095238096,0.0,0.876984126984127,0.503968253968254,0.0,0.023809523809523808,0.0
813,491,4,0.6736842105263158,0.08654970760233918,1.432748538011696,4.045614035087719,0.0,0.0,0.0,0.15321637426900586,0.0,0.0,0.0,0.0,0.0,0.12046783625730995,0.0,0.0,0.0,0.0,0.0,13.734502923976608,0.05497076023391813,3.136842105263158,0.0,8.4046783625731,2.833918128654971,0.1391812865497076,4.095906432748538,0.0,0.0,0.18830409356725147,0.0,0.0,0.0,14.942690058479533,2.2818713450292396,0.0,0.11461988304093568,0.0935672514619883,0.0,0.5497076023391813,0.5953216374269006,0.0,0.1064327485380117,0.0
822,881,4,0.6033519553072626,0.09497206703910614,0.45251396648044695,2.977653631284916,0.0,0.0,0.0,0.0,0.0,0.0,0.0,0.0,0.0,0.0,0.0,0.0,0.0,0.0,0.0,10.625698324022347,0.0,1.8491620111731844,0.0,7.5363128491620115,1.8156424581005586,0.0,3.8324022346368714,0.0,0.0,0.18435754189944134,0.0,0.0,0.0,12.983240223463687,1.9720670391061452,0.0,0.2849162011173184,0.1005586592178771,0.0,0.5418994413407822,0.5418994413407822,0.0,0.01675977653631285,0.0
816,1006,4,0.6440366972477064,0.10917431192660551,0.8908256880733945,4.044954128440367,0.0,0.0,0.0,0.0045871559633027525,0.0,0.0,0.0,0.0,0.0,0.03211009174311927,0.0,0.0,0.0,0.0,0.0,14.815596330275229,0.04220183486238532,2.673394495412844,0.0,5.633944954128441,2.022018348623853,0.14954128440366973,2.9394495412844037,0.0,0.0,0.03761467889908257,0.07339449541284404,0.0,0.0,14.939449541284404,2.406422018348624,0.0,0.13394495412844037,0.013761467889908258,0.0,0.3614678899082569,0.6275229357798165,0.0,0.02110091743119266,0.0
821,1212,4,0.8298611111111112,0.0763888888888889,1.0833333333333333,4.173611111111111,0.0,0.0,0.0,0.013888888888888888,0.0,0.0,0.0,0.0,0.0,0.010416666666666666,0.0,0.0,0.0,0.0,0.0,6.572916666666667,0.0,2.7847222222222223,0.0,6.315972222222222,2.5694444444444446,0.0,3.670138888888889,0.0,0.0,0.15625,0.0,0.0,0.0,16.84722222222222,2.7465277777777777,0.0,0.6145833333333334,0.1701388888888889,0.0,0.3923611111111111,0.6805555555555556,0.0,0.0763888888888889,0.0
814,1661,12,0.6598360655737705,0.10450819672131148,0.9723360655737705,5.221311475409836,0.0,0.05327868852459016,0.0,0.1290983606557377,0.0,0.0,0.0,0.0,0.0,0.11577868852459017,0.03278688524590164,0.0,0.0,0.0,0.0,16.30122950819672,0.020491803278688523,3.4938524590163933,0.0,10.855532786885245,3.3739754098360657,0.02459016393442623,2.9610655737704916,0.0,0.0,0.042008196721311473,0.0,0.0,0.0,18.78688524590164,3.0235655737704916,0.0,0.0,0.13319672131147542,0.0,0.7182377049180327,0.6127049180327869,0.0,0.04815573770491803,0.0
824,1981,4,0.6913946587537092,0.06824925816023739,0.6439169139465876,3.3056379821958455,0.34124629080118696,0.9287833827893175,0.0,4.483679525222552,0.12462908011869436,0.0,0.0,0.03857566765578635,0.11869436201780416,4.059347181008902,1.4807121661721068,0.05934718100890208,0.0,0.1661721068249258,0.19584569732937684,2.540059347181009,0.10682492581602374,11.047477744807122,0.0,2.148367952522255,1.86053412462908,1.4362017804154303,11.059347181008903,0.13353115727002968,0.0,0.10682492581602374,0.0,0.0,0.0,16.98219584569733,1.4955489614243322,0.0,0.0,0.41839762611275966,0.0,0.6884272997032641,0.6023738872403561,0.9851632047477745,0.09198813056379822,8.350148367952523
811,724,4,1.8869565217391304,0.11217391304347826,0.7234782608695652,4.126956521739131,0.014782608695652174,0.0,0.0,0.050434782608695654,0.0,0.0,0.0,0.0,0.0,0.06434782608695652,0.0,0.0,0.0,0.0,0.0,11.601739130434783,0.07565217391304348,5.977391304347826,0.0,6.721739130434782,2.0582608695652174,0.8365217391304348,6.367826086956522,0.0,0.0,0.2582608695652174,0.17304347826086958,0.0,0.0,19.162608695652175,2.141739130434783,0.0,0.17739130434782607,0.08347826086956522,0.0,0.4678260869565217,0.7434782608695653,0.0,0.5669565217391305,0.0
813,925,12,1.2842105263157895,0.05263157894736842,1.805263157894737,3.2157894736842105,0.0,0.0,0.0,0.09473684210526316,0.0,0.0,0.0,0.0,0.0,0.13157894736842105,0.0,0.0,0.0,0.0,0.0,1.894736842105263,0.0,3.163157894736842,0.0,4.110526315789474,1.7,0.3684210526315789,6.747368421052632,0.0,0.0,0.15789473684210525,0.06842105263157895,0.0,0.0,13.421052631578947,1.631578947368421,0.0,1.4473684210526316,0.021052631578947368,0.0,0.5894736842105263,0.6684210526315789,0.0,0.06315789473684211,0.0
820,1161,4,0.5353982300884956,0.03982300884955752,1.0398230088495575,2.3805309734513274,0.0,0.22123893805309736,0.0,2.0442477876106193,0.0,0.12389380530973451,0.0,0.0,0.0,1.2123893805309736,0.5,0.0,0.11946902654867257,0.27876106194690264,0.0,2.3893805309734515,0.0,8.530973451327434,0.0,1.5221238938053097,0.8230088495575221,0.3938053097345133,5.292035398230088,0.0,0.0,0.13716814159292035,0.0,0.0,0.0,11.38495575221239,1.2300884955752212,0.0,0.4424778761061947,0.46017699115044247,0.0,0.3053097345132743,0.5309734513274337,0.0,0.0752212389380531,2.9070796460176993
814,972,4,0.9290322580645162,0.06666666666666667,1.9806451612903226,2.2795698924731185,0.0,0.0,0.0,0.08602150537634409,0.0,0.0,0.0,0.13763440860215054,0.0,0.2064516129032258,0.05591397849462366,0.0,0.0,0.0,0.0,8.316129032258065,0.008602150537634409,7.017204301075269,0.0,1.189247311827957,0.4,0.017204301075268817,4.858064516129033,0.0,0.0,0.2021505376344086,0.0,0.0,0.0,11.881720430107526,0.9827956989247312,0.0,0.30752688172043013,0.4043010752688172,0.0,0.07311827956989247,0.6,2.150537634408602,0.5333333333333333,6.961290322580645
828,1558,4,0.5277777777777778,0.037037037037037035,1.1851851851851851,3.1712962962962963,0.0,0.0,0.0,0.10185185185185185,0.0,0.0,0.0,0.0,0.0,0.1574074074074074,0.023148148148148147,0.0,0.0,0.0,0.0,7.518518518518518,0.0,3.115740740740741,0.0,2.1018518518518516,0.7129629629629629,0.22685185185185186,6.537037037037037,0.0,0.0,0.22685185185185186,0.0,0.0,0.0,12.689814814814815,1.5972222222222223,0.0,0.5509259259259259,0.32407407407407407,0.0,0.28703703703703703,0.5787037037037037,0.0,0.06018518518518518,0.0
824,303,4,0.6581132075471698,0.08377358490566038,0.8294339622641509,4.407547169811321,0.0,0.0,0.0,0.0430188679245283,0.0,0.0,0.017358490566037735,0.0,0.022641509433962263,0.15622641509433963,0.07622641509433963,0.0,0.0,0.0,0.0015094339622641509,13.778867924528301,0.04830188679245283,4.874716981132075,0.0,10.002264150943397,3.0241509433962266,0.4656603773584906,5.497358490566038,0.0,0.0,0.2467924528301887,0.18566037735849056,0.0,0.00830188679245283,17.712452830188678,2.403018867924528,0.0,0.1909433962264151,0.018867924528301886,0.0,0.7132075471698113,0.6709433962264151,0.0,0.027169811320754716,0.1932075471698113
814,592,4,0.5352112676056338,0.10024855012427507,0.9726594863297432,3.6056338028169015,0.0,0.0,0.0,0.0,0.0,0.0,0.0,0.0,0.0,0.0,0.0,0.0,0.0,0.0,0.0,12.139188069594034,0.0,1.5468102734051368,0.0,6.049710024855012,1.367854183927092,0.02236951118475559,3.328086164043082,0.0,0.0,0.14167357083678542,0.1980115990057995,0.0,0.0,13.11599005799503,1.9908864954432477,0.0,0.08367854183927093,0.05136702568351284,0.0,0.3985086992543496,0.4747307373653687,0.0,0.0347970173985087,0.0
819,619,4,0.6160714285714286,0.08333333333333333,1.0744047619047619,2.6547619047619047,0.0,0.0,0.0,0.0,0.0,0.0,0.011904761904761904,0.0,0.0,0.37202380952380953,0.023809523809523808,0.0,0.0,0.0,0.011904761904761904,11.366071428571429,0.0,2.2291666666666665,0.0,2.550595238095238,0.9196428571428571,0.125,5.7648809523809526,0.0,0.0,0.75,0.0,0.0,0.0,11.276785714285714,1.4523809523809523,0.0,1.3898809523809523,0.0,0.0,0.125,0.5029761904761905,0.0,0.020833333333333332,0.0
817,699,4,0.5700245700245701,0.04914004914004914,1.2628992628992628,2.6486486486486487,0.0,0.0,0.0,0.03931203931203931,0.0,0.0,0.0,0.0,0.0,0.15233415233415235,0.0,0.0,0.0,0.0,0.0,3.4496314496314495,0.0,2.4766584766584767,0.0,2.085995085995086,0.8132678132678133,0.085995085995086,4.85012285012285,0.0,0.0,0.33415233415233414,0.0,0.0,0.0,11.624078624078624,1.7371007371007372,0.0,0.8894348894348895,0.051597051597051594,0.0,0.08353808353808354,0.5503685503685504,0.0,0.036855036855036855,0.0
824,539,4,0.6891025641025641,0.07692307692307693,0.7211538461538461,4.1506410256410255,0.0,0.0,0.0,0.0,0.0,0.0,0.0,0.0,0.0,0.0,0.0,0.0,0.0,0.0,0.0,11.977564102564102,0.0,2.576923076923077,0.0,7.330128205128205,2.83974358974359,0.19230769230769232,4.810897435897436,0.0,0.0,0.09935897435897435,0.060897435897435896,0.0,0.0,15.304487179487179,2.5288461538461537,0.0,0.18269230769230768,0.07692307692307693,0.0,0.5737179487179487,0.5384615384615384,0.0,0.035256410256410256,0.0
828,848,4,0.6535269709543569,0.07157676348547717,0.7437759336099585,4.017634854771784,0.0,0.0,0.0,0.0,0.0,0.0,0.0,0.0,0.0,0.007261410788381743,0.02074688796680498,0.0,0.0,0.0,0.0,14.368257261410788,0.015560165975103735,2.216804979253112,0.0,6.480290456431535,1.8309128630705394,0.11203319502074689,4.075726141078838,0.0,0.005186721991701245,0.11929460580912864,0.24273858921161826,0.0,0.0,15.37655601659751,2.679460580912863,0.0,0.022821576763485476,0.01037344398340249,0.0,0.5954356846473029,0.5560165975103735,0.0,0.04045643153526971,0.0
818,507,4,0.7495769881556683,0.12098138747884941,1.2707275803722504,4.060913705583756,0.0,0.0,0.0,0.0,0.0,0.0,0.0,0.0,0.0,0.008460236886632826,0.005076142131979695,0.0,0.0,0.0,0.0025380710659898475,13.621827411167512,0.028764805414551606,2.521996615905245,0.0,5.45600676818951,1.5160744500846024,0.11252115059221658,3.6328257191201354,0.0,0.0,0.03976311336717428,0.2639593908629442,0.0,0.0,14.699661590524535,2.3307952622673436,0.0,0.28426395939086296,0.0532994923857868,0.0,0.37817258883248733,0.622673434856176,0.0,0.03637901861252115,0.0
825,1060,4,0.577639751552795,0.037267080745341616,0.19875776397515527,2.5652173913043477,0.0,0.0,0.0,0.0,0.0,0.0,0.0,0.0,0.0,0.0,0.0,0.0,0.0,0.0,0.0,4.559006211180124,0.0,1.9440993788819876,0.0,3.608695652173913,0.9627329192546584,0.052795031055900624,3.487577639751553,0.0,0.0,0.018633540372670808,0.0,0.0,0.0,11.574534161490684,1.6677018633540373,0.0,0.027950310559006212,0.10869565217391304,0.0,0.14596273291925466,0.5341614906832298,0.0,0.009316770186335404,0.0
822,1636,4,0.5405405405405406,0.05540540540540541,2.074324324324324,4.625675675675676,0.0,0.0,0.0,0.022972972972972974,0.0,0.0,0.0,0.0,0.0,0.0472972972972973,0.002702702702702703,0.0,0.0,0.0,0.0,11.06891891891892,0.07567567567567568,2.7175675675675675,0.0,7.217567567567568,3.0824324324324324,0.16486486486486487,3.5405405405405403,0.0,0.0,0.09324324324324325,0.0,0.0,0.002702702702702703,17.245945945945945,2.7445945945945946,0.0,0.5310810810810811,0.006756756756756757,0.0,0.45135135135135135,0.5932432432432433,0.0,0.06486486486486487,0.0
826,1133,4,0.630057803468208,0.09248554913294797,0.7630057803468208,3.2658959537572256,0.0,0.03468208092485549,0.0,0.0,0.0,0.0,0.0,0.0,0.0,0.046242774566473986,0.0,0.0,0.0,0.0,0.0,7.976878612716763,0.028901734104046242,4.80635838150289,0.0,2.531791907514451,0.8901734104046243,0.6473988439306358,7.520231213872832,0.0,0.08959537572254335,0.17341040462427745,0.0,0.0,0.0,13.45664739884393,1.4017341040462428,0.0,0.03757225433526012,0.13872832369942195,0.0,0.07514450867052024,0.5867052023121387,0.0,0.031791907514450865,0.0
828,1383,4,31.88822355289421,0.11177644710578842,0.16966067864271456,3.07185628742515,0.0,0.0,0.0,0.0,0.0,0.0,0.0,0.0499001996007984,0.0,0.0,0.08383233532934131,0.0,0.0,0.0,0.0,10.636726546906187,0.0,1.5369261477045908,0.0,4.119760479041916,2.409181636726547,0.0,2.4790419161676644,0.0,0.0,0.12974051896207583,0.0,0.0,0.0,12.357285429141717,1.215568862275449,0.0,0.0,0.0,0.0,0.3313373253493014,1.3373253493013972,0.7784431137724551,26.940119760479043,16.748502994011975
834,1797,4,0.6240437158469946,0.09508196721311475,0.8677595628415301,4.704918032786885,0.0,0.0,0.0,0.0,0.0,0.0,0.041530054644808745,0.0,0.0,0.26994535519125684,0.0546448087431694,0.0,0.0,0.0,0.18907103825136612,12.40327868852459,0.018579234972677595,3.3366120218579236,0.0,8.589071038251365,3.109289617486339,0.01639344262295082,5.7650273224043715,0.0,0.0,0.35956284153005463,0.2721311475409836,0.012021857923497269,0.0,19.34426229508197,2.7333333333333334,0.0,0.05792349726775956,0.046994535519125684,0.07650273224043716,0.6273224043715847,0.6316939890710382,0.0,0.041530054644808745,0.0
823,361,12,0.6112600536193029,0.06523681858802502,0.7882037533512064,3.8471849865951744,0.0,0.11706881143878463,0.0,0.22966934763181412,0.0,0.0,0.0,0.0,0.0,0.3092046470062556,0.1161751563896336,0.0,0.0,0.0,0.0,10.657730116175156,0.06344950848972297,4.149240393208221,0.0,8.865058087578195,2.576407506702413,0.35924932975871315,6.92135835567471,0.0,0.0,0.1867739052725648,0.05451295799821269,0.0,0.0,18.77569258266309,2.1992850759606792,0.0,0.20107238605898123,0.09472743521000894,0.0,0.5773011617515639,0.6336014298480787,0.0,0.04289544235924933,0.5764075067024129
828,1321,4,0.8011869436201781,0.06528189910979229,0.23738872403560832,2.1008902077151337,0.0,0.258160237388724,0.0,0.41543026706231456,0.0,0.0,0.0,0.0,0.0,0.1513353115727003,0.017804154302670624,0.0,0.06528189910979229,0.05934718100890208,0.0,2.691394658753709,0.002967359050445104,3.2403560830860534,0.0,2.9584569732937687,0.6350148367952523,0.002967359050445104,4.85459940652819,0.0,0.0,0.06824925816023739,0.0,0.0,0.0,10.11572700296736,1.3857566765578635,0.0,0.002967359050445104,0.21364985163204747,0.0,0.22551928783382788,0.5667655786350149,0.0,0.04451038575667656,2.771513353115727
824,1837,4,0.7848739495798319,0.07899159663865546,1.5848739495798319,4.46890756302521,0.0,0.0,0.0,0.0,0.0,0.0,0.0,0.0,0.0,0.0,0.0,0.0,0.0,0.0,0.0,11.936134453781513,0.047058823529411764,3.2168067226890757,0.0,8.435294117647059,3.2857142857142856,0.04873949579831933,6.692436974789916,0.0,0.10588235294117647,0.14285714285714285,0.0773109243697479,0.0,0.0,18.67731092436975,2.7630252100840336,0.0,0.15294117647058825,0.07058823529411765,0.0,0.5831932773109244,0.6974789915966386,0.0,0.03697478991596639,0.0
834,1889,4,0.6326767091541136,0.10312862108922363,0.8725376593279258,4.359212050984937,0.0,0.0,0.0,0.1332560834298957,0.0,0.0,0.015063731170336037,0.009269988412514484,0.01853997682502897,0.3986095017381228,0.17381228273464658,0.0,0.0,0.016222479721900347,0.0,13.164542294322132,0.0776361529548088,4.0231749710312865,0.0,10.69640787949015,2.72305909617613,0.3499420625724218,6.492468134414832,0.0,0.12514484356894554,0.5341830822711472,0.0,0.0,0.0,19.99188876013905,2.3337195828505215,0.0,0.3047508690614137,0.12514484356894554,0.0,0.7983777520278099,0.6292004634994206,0.0,0.06025492468134415,0.944380069524913
826,990,4,0.6115384615384616,0.08365384615384615,0.6480769230769231,4.133653846153846,0.0,0.0,0.0,0.01730769230769231,0.0,0.0,0.019230769230769232,0.0009615384615384616,0.0019230769230769232,0.08557692307692308,0.0,0.0,0.0,0.0,0.004807692307692308,11.482692307692307,0.07211538461538461,3.8125,0.0,11.574038461538462,4.263461538461539,0.8807692307692307,4.9028846153846155,0.0,0.06826923076923076,0.25576923076923075,0.09711538461538462,0.0,0.0,20.43653846153846,2.518269230769231,0.0,0.2721153846153846,0.013461538461538462,0.0,0.8557692307692307,0.6644230769230769,0.0,0.04423076923076923,0.3855769230769231
835,1424,11,0.5239567233384853,0.09273570324574962,0.5548686244204019,4.282843894899536,0.0,0.0,0.0,0.030911901081916538,0.0,0.0,0.0,0.0,0.0,0.061823802163833076,0.015455950540958269,0.0,0.0,0.0,0.0,12.488408037094281,0.0,2.7527047913446676,0.0,9.493044822256568,2.8083462132921175,0.06646058732612056,4.346213292117465,0.0,0.0,0.17001545595054096,0.0,0.0,0.0,15.404945904173106,2.5038639876352398,0.0,0.44049459041731065,0.10973724884080371,0.0,0.6738794435857806,0.5533230293663061,0.0,0.04636785162287481,0.0
828,469,4,0.6580436540016168,0.08488278092158448,0.85125303152789,4.0864995957962815,0.04284559417946645,0.04850444624090541,0.0,0.25303152789005656,0.0,0.0,0.0,0.0,0.0,0.48181083265966046,0.14793856103476152,0.0,0.5416329830234439,0.3047696038803557,0.0032336297493936943,10.719482619240097,0.002425222312045271,2.572352465642684,0.0,10.83589329021827,2.490703314470493,0.14147130153597412,5.643492320129345,0.0,0.07033144704931285,0.19320937752627323,0.10670978172999192,0.0,1.6742118027485853,17.372675828617623,2.299919159256265,0.0,0.4793856103476152,0.0008084074373484236,0.0,0.746160064672595,0.6386418755052546,0.0,0.041228779304769606,2.158447857720291
827,603,4,0.48868778280542985,0.06108597285067873,0.5520361990950227,3.6515837104072397,0.0,0.0,0.0,0.0,0.0,0.0,0.0,0.0,0.0,0.0,0.0,0.0,0.0,0.0,0.0,12.929864253393665,0.0,1.5950226244343892,0.0,6.004524886877828,2.574660633484163,0.0,3.233031674208145,0.0,0.0,0.1425339366515837,0.0,0.0,0.0,13.805429864253394,2.2873303167420813,0.0,0.2647058823529412,0.04751131221719457,0.0,0.5203619909502263,0.5610859728506787,0.0,0.027149321266968326,0.0
835,449,4,0.8575757575757575,0.10303030303030303,0.7878787878787878,3.5424242424242425,0.0,0.0,0.0,0.00909090909090909,0.0,0.0,0.0,0.0,0.0,0.12121212121212122,0.01818181818181818,0.0,0.0,0.0,0.0,15.681818181818182,0.0,2.272727272727273,0.0,3.9757575757575756,1.4515151515151514,0.13636363636363635,4.657575757575757,0.0,0.0,0.4484848484848485,0.0,0.0,0.0,12.451515151515151,1.7696969696969698,0.0,0.7212121212121212,0.07878787878787878,0.0,0.21515151515151515,0.6121212121212121,0.0,0.02727272727272727,0.0
828,119,4,0.5614973262032086,0.0748663101604278,0.5579322638146168,3.2049910873440286,0.0,0.0,0.0,0.0,0.0,0.0,0.0,0.0,0.0,0.0142602495543672,0.0,0.0,0.0,0.0,0.0,14.149732620320856,0.0,1.6987522281639929,0.0,4.5133689839572195,1.103386809269162,0.0,4.208556149732621,0.0,0.0,0.2103386809269162,0.0,0.0,0.0,11.67379679144385,1.6399286987522281,0.0,0.24955436720142601,0.0962566844919786,0.0,0.3065953654188948,0.5204991087344029,0.0,0.0213903743315508,0.0
830,1704,4,0.5879828326180258,0.05150214592274678,0.7811158798283262,1.6008583690987124,0.0,0.0,0.0,0.22317596566523606,0.0,0.0,0.030042918454935622,0.0,0.030042918454935622,0.33905579399141633,0.10300429184549356,0.0,0.0,0.0,0.0,2.648068669527897,0.0,2.1416309012875536,0.0,1.4291845493562232,0.0,0.27467811158798283,5.068669527896995,0.0,0.0,0.13733905579399142,0.0,0.0,0.0,7.236051502145923,0.721030042918455,0.0,0.22317596566523606,0.296137339055794,0.0,0.0,0.39914163090128757,0.0,0.008583690987124463,0.0
840,922,4,0.5067750677506775,0.07317073170731707,0.5365853658536586,1.9403794037940378,0.0,0.0948509485094851,0.0,0.4823848238482385,0.0,0.0,0.013550135501355014,0.0,0.013550135501355014,0.4796747967479675,0.15447154471544716,0.0,0.0,0.0,0.0,2.8021680216802167,0.2086720867208672,5.311653116531165,0.0,0.8238482384823849,0.12466124661246612,1.008130081300813,8.86449864498645,0.0,0.0,0.5474254742547425,0.0,0.0,0.0,11.788617886178862,0.7479674796747967,0.0,0.5528455284552846,0.15989159891598917,0.0,0.0,0.5474254742547425,0.0,0.04065040650406504,1.3116531165311653
834,1108,4,0.5798575788402849,0.09664292980671414,0.8911495422177009,3.8087487283825023,0.002034587995930824,0.019328585961342827,0.0,0.09257375381485249,0.0,0.0,0.0,0.0,0.0,0.14242115971515767,0.04577822990844354,0.0,0.0,0.04170905391658189,0.0,12.681586978636826,0.001017293997965412,3.4557477110885046,0.0,8.144455747711088,2.759918616480163,0.1770091556459817,3.854526958290946,0.0,0.0,0.3957273652085453,0.0,0.0,0.0,14.981688708036623,2.498474059003052,0.0,0.24109867751780265,0.13326551373346898,0.0,0.5096642929806714,0.572736520854527,0.0,0.03458799593082401,0.31637843336724314
835,1238,4,25.655030800821354,0.1457905544147844,0.6201232032854209,4.640657084188912,0.0,0.0,0.0,0.0,0.0,0.0,0.0,0.1971252566735113,0.0,0.002053388090349076,0.0,0.0,0.0,0.0,0.0,6.1827515400410675,0.0,1.6960985626283367,0.0,6.677618069815195,4.459958932238193,0.004106776180698152,3.9568788501026693,0.0,0.0,0.024640657084188913,0.3839835728952772,0.0,0.0,20.32854209445585,2.5831622176591376,0.0,0.0,0.0,0.0,0.4455852156057495,1.2032854209445585,1.1540041067761806,19.026694045174537,19.82340862422998
833,38,4,0.6544622425629291,0.08924485125858124,1.2036613272311212,3.5766590389016018,0.0,0.0,0.0,0.0,0.0,0.0,0.0,0.0,0.0,0.0,0.0,0.0,0.0,0.0,0.0,13.235697940503432,0.036613272311212815,2.977116704805492,0.0,4.663615560640732,1.4324942791762014,0.043478260869565216,7.217391304347826,0.0,0.0,0.06407322654462243,0.0,0.0,0.0,14.65675057208238,1.837528604118993,0.0,0.2540045766590389,0.12356979405034325,0.0,0.28832951945080093,0.6041189931350115,0.0,0.038901601830663615,0.0
832,168,11,0.6023856858846919,0.09145129224652088,0.49105367793240556,2.9025844930417497,0.0,0.0,0.0,0.147117296222664,0.0,0.0,0.02385685884691849,0.0,0.061630218687872766,0.19483101391650098,0.08151093439363817,0.0,0.007952286282306162,0.019880715705765408,0.0,9.673956262425447,0.0,2.2027833001988073,0.0,4.252485089463221,1.1391650099403579,0.0775347912524851,3.7057654075546718,0.0,0.0,0.0,0.055666003976143144,0.0,0.0,11.497017892644136,1.58051689860835,0.0,0.17693836978131214,0.011928429423459244,0.0,0.3996023856858847,0.4870775347912525,0.0,0.013916500994035786,0.0
832,665,12,0.5269230769230769,0.07115384615384615,0.09038461538461538,2.4653846153846155,0.0,0.0,0.0,0.49230769230769234,0.0,0.0019230769230769232,0.0,0.0,0.0019230769230769232,0.7461538461538462,0.22115384615384615,0.0,0.1346153846153846,0.7461538461538462,0.05384615384615385,10.284615384615385,0.0,3.4346153846153844,0.0,9.290384615384616,2.0538461538461537,0.3557692307692308,5.3403846153846155,0.0,0.0,0.0,0.0,0.0,0.6903846153846154,10.78076923076923,1.251923076923077,0.0,0.019230769230769232,0.01730769230769231,0.0,0.7634615384615384,0.48846153846153845,0.0,0.046153846153846156,6.278846153846154
833,1523,4,0.6270161290322581,0.1028225806451613,0.48588709677419356,3.0725806451612905,0.0,0.0,0.0,0.780241935483871,0.0,0.0,0.0,0.0,0.0,0.5544354838709677,0.18346774193548387,0.0,0.2903225806451613,1.0403225806451613,0.0,8.75,0.0,4.199596774193548,0.0,9.675403225806452,2.2943548387096775,0.3225806451612903,4.17741935483871,0.0,0.0,0.11693548387096774,0.0,0.0,0.0,12.919354838709678,1.7600806451612903,0.0,0.1310483870967742,0.008064516129032258,0.0,1.3508064516129032,0.5564516129032258,0.0,0.04233870967741935,8.860887096774194
839,346,4,0.5791583166332666,0.11623246492985972,0.8577154308617234,4.88376753507014,0.0,0.0,0.0,0.0,0.0,0.0,0.01603206412825651,0.0,0.0,0.04809619238476954,0.01603206412825651,0.0,0.0,0.0,0.0,17.462925851703407,0.012024048096192385,3.4509018036072145,0.0,19.65330661322645,4.9118236472945895,0.49498997995991983,5.927855711422846,0.0,0.0,0.10420841683366733,0.19238476953907815,0.0,0.0,19.50501002004008,2.8276553106212425,0.0,0.0,0.08016032064128256,0.0,1.1903807615230462,0.6172344689378757,0.0,0.03406813627254509,3.0200400801603204
836,382,12,0.8710990502035278,0.06919945725915876,0.3880597014925373,2.366350067842605,0.0,0.033921302578018994,0.0,0.07191316146540028,0.0,0.0,0.0,0.0,0.0,0.06377204884667571,0.013568521031207599,0.0,0.0,0.0013568521031207597,0.0,8.033921302578019,0.0,1.672998643147897,0.0,5.440976933514247,0.7801899592944369,0.010854816824966078,4.743554952510176,0.0,0.0,0.0407055630936228,0.0,0.0,0.0,10.181818181818182,1.4179104477611941,0.0,0.014925373134328358,0.12754409769335143,0.0,0.3378561736770692,0.47761194029850745,0.0,0.05698778833107191,0.04206241519674356
835,697,4,0.4659090909090909,0.05909090909090909,0.022727272727272728,2.243181818181818,0.0,0.020454545454545454,0.0,0.6318181818181818,0.0,0.0,0.0,0.0,0.0,0.07727272727272727,0.07045454545454545,0.0,1.2022727272727274,1.3045454545454545,0.0,3.675,0.0,5.747727272727273,0.0,2.534090909090909,1.2386363636363635,0.031818181818181815,2.965909090909091,0.0,0.0,0.04772727272727273,0.0,0.0,0.0,11.388636363636364,1.3954545454545455,0.0,0.0,0.015909090909090907,0.0,0.2545454545454545,0.5204545454545455,0.0,0.05227272727272727,14.481818181818182
840,1670,7,0.6805349182763745,0.0950965824665676,1.187221396731055,4.158989598811293,0.0,0.0,0.0,0.0950965824665676,0.0,0.0,0.0,0.0,0.0,0.17087667161961367,0.0237741456166419,0.0,0.0,0.004457652303120356,0.0,13.118870728083209,0.031203566121842496,2.9569093610698367,0.0,7.893016344725112,2.7860326894502228,0.16196136701337296,4.765230312035661,0.0,0.08766716196136701,0.17830609212481427,0.0,0.0,0.0,15.419019316493314,2.472511144130758,0.0,0.6537890044576523,0.029717682020802376,0.0,0.5854383358098069,0.5839524517087668,0.0,0.029717682020802376,0.0
833,271,4,0.6933333333333334,0.11407407407407408,0.3925925925925926,4.434074074074074,0.04,0.1511111111111111,0.0,0.6518518518518519,0.0,0.0,0.32296296296296295,0.0,0.06518518518518518,2.531851851851852,0.5733333333333334,0.0,0.0,0.01925925925925926,0.7288888888888889,14.943703703703704,0.0,18.64,0.0,8.868148148148148,4.445925925925926,0.7866666666666666,7.205925925925926,0.016296296296296295,0.0,0.08,0.0,0.0,0.0,19.12,1.885925925925926,0.0,0.16592592592592592,0.047407407407407405,0.02074074074074074,0.6725925925925926,0.6977777777777778,1.642962962962963,0.1037037037037037,9.985185185185186
845,1913,4,0.5650887573964497,0.06804733727810651,1.2692307692307692,2.798816568047337,0.0,0.0,0.0,0.0,0.0,0.0,0.0,0.0,0.0,0.16272189349112426,0.0,0.0,0.0,0.0,0.0,6.529585798816568,0.0,2.136094674556213,0.0,5.505917159763314,0.9881656804733728,0.08579881656804733,5.7485207100591715,0.0,0.0,0.01775147928994083,0.0,0.0,0.0,11.18639053254438,1.6124260355029585,0.0,0.28994082840236685,0.0,0.0,0.41124260355029585,0.5118343195266272,0.0,0.008875739644970414,0.0
833,1086,11,0.5995423340961098,0.08352402745995423,0.8535469107551488,3.6155606407322654,0.0,0.003432494279176201,0.0,0.02288329519450801,0.0,0.0,0.0,0.0,0.0,0.12585812356979406,0.06979405034324943,0.0,0.0,0.02745995423340961,0.004576659038901602,11.923340961098399,0.07322654462242563,5.616704805491991,0.0,8.367276887871853,2.1052631578947367,0.7986270022883295,6.304347826086956,0.0,0.0,0.2540045766590389,0.0,0.0,0.0,18.07437070938215,1.9519450800915332,0.0,0.33638443935926776,0.2665903890160183,0.0,0.6052631578947368,0.6453089244851259,0.0,0.03775743707093822,0.6601830663615561
842,1305,4,1.540059347181009,0.07418397626112759,0.6468842729970327,4.756676557863502,0.02967359050445104,0.011869436201780416,0.0,0.19584569732937684,0.0,0.0,0.0,0.19287833827893175,0.0,1.1305637982195846,0.26112759643916916,0.0,0.1572700296735905,0.6379821958456974,0.0,11.732937685459941,0.0,3.548961424332344,0.0,3.7952522255192878,3.00593471810089,0.20771513353115728,2.9376854599406528,0.0,0.0,0.16023738872403562,0.0,0.0,2.320474777448071,18.474777448071215,2.5608308605341246,0.0,0.02373887240356083,0.0,0.0,0.7804154302670623,0.5905044510385756,0.6498516320474778,0.6409495548961425,8.673590504451038
836,1861,6,0.8045977011494253,0.0842911877394636,1.0632183908045978,4.46360153256705,0.0,0.0,0.0,0.0,0.0,0.0,0.0,0.0,0.0,0.0,0.0,0.0,0.009578544061302681,0.0,0.0,11.844827586206897,0.06896551724137931,3.2701149425287355,0.0,6.9559386973180075,2.7701149425287355,0.040229885057471264,6.327586206896552,0.0,0.06704980842911877,0.4731800766283525,0.10153256704980843,0.0,0.0,17.559386973180075,2.4559386973180075,0.0,0.0,0.10727969348659004,0.0,0.5498084291187739,0.6206896551724138,0.0,0.06321839080459771,0.0
839,401,12,0.7575757575757576,0.10256410256410256,0.16083916083916083,6.75990675990676,0.21445221445221446,0.15151515151515152,0.0,1.034965034965035,0.0,0.0,0.7902097902097902,0.0979020979020979,0.5221445221445221,3.6456876456876457,0.1585081585081585,0.0,0.0,0.02564102564102564,0.2634032634032634,9.976689976689977,0.0,1.7389277389277389,0.0,11.883449883449883,6.048951048951049,0.0979020979020979,4.03030303030303,0.0675990675990676,0.02564102564102564,0.1445221445221445,0.0,0.0,0.0,30.923076923076923,4.389277389277389,0.0,0.07226107226107226,0.016317016317016316,0.0,0.916083916083916,0.6223776223776224,0.34032634032634035,0.10722610722610723,12.351981351981353
845,644,12,0.5033407572383074,0.0556792873051225,0.45434298440979953,2.55456570155902,0.0,0.17817371937639198,0.0,1.4342984409799555,0.0,0.0,0.0,0.0,0.0,0.48329621380846327,0.17817371937639198,0.0,0.5924276169265034,0.6636971046770601,0.0,4.717149220489977,0.0,6.536748329621381,0.0,2.7371937639198216,1.4810690423162582,0.2561247216035635,4.7928730512249444,0.0,0.0,0.008908685968819599,0.0,0.0,0.0,11.926503340757238,1.4276169265033407,0.0,0.004454342984409799,0.1358574610244989,0.0,0.1870824053452116,0.5189309576837416,0.0,0.07349665924276169,8.930957683741648
848,956,4,0.6804008908685969,0.11247216035634744,0.5278396436525612,3.9354120267260577,0.0,0.0,0.0,0.32293986636971045,0.0,0.0,0.0,0.0,0.0,0.3429844097995546,0.1091314031180401,0.0,0.0011135857461024498,0.133630289532294,0.0,15.380846325167038,0.0,2.527839643652561,0.0,7.5768374164810695,2.190423162583519,0.10801781737193764,3.742761692650334,0.0,0.0,0.060133630289532294,0.18596881959910913,0.0,0.0,14.855233853006682,2.439866369710468,0.0,0.13028953229398663,0.05902004454342984,0.0,0.7271714922048997,0.5623608017817372,0.0,0.045657015590200446,0.5167037861915368
848,1615,4,0.5226689478186484,0.08810949529512403,0.46877673224978617,4.454234388366125,0.003421727972626176,0.01710863986313088,0.0,0.07014542343883662,0.0,0.0,0.0,0.0,0.0,0.12403763900769889,0.016253207869974338,0.0,0.0,0.02480752780153978,0.0,12.362703165098374,0.0,2.917023096663815,0.0,6.929854576561163,2.9118905047048758,0.02480752780153978,3.0008554319931564,0.0,0.05303678357570573,0.0,0.2788708297690334,0.0,0.0,16.906757912745938,3.100940975192472,0.0,0.04961505560307956,0.04362703165098375,0.0,0.4739093242087254,0.5911035072711719,0.0,0.04961505560307956,0.21385799828913601
835,1488,4,0.689727463312369,0.07127882599580712,0.7756813417190775,3.9549266247379453,0.0,0.009433962264150943,0.0,0.06184486373165619,0.0,0.0,0.041928721174004195,0.0,0.08385744234800839,0.5534591194968553,0.40670859538784065,0.0,0.0,0.0020964360587002098,0.0,12.030398322851154,0.050314465408805034,7.169811320754717,0.0,10.224318658280922,2.542976939203354,0.5314465408805031,7.29979035639413,0.0,0.050314465408805034,0.31341719077568136,0.0649895178197065,0.007337526205450734,0.0,17.12578616352201,2.0272536687631026,0.0,0.23060796645702306,0.1509433962264151,0.0429769392033543,0.7169811320754716,0.639412997903564,0.0,0.0429769392033543,0.0
848,807,4,0.6125461254612546,0.07749077490774908,1.4206642066420665,4.413284132841328,0.0,0.0,0.0,0.15129151291512916,0.0,0.0,0.0,0.0,0.0,0.22878228782287824,0.0,0.0,0.0,0.01107011070110701,0.0,13.450184501845019,0.04059040590405904,4.121771217712177,0.0,9.608856088560886,2.5498154981549814,0.42066420664206644,7.070110701107011,0.0,0.0,0.12546125461254612,0.14391143911439114,0.0,0.0,17.826568265682656,2.6346863468634685,0.0,0.22140221402214022,0.25830258302583026,0.0,0.6937269372693727,0.6014760147601476,0.0,0.03690036900369004,0.0
839,1018,4,0.7848684210526315,0.10657894736842105,0.8203947368421053,4.026315789473684,0.0,0.0013157894736842105,0.0,0.05986842105263158,0.0,0.0,0.0,0.0,0.0,0.08947368421052632,0.006578947368421052,0.0,0.031578947368421054,0.05263157894736842,0.0,13.303947368421053,0.007236842105263158,2.9210526315789473,0.0,7.728947368421053,2.3723684210526317,0.09671052631578947,3.8131578947368423,0.0,0.0,0.046052631578947366,0.03881578947368421,0.0,0.0,15.803947368421053,2.6125,0.0,0.1375,0.16513157894736843,0.0,0.5440789473684211,0.5993421052631579,0.0,0.04407894736842105,0.33157894736842103
840,137,6,0.5102564102564102,0.10256410256410256,1.3282051282051281,5.256410256410256,0.0,0.0,0.0,0.24102564102564103,0.0,0.0,0.0,0.0,0.0,0.2717948717948718,0.05641025641025641,0.0,0.0,0.0,0.07179487179487179,14.382051282051282,0.020512820512820513,2.6384615384615384,0.0,11.28974358974359,4.066666666666666,0.06923076923076923,5.220512820512821,0.0,0.0,0.41025641025641024,0.0,0.0,0.0,18.205128205128204,3.4512820512820515,0.0,0.43846153846153846,0.02564102564102564,0.0,0.6923076923076923,0.6615384615384615,0.0,0.05128205128205128,0.0
837,499,4,0.5535307517084282,0.1252847380410023,0.07517084282460136,4.715261958997722,0.0,0.04783599088838269,0.0,0.16856492027334852,0.0,0.0,0.41002277904328016,0.0,0.3325740318906606,2.0888382687927107,0.7517084282460137,0.0,0.0,0.0,0.06605922551252848,15.355353075170843,0.0,2.9817767653758542,0.0,9.061503416856493,3.8314350797266514,0.41002277904328016,5.861047835990888,0.0,0.0,0.03644646924829157,0.0,0.0,0.0,16.874715261958997,2.927107061503417,0.0,0.20273348519362186,0.05239179954441914,0.0,0.530751708428246,0.49658314350797267,0.0,0.05466970387243736,3.8041002277904328
846,1359,4,0.6059113300492611,0.04926108374384237,0.3103448275862069,2.4630541871921183,0.0,0.0,0.0,0.0,0.0,0.0,0.0,0.0,0.0,0.0,0.0,0.0,0.0,0.0,0.0,2.5911330049261085,0.0,2.064039408866995,0.0,1.8472906403940887,0.4433497536945813,0.0,2.5467980295566504,0.0,0.0,0.10837438423645321,0.0,0.0,0.0,10.935960591133005,1.3251231527093597,0.0,0.5270935960591133,0.4433497536945813,0.0,0.0,0.5812807881773399,0.0,0.04433497536945813,0.0
847,1749,12,0.7071197411003236,0.09385113268608414,0.8462783171521036,5.509708737864078,0.0,0.0,0.0,0.06472491909385113,0.0,0.0,0.0,0.0,0.0,0.07766990291262135,0.08737864077669903,0.0,0.0,0.0,0.0,13.949838187702266,0.042071197411003236,3.6893203883495147,0.0,9.542071197411003,6.186084142394822,0.0,6.407766990291262,0.0,0.0,0.07281553398058252,0.28317152103559873,0.0,0.0,21.627831715210355,3.440129449838188,0.0,0.030744336569579287,0.05501618122977346,0.0,0.7621359223300971,0.6893203883495146,0.0,0.059870550161812294,0.8640776699029126
857,84,4,0.5665024630541872,0.05665024630541872,0.4051724137931034,3.2980295566502464,0.0,0.10098522167487685,0.0,0.9113300492610837,0.0,0.013546798029556651,0.0,0.0,0.0,0.6724137931034483,0.21674876847290642,0.0,0.19458128078817735,0.5504926108374384,0.008620689655172414,7.064039408866995,0.03694581280788178,11.369458128078819,0.0,8.230295566502463,2.998768472906404,1.0701970443349753,5.836206896551724,0.0,0.0,0.13793103448275862,0.0,0.0,0.0,17.50615763546798,1.9027093596059113,0.0,0.2857142857142857,0.229064039408867,0.0,0.6945812807881774,0.6317733990147784,0.0,0.05541871921182266,9.033251231527094
836,511,4,0.5936025170424751,0.11012060828526482,0.3361300471945464,3.285789197692711,0.0,0.0,0.0,0.007865757734661772,0.0,0.0,0.002097535395909806,0.0,0.0,0.06397482957524908,0.05768222338751967,0.0,0.0,0.004195070791819612,0.0005243838489774515,13.465128474042999,0.0,2.101206082852648,0.0,7.947561615102255,1.0414263240692188,0.09910854745673833,3.462506554798112,0.0,0.0015731515469323545,0.02097535395909806,0.06502359727320399,0.0,0.0,12.223387519664394,1.9040377556371264,0.0,0.1305715783953854,0.0015731515469323545,0.0,0.46145778710015734,0.5013109596224437,0.0,0.0356581017304667,0.0
840,730,4,0.6323529411764706,0.007352941176470588,0.6470588235294118,2.6029411764705883,0.0,0.0,0.0,0.0,0.0,0.0,0.0,0.0,0.0,0.0,0.0,0.0,0.0,0.0,0.0,2.411764705882353,0.0,1.7647058823529411,0.0,1.9705882352941178,0.5735294117647058,0.10294117647058823,4.352941176470588,0.0,0.0,0.6764705882352942,0.0,0.0,0.0,12.088235294117647,1.7426470588235294,0.0,0.7794117647058824,0.10294117647058823,0.0,0.0,0.4338235294117647,0.0,0.04411764705882353,0.0
847,776,4,0.7111111111111111,0.08,1.0933333333333333,2.86,0.0,0.0022222222222222222,0.0,0.0,0.0,0.0,0.0,0.0,0.0,0.0044444444444444444,0.0,0.0,0.0,0.0,0.0,4.1866666666666665,0.008888888888888889,3.14,0.0,2.006666666666667,0.9711111111111111,0.07777777777777778,5.082222222222223,0.0,0.0,0.30666666666666664,0.0,0.0,0.0,12.342222222222222,1.6711111111111112,0.0,0.2577777777777778,0.2511111111111111,0.0,0.09333333333333334,0.58,0.0,0.03111111111111111,0.0
848,207,15,0.7623188405797101,0.06956521739130435,1.5521739130434782,2.773913043478261,0.0,0.0,0.0,0.2565217391304348,0.0,0.0,0.0,0.0,0.004347826086956522,0.24202898550724639,0.05507246376811594,0.0,0.03188405797101449,0.1318840579710145,0.03333333333333333,5.9681159420289855,0.04057971014492753,3.146376811594203,0.0,4.066666666666666,1.6304347826086956,0.19855072463768117,4.760869565217392,0.0,0.0,0.41304347826086957,0.0,0.0,0.0,11.94927536231884,1.7173913043478262,0.0,0.4797101449275362,0.2608695652173913,0.0,0.33768115942028987,0.5565217391304348,0.0,0.043478260869565216,1.2579710144927536
840,1224,4,1.8160315374507228,0.08409986859395532,0.3363994743758213,3.3298291721419186,0.0,0.08804204993429698,0.0,0.18922470433639949,0.0,0.0,0.010512483574244415,0.0,0.018396846254927726,0.469119579500657,0.164257555847569,0.0,0.0,0.0,0.001314060446780552,12.1892247043364,0.0,3.021024967148489,0.0,6.128777923784494,1.9408672798948752,0.26412614980289095,3.7752956636005255,0.0,0.0,0.0,0.10775295663600526,0.0,0.0,12.23784494086728,1.8699080157687253,0.0,0.09461235216819974,0.024967148488830485,0.001314060446780552,0.4967148488830486,0.5269382391590013,0.0,1.4901445466491459,0.09067017082785808
844,1640,4,0.4430379746835443,0.0759493670886076,1.0569620253164558,3.1645569620253164,0.0,0.0,0.0,0.0,0.0,0.0,0.0,0.0,0.0,0.0,0.0,0.0,0.0,0.0,0.0,14.683544303797468,0.0,2.0443037974683542,0.0,6.19620253164557,1.240506329113924,0.0,5.405063291139241,0.0,0.0,0.18354430379746836,0.0,0.0,0.0,13.683544303797468,1.6518987341772151,0.0,0.14556962025316456,0.3924050632911392,0.0,0.33544303797468356,0.5569620253164557,0.0,0.05063291139240506,0.0
853,52,5,0.6040816326530613,0.0836734693877551,0.44081632653061226,4.283673469387755,0.0,0.0,0.0,0.02040816326530612,0.0,0.0,0.0,0.0,0.0,0.1306122448979592,0.02040816326530612,0.0,0.0,0.0,0.0,14.157142857142857,0.0,4.057142857142857,0.0,12.06938775510204,3.1714285714285713,0.27346938775510204,5.493877551020408,0.0,0.05102040816326531,0.2714285714285714,0.09387755102040816,0.0,0.0,18.84081632653061,2.340816326530612,0.0,0.35714285714285715,0.07142857142857142,0.0,0.8061224489795918,0.6551020408163265,0.0,0.04693877551020408,0.0
843,1820,4,0.6087613293051359,0.08761329305135952,0.29003021148036257,3.5211480362537766,0.0,0.0,0.0,0.3081570996978852,0.0,0.0,0.14652567975830816,0.0,0.006042296072507553,0.8595166163141994,0.4033232628398791,0.0,0.0,0.20241691842900303,0.0,11.290030211480362,0.0,2.998489425981873,0.2054380664652568,9.749244712990937,3.7205438066465257,0.256797583081571,4.504531722054381,0.0,0.0,0.0,0.0,0.0,0.0,13.166163141993957,2.025679758308157,0.0,0.2930513595166163,0.0,0.0,0.947129909365559,0.5181268882175226,0.0,0.061933534743202415,1.2190332326283988
858,254,4,0.6763285024154589,0.1111111111111111,1.3429951690821256,3.9130434782608696,0.0,0.0,0.0,0.10628019323671498,0.0,0.0,0.0,0.0,0.0,0.5507246376811594,0.13526570048309178,0.0,0.0,0.25120772946859904,0.0,10.541062801932368,0.0966183574879227,4.618357487922705,0.0,13.51207729468599,3.917874396135266,0.7004830917874396,7.826086956521739,0.0,0.0,0.24154589371980675,0.0,0.0,0.0,19.294685990338163,2.135265700483092,0.0,0.33816425120772947,0.06280193236714976,0.0,0.9516908212560387,0.5748792270531401,0.0,0.05314009661835749,3.391304347826087
848,541,4,2.072192513368984,0.1036096256684492,0.6470588235294118,3.6209893048128343,0.0,0.0,0.0,0.0,0.0,0.0,0.0,0.0,0.0,0.07887700534759358,0.04946524064171123,0.0,0.0,0.0,0.0374331550802139,12.919117647058824,0.0,2.80548128342246,0.0,8.5274064171123,2.2252673796791442,0.22794117647058823,4.024064171122995,0.0,0.07085561497326204,0.09558823529411764,0.0661764705882353,0.0,0.0,12.832219251336898,2.0668449197860963,0.0,0.27406417112299464,0.010026737967914439,0.0,0.5969251336898396,0.5347593582887701,0.0,0.9498663101604278,0.0
848,601,12,0.6124031007751938,0.09496124031007752,0.75,3.881782945736434,0.0,0.0,0.0,0.0,0.0,0.0,0.0,0.0,0.0,0.0,0.0,0.0,0.0,0.0,0.0,13.430232558139535,0.0,2.197674418604651,0.0,6.7810077519379846,1.7228682170542635,0.08914728682170543,3.61046511627907,0.0,0.0,0.003875968992248062,0.14728682170542637,0.0,0.0,14.937984496124031,2.449612403100775,0.0,0.1298449612403101,0.0,0.0,0.4903100775193798,0.49806201550387597,0.0,0.031007751937984496,0.0
845,754,12,0.8803945745992602,0.093711467324291,0.530209617755857,3.569667077681874,0.0,0.0,0.0,0.35141800246609123,0.0,0.025893958076448828,0.0,0.0,0.0,0.5277435265104808,0.21948212083847102,0.0,0.0,0.14919852034525277,0.0,14.537607891491986,0.0,2.1344019728729964,0.0,4.988902589395807,1.3403205918618988,0.3563501849568434,7.110974106041923,0.0,0.1319358816276202,0.1220715166461159,0.0,0.0,0.0,13.67940813810111,1.877928483353884,0.0,0.07891491985203453,0.02219482120838471,0.0,0.6226880394574599,0.5474722564734895,0.0,0.09124537607891492,2.6448828606658448
845,1146,2,0.7119741100323624,0.04854368932038835,1.103559870550162,2.414239482200647,0.0,0.15857605177993528,0.0,0.6213592233009708,0.0,0.0,0.0,0.0,0.045307443365695796,0.6148867313915858,0.18446601941747573,0.0,0.05825242718446602,0.2621359223300971,0.0,5.941747572815534,0.009708737864077669,5.805825242718447,0.0,3.145631067961165,0.8090614886731392,0.3851132686084142,5.43042071197411,0.0,0.0,0.2686084142394822,0.0,0.0,0.0,11.262135922330097,1.2233009708737863,0.0,0.2588996763754045,0.045307443365695796,0.0,0.5242718446601942,0.5825242718446602,0.0,0.04854368932038835,6.598705501618123
842,560,4,30.27777777777778,0.08080808080808081,1.2424242424242424,2.888888888888889,0.0,0.0,0.0,0.05555555555555555,0.0,0.0,0.0,0.3686868686868687,0.0,0.07575757575757576,0.0,0.0,0.0,0.0,0.0,1.9494949494949494,0.0,4.4393939393939394,0.0,0.8181818181818182,0.35858585858585856,0.0,7.626262626262626,0.0,0.0,0.0,0.0,0.0,0.0,16.181818181818183,0.5707070707070707,0.0,0.0,0.0,0.0,0.030303030303030304,1.4090909090909092,4.984848484848484,33.71212121212121,10.97979797979798
846,979,4,0.5583756345177665,0.08121827411167512,0.6395939086294417,3.527918781725888,0.0,0.0,0.0,0.0,0.0,0.0,0.0,0.0,0.0,0.0,0.025380710659898477,0.0,0.0,0.0,0.0,13.619289340101522,0.0,1.9441624365482233,0.0,4.3908629441624365,1.16751269035533,0.16751269035532995,5.527918781725888,0.0,0.0,0.0,0.09137055837563451,0.0,0.0,13.096446700507615,1.898477157360406,0.0,0.0,0.025380710659898477,0.0,0.2436548223350254,0.6040609137055838,0.0,0.05583756345177665,0.0
843,1949,12,0.4827586206896552,0.06130268199233716,0.5938697318007663,5.367816091954023,0.0,0.0,0.0,0.0,0.0,0.0,0.0,0.0,0.0,0.4521072796934866,0.21839080459770116,0.0,0.0,0.0,0.0,16.873563218390803,0.0,3.3333333333333335,0.0,11.482758620689655,4.498084291187739,0.26436781609195403,4.46360153256705,0.0,0.0,0.10727969348659004,0.0421455938697318,0.0,0.0,18.421455938697317,3.363984674329502,0.0,0.2988505747126437,0.0842911877394636,0.0,0.8160919540229885,0.5938697318007663,0.0,0.04597701149425287,0.0
849,1197,4,0.5323383084577115,0.06467661691542288,0.5472636815920398,2.7412935323383083,0.0,0.44776119402985076,0.0,1.3980099502487562,0.0,0.0,0.0,0.0,0.0,1.9104477611940298,0.6169154228855721,0.0,0.0,0.0,0.0,5.388059701492537,0.03482587064676617,4.791044776119403,0.0,2.736318407960199,0.6865671641791045,1.3930348258706469,8.82587064676617,0.0,0.0,0.024875621890547265,0.0,0.0,0.0,15.054726368159203,0.8805970149253731,0.0,0.03482587064676617,0.12935323383084577,0.0,0.24378109452736318,0.6517412935323383,0.0,0.05970149253731343,2.7611940298507465
853,1501,4,0.6425339366515838,0.05429864253393665,1.2194570135746607,3.6199095022624435,0.0,0.0,0.0,0.0,0.0,0.0,0.0022624434389140274,0.0,0.0022624434389140274,0.038461538461538464,0.0022624434389140274,0.0,0.0,0.0,0.0,10.029411764705882,0.006787330316742082,3.1425339366515836,0.0,9.203619909502262,1.909502262443439,0.011312217194570135,4.176470588235294,0.0,0.0,0.0022624434389140274,0.0,0.0,0.0,15.169683257918551,2.1900452488687785,0.0,0.0,0.03619909502262444,0.004524886877828055,0.5723981900452488,0.6063348416289592,0.0,0.12217194570135746,0.0
845,992,4,0.5206812652068127,0.0851581508515815,1.119221411192214,3.8856447688564475,0.0,0.0,0.0,0.0,0.0,0.0,0.0,0.0,0.0,0.019464720194647202,0.0,0.0,0.0,0.0,0.0,11.880778588807786,0.12408759124087591,4.2798053527980535,0.0,9.399026763990268,2.732360097323601,0.4282238442822384,6.890510948905109,0.0,0.0851581508515815,0.17274939172749393,0.0340632603406326,0.0,0.0,16.34549878345499,2.321167883211679,0.0,0.26763990267639903,0.15815085158150852,0.0,0.805352798053528,0.6326034063260341,0.0,0.04866180048661801,0.029197080291970802
849,1476,4,0.558282208588957,0.07975460122699386,0.05521472392638037,5.263803680981595,0.0,0.0,0.0,0.0,0.0,0.0,0.0,0.0,0.0,0.0,0.0,0.0,0.0,0.0,0.0,14.809815950920246,0.0,2.5828220858895707,0.0,15.552147239263803,4.680981595092025,0.0,2.1349693251533743,0.0,0.0,0.0,0.0,0.0,0.0,19.441717791411044,3.723926380368098,0.0,0.2331288343558282,0.0,0.0,1.2699386503067485,0.5766871165644172,0.0,0.03680981595092025,0.0
843,2001,4,0.7352941176470589,0.1213235294117647,0.8602941176470589,4.4338235294117645,0.0,0.0,0.0,0.0,0.0,0.0,0.0,0.0,0.0,0.0,0.0,0.0,0.0,0.0,0.0,19.455882352941178,0.0625,3.7205882352941178,0.0,11.0625,2.7279411764705883,0.40808823529411764,4.408088235294118,0.0,0.0,0.13602941176470587,0.24632352941176472,0.0,0.0,17.93014705882353,2.5698529411764706,0.0,0.13970588235294118,0.15441176470588236,0.0,0.6433823529411765,0.6470588235294118,0.0,0.07352941176470588,0.0
855,1002,4,0.6804123711340206,0.05154639175257732,0.8247422680412371,1.865979381443299,0.0,0.0,0.0,0.0,0.0,0.0,0.09278350515463918,0.0,0.0,0.44329896907216493,0.16494845360824742,0.0,0.0,0.0,0.25773195876288657,4.309278350515464,0.0,3.845360824742268,0.0,0.07216494845360824,0.0,1.0309278350515463,7.865979381443299,0.0,0.0,0.36082474226804123,0.0,0.0,0.0,12.835051546391753,0.7938144329896907,0.0,0.0,0.7216494845360825,0.0,0.0,0.6185567010309279,0.0,0.010309278350515464,0.0
846,1132,3,0.48333333333333334,0.08666666666666667,0.43333333333333335,4.8933333333333335,0.0,0.0,0.0,0.0,0.0,0.0,0.0,0.0,0.0,0.06,0.0,0.0,0.0,0.0,0.0033333333333333335,14.566666666666666,0.0,2.3333333333333335,0.0,11.106666666666667,3.1666666666666665,0.0033333333333333335,3.8866666666666667,0.0,0.0,0.04666666666666667,0.0,0.0,0.0,17.266666666666666,2.99,0.0,0.27666666666666667,0.03666666666666667,0.0,0.7433333333333333,0.6333333333333333,0.0,0.05,0.0
854,1261,4,60.81781376518219,0.09716599190283401,0.032388663967611336,4.48582995951417,0.0,0.0,0.0,0.0,0.0,0.0,0.0,0.008097165991902834,0.0,0.0,0.0,0.0,0.0,0.0,0.0,4.157894736842105,0.0,2.0364372469635628,0.0,1.7044534412955465,0.805668016194332,0.0,1.7489878542510122,0.0,0.0,0.0,0.0,0.0,0.0,17.91902834008097,0.46153846153846156,0.0,0.0,0.0,0.0,0.0,5.113360323886639,0.3967611336032389,50.67206477732793,6.2145748987854255
864,422,4,0.7090464547677262,0.08068459657701711,0.8814180929095354,3.7885085574572126,0.0,0.0,0.0,0.0,0.0,0.0,0.0,0.0,0.0,0.0,0.0,0.0,0.0,0.0,0.0,15.385085574572127,0.019559902200488997,2.6589242053789732,0.0,3.89119804400978,2.1075794621026893,0.05623471882640587,5.140586797066015,0.0,0.0,0.10513447432762836,0.0,0.0,0.0,14.74205378973105,2.04278728606357,0.0,0.07946210268948656,0.22249388753056235,0.0,0.28728606356968217,0.6735941320293398,0.0,0.02444987775061125,0.0
855,1936,14,0.5506226312939903,0.08987547374120194,0.7634001082837033,3.3887384948565242,0.0,0.002165674066053059,0.0,0.017866811044937737,0.0,0.0,0.0,0.0,0.0,0.01028695181375203,0.0,0.0,0.0,0.0,0.0,13.092041147807254,0.004331348132106118,2.0866269626421223,0.0,7.031943692474282,1.7763941526800218,0.19599350297780185,3.629669734704927,0.0,0.0,0.055224688684353006,0.14564158094206822,0.0,0.0,12.642122360584732,1.9588521927449918,0.0,0.06551164049810504,0.06930157011369789,0.0,0.46128857606930157,0.5067677314564158,0.0,0.0384407146724418,0.0
853,2013,4,0.5788617886178862,0.09268292682926829,0.3333333333333333,4.07479674796748,0.0,0.11382113821138211,0.0,0.18048780487804877,0.0,0.0,0.0,0.0,0.0,0.7073170731707317,0.25365853658536586,0.0,0.061788617886178863,0.15934959349593497,0.0,12.014634146341463,0.0,4.0,0.0,7.36260162601626,2.3284552845528457,1.0097560975609756,4.855284552845529,0.0,0.0,0.056910569105691054,0.23577235772357724,0.0,0.0,19.41951219512195,2.229268292682927,0.0,0.0016260162601626016,0.2861788617886179,0.0,0.5300813008130081,0.583739837398374,0.0,0.05365853658536585,4.017886178861788
853,624,12,0.5633187772925764,0.10480349344978165,0.5895196506550219,2.441048034934498,0.0,0.0,0.0,0.0,0.0,0.0,0.008733624454148471,0.0,0.0,0.039301310043668124,0.0,0.0,0.0,0.0,0.039301310043668124,4.039301310043668,0.0,4.580786026200873,0.0,2.410480349344978,0.6681222707423581,1.2096069868995634,5.323144104803493,0.0,0.0,0.06986899563318777,0.0,0.0,0.0,14.921397379912664,1.314410480349345,0.0,0.0,0.10043668122270742,0.0,0.11790393013100436,0.5676855895196506,0.0,0.039301310043668124,0.0
855,1526,5,0.6086956521739131,0.07692307692307693,0.13712374581939799,3.1237458193979935,0.0,0.0,0.0,1.451505016722408,0.0,0.046822742474916385,0.0,0.0,0.0,1.0033444816053512,0.391304347826087,0.0,0.0,0.5451505016722408,0.0,6.083612040133779,0.0,3.117056856187291,0.0,3.230769230769231,2.0033444816053514,0.2040133779264214,4.40133779264214,0.0,0.0,0.006688963210702341,0.0,0.0,0.0,13.277591973244148,2.0301003344481607,0.0,0.0,0.07357859531772576,0.0,1.140468227424749,0.5217391304347826,0.0,0.06688963210702341,10.421404682274247
855,1971,4,0.6899641577060932,0.11827956989247312,0.6057347670250897,6.030465949820789,0.0,0.04659498207885305,0.0,0.053763440860215055,0.0,0.0,0.18996415770609318,0.0,0.0,0.9157706093189965,0.45878136200716846,0.0,0.0,0.0,0.007168458781362007,12.021505376344086,0.03046594982078853,5.433691756272402,0.1827956989247312,12.510752688172044,8.501792114695341,0.4838709677419355,6.974910394265233,0.0,0.0,0.15412186379928317,0.0,0.0,0.0035842293906810036,24.21505376344086,3.663082437275986,0.0,0.1111111111111111,0.12007168458781362,0.0,0.946236559139785,0.6648745519713262,0.0,0.07885304659498207,3.0053763440860215
860,1333,4,0.618925831202046,0.08567774936061381,0.32608695652173914,4.713554987212277,0.0,0.026854219948849106,0.0,0.01278772378516624,0.0,0.0,0.0,0.0,0.0,0.043478260869565216,0.015345268542199489,0.0,0.0,0.0,0.0,12.835038363171355,0.0,2.9104859335038364,0.0,9.762148337595908,3.604859335038363,0.5907928388746803,4.69693094629156,0.0,0.0,0.0959079283887468,0.07800511508951406,0.0,0.0,22.08823529411765,2.7493606138107416,0.0,0.0,0.06777493606138107,0.0,0.7531969309462916,0.6163682864450127,0.0,0.0370843989769821,0.0
852,509,4,0.7072625698324022,0.07709497206703911,1.106145251396648,4.092737430167598,0.0,0.0,0.0,0.008938547486033519,0.0,0.0,0.0,0.0,0.0,0.20446927374301677,0.06927374301675977,0.0,0.02011173184357542,0.0,0.0,14.560893854748603,0.01452513966480447,4.4670391061452515,0.0,11.148603351955307,2.625698324022346,0.0446927374301676,8.137430167597765,0.0,0.0,0.18100558659217877,0.0,0.0,0.0,16.543016759776535,2.1497206703910616,0.0,0.14078212290502792,0.19776536312849163,0.0,0.735195530726257,0.6670391061452514,0.0,0.05698324022346369,0.441340782122905
850,675,4,0.5993788819875776,0.08074534161490683,0.5838509316770186,3.0838509316770186,0.0,0.0,0.0,0.0,0.0,0.0,0.0,0.0,0.0,0.0,0.0,0.0,0.0,0.0,0.0,6.934782608695652,0.0,1.84472049689441,0.0,3.5341614906832297,0.9192546583850931,0.0,3.7763975155279503,0.0,0.0,0.19254658385093168,0.0,0.0,0.0,13.5,2.251552795031056,0.0,0.6459627329192547,0.0,0.0,0.18012422360248448,0.5031055900621118,0.0,0.021739130434782608,0.0
859,1087,11,0.6238532110091743,0.10550458715596331,0.5688073394495413,2.697247706422018,0.0,0.0,0.0,0.19724770642201836,0.0,0.0,0.0,0.0,0.0,0.09174311926605505,0.009174311926605505,0.0,0.0,0.013761467889908258,0.0,4.077981651376147,0.0,2.7155963302752295,0.0,2.9403669724770642,1.2844036697247707,0.15137614678899083,3.44954128440367,0.0,0.0,0.06880733944954129,0.0,0.0,0.0,12.440366972477063,1.7844036697247707,0.0,0.1743119266055046,0.01834862385321101,0.0,0.07339449541284404,0.5596330275229358,0.0,0.01834862385321101,0.05045871559633028
855,1773,12,2.755593803786575,0.09466437177280551,0.6678141135972461,4.662650602409639,0.3046471600688468,0.22547332185886404,0.0,0.2891566265060241,0.0,0.0,0.0,0.14457831325301204,0.0,2.2908777969018934,0.6919104991394148,0.0,1.1394148020654045,0.9036144578313253,0.0034423407917383822,11.220309810671257,0.0051635111876075735,3.2237521514629948,0.0,4.409638554216867,2.927710843373494,0.270223752151463,3.1669535283993113,0.0,0.0,0.3253012048192771,0.0,0.0,5.545611015490533,18.504302925989673,2.7280550774526677,0.0,0.25645438898450945,0.0,0.0,0.5266781411359724,0.6695352839931153,0.7796901893287436,1.4423407917383821,11.898450946643718
860,1223,4,0.5964523281596452,0.05321507760532151,1.623059866962306,3.9800443458980044,0.0,0.13303769401330376,0.0,0.5986696230598669,0.0,0.019955654101995565,0.0,0.0,0.0,0.549889135254989,0.164079822616408,0.0,0.024390243902439025,0.082039911308204,0.0,5.7073170731707314,0.15077605321507762,6.328159645232816,0.0,5.940133037694014,2.567627494456763,1.5099778270509978,9.689578713968958,0.0,0.0,0.4079822616407982,0.0,0.0,0.0,21.24168514412417,2.5720620842572064,0.0,0.6363636363636364,0.07982261640798226,0.0,0.3082039911308204,0.6607538802660754,0.0,0.024390243902439025,1.7738359201773837
849,1371,15,0.7751937984496124,0.06718346253229975,1.4405684754521964,3.7803617571059434,0.0,0.0,0.0,0.0,0.0,0.0,0.0,0.0,0.0,0.007751937984496124,0.0,0.0,0.0,0.0,0.0,6.1976744186046515,0.08139534883720931,2.1757105943152455,0.0,4.386304909560724,2.2416020671834627,0.10335917312661498,4.560723514211887,0.0,0.0,0.11886304909560723,0.0,0.0,0.0,15.638242894056848,2.3811369509043927,0.0,0.1020671834625323,0.2054263565891473,0.0,0.26744186046511625,0.5736434108527132,0.0,0.050387596899224806,0.0
858,525,4,0.7898550724637681,0.10869565217391304,0.2608695652173913,7.326086956521739,0.0,0.0,0.0,0.21739130434782608,0.0,0.0,0.0,0.0,0.0,0.0,0.2246376811594203,0.0,0.0,0.0,0.0,19.847826086956523,0.0,3.0,0.0,15.405797101449275,8.652173913043478,0.0,4.963768115942029,0.0,0.0,0.2463768115942029,0.4492753623188406,0.0,0.0,28.057971014492754,4.644927536231884,0.0,0.21014492753623187,0.0,0.0,0.9927536231884058,0.7971014492753623,0.0,0.06521739130434782,0.0
859,716,4,0.6509090909090909,0.06545454545454546,0.5236363636363637,2.8254545454545457,0.0,0.0,0.0,0.0,0.0,0.0,0.0,0.0,0.0,0.0,0.0,0.0,0.0,0.0,0.0,5.247272727272727,0.0,1.8909090909090909,0.0,3.6981818181818182,0.8945454545454545,0.08,3.5527272727272727,0.0,0.0,0.05090909090909091,0.0,0.0,0.0,12.94909090909091,2.0254545454545454,0.0,0.38181818181818183,0.06545454545454546,0.0,0.11636363636363636,0.5127272727272727,0.0,0.02181818181818182,0.0
862,1488,4,0.7672634271099744,0.08695652173913043,0.48081841432225064,4.80306905370844,0.0,0.0,0.0,0.0,0.0,0.0,0.0,0.0,0.0,0.0,0.0,0.0,0.0,0.0,0.0,11.785166240409207,0.01278772378516624,2.2404092071611252,0.0,6.989769820971867,3.163682864450128,0.10741687979539642,3.0920716112531967,0.0,0.043478260869565216,0.04859335038363171,0.09207161125319693,0.0,0.0,17.263427109974426,3.3017902813299234,0.0,0.18414322250639387,0.09462915601023018,0.0,0.5063938618925832,0.6470588235294118,0.0,0.028132992327365727,0.0
870,1546,11,7.651639344262295,0.12295081967213115,0.6434426229508197,5.045081967213115,0.0,0.0,0.0,0.0,0.0,0.0,0.0,0.0,0.0,0.012295081967213115,0.0,0.0,0.0,0.0,0.0,15.60655737704918,0.12295081967213115,5.286885245901639,0.0,14.581967213114755,3.4139344262295084,0.4180327868852459,8.85655737704918,0.0,0.0942622950819672,0.3975409836065574,0.25,0.0,0.0,19.94672131147541,2.557377049180328,0.0,0.1557377049180328,0.0,0.0,1.0,0.8032786885245902,0.0,4.897540983606557,0.0
855,1808,4,2.4199029126213594,0.09466019417475728,0.8398058252427184,4.924757281553398,0.09587378640776699,0.05461165048543689,0.0,0.537621359223301,0.0,0.0,0.061893203883495146,0.0,0.006067961165048544,1.6553398058252426,0.39927184466019416,0.0,0.32281553398058255,0.3094660194174757,0.10315533980582524,12.826456310679612,0.032766990291262135,6.632281553398058,0.0,5.141990291262136,4.665048543689321,1.4490291262135921,5.276699029126213,0.0,0.0,0.11529126213592233,0.0,0.0,1.6092233009708738,20.395631067961165,2.6019417475728157,0.0,0.19781553398058252,0.019417475728155338,0.024271844660194174,0.5885922330097088,0.712378640776699,0.0,1.1929611650485437,4.825242718446602
855,1860,12,0.6745283018867925,0.05188679245283019,0.5094339622641509,3.8962264150943398,0.0,0.0,0.0,0.0,0.0,0.0,0.0,0.0,0.0,0.1650943396226415,0.014150943396226415,0.0,0.0,0.02358490566037736,0.0,12.45754716981132,0.05188679245283019,3.702830188679245,0.0,12.716981132075471,2.419811320754717,0.3867924528301887,5.330188679245283,0.0,0.0,0.2169811320754717,0.0,0.0,0.0,17.60377358490566,2.1745283018867925,0.0,0.08962264150943396,0.0,0.0,0.7735849056603774,0.6415094339622641,0.0,0.06132075471698113,0.1179245283018868
855,225,4,0.6925207756232687,0.08310249307479224,0.4792243767313019,5.972299168975069,0.19667590027700832,0.12188365650969529,0.0,1.4210526315789473,0.036011080332409975,0.0,0.22714681440443213,0.0,0.19390581717451524,2.4238227146814406,0.038781163434903045,0.0,0.0,0.0332409972299169,0.24653739612188366,13.335180055401661,0.019390581717451522,3.1662049861495847,0.0,11.10803324099723,5.947368421052632,0.14127423822714683,7.82825484764543,0.04986149584487535,0.0,0.06925207756232687,0.0,0.0,0.0,26.573407202216067,3.46814404432133,0.030470914127423823,0.08310249307479224,0.00554016620498615,0.0,0.8199445983379502,0.5761772853185596,7.1689750692520775,0.10526315789473684,1.8088642659279779
855,1019,4,7.483568075117371,0.07511737089201878,0.5633802816901409,2.8262910798122065,0.0,0.0,0.0,0.0,0.0,0.0,0.0,0.0,0.0,0.2676056338028169,0.0,0.0,0.0,0.0,0.17370892018779344,13.7981220657277,0.0,2.92018779342723,0.0,4.690140845070423,1.244131455399061,0.647887323943662,5.769953051643192,0.0,0.009389671361502348,0.08450704225352113,0.08450704225352113,0.0,0.0,12.328638497652582,1.591549295774648,0.0,0.17370892018779344,0.0,0.0,0.29107981220657275,0.5305164319248826,0.0,4.455399061032864,0.0
863,1379,4,0.6116838487972509,0.10996563573883161,0.7628865979381443,5.793814432989691,0.0,0.0,0.0,0.01718213058419244,0.0,0.0,0.013745704467353952,0.0,0.0,0.32646048109965636,0.01718213058419244,0.0,0.0,0.0,0.13402061855670103,16.7766323024055,0.048109965635738834,2.6941580756013748,0.0,15.632302405498281,5.106529209621993,0.006872852233676976,4.189003436426117,0.0,0.0,0.16151202749140894,0.0,0.0,0.0,19.285223367697593,3.5463917525773194,0.0,0.3402061855670103,0.23367697594501718,0.0,0.993127147766323,0.6597938144329897,0.0,0.09621993127147767,0.0
859,1684,6,0.5464098073555166,0.07355516637478109,0.9071803852889667,3.7985989492119088,0.0,0.0,0.0,0.008756567425569177,0.0,0.0,0.0,0.0,0.0,0.017513134851138354,0.0035026269702276708,0.0,0.0,0.0,0.0,8.574430823117337,0.010507880910683012,2.5726795096322244,0.0,4.5131348511383536,2.9649737302977233,0.0,8.070052539404553,0.0,0.0,0.10683012259194395,0.0,0.0,0.0,16.704028021015763,2.4378283712784588,0.0,0.005253940455341506,0.2591943957968476,0.0,0.25569176882662,0.6304728546409807,0.0,0.03152364273204904,0.0
865,327,4,0.6204545454545455,0.11136363636363636,0.38181818181818183,4.877272727272727,0.0,0.0,0.0,0.011363636363636364,0.0,0.0,0.6227272727272727,0.0,0.5386363636363637,2.256818181818182,1.1113636363636363,0.0,0.0,0.0,0.05909090909090909,12.75,0.03636363636363636,6.818181818181818,0.0,5.704545454545454,6.040909090909091,0.7659090909090909,4.838636363636364,0.0,0.0,0.18181818181818182,0.0,0.0,0.0,22.402272727272727,2.8886363636363637,0.0,0.10454545454545454,0.0,0.1431818181818182,0.40454545454545454,0.6431818181818182,0.0,0.07272727272727272,1.440909090909091
867,693,4,0.5469953775038521,0.07395993836671803,1.2234206471494606,3.177195685670262,0.0,0.0,0.0,0.0,0.0,0.0,0.0,0.0,0.0,0.0015408320493066256,0.0,0.0,0.0,0.0,0.0,14.345146379044683,0.0,1.7765793528505394,0.0,5.2557781201849,1.115562403697997,0.09244992295839753,5.323574730354391,0.0,0.0,0.10631741140215717,0.0,0.0,0.0,10.929121725731894,1.5285053929121726,0.0,0.24036979969183359,0.05701078582434515,0.0,0.33436055469953774,0.4884437596302003,0.0,0.03389830508474576,0.0
863,1583,4,0.7244995233555768,0.09151572926596759,0.5710200190657769,4.8112488083889415,0.0,0.0,0.0,0.14775977121067682,0.0,0.0,0.0,0.0,0.0,0.014299332697807437,0.0886558627264061,0.0,0.0,0.0,0.0,13.556720686367969,0.0,2.3889418493803625,0.0,13.259294566253574,4.021925643469971,0.1325071496663489,3.8045757864632983,0.0,0.11916110581506197,0.10581506196377502,0.0,0.0,0.0,16.420400381315538,3.0305052430886557,0.0,0.332697807435653,0.04861773117254528,0.0,1.0,0.5910390848427073,0.0,0.03813155386081983,0.0
859,1995,4,0.6244131455399061,0.06572769953051644,0.7636932707355243,3.192488262910798,0.0,0.0,0.0,0.00782472613458529,0.0,0.0,0.0,0.0,0.010954616588419406,0.03442879499217527,0.02034428794992175,0.0,0.0,0.0,0.0,11.06885758998435,0.0594679186228482,4.860719874804382,0.0,8.402190923317685,0.8325508607198748,0.27073552425665104,6.438184663536776,0.0,0.0,0.5446009389671361,0.0,0.0,0.0,13.693270735524257,1.2582159624413145,0.0,0.7355242566510172,0.09859154929577464,0.0,0.4303599374021909,0.5774647887323944,0.0,0.04381846635367762,0.0
858,853,4,0.9451612903225807,0.1032258064516129,1.0225806451612902,3.5129032258064514,0.0,0.0,0.0,0.0,0.0,0.0,0.11935483870967742,0.0,0.0,0.36774193548387096,0.14838709677419354,0.0,0.0,0.0,0.25483870967741934,11.196774193548388,0.0,3.57741935483871,0.0,6.412903225806452,1.5903225806451613,1.4451612903225806,7.670967741935484,0.0,0.0,0.7193548387096774,0.0,0.0,0.0,18.25483870967742,1.9,0.0,0.08709677419354839,0.054838709677419356,0.0,0.41935483870967744,0.6225806451612903,0.0,0.08709677419354839,0.0
862,134,8,0.7226890756302521,0.09243697478991597,1.145658263305322,2.5546218487394956,0.0,0.0,0.0,0.0,0.0,0.0,0.0,0.0,0.0,0.0,0.0,0.0,0.0,0.0,0.0,6.868347338935574,0.0,2.350140056022409,0.0,2.753501400560224,0.5154061624649859,0.28291316526610644,6.151260504201681,0.0,0.0,0.13445378151260504,0.0,0.0,0.0,11.434173669467787,1.2128851540616246,0.0,0.28851540616246496,0.4677871148459384,0.0,0.11484593837535013,0.5938375350140056,0.0,0.047619047619047616,0.0
860,33,12,0.5263157894736842,0.10275689223057644,0.09523809523809523,3.6591478696741855,0.0,0.007518796992481203,0.0,0.05764411027568922,0.0,0.0,0.07268170426065163,0.0,0.05513784461152882,0.6165413533834586,0.18295739348370926,0.0,0.0,0.0,0.007518796992481203,18.075187969924812,0.0,2.388471177944862,0.0,8.097744360902256,1.6491228070175439,0.49624060150375937,5.030075187969925,0.0,0.0,0.017543859649122806,0.0,0.0,0.017543859649122806,13.914786967418546,1.862155388471178,0.0,0.17543859649122806,0.0,0.0,0.40852130325814534,0.5112781954887218,0.0,0.045112781954887216,0.08771929824561403
866,659,4,0.5375,0.04375,0.05625,2.15625,0.0,0.0,0.0,0.73125,0.0,0.0,0.0,0.0,0.0,0.26875,0.0125,0.0,0.01875,0.8875,0.0,5.00625,0.0,4.7375,0.0,3.2875,1.2,0.5,2.78125,0.0,0.0,0.0,0.0,0.0,0.0,9.85,1.2625,0.0,0.00625,0.0,0.0,2.2875,0.54375,0.0,0.05,17.125
870,733,4,0.6518218623481782,0.0931174089068826,0.8421052631578947,3.5,0.0,0.0,0.0,0.0020242914979757085,0.0,0.0,0.0,0.0,0.0,0.044534412955465584,0.0,0.0,0.0,0.0,0.0,11.534412955465587,0.0,2.5101214574898787,0.0,6.451417004048583,1.7591093117408907,0.06275303643724696,4.1214574898785425,0.0,0.0,0.09716599190283401,0.032388663967611336,0.0,0.0,13.70242914979757,2.133603238866397,0.0,0.2854251012145749,0.1437246963562753,0.0,0.5222672064777328,0.6032388663967612,0.0,0.030364372469635626,0.0
868,1431,4,0.6807563959955506,0.10233592880978866,0.6351501668520578,4.447163515016685,0.0,0.01668520578420467,0.0,0.07563959955506118,0.0,0.0,0.0,0.0,0.0,0.07897664071190211,0.03114571746384872,0.0,0.0,0.0,0.0,16.360400444938822,0.006674082313681869,2.6395995550611793,0.0,5.906562847608454,2.9299221357063403,0.05116796440489433,4.325917686318132,0.0,0.0,0.1557285873192436,0.20800889877641823,0.0,0.0,16.428253615127918,2.810901001112347,0.0,0.006674082313681869,0.1746384872080089,0.0,0.4582869855394883,0.6028921023359288,0.0,0.03670745272525028,0.0
864,1827,4,0.5587010824313072,0.08243130724396336,0.88759367194005,4.5595337218984175,0.00832639467110741,0.002497918401332223,0.0,0.0749375520399667,0.0,0.0,0.0,0.0,0.0,0.14737718567860117,0.038301415487094086,0.0,0.022481265611990008,0.0,0.0,13.981681931723564,0.026644462947543714,3.9700249791840134,0.0,10.66361365528726,2.9883430474604498,0.04995836802664446,5.7194004995836805,0.0,0.0,0.07327227310574522,0.21232306411323898,0.0,0.13322231473771856,19.39383846794338,2.8251457119067442,0.0,0.0,0.10990840965861781,0.0,0.9383846794338052,0.6411323896752706,0.0,0.03330557868442964,0.012489592006661115
868,158,15,0.6352941176470588,0.05411764705882353,0.5576470588235294,3.6682352941176473,0.0,0.0,0.0,0.1388235294117647,0.0,0.0,0.0,0.0,0.0,0.28705882352941176,0.10588235294117647,0.0,0.0,0.05411764705882353,0.0,10.169411764705883,0.023529411764705882,4.04,0.0,11.67529411764706,1.9858823529411764,0.32941176470588235,4.896470588235294,0.0,0.018823529411764704,0.2823529411764706,0.0,0.0,0.0,17.225882352941177,1.8964705882352941,0.0,0.30117647058823527,0.11058823529411765,0.0,0.7952941176470588,0.6541176470588236,0.0,0.04,0.5105882352941177
875,187,12,0.49786324786324787,0.07692307692307693,0.18376068376068377,2.9615384615384617,0.0,0.23076923076923078,0.0,0.7991452991452992,0.0,0.0,0.0,0.0,0.021367521367521368,1.0042735042735043,0.3782051282051282,0.0,0.0,0.03205128205128205,0.05128205128205128,11.797008547008547,0.0,4.245726495726496,0.0,5.19017094017094,1.232905982905983,0.6260683760683761,6.579059829059829,0.0,0.0,0.0,0.0,0.0,0.0,12.457264957264957,1.4188034188034189,0.0,0.08333333333333333,0.03205128205128205,0.0,0.4017094017094017,0.4722222222222222,0.0,0.057692307692307696,0.0
870,1046,4,0.60625,0.10375,0.14,3.99625,0.0125,0.15875,0.0,0.75,0.0,0.0,0.1575,0.0,0.19375,1.81875,0.83125,0.0,0.0,0.32625,0.01875,9.56625,0.0,2.8475,0.0,4.71625,2.45875,0.4525,5.115,0.0,0.0,0.0,0.0,0.21,0.0,15.41125,2.6575,0.0,0.165,0.055,0.0,0.4425,0.4775,0.0,0.09125,3.28625
866,1469,4,0.6872309899569584,0.11764705882352941,0.7919655667144907,5.9354375896700144,0.0,0.0,0.0,0.00860832137733142,0.0,0.0,0.018651362984218076,0.0,0.0,0.058823529411764705,0.06169296987087518,0.0,0.0,0.0,0.00430416068866571,17.206599713055954,0.01721664275466284,2.6312769010043042,0.0,8.710186513629843,4.149210903873745,0.11477761836441894,3.1305595408895264,0.0,0.0,0.13199426111908177,0.3098995695839311,0.0,0.0,20.558106169296988,3.7761836441893832,0.0,0.3084648493543759,0.11477761836441894,0.0,0.6284074605451937,0.7015781922525107,0.0,0.13199426111908177,0.0
873,592,4,1.86,0.06,1.448888888888889,3.7888888888888888,0.0,0.0,0.0,0.0,0.0,0.0,0.0,0.0,0.0,0.0,0.0,0.0,0.0,0.0,0.0,9.902222222222223,0.057777777777777775,3.831111111111111,0.0,10.331111111111111,2.437777777777778,0.10222222222222223,8.264444444444445,0.0,0.06444444444444444,0.057777777777777775,0.0,0.0,0.0,16.69333333333333,2.491111111111111,0.0,0.3111111111111111,0.017777777777777778,0.0,0.6866666666666666,0.6355555555555555,0.0,0.7955555555555556,0.013333333333333334
866,1028,7,0.6313686313686314,0.0999000999000999,0.6433566433566433,4.2147852147852145,0.0,0.0,0.0,0.0,0.0,0.0,0.0,0.0,0.0,0.09090909090909091,0.0,0.0,0.0,0.0,0.0,16.854145854145855,0.0,1.945054945054945,0.0,7.111888111888112,2.044955044955045,0.10989010989010989,5.475524475524476,0.0,0.0,0.000999000999000999,0.0,0.0,0.0,15.15884115884116,2.786213786213786,0.0,0.008991008991008992,0.03696303696303696,0.0,0.5114885114885115,0.5124875124875125,0.0,0.03696303696303696,0.006993006993006993
869,1068,4,0.6238532110091743,0.1345565749235474,1.1345565749235473,6.767584097859327,0.0,0.0,0.0,0.1437308868501529,0.0,0.0,0.30275229357798167,0.0,0.0,0.963302752293578,0.25076452599388377,0.0,0.0,0.0,0.7614678899082569,20.59021406727829,0.05504587155963303,2.5168195718654434,0.0,20.70948012232416,6.318042813455658,0.1712538226299694,5.752293577981652,0.0,0.0,0.11009174311926606,0.0,0.0,0.0,22.226299694189603,4.391437308868501,0.0,0.5076452599388379,0.1651376146788991,0.0,1.2966360856269112,0.6422018348623854,0.0,0.10397553516819572,0.0
870,1875,12,0.9954648526077098,0.08390022675736962,1.1655328798185942,4.791383219954649,0.0,0.0,0.0,0.027210884353741496,0.0,0.0,0.0,0.0,0.0,0.045351473922902494,0.0045351473922902496,0.0,0.0,0.0,0.0022675736961451248,10.242630385487528,0.009070294784580499,2.4081632653061225,0.0,5.0272108843537415,2.6621315192743764,0.2471655328798186,4.761904761904762,0.0,0.0,0.16099773242630386,0.11337868480725624,0.0,0.0,17.600907029478456,3.006802721088435,0.0,0.41496598639455784,0.04081632653061224,0.0,0.2857142857142857,0.4875283446712018,0.0,0.1836734693877551,0.0
870,303,4,0.6875912408759124,0.08175182481751825,0.45985401459854014,3.9503649635036497,0.0,0.11094890510948906,0.0,0.7474452554744525,0.0,0.0,0.049635036496350364,0.032116788321167884,0.0,0.9474452554744526,0.41751824817518246,0.0,0.11094890510948906,0.28029197080291973,0.004379562043795621,10.103649635036497,0.021897810218978103,9.046715328467153,0.0,13.56058394160584,4.176642335766424,0.4029197080291971,5.69051094890511,0.0,0.0,0.19562043795620437,0.0,0.0,0.0,19.62773722627737,1.9153284671532846,0.7124087591240876,0.1635036496350365,0.1416058394160584,0.0,1.2773722627737227,0.7036496350364964,0.5343065693430656,0.11824817518248175,10.023357664233577
866,991,4,0.5391705069124424,0.06144393241167435,0.5913978494623656,2.80184331797235,0.0,0.0,0.0,0.0,0.0,0.0,0.0,0.0,0.0,0.0,0.0,0.0,0.0,0.0,0.0,8.365591397849462,0.0,2.06605222734255,0.0,4.706605222734255,0.8832565284178188,0.05683563748079877,3.6144393241167436,0.0,0.0,0.1597542242703533,0.0,0.0,0.0,11.228878648233486,1.7342549923195085,0.0,0.2995391705069124,0.11674347158218126,0.0,0.2642089093701997,0.5453149001536098,0.0,0.016897081413210446,0.0
864,1635,16,0.6054054054054054,0.11351351351351352,0.3891891891891892,4.281081081081081,0.0,0.0,0.0,0.0,0.0,0.005405405405405406,0.0,0.0,0.0,0.16216216216216217,0.0,0.0,0.0,0.0,0.0,13.491891891891893,0.0,2.227027027027027,0.0,9.27027027027027,3.383783783783784,0.02702702702702703,3.2324324324324323,0.0,0.0,0.08108108108108109,0.0,0.0,0.0,15.18918918918919,2.8756756756756756,0.0,0.4594594594594595,0.1891891891891892,0.0,0.7027027027027027,0.5837837837837838,0.0,0.02702702702702703,0.0
866,1659,6,0.6188925081433225,0.10423452768729642,0.11400651465798045,4.576547231270358,0.0,0.0,0.0,0.09120521172638436,0.0,0.0,0.029315960912052116,0.0,0.026058631921824105,0.49185667752442996,0.26384364820846906,0.0,0.0,0.003257328990228013,0.0,13.566775244299674,0.0,3.570032573289902,0.0,14.247557003257329,4.299674267100977,0.11074918566775244,4.534201954397394,0.0,0.03257328990228013,0.18566775244299674,0.14006514657980457,0.009771986970684038,0.0,20.521172638436482,2.9413680781758957,0.0,0.28013029315960913,0.10749185667752444,0.003257328990228013,0.9446254071661238,0.6254071661237784,0.0,0.06188925081433225,0.13029315960912052
872,1793,4,0.6124260355029586,0.08875739644970414,0.2514792899408284,4.399408284023669,0.0,0.08875739644970414,0.0,0.7485207100591716,0.0,0.0,0.39349112426035504,0.0,0.3609467455621302,2.789940828402367,0.6627218934911243,0.0,0.0,0.13609467455621302,0.16863905325443787,14.86094674556213,0.0,7.5325443786982245,0.0,9.289940828402367,2.9881656804733727,0.7692307692307693,6.896449704142012,0.0,0.0,0.34615384615384615,0.0,0.0,0.0,18.967455621301774,1.9171597633136095,0.0,0.038461538461538464,0.0,0.0,0.8964497041420119,0.6568047337278107,0.0,0.09763313609467456,4.038461538461538
869,355,4,0.6294498381877023,0.07928802588996764,0.5938511326860841,4.001618122977346,0.0,0.009708737864077669,0.0,0.059870550161812294,0.0,0.0,0.0,0.0,0.0,0.059870550161812294,0.019417475728155338,0.0,0.0,0.0,0.0,11.629449838187702,0.06310679611650485,3.715210355987055,0.0,10.160194174757281,3.352750809061489,0.4546925566343042,3.901294498381877,0.0,0.0,0.33495145631067963,0.15857605177993528,0.0,0.0,18.805825242718445,2.3608414239482203,0.0,0.2993527508090615,0.1343042071197411,0.0,0.6375404530744336,0.6682847896440129,0.0,0.02912621359223301,0.0
870,1179,6,0.8756830601092896,0.08060109289617487,0.8961748633879781,2.9849726775956285,0.0,0.0,0.0,0.0,0.0,0.0,0.0,0.0,0.0,0.0,0.0,0.0,0.0,0.0,0.0,8.924863387978142,0.0,1.8715846994535519,0.0,5.834699453551913,1.219945355191257,0.050546448087431695,4.918032786885246,0.0,0.0,0.012295081967213115,0.08879781420765027,0.0,0.0,11.524590163934427,1.7349726775956285,0.0,0.03961748633879782,0.045081967213114756,0.0,0.3620218579234973,0.5505464480874317,0.0,0.03961748633879782,0.0
867,926,4,0.7685185185185185,0.11728395061728394,1.3117283950617284,5.395061728395062,0.0,0.0,0.0,0.0,0.0,0.0,0.45524691358024694,0.0,0.22376543209876543,1.2098765432098766,0.654320987654321,0.0,0.0,0.0,0.0,17.455246913580247,0.020061728395061727,3.552469135802469,0.0,9.830246913580247,7.217592592592593,0.08950617283950617,4.912037037037037,0.0,0.0,0.16358024691358025,0.0,0.0,0.0,18.58641975308642,2.9675925925925926,0.0,0.39969135802469136,0.13734567901234568,0.22067901234567902,0.7052469135802469,0.6450617283950617,0.0,0.19444444444444445,3.9290123456790123
867,979,4,0.6067653276955602,0.06553911205073996,1.4291754756871036,3.619450317124736,0.0,0.0,0.0,0.05708245243128964,0.0,0.0,0.0,0.0,0.0,0.11205073995771671,0.016913319238900635,0.0,0.0,0.019027484143763214,0.0,7.45877378435518,0.0,2.7209302325581395,0.0,5.911205073995772,2.0232558139534884,0.18181818181818182,4.014799154334038,0.0,0.0,0.13953488372093023,0.0,0.0,0.0,15.02536997885835,2.492600422832981,0.0,0.5919661733615222,0.09302325581395349,0.0,0.3678646934460888,0.5771670190274841,0.0,0.03382663847780127,0.0
885,490,4,0.4909090909090909,0.07727272727272727,0.6954545454545454,4.413636363636364,0.0,0.0,0.0,0.0,0.0,0.08636363636363636,0.0,0.0,0.0,0.5863636363636363,0.2409090909090909,0.0,0.0,0.08636363636363636,0.0,13.39090909090909,0.0,4.45,0.0,9.127272727272727,4.054545454545455,0.4,5.790909090909091,0.0,0.0,0.1,0.0,0.0,0.0,16.327272727272728,2.7454545454545456,0.0,0.2545454545454545,0.02727272727272727,0.0,0.6136363636363636,0.509090909090909,0.0,0.06818181818181818,0.22272727272727272
871,825,4,0.5505341002465078,0.09695973705834018,0.6902218570254725,4.304026294165982,0.0,0.0,0.0,0.0,0.0,0.0,0.0,0.0,0.0,0.0,0.012325390304026294,0.0,0.0,0.0,0.0,17.493015612161052,0.005751848808545604,1.7091207888249795,0.0,6.360723089564503,1.7740345110928513,0.025472473294987676,3.544782251437962,0.0,0.0,0.5201314708299096,0.23171733771569433,0.0,0.0,15.14543960558751,2.5299917830731307,0.08216926869350863,0.1799506984387839,0.05834018077239113,0.0,0.39605587510271156,0.5546425636811833,0.0,0.03944124897288414,0.0
872,220,4,0.7559055118110236,0.13228346456692913,0.6598425196850394,4.67244094488189,0.0,0.0031496062992125984,0.0,0.009448818897637795,0.0,0.0,0.0,0.0,0.0,0.04251968503937008,0.0,0.0,0.0,0.0,0.0,14.434645669291339,0.0031496062992125984,2.568503937007874,0.0,10.458267716535433,4.003149606299212,0.06929133858267716,3.415748031496063,0.0,0.0,0.06456692913385827,0.0,0.0,0.0,17.283464566929133,3.100787401574803,0.0,0.29133858267716534,0.026771653543307086,0.0,0.6992125984251969,0.6031496062992125,0.0,0.031496062992125984,0.0
868,1902,12,1.2485768500948766,0.08918406072106262,0.2884250474383302,3.4383301707779887,0.0,0.0,0.0,0.08918406072106262,0.0,0.0,0.0,0.0,0.0,0.29411764705882354,0.058823529411764705,0.0,0.0,0.0,0.0,16.091081593927893,0.0,2.9810246679316887,0.0,7.379506641366224,2.170777988614801,0.22770398481973433,3.616698292220114,0.0,0.08918406072106262,0.011385199240986717,0.10056925996204934,0.0,0.0,13.468690702087287,2.157495256166983,0.0,0.020872865275142316,0.011385199240986717,0.0,0.5977229601518027,0.4990512333965844,0.0,0.2428842504743833,1.6318785578747628
871,1952,14,0.6208791208791209,0.08791208791208792,0.21428571428571427,2.0494505494505493,0.0,0.15384615384615385,0.0,0.2967032967032967,0.0,0.0,0.0,0.0,0.0,0.31868131868131866,0.06043956043956044,0.0,0.24175824175824176,1.3296703296703296,0.0,5.472527472527473,0.0,33.967032967032964,0.0,3.8626373626373627,0.8406593406593407,0.9010989010989011,4.214285714285714,0.0,0.0,0.08241758241758242,0.0,0.0,0.0,13.467032967032967,0.8736263736263736,0.0,0.038461538461538464,0.06043956043956044,0.0,0.9340659340659341,0.6978021978021978,2.0549450549450547,0.06043956043956044,28.36813186813187
876,118,11,0.6944444444444444,0.10714285714285714,0.4007936507936508,4.488095238095238,0.0,0.15873015873015872,0.0,0.15476190476190477,0.0,0.0,0.0,0.0,0.0,0.9206349206349206,0.2896825396825397,0.0,0.04365079365079365,0.10714285714285714,0.0,12.253968253968255,0.0,3.8174603174603177,0.0,10.964285714285714,3.3452380952380953,1.119047619047619,4.948412698412699,0.0,0.0,0.031746031746031744,0.32142857142857145,0.0,0.0,21.591269841269842,2.388888888888889,0.0,0.0,0.21031746031746032,0.0,0.8015873015873016,0.6626984126984127,0.0,0.07936507936507936,2.8531746031746033
878,887,4,0.5510688836104513,0.04513064133016627,0.22802850356294538,2.8052256532066506,0.0,0.0,0.0,0.171021377672209,0.0,0.0,0.021377672209026127,0.0,0.0,0.8764845605700713,0.1496437054631829,0.0,0.0,0.0,0.1163895486935867,3.9382422802850354,0.0,2.223277909738717,0.0,3.838479809976247,1.2850356294536818,0.7339667458432304,6.448931116389549,0.0,0.0,0.0023752969121140144,0.0,0.0,0.7838479809976246,12.572446555819477,1.7387173396674585,0.0,0.03800475059382423,0.0,0.0,0.16389548693586697,0.47268408551068886,0.0,0.023752969121140142,0.6365795724465558
871,1350,12,0.6445182724252492,0.10520487264673312,0.8482834994462901,3.7641196013289036,0.0,0.0,0.0,0.01107419712070875,0.0,0.0,0.0,0.0,0.0,0.12403100775193798,0.024363233665559248,0.0,0.0,0.059800664451827246,0.0,10.83388704318937,0.0,2.528239202657807,0.0,7.8006644518272426,2.3665559246954597,0.2812846068660022,4.287929125138428,0.0,0.0,0.24916943521594684,0.0,0.0,0.0,14.97452934662237,2.470653377630122,0.0,0.35105204872646734,0.05758582502768549,0.0,0.5293466223698782,0.5658914728682171,0.0,0.026578073089700997,0.4418604651162791
874,517,4,0.694560669456067,0.07531380753138076,0.5397489539748954,4.075313807531381,0.0,0.0,0.0,0.2928870292887029,0.0,0.0,0.0,0.0,0.0,0.9246861924686193,0.46443514644351463,0.0,0.4476987447698745,0.9037656903765691,0.0,11.217573221757322,0.0,14.606694560669457,0.0,11.711297071129707,2.4393305439330546,0.0,6.807531380753138,0.0,0.0,0.16317991631799164,0.0,0.0,0.0,16.06276150627615,1.9288702928870294,0.0,0.0,0.11715481171548117,0.0,1.6527196652719665,0.5690376569037657,0.0,0.0794979079497908,7.912133891213389
890,285,4,0.6589327146171694,0.09048723897911833,0.4756380510440835,3.8955916473317864,0.0,0.0,0.0,0.0,0.0,0.0,0.0,0.0,0.0,0.0,0.0,0.0,0.0,0.0,0.0,12.937354988399072,0.0,2.1531322505800463,0.0,7.364269141531323,2.4269141531322505,0.0,4.039443155452436,0.0,0.0,0.20649651972157773,0.05104408352668213,0.0,0.0,15.078886310904872,2.3132250580046403,0.0,0.665893271461717,0.04640371229698376,0.0,0.44779582366589327,0.5382830626450116,0.0,0.048723897911832945,0.0
874,638,4,0.6484674329501916,0.09865900383141762,0.6848659003831418,3.1417624521072796,0.0,0.006704980842911878,0.0,0.0,0.0,0.0,0.008620689655172414,0.0,0.0,0.20977011494252873,0.0,0.0,0.0,0.0,0.0,13.545019157088122,0.0,2.074712643678161,0.0,14.023946360153257,1.2739463601532568,0.028735632183908046,5.60632183908046,0.0,0.0,0.5229885057471264,0.0,0.0,0.0,11.124521072796934,1.7241379310344827,0.0,0.6772030651340997,0.008620689655172414,0.0,0.8869731800766284,0.48084291187739464,0.0,0.038314176245210725,0.9319923371647509
869,1809,4,0.6214285714285714,0.10357142857142858,0.7678571428571429,3.3607142857142858,0.0,0.0,0.0,0.21071428571428572,0.0,0.0,0.0,0.0,0.0,0.325,0.08214285714285714,0.0,0.0,0.02857142857142857,0.0,15.128571428571428,0.0,2.6857142857142855,0.0,4.264285714285714,1.0,0.08214285714285714,3.7857142857142856,0.0,0.0,0.14642857142857144,0.0,0.0,0.0,12.610714285714286,1.7892857142857144,0.0,0.11785714285714285,0.41785714285714287,0.0,0.3821428571428571,0.4785714285714286,0.0,0.04285714285714286,0.1392857142857143
882,1988,4,0.6060606060606061,0.10606060606060606,0.16666666666666666,4.621212121212121,0.0,0.0,0.0,0.0,0.0,0.0,0.0,0.0,0.0,0.0,0.0,0.0,0.0,0.0,0.0,17.075757575757574,0.0,3.3181818181818183,0.0,19.606060606060606,3.5,0.30303030303030304,2.787878787878788,0.0,0.0,0.015151515151515152,0.0,0.0,0.0,22.46969696969697,2.893939393939394,0.0,0.0,0.0,0.0,1.0454545454545454,0.5757575757575758,0.0,0.07575757575757576,0.0
876,387,4,1.1498194945848375,0.11913357400722022,0.148014440433213,5.115523465703971,0.0,0.021660649819494584,0.0,0.0018050541516245488,0.0,0.0,0.04151624548736462,0.0,0.0,0.16425992779783394,0.05956678700361011,0.0,0.0,0.0,0.0,13.96028880866426,0.0,2.7093862815884475,0.0,10.777978339350181,2.8339350180505414,0.6227436823104693,3.651624548736462,0.0,0.0,0.0776173285198556,0.0,0.0,0.0,23.767148014440433,3.1335740072202167,0.0,0.0,0.10288808664259928,0.0,0.7220216606498195,0.6119133574007221,0.0,0.11010830324909747,0.0
884,848,4,0.5432525951557093,0.058823529411764705,2.1038062283737022,2.01038062283737,0.0,0.0,0.0,0.0,0.0,0.0,0.0,0.0,0.0,0.0,0.0,0.0,0.0,0.0,0.0,6.660899653979238,0.06920415224913495,1.560553633217993,0.0,1.1141868512110726,0.20069204152249134,0.35294117647058826,4.9342560553633215,0.0,0.0,0.11072664359861592,0.0,0.0,0.0,8.598615916955017,0.7612456747404844,0.0,0.24567474048442905,0.4117647058823529,0.0,0.0,0.43944636678200694,0.0,0.06920415224913495,0.0
883,1286,4,0.7193486590038314,0.11781609195402298,0.6877394636015326,4.815134099616858,0.0,0.0,0.0,0.0,0.0,0.0,0.0,0.0,0.0,0.014367816091954023,0.0,0.0,0.0,0.0,0.0,15.386973180076629,0.0,2.439655172413793,0.0,8.148467432950191,3.096743295019157,0.16762452107279693,2.7883141762452106,0.0,0.0,0.2289272030651341,0.23563218390804597,0.0,0.0,18.31513409961686,3.2203065134099615,0.0,0.2595785440613027,0.05651340996168582,0.0,0.5124521072796935,0.5795019157088123,0.0,0.034482758620689655,0.0
888,612,4,0.7150900900900901,0.05518018018018018,0.9177927927927928,3.143018018018018,0.0,0.11036036036036036,0.006756756756756757,0.024774774774774775,0.0,0.0,0.0,0.0,0.0,0.01126126126126126,0.0,0.0,0.0,0.0,0.0,6.835585585585585,0.016891891891891893,1.8018018018018018,0.0,5.902027027027027,1.364864864864865,0.037162162162162164,5.902027027027027,0.0,0.0,0.04504504504504504,0.0,0.0,0.0,14.70382882882883,2.019144144144144,0.0,0.05292792792792793,0.057432432432432436,0.0,0.3130630630630631,0.5833333333333334,0.0,0.03490990990990991,0.0
876,149,4,0.7364620938628159,0.08664259927797834,0.8110709987966306,3.252707581227437,0.0,0.0,0.0,0.039711191335740074,0.0,0.0,0.0,0.0,0.0,0.06016847172081829,0.02527075812274368,0.0,0.0,0.0012033694344163659,0.0,9.180505415162456,0.0,2.2647412755716005,0.0,5.430806257521059,1.5968712394705173,0.12515042117930206,4.6474127557160045,0.0,0.0,0.07099879663056559,0.0,0.0,0.0,12.766546329723225,2.0974729241877257,0.0,0.19374247894103488,0.1299638989169675,0.0,0.3730445246690734,0.6089049338146811,0.0,0.05776173285198556,0.0
880,965,12,0.5666666666666667,0.08888888888888889,0.03333333333333333,3.311111111111111,0.0,0.0,0.0,0.09444444444444444,0.0,0.0,0.0,0.0,0.0,0.29444444444444445,0.0,0.0,0.0,0.0,0.0,14.688888888888888,0.0,2.7333333333333334,0.0,6.416666666666667,1.1833333333333333,0.15555555555555556,4.316666666666666,0.0,0.0,0.0,0.0,0.0,0.0,12.227777777777778,1.6055555555555556,0.0,0.15,0.016666666666666666,0.0,0.37222222222222223,0.5277777777777778,0.0,0.011111111111111112,0.08333333333333333
886,1016,12,0.482837528604119,0.06407322654462243,0.37986270022883295,2.814645308924485,0.0,0.0,0.0,0.37757437070938216,0.0,0.05034324942791762,0.0,0.0,0.0,0.2379862700228833,0.002288329519450801,0.0,0.18764302059496568,1.2562929061784898,0.0,5.054919908466819,0.0,4.894736842105263,0.0,3.668192219679634,1.654462242562929,0.6864988558352403,3.5903890160183067,0.0,0.0,0.16475972540045766,0.0,0.0,0.0,12.192219679633867,1.6361556064073226,0.0,0.22654462242562928,0.16475972540045766,0.0,1.2265446224256293,0.4988558352402746,0.0,0.059496567505720827,15.562929061784898
885,1628,5,0.5973154362416108,0.06263982102908278,1.807606263982103,3.1722595078299776,0.0447427293064877,0.0,0.0,1.1252796420581654,0.0,0.08053691275167785,0.0,0.0,0.029082774049217,1.167785234899329,0.34451901565995524,0.0,0.0,0.0044742729306487695,0.053691275167785234,4.32662192393736,0.053691275167785234,3.436241610738255,0.0,4.008948545861298,1.8859060402684564,0.3624161073825503,6.568232662192393,0.0,0.0,0.47651006711409394,0.0,0.0,0.0,13.319910514541387,1.8568232662192394,0.0,0.6062639821029083,0.2684563758389262,0.0,0.23937360178970918,0.5480984340044742,0.0,0.08501118568232663,0.0
880,1817,4,0.5861070911722142,0.10130246020260492,0.30390738060781475,6.075253256150506,0.04630969609261939,0.2098408104196816,0.0,1.1982633863965269,0.0,0.0,0.4211287988422576,0.0,0.6338639652677279,3.1924746743849495,2.2865412445730824,0.0,0.11722141823444283,0.36034732272069464,0.05209840810419682,16.483357452966715,0.03183791606367583,7.360347322720695,0.6743849493487699,12.971056439942112,9.237337192474675,0.4515195369030391,5.503617945007236,0.0,0.0,0.12011577424023155,0.0,0.23733719247467439,0.0,25.635311143270624,3.6729377713458757,0.0,0.2301013024602026,0.09840810419681621,0.15050651230101303,1.0955137481910275,0.6309696092619392,0.0,0.09985528219971057,0.5050651230101303
878,1003,4,0.6970802919708029,0.12408759124087591,0.4197080291970803,4.361313868613139,0.0,0.0,0.0,0.0,0.0,0.0,0.0,0.0,0.0,0.0,0.0,0.0,0.0,0.0,0.0,13.52919708029197,0.0,3.5437956204379564,0.0,17.886861313868614,3.0182481751824817,0.23722627737226276,3.602189781021898,0.0,0.0072992700729927005,0.2664233576642336,0.0,0.0,0.0,20.076642335766422,2.740875912408759,0.0,0.24817518248175183,0.07664233576642336,0.0,1.27007299270073,0.6751824817518248,0.0,0.0364963503649635,0.0
882,1673,6,0.5240963855421686,0.03614457831325301,1.8855421686746987,2.9759036144578315,0.0,0.0,0.0,0.030120481927710843,0.0,0.0,0.0,0.0,0.0,0.21686746987951808,0.0,0.0,0.0,0.0,0.0,2.216867469879518,0.0,2.1506024096385543,0.0,2.325301204819277,1.0903614457831325,0.024096385542168676,6.331325301204819,0.0,0.0,0.5542168674698795,0.0,0.0,0.0,12.566265060240964,1.7650602409638554,0.0,1.6746987951807228,0.27710843373493976,0.0,0.0,0.5060240963855421,0.0,0.024096385542168676,0.0
881,341,4,0.6717948717948717,0.1076923076923077,0.5025641025641026,6.469230769230769,0.0,0.0,0.0,0.0,0.0,0.0,0.4461538461538462,0.0,0.45897435897435895,2.2487179487179487,0.9256410256410257,0.0,0.0,0.0,0.035897435897435895,8.91025641025641,0.0,5.515384615384615,0.0,9.08974358974359,5.394871794871795,0.6512820512820513,6.174358974358975,0.0,0.0,0.8487179487179487,0.0,0.0,0.0,28.46923076923077,4.141025641025641,0.0,0.31025641025641026,0.015384615384615385,0.0,0.5897435897435898,0.6897435897435897,0.0,0.09487179487179487,1.558974358974359
880,775,12,0.8082191780821918,0.07534246575342465,0.5616438356164384,3.2465753424657535,0.0,0.0,0.0,0.0,0.0,0.0,0.0,0.0,0.0,0.0,0.0,0.0,0.0,0.0,0.0,12.787671232876713,0.0,1.582191780821918,0.0,6.568493150684931,1.4657534246575343,0.0958904109589041,4.0479452054794525,0.0,0.0,0.0547945205479452,0.0,0.0,0.0,10.815068493150685,1.5890410958904109,0.0,0.02054794520547945,0.3356164383561644,0.0,0.2602739726027397,0.4863013698630137,0.0,0.02054794520547945,0.0
885,939,12,0.663768115942029,0.08405797101449275,1.7826086956521738,2.5942028985507246,0.0,0.0,0.0,0.9014492753623189,0.0,0.0,0.0,0.0,0.002898550724637681,0.5101449275362319,0.16521739130434782,0.0,0.011594202898550725,0.18840579710144928,0.0,2.36231884057971,0.0,3.681159420289855,0.0,1.5014492753623188,0.6985507246376812,0.42028985507246375,7.136231884057971,0.0,0.0,0.336231884057971,0.0,0.0,0.0,11.397101449275363,1.4,0.0,0.26666666666666666,0.3072463768115942,0.0,0.08985507246376812,0.5797101449275363,0.0,0.057971014492753624,0.1826086956521739
892,1649,6,0.4273204903677758,0.07880910683012259,1.031523642732049,3.4851138353765325,0.0,0.0840630472854641,0.0,0.6795096322241682,0.0,0.043782837127845885,0.0,0.0,0.0,0.5166374781085814,0.14886164623467601,0.0,0.1190893169877408,0.3345008756567426,0.0,5.886164623467601,0.0,3.8984238178633976,0.0,3.7898423817863396,2.1138353765323994,0.5446584938704028,4.7915936952714535,0.0,0.0,0.05779334500875657,0.0,0.0,0.0,15.190893169877407,2.5061295971978983,0.0,0.46935201401050786,0.13660245183887915,0.0,0.2574430823117338,0.563922942206655,0.0,0.0542907180385289,0.31523642732049034
884,1692,6,0.6462480857580398,0.08116385911179173,0.8943338437978561,3.992343032159265,0.0,0.018376722817764167,0.0,0.21745788667687596,0.0,0.0,0.10872894333843798,0.0,0.21286370597243492,1.119448698315467,0.7963246554364471,0.0,0.0,0.0,0.0,11.062787136294027,0.04900459418070444,5.093415007656968,0.006125574272588055,13.416539050535988,2.784073506891271,1.0336906584992342,6.182235834609495,0.0,0.0,0.6508422664624809,0.0,0.015313935681470138,0.0,17.972434915773352,2.2052067381316998,0.0,0.5620214395099541,0.036753445635528334,0.021439509954058193,0.8652373660030628,0.6140888208269525,0.0,0.04747320061255743,0.08116385911179173
884,1940,4,1.6863270777479893,0.13136729222520108,0.18498659517426275,7.943699731903485,0.0,0.032171581769437,0.0,0.05630026809651475,0.0,0.0,0.2386058981233244,0.0,0.28150134048257375,1.8096514745308312,0.7587131367292225,0.0,0.0,0.005361930294906166,0.10455764075067024,15.793565683646113,0.07506702412868632,5.686327077747989,0.0,12.367292225201073,6.630026809651475,0.5951742627345844,5.447721179624665,0.0,0.0,0.30563002680965146,0.0,0.0,0.0,34.22252010723861,5.2439678284182305,0.0,0.26005361930294907,0.0,0.0,0.8927613941018767,0.7211796246648794,0.05361930294906166,0.43699731903485256,5.085790884718499
884,1969,4,0.6051587301587301,0.0992063492063492,0.45436507936507936,3.748015873015873,0.0,0.015873015873015872,0.0,0.11904761904761904,0.0,0.0,0.0,0.0,0.0,0.3472222222222222,0.08531746031746032,0.0,0.04365079365079365,0.03571428571428571,0.0,12.242063492063492,0.011904761904761904,3.7222222222222223,0.0,8.353174603174603,2.119047619047619,0.6071428571428571,5.765873015873016,0.0,0.0,0.16468253968253968,0.1388888888888889,0.0,0.0,18.650793650793652,2.0753968253968256,0.0,0.0,0.251984126984127,0.0,0.623015873015873,0.6091269841269841,0.0,0.051587301587301584,0.7361111111111112
885,263,4,0.7156177156177156,0.11655011655011654,0.5034965034965035,5.561771561771562,0.0,0.004662004662004662,0.0,0.053613053613053616,0.0,0.0,0.0,0.0,0.0,0.32400932400932403,0.10256410256410256,0.0,0.0,0.0,0.0,15.484848484848484,0.037296037296037296,3.282051282051282,0.0,13.496503496503497,4.4475524475524475,1.0466200466200466,5.79020979020979,0.0,0.0,0.02564102564102564,0.10722610722610723,0.0,0.0,25.904428904428904,3.31002331002331,0.0,0.04428904428904429,0.1561771561771562,0.0,0.9976689976689976,0.682983682983683,0.0,0.039627039627039624,0.03263403263403263
891,802,4,0.5876288659793815,0.07216494845360824,0.9106529209621993,3.415807560137457,0.0,0.0,0.0,0.0,0.0,0.0,0.0,0.0,0.0,0.12027491408934708,0.0,0.0,0.0,0.0,0.0,16.80068728522337,0.0,2.4054982817869415,0.0,7.8006872852233675,1.5189003436426116,0.17525773195876287,4.965635738831615,0.0,0.0,0.23711340206185566,0.0,0.0,0.0,11.27491408934708,1.6357388316151202,0.0,0.43986254295532645,0.15807560137457044,0.0,0.48109965635738833,0.5154639175257731,0.0,0.024054982817869417,0.0
887,697,4,0.7503075030750308,0.09225092250922509,1.1931119311193112,3.971709717097171,0.0,0.038130381303813035,0.0,0.1931119311193112,0.0,0.0,0.0,0.0,0.02214022140221402,0.15129151291512916,0.14145141451414514,0.0,0.0,0.007380073800738007,0.0,13.35670356703567,0.033210332103321034,3.044280442804428,0.0,7.548585485854859,2.971709717097171,0.2656826568265683,4.4206642066420665,0.0,0.0,0.1931119311193112,0.0,0.0,0.0,15.076260762607626,2.4194341943419433,0.0,0.45264452644526443,0.14268142681426815,0.0,0.5904059040590406,0.5879458794587946,0.0,0.05412054120541206,0.0
880,1105,2,0.8465116279069768,0.09302325581395349,0.386046511627907,5.306976744186047,0.0,0.0,0.0,0.0,0.0,0.0,0.0,0.0,0.0,0.0,0.08837209302325581,0.0,0.0,0.0,0.0,14.827906976744186,0.0,2.530232558139535,0.0,16.558139534883722,4.786046511627907,0.12093023255813953,4.1069767441860465,0.0,0.0,0.08372093023255814,0.0,0.0,0.0,18.986046511627908,3.4186046511627906,0.0,0.20465116279069767,0.013953488372093023,0.0,1.1116279069767443,0.6046511627906976,0.0,0.05116279069767442,0.0
880,1464,4,10.94308943089431,0.04065040650406504,0.7804878048780488,3.707317073170732,0.0,0.0,0.0,0.0,0.0,0.0,0.0,0.5934959349593496,0.0,0.0,0.0,0.0,0.35772357723577236,0.0,0.0,4.308943089430894,0.0,3.8048780487804876,0.0,0.8780487804878049,0.10569105691056911,0.0,8.691056910569106,0.0,0.0,0.0,0.0,0.0,0.0,18.601626016260163,0.7479674796747967,0.0,0.0,0.0,0.0,0.0,2.3658536585365852,2.3658536585365852,6.284552845528455,37.17886178861789
885,1886,4,0.5329341317365269,0.05389221556886228,0.8682634730538922,2.9161676646706587,0.0,0.0,0.0,0.0,0.0,0.0,0.0,0.0,0.0,0.0,0.0,0.0,0.0,0.0,0.0,3.311377245508982,0.023952095808383235,4.383233532934132,0.0,4.281437125748503,1.2335329341317365,0.029940119760479042,7.3293413173652695,0.0,0.0,0.2754491017964072,0.0,0.0,0.0,14.520958083832335,1.8203592814371257,0.0,0.12574850299401197,0.10778443113772455,0.0,0.25149700598802394,0.6347305389221557,0.0,0.03592814371257485,0.0
885,208,12,0.6004618937644342,0.10623556581986143,0.6581986143187067,3.4734411085450345,0.0,0.0,0.23094688221709006,0.15473441108545036,0.0,0.0,0.0,0.16628175519630484,0.0,0.12471131639722864,0.12471131639722864,0.12702078521939955,0.016166281755196306,0.15473441108545036,0.0,9.524249422632794,0.0,4.5704387990762125,0.0,12.159353348729793,3.240184757505774,0.10392609699769054,5.699769053117783,0.0,0.0,0.11316397228637413,0.0,0.0,0.0,18.956120092378754,1.7413394919168592,0.279445727482679,0.13394919168591224,0.0,0.0,1.3972286374133949,0.5912240184757506,0.7528868360277137,0.04387990762124711,14.690531177829099
883,1582,4,0.5416666666666666,0.06018518518518518,0.009259259259259259,2.662037037037037,0.0,0.08333333333333333,0.0,0.7453703703703703,0.0,0.0,0.08333333333333333,0.0,0.07407407407407407,0.8796296296296297,0.4351851851851852,0.0,0.2037037037037037,0.5,0.0,6.601851851851852,0.0,3.2175925925925926,0.0,4.333333333333333,1.287037037037037,0.33796296296296297,3.6203703703703702,0.0,0.0,0.0,0.004629629629629629,0.0,0.0,11.893518518518519,1.462962962962963,0.0,0.0,0.125,0.0,0.5694444444444444,0.5555555555555556,0.0,0.05092592592592592,8.523148148148149
899,1163,4,0.686084142394822,0.08414239482200647,0.8317152103559871,3.0485436893203883,0.0,0.0,0.0,0.04854368932038835,0.0,0.0,0.0,0.0,0.012944983818770227,0.15210355987055016,0.07119741100323625,0.0,0.0,0.0,0.0,12.055016181229773,0.019417475728155338,4.970873786407767,0.0,10.508090614886731,1.035598705501618,0.2815533980582524,7.2459546925566345,0.0,0.0,0.47896440129449835,0.0,0.0,0.0,15.190938511326861,1.5048543689320388,0.0,0.7378640776699029,0.07766990291262135,0.0,0.7734627831715211,0.56957928802589,0.0,0.05501618122977346,0.0
891,1236,4,10.946341463414635,0.08292682926829269,0.7475609756097561,3.0878048780487806,0.0,0.0,0.0,0.0,0.0,0.0,0.0,0.14146341463414633,0.0,0.0,0.0,0.0,0.0,0.0,0.0,10.423170731707318,0.006097560975609756,2.9341463414634146,0.0,3.7365853658536587,2.075609756097561,0.0,4.034146341463415,0.0,0.0,0.0,0.0,0.0,0.0,14.419512195121952,1.474390243902439,0.0,0.0024390243902439024,0.0012195121951219512,0.0,0.2731707317073171,0.7451219512195122,2.6390243902439026,8.915853658536586,9.823170731707316
887,1325,4,0.6612665684830633,0.07952871870397643,0.7393225331369662,3.9661266568483065,0.0,0.0,0.0,0.0,0.0,0.0,0.0,0.0,0.0,0.030927835051546393,0.0,0.0,0.0,0.0,0.0,11.008836524300442,0.014727540500736377,2.6450662739322532,0.0,10.512518409425626,3.7290132547864507,0.0,4.0500736377025035,0.0,0.0,0.0,0.0,0.0,0.0,16.493372606774667,2.456553755522828,0.0,0.0898379970544919,0.027982326951399118,0.0,0.6804123711340206,0.5832106038291606,0.0,0.030927835051546393,0.0
892,1838,4,0.7430278884462151,0.06374501992031872,0.9043824701195219,3.3824701195219125,0.0,0.0,0.0,0.0,0.0,0.0,0.0,0.0,0.0,0.02390438247011952,0.0,0.0,0.0,0.0,0.0,7.318725099601593,0.00199203187250996,2.9780876494023905,0.0,5.934262948207171,1.9621513944223108,0.021912350597609563,6.2370517928286855,0.0,0.0,0.3884462151394422,0.0,0.0,0.0,15.56175298804781,2.1772908366533863,0.0,0.24900398406374502,0.21912350597609562,0.0,0.26095617529880477,0.5836653386454184,0.0,0.025896414342629483,0.0
894,104,7,0.5723404255319149,0.08404255319148936,0.4,4.10531914893617,0.0,0.0,0.0,0.0,0.0,0.0,0.0,0.0,0.0,0.010638297872340425,0.0,0.0,0.0,0.0,0.0,14.148936170212766,0.03404255319148936,3.227659574468085,0.0,14.673404255319149,3.157446808510638,0.3223404255319149,4.951063829787234,0.0,0.12659574468085105,0.5085106382978724,0.0,0.0,0.0,19.153191489361703,2.3138297872340425,0.0,0.37553191489361704,0.05,0.0,0.9829787234042553,0.6393617021276595,0.0,0.030851063829787233,0.04680851063829787
894,1921,4,0.5960144927536232,0.08695652173913043,0.1105072463768116,3.98731884057971,0.0,0.0,0.0,0.0,0.0,0.0,0.2753623188405797,0.0,0.0,0.8713768115942029,0.3858695652173913,0.0,0.0,0.0,0.7771739130434783,15.902173913043478,0.0,1.9329710144927537,0.0,14.96195652173913,5.8731884057971016,0.3894927536231884,6.536231884057971,0.0,0.0,0.286231884057971,0.0,0.0,0.0,14.581521739130435,2.2065217391304346,0.0,0.40942028985507245,0.0,0.1213768115942029,0.9221014492753623,0.5163043478260869,0.0,0.04710144927536232,4.581521739130435
892,532,4,0.662771285475793,0.08013355592654424,1.1469115191986645,3.2771285475792986,0.0,0.0,0.03171953255425709,0.3121869782971619,0.0,0.0,0.0,0.23205342237061768,0.0,0.44073455759599334,0.16026711185308848,0.008347245409015025,0.06176961602671119,0.015025041736227046,0.0,7.729549248747913,0.05676126878130217,4.796327212020033,0.0,8.452420701168615,2.2404006677796326,0.48747913188647746,6.609348914858097,0.0,0.0,0.3823038397328882,0.04674457429048414,0.0,0.0,16.79465776293823,1.4874791318864775,0.0,0.18530884808013356,0.10517529215358931,0.0,0.7395659432387313,0.5959933222036727,2.0968280467445743,0.07345575959933222,14.223706176961603
893,749,12,0.6912928759894459,0.0870712401055409,0.7493403693931399,3.461741424802111,0.0,0.0,0.0,0.0,0.0,0.0,0.0,0.0,0.0,0.0,0.0,0.0,0.0,0.0,0.0,12.263852242744063,0.0,2.0026385224274406,0.0,6.12664907651715,1.9525065963060686,0.0,3.6411609498680737,0.0,0.0,0.920844327176781,0.06068601583113457,0.0,0.0,12.699208443271768,1.8891820580474934,0.0,0.7282321899736148,0.12928759894459102,0.0,0.41424802110817943,0.5118733509234829,0.0,0.018469656992084433,0.0
886,1062,4,0.6979166666666666,0.09583333333333334,0.575,3.1375,0.0,0.0,0.0,1.1083333333333334,0.0,0.0,0.0,0.0,0.08333333333333333,0.8125,0.3416666666666667,0.0,0.004166666666666667,0.6229166666666667,0.0,10.010416666666666,0.0,6.60625,0.0,11.227083333333333,2.45,0.30833333333333335,4.789583333333334,0.0,0.0,0.041666666666666664,0.0,0.0,0.0,12.966666666666667,1.8791666666666667,0.0,0.20208333333333334,0.04791666666666667,0.0,0.8395833333333333,0.5291666666666667,0.0,0.052083333333333336,8.90625
898,1350,4,0.6754385964912281,0.03508771929824561,1.0263157894736843,4.815789473684211,0.0,0.0,0.0,0.0,0.0,0.0,0.0,0.0,0.0,0.0,0.008771929824561403,0.0,0.0,0.0,0.0,17.842105263157894,0.0,2.1140350877192984,0.0,5.412280701754386,2.3859649122807016,0.21052631578947367,4.280701754385965,0.0,0.0,0.0,0.18421052631578946,0.0,0.0,16.736842105263158,2.56140350877193,0.0,0.37719298245614036,0.02631578947368421,0.0,0.2894736842105263,0.6228070175438597,0.0,0.17543859649122806,0.0
889,643,4,0.6157243816254417,0.0892226148409894,0.681095406360424,3.9425795053003534,0.0,0.00530035335689046,0.0,0.05918727915194346,0.0,0.0,0.0,0.0,0.0,0.08303886925795052,0.030035335689045935,0.0,0.014134275618374558,0.06448763250883392,0.014134275618374558,12.489399293286219,0.0,4.83303886925795,0.0,10.590989399293287,3.027385159010601,0.1166077738515901,6.838339222614841,0.0035335689045936395,0.0,0.2137809187279152,0.0,0.0,0.0,17.315371024734983,2.3798586572438163,0.0,0.12985865724381626,0.09628975265017668,0.0,0.7720848056537103,0.6466431095406361,0.0,0.03975265017667844,0.32332155477031804
892,1414,4,0.5980707395498392,0.09967845659163987,0.6816720257234726,3.508038585209003,0.0,0.0,0.0,0.0707395498392283,0.0,0.0,0.0,0.0,0.09003215434083602,0.5434083601286174,0.10932475884244373,0.0,0.10610932475884244,0.4180064308681672,0.0,13.5016077170418,0.0,4.266881028938907,0.0,4.472668810289389,1.0546623794212218,0.43729903536977494,4.52411575562701,0.0,0.0,0.01929260450160772,0.0,0.0,0.0,12.92282958199357,1.6720257234726688,0.0,0.15755627009646303,0.01607717041800643,0.0,0.6205787781350482,0.5819935691318328,0.0932475884244373,0.06109324758842444,3.7588424437299035
891,1534,7,0.5865921787709497,0.08379888268156424,0.8268156424581006,4.175977653631285,0.0,0.0,0.0,0.0111731843575419,0.0,0.0,0.0,0.0,0.0,0.0,0.00558659217877095,0.0,0.0,0.0,0.0,8.497206703910615,0.0,3.6396648044692737,0.0,10.96368715083799,2.2039106145251397,0.3324022346368715,4.944134078212291,0.0,0.0,0.13128491620111732,0.0,0.0,0.0,17.044692737430168,2.2709497206703912,0.0,0.0,0.04748603351955307,0.0,0.7513966480446927,0.5893854748603352,0.0,0.05307262569832402,0.0
890,1600,15,5.2552301255230125,0.05439330543933055,0.24686192468619247,4.451882845188284,0.2175732217573222,0.2803347280334728,0.0,1.209205020920502,0.0,0.0,0.41422594142259417,0.0,0.0,2.9623430962343096,1.401673640167364,0.0,0.27615062761506276,0.3514644351464435,1.2635983263598327,4.146443514644352,0.0,12.271966527196653,0.0,10.891213389121338,4.368200836820083,0.36401673640167365,5.292887029288703,0.5941422594142259,0.0,0.16317991631799164,0.0,0.0,0.4769874476987448,21.07531380753138,2.799163179916318,0.0,0.0,0.2510460251046025,0.26778242677824265,1.3765690376569037,0.7447698744769874,0.0,2.8242677824267783,5.167364016736402
890,1708,12,0.9282868525896414,0.06374501992031872,1.159362549800797,3.8884462151394423,0.0,0.04780876494023904,0.0,0.5298804780876494,0.0,0.0,0.099601593625498,0.0,0.17928286852589642,1.155378486055777,0.5776892430278885,0.0,0.0,0.00796812749003984,0.0,3.402390438247012,0.13545816733067728,7.1673306772908365,0.0,5.286852589641434,3.254980079681275,0.7888446215139442,11.322709163346614,0.0,0.0,0.3784860557768924,0.0,0.0,0.0,20.752988047808763,2.733067729083665,0.0,0.6334661354581673,0.24302788844621515,0.0,0.2908366533864542,0.549800796812749,0.0,0.07569721115537849,0.0
891,507,4,0.5191489361702127,0.08936170212765958,0.4340425531914894,4.45531914893617,0.0,0.10212765957446808,0.0,0.1702127659574468,0.0,0.0,0.029787234042553193,0.0,0.00851063829787234,0.5234042553191489,0.3021276595744681,0.0,0.0,1.851063829787234,0.0,9.863829787234042,0.01276595744680851,19.927659574468084,0.0,6.540425531914893,3.765957446808511,0.5063829787234042,5.246808510638298,0.0,0.0,0.3617021276595745,0.0,0.0,0.0,21.378723404255318,2.3957446808510636,0.0,0.13191489361702127,0.0,0.0,0.6893617021276596,0.676595744680851,1.327659574468085,0.09787234042553192,9.995744680851065
893,1207,4,0.6048109965635738,0.12027491408934708,0.07560137457044673,5.86254295532646,0.0,0.0,0.0,0.0,0.0,0.0,0.0,0.0,0.0,0.0,0.041237113402061855,0.0,0.0,0.0,0.0,17.216494845360824,0.0,2.1237113402061856,0.0,12.006872852233677,3.611683848797251,0.0,1.8006872852233677,0.0,0.0,0.058419243986254296,0.42955326460481097,0.0,0.0,20.243986254295532,3.9553264604811,0.20962199312714777,0.010309278350515464,0.0,0.0,0.8247422680412371,0.5945017182130584,0.0,0.058419243986254296,0.0
896,1433,11,0.6513761467889908,0.0856269113149847,0.963302752293578,4.9296636085626915,0.0,0.0,0.0,0.0,0.0,0.0,0.0,0.0,0.0,0.0,0.0,0.0,0.0,0.0,0.0,9.08868501529052,0.021406727828746176,2.518348623853211,0.0,6.365443425076452,2.688073394495413,0.0030581039755351682,3.989296636085627,0.0,0.0,0.02599388379204893,0.308868501529052,0.0,0.0,20.05045871559633,3.2308868501529053,0.0,0.0,0.20795107033639143,0.0,1.1223241590214068,0.5764525993883792,0.0,0.05198776758409786,0.0
892,685,4,0.6219239373601789,0.08501118568232663,0.6733780760626398,4.053691275167785,0.05145413870246085,0.0447427293064877,0.0,0.0,0.0,0.0,0.0,0.0,0.0,0.38478747203579416,0.04697986577181208,0.0,0.05592841163310962,0.029082774049217,0.0,11.626398210290828,0.0,3.4384787472035794,0.0,14.380313199105146,2.9217002237136467,0.09395973154362416,5.0447427293064875,0.0,0.0,0.049217002237136466,0.0,0.0,0.5458612975391499,17.973154362416107,2.5659955257270695,0.0,0.0,0.0,0.0,1.0357941834451903,0.5838926174496645,0.0,0.053691275167785234,0.3713646532438479
899,1734,6,0.5652173913043478,0.10869565217391304,0.45652173913043476,4.326086956521739,0.0,0.0,0.0,0.0,0.0,0.0,0.0,0.0,0.0,0.0,0.0,0.0,0.0,0.0,0.0,13.21304347826087,0.0,2.034782608695652,0.0,10.02608695652174,3.791304347826087,0.0,3.4260869565217393,0.0,0.0,0.1391304347826087,0.0,0.0,0.0,15.986956521739131,2.9478260869565216,0.0,0.391304347826087,0.0391304347826087,0.0,0.6565217391304348,0.5130434782608696,0.0,0.043478260869565216,0.0
898,711,4,0.6316526610644257,0.11484593837535013,0.34173669467787116,6.324929971988795,0.0,0.15966386554621848,0.0,0.35154061624649857,0.0,0.1876750700280112,0.2030812324929972,0.0,0.15266106442577032,1.2829131652661065,0.47058823529411764,0.0,0.06582633053221289,0.35714285714285715,0.04061624649859944,17.071428571428573,0.058823529411764705,8.561624649859944,0.0,17.291316526610643,6.637254901960785,0.9943977591036415,6.649859943977591,0.0,0.0350140056022409,0.18347338935574228,0.0,0.0,0.0,28.368347338935575,4.07563025210084,0.0700280112044818,0.5294117647058824,0.036414565826330535,0.0,1.2352941176470589,0.6512605042016807,0.01680672268907563,0.0784313725490196,6.591036414565826
905,979,4,0.7705382436260623,0.10764872521246459,0.6345609065155807,4.609065155807365,0.0,0.0,0.0,0.0,0.0,0.0,0.0,0.0,0.0,0.0,0.0028328611898017,0.0,0.0,0.0,0.0,13.886685552407933,0.0,2.320113314447592,0.0,12.226628895184136,3.271954674220963,0.20679886685552407,5.0821529745042495,0.0,0.0,0.35694050991501414,0.0,0.0,0.0,15.713881019830028,2.7592067988668556,0.0,0.31728045325779036,0.1643059490084986,0.0,0.7337110481586402,0.6062322946175638,0.0,0.0339943342776204,0.0
898,1086,5,0.5537359263050153,0.0992835209825998,0.8996929375639714,4.235414534288639,0.0,0.0,0.0,0.06345957011258956,0.0,0.0,0.0,0.0,0.0,0.14943705220061412,0.03991811668372569,0.0,0.0,0.006141248720573183,0.0,12.36028659160696,0.0,2.886386898669396,0.0,9.269191402251792,2.6131013306038895,0.05015353121801433,2.8761514841351077,0.0,0.0,0.21187308085977483,0.052200614124872056,0.0,0.0,15.842374616171956,2.661207778915046,0.0,0.4923234390992835,0.015353121801432957,0.0,0.6305015353121801,0.5875127942681678,0.0,0.07062436028659161,0.3111566018423746
903,182,12,0.8425076452599388,0.11314984709480122,0.9128440366972477,4.706422018348624,0.0,0.0,0.0,0.0061162079510703364,0.0,0.0,0.3119266055045872,0.0581039755351682,0.20030581039755352,1.0565749235474007,0.5596330275229358,0.0,0.0,0.00764525993883792,0.10091743119266056,17.06269113149847,0.0,3.0596330275229358,0.14220183486238533,7.68960244648318,5.68960244648318,0.0764525993883792,4.018348623853211,0.0,0.0,0.20336391437308868,0.0,0.0,0.0,17.25993883792049,2.4220183486238533,0.0,0.38073394495412843,0.0963302752293578,0.0,0.4541284403669725,0.6024464831804281,1.2874617737003058,0.16666666666666666,5.669724770642202
900,573,4,0.5430579964850615,0.08787346221441125,0.14762741652021089,4.339191564147628,0.06502636203866433,0.14938488576449913,0.0,1.6959578207381372,0.0,0.0,0.022847100175746926,0.0,0.005272407732864675,2.0298769771528997,0.6572934973637962,0.0,0.0,0.14411247803163443,0.11072056239015818,11.85237258347979,0.0,3.1669595782073814,0.0,7.182776801405975,4.140597539543058,0.4077328646748682,4.428822495606327,0.0,0.0,0.0,0.0,0.0,0.5676625659050967,16.694200351493848,2.6274165202108963,0.0,0.0773286467486819,0.02460456942003515,0.0,0.5553602811950791,0.45342706502636204,0.0,0.05799648506151142,2.3181019332161688
899,1046,4,0.8336252189141856,0.03502626970227671,2.0490367775831873,2.2784588441331,0.0,0.0,0.0,0.15411558669001751,0.0,0.0,0.0,0.0,0.0,0.043782837127845885,0.017513134851138354,0.0,0.0,0.012259194395796848,0.01576182136602452,2.6654991243432575,0.03327495621716287,2.309982486865149,0.0,2.497373029772329,0.9509632224168126,0.06654991243432574,3.733800350262697,0.0,0.0,0.0893169877408056,0.0,0.0,0.0,11.718038528896672,1.5043782837127846,0.0,0.6444833625218914,0.44308231173380036,0.0,0.05604203152364273,0.5306479859894921,0.0,0.03677758318739054,0.0893169877408056
893,1802,4,0.5963777490297542,0.10608020698576973,0.8745148771021992,4.201811125485123,0.00129366106080207,0.0,0.0,0.06338939197930142,0.0,0.0,0.02199223803363519,0.09184993531694696,0.0,0.13065976714100905,0.11642949547218628,0.0,0.0,0.0,0.0,12.736093143596378,0.019404915912031046,1.84993531694696,0.0,8.666235446313067,4.291073738680466,0.1759379042690815,5.200517464424321,0.0,0.0,0.02328589909443726,0.04139715394566624,0.0,0.0,15.695989650711514,2.3596377749029753,0.0,0.19534282018111254,0.07503234152652005,0.0,0.6597671410090556,0.535575679172057,2.033635187580854,0.0944372574385511,22.902975420439844
908,663,4,0.582010582010582,0.10846560846560846,0.746031746031746,4.177248677248677,0.0,0.0,0.0,0.013227513227513227,0.0,0.0,0.007936507936507936,0.0,0.0,0.12698412698412698,0.03968253968253968,0.0,0.0,0.0,0.0291005291005291,13.23015873015873,0.05026455026455026,3.6375661375661377,0.0,11.664021164021165,3.619047619047619,0.8994708994708994,5.190476190476191,0.0,0.0,0.2751322751322751,0.15079365079365079,0.0,0.0,20.46031746031746,2.335978835978836,0.0,0.3306878306878307,0.018518518518518517,0.0,0.7857142857142857,0.656084656084656,0.0,0.03439153439153439,0.0
903,677,4,0.6294117647058823,0.10294117647058823,0.7102941176470589,3.4705882352941178,0.0,0.0,0.0,0.17794117647058824,0.0,0.0,0.0,0.0,0.03235294117647059,0.31470588235294117,0.08088235294117647,0.0,0.0,0.03823529411764706,0.0,12.913235294117648,0.0,2.9558823529411766,0.0,6.355882352941176,1.4691176470588236,0.16029411764705884,3.985294117647059,0.0,0.0,0.041176470588235294,0.13823529411764707,0.0,0.0,12.930882352941177,1.9264705882352942,0.0,0.1,0.01911764705882353,0.0,0.6323529411764706,0.5632352941176471,0.0,0.039705882352941174,0.1676470588235294
904,878,4,0.7516778523489933,0.087248322147651,0.4463087248322148,4.385906040268456,0.0,0.0,0.0,0.0,0.0,0.0,0.0,0.0,0.0,0.0,0.0,0.0,0.0,0.0,0.0,13.835570469798657,0.0,2.359060402684564,0.0,10.624161073825503,2.704697986577181,0.030201342281879196,2.0,0.0,0.0,0.1476510067114094,0.2080536912751678,0.0,0.0,15.993288590604028,2.912751677852349,0.0,0.08389261744966443,0.10067114093959731,0.0,0.8355704697986577,0.5369127516778524,0.0,0.026845637583892617,0.0
905,916,4,0.7081761006289308,0.1018867924528302,0.2842767295597484,4.332075471698113,0.0,0.0,0.0,0.055345911949685536,0.0,0.0,0.0,0.0,0.0,0.17861635220125785,0.04654088050314465,0.0,0.0,0.05911949685534591,0.0,12.342138364779874,0.0,2.7333333333333334,0.0,11.055345911949686,4.081761006289308,0.26540880503144654,2.711949685534591,0.0,0.0,0.21006289308176102,0.0,0.0,0.0,16.41635220125786,2.940880503144654,0.0,0.09811320754716982,0.011320754716981131,0.0,0.7660377358490567,0.5723270440251572,0.0,0.0389937106918239,1.2037735849056603
896,999,4,0.5816733067729084,0.0946215139442231,0.5747011952191236,4.133466135458168,0.0,0.0,0.0,0.09561752988047809,0.0,0.00099601593625498,0.0,0.0,0.0,0.22111553784860558,0.044820717131474105,0.0,0.0647410358565737,0.0647410358565737,0.0,13.870517928286853,0.0,3.008964143426295,0.0,7.684262948207171,2.8655378486055776,0.20418326693227093,3.3655378486055776,0.0,0.0,0.0398406374501992,0.0,0.0,0.0,15.74601593625498,2.5796812749003983,0.0,0.15836653386454183,0.09561752988047809,0.0,0.6264940239043825,0.5737051792828686,0.0,0.036852589641434265,0.5717131474103586
900,158,12,0.5282051282051282,0.05128205128205128,2.1025641025641026,2.923076923076923,0.0,0.0,0.0,0.8153846153846154,0.0,0.0,0.0,0.0,0.015384615384615385,0.5948717948717949,0.18461538461538463,0.0,0.0,0.11794871794871795,0.0,1.758974358974359,0.11794871794871795,3.753846153846154,0.0,2.0358974358974358,1.2769230769230768,0.18461538461538463,5.3538461538461535,0.0,0.0,0.5846153846153846,0.0,0.0,0.0,13.476923076923077,1.4461538461538461,0.0,1.8923076923076922,0.26153846153846155,0.0,0.1794871794871795,0.5897435897435898,0.0,0.010256410256410256,2.8974358974358974
898,1523,11,0.6206185567010309,0.10721649484536082,0.0,3.952577319587629,0.0,0.21030927835051547,0.0,1.4618556701030927,0.0,0.0,0.0,0.0,0.0,1.4350515463917526,0.2824742268041237,0.0,0.0,0.6164948453608248,0.012371134020618556,7.470103092783505,0.0,3.2742268041237113,0.0,3.6927835051546394,3.2061855670103094,0.21030927835051547,3.534020618556701,0.0,0.0,0.0,0.0,0.0,0.9608247422680413,16.14639175257732,2.8288659793814435,0.0,0.006185567010309278,0.1154639175257732,0.0,0.36907216494845363,0.49896907216494846,0.0,0.05360824742268041,8.721649484536082
911,313,12,1.5729166666666667,0.06770833333333333,1.4322916666666667,4.072916666666667,0.2552083333333333,0.359375,0.0,1.6041666666666667,0.0,0.0,0.08333333333333333,0.0,0.0,3.1354166666666665,1.1041666666666667,0.0,0.7916666666666666,0.8020833333333334,0.5520833333333334,10.854166666666666,0.19270833333333334,27.46875,0.0,3.578125,2.0572916666666665,0.4791666666666667,12.359375,0.9375,0.0,0.3541666666666667,0.0,0.0,1.9375,17.416666666666668,1.4322916666666667,0.0,0.15104166666666666,0.390625,0.09895833333333333,1.0104166666666667,0.8697916666666666,0.0,0.24479166666666666,7.520833333333333
903,776,15,0.5837462834489594,0.08919722497522299,0.3994053518334985,3.2517343904856295,0.0,0.10703666997026759,0.0,0.21506442021803765,0.0,0.0,0.0,0.0,0.0,0.5113974231912785,0.15361744301288405,0.0,0.32210109018830524,0.35777998017839446,0.006937561942517344,10.645193260654112,0.0,2.5302279484638257,0.0,7.255698711595639,2.0049554013875124,0.7948463825569871,5.0366699702675914,0.018830525272547076,0.0,0.09613478691774034,0.006937561942517344,0.0,0.0,12.317145688800792,1.77998017839445,0.0,0.13280475718533202,0.057482656095143705,0.0,0.6917740336967294,0.5282457879088206,0.06838453914767097,0.05847373637264618,6.313181367690783
902,956,4,0.7063953488372093,0.09011627906976744,0.9215116279069767,3.690406976744186,0.0,0.0,0.0,0.37790697674418605,0.0,0.0,0.0,0.0,0.03924418604651163,0.3546511627906977,0.14970930232558138,0.0,0.005813953488372093,0.0436046511627907,0.0,12.460755813953488,0.027616279069767442,3.2122093023255816,0.0,7.287790697674419,2.5290697674418605,0.07412790697674419,4.321220930232558,0.0,0.0,0.05232558139534884,0.0,0.0,0.0,14.084302325581396,2.247093023255814,0.0,0.18604651162790697,0.04941860465116279,0.0,0.5145348837209303,0.5537790697674418,0.0,0.0377906976744186,0.024709302325581394
900,1870,4,0.4972677595628415,0.07103825136612021,1.0792349726775956,3.546448087431694,0.0,0.01912568306010929,0.0,0.1284153005464481,0.0,0.02185792349726776,0.0,0.0,0.0,0.2185792349726776,0.02185792349726776,0.0,0.0,0.09562841530054644,0.0,11.663934426229508,0.0,2.8633879781420766,0.0,5.076502732240437,1.7377049180327868,0.3333333333333333,4.136612021857924,0.0,0.0,0.18579234972677597,0.0,0.0,0.0,12.704918032786885,1.6666666666666667,0.0,0.7404371584699454,0.24863387978142076,0.0,0.4016393442622951,0.5273224043715847,0.0,0.02185792349726776,0.5191256830601093
899,1952,4,0.4946236559139785,0.06451612903225806,1.2580645161290323,2.336917562724014,0.0,0.0,0.0,0.0,0.0,0.0,0.0,0.0,0.0,0.0,0.0,0.0,0.0,0.0,0.0,6.082437275985663,0.14336917562724014,3.6666666666666665,0.0,1.8781362007168458,0.4659498207885305,0.9713261648745519,8.25089605734767,0.0,0.0,0.26523297491039427,0.0,0.0,0.0,13.193548387096774,1.0465949820788532,0.0,0.10752688172043011,0.30824372759856633,0.0,0.0,0.5842293906810035,0.0,0.053763440860215055,0.24731182795698925
900,124,7,0.7318007662835249,0.1111111111111111,0.8850574712643678,3.796934865900383,0.0,0.022988505747126436,0.0,0.14559386973180077,0.0,0.0,0.0,0.0,0.0,0.24904214559386972,0.08812260536398467,0.0,0.0,0.0,0.0,10.996168582375478,0.007662835249042145,3.521072796934866,0.0,7.67816091954023,1.9386973180076628,0.6973180076628352,6.7701149425287355,0.0,0.0,0.04980842911877394,0.0038314176245210726,0.0,0.0,18.7816091954023,1.9578544061302683,0.0,0.19923371647509577,0.08045977011494253,0.0,0.5632183908045977,0.6475095785440613,0.0,0.04980842911877394,0.0
905,33,4,0.5105633802816901,0.10211267605633803,0.08098591549295775,2.908450704225352,0.0,0.01056338028169014,0.0,0.23591549295774647,0.0,0.0,0.46830985915492956,0.0,0.0,1.5669014084507042,0.5563380281690141,0.0,0.0,0.0,1.3661971830985915,14.778169014084508,0.0,3.2711267605633805,0.0,8.605633802816902,2.26056338028169,0.5774647887323944,7.21830985915493,0.0,0.0,0.31338028169014087,0.0,0.0,0.0,12.109154929577464,1.5845070422535212,0.0,0.07394366197183098,0.035211267605633804,0.01056338028169014,0.5669014084507042,0.5598591549295775,0.0,0.056338028169014086,7.778169014084507
905,730,4,0.708502024291498,0.10526315789473684,0.13765182186234817,2.882591093117409,0.0,0.0,0.0,0.048582995951417005,0.0,0.0,0.0,0.0,0.0,0.2388663967611336,0.016194331983805668,0.0,0.0,0.0,0.0,10.036437246963562,0.0,2.340080971659919,0.0,5.951417004048583,1.1983805668016194,0.2145748987854251,3.688259109311741,0.0,0.0,0.0,0.0,0.0,0.0,11.323886639676113,1.4493927125506072,0.0,0.1902834008097166,0.004048582995951417,0.0,0.31983805668016196,0.5020242914979757,0.0,0.012145748987854251,0.0
900,1553,7,0.7015503875968992,0.10271317829457365,0.5697674418604651,3.872093023255814,0.0,0.0,0.0,0.15310077519379844,0.0,0.0,0.0,0.0,0.0,0.1937984496124031,0.09689922480620156,0.0,0.0,0.050387596899224806,0.0,12.209302325581396,0.0,3.0697674418604652,0.0,5.934108527131783,2.189922480620155,0.16279069767441862,4.0271317829457365,0.0,0.0,0.0755813953488372,0.2131782945736434,0.0,0.0,14.666666666666666,2.2926356589147288,0.0,0.07364341085271318,0.03294573643410853,0.0,0.4748062015503876,0.6046511627906976,0.0,0.03875968992248062,0.38372093023255816
905,463,4,12.175,0.058333333333333334,1.1041666666666667,4.2875,0.0,0.008333333333333333,0.0,0.2375,0.0,0.0,0.32916666666666666,0.0,0.1375,1.5208333333333333,0.65,0.0,0.175,0.020833333333333332,0.5416666666666666,3.3291666666666666,0.05,7.520833333333333,0.0,6.75,3.3,0.7833333333333333,9.404166666666667,0.0,0.0,0.24583333333333332,0.0,0.04583333333333333,0.1875,20.379166666666666,2.3958333333333335,0.0,0.1375,0.14583333333333334,0.09583333333333334,0.5041666666666667,0.725,0.0,8.854166666666666,0.6708333333333333
904,1498,4,0.5702479338842975,0.06336088154269973,0.721763085399449,3.319559228650138,0.0,0.0,0.0,0.0,0.0,0.0,0.0,0.0,0.0,0.01928374655647383,0.04132231404958678,0.0,0.0,0.0,0.0,9.768595041322314,0.0,1.9366391184573002,0.0,8.545454545454545,1.578512396694215,0.10192837465564739,3.0330578512396693,0.0,0.0,0.011019283746556474,0.005509641873278237,0.0,0.0,13.071625344352617,2.071625344352617,0.0,0.0,0.08264462809917356,0.0,0.5757575757575758,0.5950413223140496,0.0,0.02203856749311295,0.0
902,1581,4,0.9546827794561934,0.04833836858006042,2.897280966767372,2.4290030211480365,0.0,0.0,0.0,0.030211480362537766,0.0,0.0,0.0,0.0,0.0,0.0030211480362537764,0.0,0.0,0.006042296072507553,0.0,0.0,1.891238670694864,0.06042296072507553,3.102719033232628,0.0,2.3474320241691844,0.3323262839879154,0.6163141993957704,9.589123867069487,0.0,0.0,0.10574018126888217,0.0,0.0,0.0,12.782477341389727,1.3746223564954683,0.0,0.3776435045317221,0.030211480362537766,0.0,0.07250755287009064,0.6253776435045317,0.0,0.06646525679758308,0.0
901,1680,7,2.5942307692307693,0.08461538461538462,0.4807692307692308,4.176923076923077,0.0,0.0,0.0,0.04038461538461539,0.0,0.0,0.10576923076923077,0.0,0.11153846153846154,0.47307692307692306,0.3576923076923077,0.0,0.0,0.0,0.0,12.375,0.03076923076923077,6.721153846153846,0.0,22.990384615384617,3.1961538461538463,0.38076923076923075,7.448076923076923,0.0,0.13653846153846153,0.55,0.0,0.0,0.0,19.076923076923077,2.4,0.0,0.676923076923077,0.026923076923076925,0.0,1.4153846153846155,0.8115384615384615,0.0,0.45384615384615384,0.0
917,224,15,0.6982758620689655,0.11637931034482758,0.2801724137931034,6.995689655172414,0.004310344827586207,0.034482758620689655,0.0,0.40948275862068967,0.0,0.0,0.3706896551724138,0.0,0.1939655172413793,1.8448275862068966,0.7758620689655172,0.0,0.0,0.11206896551724138,0.8060344827586207,18.83189655172414,0.008620689655172414,6.142241379310345,0.0,23.448275862068964,8.887931034482758,0.4956896551724138,5.831896551724138,0.04741379310344827,0.0,0.05172413793103448,0.0,0.0,0.2672413793103448,29.70258620689655,4.551724137931035,0.0,0.5,0.0,0.0,1.6336206896551724,0.6077586206896551,0.06896551724137931,0.09051724137931035,2.5948275862068964
910,382,4,0.7731755424063116,0.08777120315581854,0.2692307692307692,2.5660749506903353,0.0,0.007889546351084813,0.0,0.41222879684418146,0.0,0.0,0.008875739644970414,0.0,0.005917159763313609,0.645956607495069,0.21005917159763313,0.0,0.0,0.03057199211045365,0.0,12.113412228796845,0.0,4.516765285996056,0.0,5.489151873767258,1.0078895463510849,0.6104536489151874,5.770216962524655,0.03353057199211045,0.0,0.0,0.0,0.0,0.09270216962524655,10.44378698224852,1.3747534516765285,0.0,0.0650887573964497,0.004930966469428008,0.0,0.5128205128205128,0.5039447731755424,0.0,0.07988165680473373,1.078895463510848
910,516,4,0.6578108395324124,0.0765143464399575,0.5685441020191286,2.928799149840595,0.0,0.01700318809776833,0.0,0.06269925611052073,0.0,0.0,0.0010626992561105207,0.0,0.0,0.05951115834218916,0.0021253985122210413,0.0,0.0,0.04357066950053135,0.0,9.26461211477152,0.0,2.3219978746014878,0.0,7.496280552603613,1.2295430393198725,0.155154091392136,4.048884165781084,0.0,0.0,0.012752391073326248,0.0,0.0,0.0,11.320935175345378,1.791710945802338,0.0,0.01487778958554729,0.015940488841657812,0.0,0.6131774707757705,0.5079702444208289,0.0,0.05844845908607864,0.640807651434644
914,820,4,0.5575757575757576,0.11515151515151516,0.3414141414141414,4.870707070707071,0.0,0.0,0.0,0.0,0.0,0.0,0.0,0.0,0.0,0.0,0.006060606060606061,0.0,0.0,0.0,0.0,18.943434343434344,0.0,1.8868686868686868,0.0,7.038383838383838,2.098989898989899,0.00404040404040404,2.4,0.0,0.0,0.301010101010101,0.22424242424242424,0.0,0.0,16.414141414141415,2.905050505050505,0.00808080808080808,0.09292929292929293,0.09696969696969697,0.0,0.5313131313131313,0.5818181818181818,0.0,0.046464646464646465,0.0
912,1309,15,0.75093399750934,0.12079701120797011,0.7210460772104608,3.523038605230386,0.0,0.0,0.0,0.09838107098381071,0.0,0.0,0.0,0.0,0.0,0.28393524283935245,0.06102117061021171,0.0,0.034869240348692404,0.09838107098381071,0.0,16.08343711083437,0.047322540473225407,2.5940224159402243,0.0,5.288916562889166,1.6787048567870486,0.31880448318804483,4.587795765877957,0.0,0.0,0.1843088418430884,0.0,0.0,0.0,13.019925280199253,1.9066002490660026,0.0,0.10834371108343711,0.33250311332503113,0.0,0.3412204234122042,0.5790784557907845,0.0,0.039850560398505604,0.0
906,1389,4,1.0565770862800565,0.08062234794908062,1.0523338048090523,4.264497878359265,0.0,0.0,0.0,0.4002828854314003,0.0,0.0,0.0,0.0,0.0,0.0876944837340877,0.09759547383309759,0.0,0.0,0.0014144271570014145,0.0,11.118811881188119,0.03818953323903819,3.71004243281471,0.0,6.794908062234795,2.678925035360679,0.0594059405940594,5.173974540311174,0.0,0.13437057991513437,0.1966053748231966,0.12588401697312587,0.0,0.0,17.124469589816126,2.3946251768033946,0.0,0.22206506364922207,0.042432814710042434,0.0,0.5742574257425742,0.6294200848656294,0.0,0.09900990099009901,0.0
908,1461,11,0.5791139240506329,0.09177215189873418,1.4303797468354431,5.405063291139241,0.0,0.0,0.0,0.13924050632911392,0.0,0.0,0.0031645569620253164,0.0,0.012658227848101266,0.11075949367088607,0.05379746835443038,0.0,0.0,0.0,0.0,18.75632911392405,0.04113924050632911,3.9430379746835444,0.0,14.528481012658228,2.1740506329113924,0.7911392405063291,7.370253164556962,0.0,0.0,0.0,0.29430379746835444,0.0,0.0,25.85759493670886,3.3860759493670884,0.0,0.0,0.05063291139240506,0.0,0.9841772151898734,0.5537974683544303,0.0,0.04746835443037975,0.0
912,63,12,0.649171270718232,0.03867403314917127,0.925414364640884,3.273480662983425,0.287292817679558,0.19337016574585636,0.0,0.0,0.0,0.0,0.0,0.0,0.0,2.0801104972375692,0.3011049723756906,0.0,1.3839779005524862,0.8839779005524862,0.0,3.1464088397790055,0.052486187845303865,4.897790055248619,0.0,1.3093922651933703,1.5883977900552486,0.5773480662983426,8.980662983425415,0.0,0.0,0.39502762430939226,0.0,0.0,11.3646408839779,16.85082872928177,2.0718232044198897,0.0,0.03314917127071823,0.06629834254143646,0.0,0.8314917127071824,0.6823204419889503,0.0,0.0856353591160221,3.7375690607734806
908,848,4,0.5706618962432916,0.08228980322003578,0.11985688729874776,3.196779964221825,0.0,0.044722719141323794,0.0,0.5116279069767442,0.0,0.0,0.0017889087656529517,0.0,0.0,0.552772808586762,0.1967799642218247,0.0,0.44543828264758495,1.6762075134168157,0.026833631484794274,9.001788908765652,0.0,2.6618962432915922,0.0,8.245080500894455,2.889087656529517,0.5223613595706619,4.40608228980322,0.0,0.0,0.0,0.0,0.0,0.0,12.121645796064401,1.697674418604651,0.0,0.03935599284436494,0.0,0.0,0.7262969588550984,0.4740608228980322,0.0,0.07155635062611806,1.6225402504472273
906,1286,4,0.7221269296740995,0.10291595197255575,0.5506003430531733,4.248713550600343,0.0,0.0,0.0,0.0,0.0,0.0,0.0,0.0,0.0,0.0,0.0,0.0,0.0,0.0,0.0,13.554030874785592,0.029159519725557463,2.543739279588336,0.0,10.221269296740996,5.078902229845626,0.25728987993138935,2.823327615780446,0.0,0.0,0.09090909090909091,0.008576329331046312,0.0,0.0,16.728987993138936,2.941680960548885,0.0,0.12864493996569468,0.06174957118353345,0.0,0.6792452830188679,0.6346483704974271,0.6157804459691252,0.03430531732418525,1.0240137221269296
903,1698,6,0.7379454926624738,0.10482180293501048,0.6855345911949685,4.2243186582809225,0.0,0.0,0.0,0.0,0.0,0.0,0.0,0.0,0.0,0.0,0.06918238993710692,0.0,0.0,0.0,0.0,10.79664570230608,0.025157232704402517,2.737945492662474,0.0,6.9748427672955975,2.591194968553459,0.018867924528301886,4.415094339622642,0.0,0.18867924528301888,0.14465408805031446,0.09433962264150944,0.0,0.0,17.740041928721173,2.7253668763102725,0.0,0.0649895178197065,0.03773584905660377,0.0,0.4947589098532495,0.5765199161425576,0.0,0.0440251572327044,0.0
907,1975,12,0.7011494252873564,0.13793103448275862,0.7011494252873564,6.890804597701149,0.028735632183908046,0.06896551724137931,0.0,0.1206896551724138,0.0,0.0,0.3505747126436782,0.0,0.4425287356321839,1.4482758620689655,0.7758620689655172,0.0,0.0,0.13793103448275862,0.09770114942528736,24.402298850574713,0.0,5.735632183908046,0.0,25.798850574712645,8.655172413793103,0.8103448275862069,7.827586206896552,0.0,0.0,0.1206896551724138,0.0,0.0,0.0,29.21264367816092,3.9770114942528734,0.0,0.3333333333333333,0.0,0.0,1.7241379310344827,0.6839080459770115,5.160919540229885,0.1724137931034483,5.971264367816092
908,44,4,0.6843100189035917,0.0945179584120983,0.43100189035916825,4.0926275992438566,0.0,0.2438563327032136,0.0,0.5198487712665406,0.0,0.0,0.0,0.0,0.0,0.7523629489603024,0.21172022684310018,0.0,0.0,0.24574669187145556,0.0,9.996219281663516,0.01890359168241966,5.236294896030246,0.0,7.111531190926276,2.77882797731569,1.0170132325141776,5.463137996219282,0.0,0.0,0.20793950850661624,0.0,0.0,0.0,18.398865784499055,2.062381852551985,0.0,0.00945179584120983,0.1890359168241966,0.0,0.8790170132325141,0.5652173913043478,0.0,0.05103969754253308,2.9111531190926274
909,1779,4,0.9279279279279279,0.22072072072072071,0.06756756756756757,5.288288288288288,0.0,0.0,0.0,0.08558558558558559,0.0,0.0,0.0,0.0,0.0,0.45495495495495497,0.04054054054054054,0.0,0.0,0.0,0.02252252252252252,19.12162162162162,0.0,1.981981981981982,0.0,8.022522522522523,1.4504504504504505,0.4144144144144144,4.283783783783784,0.0,0.0,0.0,0.0,0.0,0.0,18.414414414414413,3.6486486486486487,0.0,0.545045045045045,0.0,0.0,0.5630630630630631,0.481981981981982,0.0,0.08558558558558559,0.0
921,482,4,0.4908424908424908,0.054945054945054944,0.6776556776556777,2.553113553113553,0.0,0.0,0.0,0.0,0.0,0.0,0.0,0.0,0.0,0.003663003663003663,0.0,0.0,0.0,0.0,0.0,2.4505494505494507,0.047619047619047616,3.7362637362637363,0.0,2.717948717948718,0.4652014652014652,0.5494505494505495,5.483516483516484,0.0,0.0,0.39194139194139194,0.0,0.0,0.0,16.06959706959707,1.619047619047619,0.0,0.14652014652014653,0.3992673992673993,0.0,0.4835164835164835,0.6117216117216118,0.0,0.03296703296703297,0.0
907,642,12,0.5260196905766527,0.09423347398030943,1.440225035161744,3.1082981715893108,0.0,0.0,0.0,0.0,0.0,0.0,0.0,0.0,0.0,0.0,0.0,0.0,0.0,0.0,0.0,12.652601969057665,0.0014064697609001407,2.161744022503516,0.0,8.405063291139241,1.4219409282700421,0.11392405063291139,3.8621659634317864,0.0,0.0,0.5794655414908579,0.0,0.0,0.0,11.767932489451477,1.7960618846694796,0.0,0.1940928270042194,0.011251758087201125,0.0,0.5935302390998594,0.5077355836849508,0.0,0.03234880450070324,0.0
910,940,12,0.6059113300492611,0.08374384236453201,0.22167487684729065,2.0935960591133007,0.0,0.0,0.0,0.5862068965517241,0.0,0.0,0.0,0.0,0.1724137931034483,0.7783251231527094,0.11330049261083744,0.0,0.33004926108374383,1.729064039408867,0.0,6.12807881773399,0.0,7.911330049261084,0.0,3.58128078817734,0.6896551724137931,2.6748768472906406,4.004926108374384,0.0,0.0,0.14285714285714285,0.0,0.0,0.0,10.389162561576354,0.9458128078817734,0.0,0.009852216748768473,0.07389162561576355,0.0,2.0049261083743843,0.5467980295566502,0.5862068965517241,0.059113300492610835,23.773399014778324
917,1722,4,0.5603448275862069,0.0603448275862069,0.7974137931034483,2.9267241379310347,0.0,0.15948275862068967,0.0,1.6853448275862069,0.0,0.23706896551724138,0.0,0.0,0.0,1.2198275862068966,0.41810344827586204,0.0,0.4956896551724138,0.7844827586206896,0.0,2.4870689655172415,0.0,10.586206896551724,0.0,2.168103448275862,1.5474137931034482,0.6939655172413793,4.857758620689655,0.0,0.0,0.017241379310344827,0.0,0.0,0.0,13.599137931034482,1.9353448275862069,0.0,0.34913793103448276,0.05603448275862069,0.0,1.1896551724137931,0.5646551724137931,0.0,0.07327586206896551,4.344827586206897
913,1797,7,0.6514382402707276,0.10998307952622674,0.5126903553299492,4.504230118443316,0.0,0.0,0.0,0.023688663282571912,0.0,0.0,0.06598984771573604,0.1895093062605753,0.00338409475465313,0.14720812182741116,0.15397631133671744,0.0,0.0,0.04568527918781726,0.021996615905245348,10.538071065989847,0.0,4.00507614213198,0.0,10.032148900169204,4.05922165820643,0.09983079526226735,6.307952622673435,0.0,0.0,0.077834179357022,0.0,0.0,0.0,21.727580372250422,2.5922165820642977,0.14213197969543148,0.050761421319796954,0.0,0.0,0.934010152284264,0.6480541455160744,2.0676818950930627,0.05245346869712352,12.101522842639595
910,1533,7,0.5295508274231678,0.1111111111111111,0.7966903073286052,5.347517730496454,0.0,0.0,0.0,0.0,0.0,0.0,0.17966903073286053,0.0,0.0,0.9148936170212766,0.41134751773049644,0.0,0.0,0.0,0.6359338061465721,17.070921985815602,0.14420803782505912,3.4326241134751774,0.0,11.891252955082741,4.09692671394799,1.6099290780141844,6.390070921985815,0.0,0.0,0.9290780141843972,0.009456264775413711,0.0,0.0,23.520094562647753,3.189125295508274,0.0,0.46099290780141844,0.23877068557919623,0.0,0.8014184397163121,0.5886524822695035,0.0,0.07092198581560284,0.0
913,1858,4,8.364372469635628,0.07692307692307693,0.3805668016194332,4.6923076923076925,0.03643724696356275,0.06072874493927125,0.0,0.23481781376518218,0.0,0.0,0.47368421052631576,0.0,0.0,1.94331983805668,1.0,0.0,0.0,0.012145748987854251,1.291497975708502,13.445344129554655,0.03643724696356275,6.947368421052632,0.0,11.761133603238866,4.906882591093117,0.46558704453441296,7.48582995951417,0.05668016194331984,0.0,0.11336032388663968,0.008097165991902834,0.17408906882591094,0.06882591093117409,20.639676113360323,2.8987854251012144,0.0,0.757085020242915,0.044534412955465584,0.1902834008097166,0.7611336032388664,0.5708502024291497,0.0,4.935222672064778,1.0890688259109311
914,697,4,0.5609756097560976,0.08048780487804878,0.775609756097561,4.368292682926829,0.0,0.0,0.0,0.0,0.0,0.0,0.08292682926829269,0.0,0.0,0.17317073170731706,0.13414634146341464,0.0,0.0,0.0,0.15853658536585366,16.146341463414632,0.08780487804878048,3.5878048780487806,0.0,17.109756097560975,3.7609756097560973,0.35609756097560974,4.990243902439024,0.0,0.2731707317073171,0.6,0.0,0.0,0.0,20.8,2.7121951219512197,0.0,0.43658536585365854,0.18292682926829268,0.0,1.102439024390244,0.7024390243902439,0.0,0.036585365853658534,0.0
914,1255,4,0.6575052854122622,0.10782241014799154,0.86892177589852,3.887949260042283,0.0,0.0,0.0,0.0,0.0,0.0,0.0,0.0,0.0,0.0,0.0,0.0,0.0,0.0,0.0,14.957716701902749,0.0,1.9725158562367864,0.0,9.93446088794926,2.2473572938689217,0.09936575052854123,3.556025369978858,0.0,0.02748414376321353,0.16701902748414377,0.13107822410147993,0.0,0.0,15.143763213530656,2.613107822410148,0.0,0.3298097251585624,0.012684989429175475,0.0,0.6257928118393234,0.5433403805496829,0.0,0.035940803382663845,0.0
914,1816,4,0.708904109589041,0.0839041095890411,1.648972602739726,3.835616438356164,0.0,0.0,0.0,0.0,0.0,0.0,0.0,0.0,0.0,0.04794520547945205,0.0,0.0,0.0,0.0,0.0,11.797945205479452,0.07876712328767123,2.9794520547945207,0.0,8.587328767123287,2.7054794520547945,0.0958904109589041,6.368150684931507,0.0,0.0,0.07705479452054795,0.07876712328767123,0.0,0.0,15.594178082191782,2.1095890410958904,0.0,0.3476027397260274,0.0976027397260274,0.0,0.6523972602739726,0.6352739726027398,0.0,0.05650684931506849,0.0
915,1839,4,0.6039325842696629,0.10393258426966293,0.5674157303370787,4.446629213483146,0.0,0.0,0.0,0.0,0.0,0.0,0.0056179775280898875,0.0,0.0,0.028089887640449437,0.03089887640449438,0.0,0.0,0.0,0.016853932584269662,13.064606741573034,0.014044943820224719,2.932584269662921,0.0,12.384831460674157,3.207865168539326,1.0337078651685394,4.910112359550562,0.0,0.011235955056179775,0.31179775280898875,0.31179775280898875,0.0,0.0,20.8876404494382,2.7668539325842696,0.0,0.25280898876404495,0.08146067415730338,0.0,0.8117977528089888,0.6404494382022472,0.0,0.042134831460674156,0.0
917,442,4,0.55470737913486,0.12213740458015267,0.020356234096692113,4.745547073791348,0.0,0.0,0.0,0.0,0.0,0.0,0.005089058524173028,0.0,0.0,0.01272264631043257,0.01272264631043257,0.0,0.0,0.0,0.007633587786259542,13.651399491094148,0.0,2.7557251908396947,0.0,16.229007633587788,3.931297709923664,0.027989821882951654,2.8600508905852418,0.0,0.061068702290076333,0.2544529262086514,0.0,0.0,0.0,21.50381679389313,2.8346055979643765,0.0,0.2035623409669211,0.08142493638676845,0.0,1.0559796437659033,0.6972010178117048,0.0,0.03307888040712468,0.0
918,630,4,0.5655296229802513,0.07899461400359066,0.518850987432675,4.127468581687612,0.0,0.0,0.0,0.0,0.0,0.0,0.010771992818671455,0.0,0.05026929982046679,0.4398563734290844,0.13644524236983843,0.0,0.0,0.0,0.0,13.788150807899461,0.0,1.81508078994614,0.0,7.430879712746858,2.025134649910233,0.4793536804308797,3.96229802513465,0.0,0.0,0.4524236983842011,0.33213644524236985,0.0,0.0,14.816876122082585,2.4937163375224416,0.0,0.0,0.0017953321364452424,0.0,0.6337522441651705,0.5098743267504489,0.0,0.04129263913824058,2.0035906642728905
913,1405,4,0.6106382978723405,0.0574468085106383,1.4382978723404256,2.942553191489362,0.0,0.0,0.0,0.35106382978723405,0.0,0.0,0.0,0.0,0.04468085106382979,0.31063829787234043,0.06170212765957447,0.0,0.0,0.23191489361702128,0.0,3.772340425531915,0.0,2.978723404255319,0.0,3.025531914893617,1.0851063829787233,0.3382978723404255,5.904255319148936,0.0,0.0,0.30851063829787234,0.0,0.0,0.0,12.14468085106383,1.7659574468085106,0.0,0.6,0.22340425531914893,0.0,0.3425531914893617,0.5382978723404256,0.0,0.0425531914893617,1.7659574468085106
919,97,12,0.6407407407407407,0.14074074074074075,1.711111111111111,5.981481481481482,0.0,0.0,0.0,0.007407407407407408,0.0,0.0,0.0,0.0,0.0,0.0,0.02962962962962963,0.0,0.1962962962962963,0.0,0.0,24.674074074074074,0.09259259259259259,2.948148148148148,0.0,17.874074074074073,2.448148148148148,0.8407407407407408,7.7592592592592595,0.0,0.0,0.003703703703703704,0.2777777777777778,0.0,0.0,25.511111111111113,3.537037037037037,0.0,0.05185185185185185,0.0,0.0,1.3,0.6148148148148148,0.0,0.04814814814814815,0.0
916,139,15,0.5251509054325956,0.0744466800804829,0.09456740442655935,3.2917505030181085,0.0,0.09054325955734406,0.0,0.1790744466800805,0.0,0.0,0.0,0.0,0.0,0.30784708249496984,0.11871227364185111,0.0,0.056338028169014086,0.1790744466800805,0.07645875251509054,11.484909456740443,0.0,1.8993963782696177,0.0,5.851106639839034,0.9295774647887324,0.38028169014084506,4.826961770623742,0.0,0.0,0.0,0.0,0.0,0.0,12.591549295774648,1.784708249496982,0.0,0.03621730382293763,0.0,0.0,0.3199195171026157,0.48893360160965793,0.0,0.03621730382293763,0.14688128772635814
922,1121,4,0.5841836734693877,0.0663265306122449,0.19387755102040816,3.229591836734694,0.0,0.12755102040816327,0.0,0.6071428571428571,0.0,0.0,0.05102040816326531,0.0,0.0,0.9872448979591837,0.29336734693877553,0.0,0.0,0.04591836734693878,0.37244897959183676,11.357142857142858,0.0,5.196428571428571,0.0,6.658163265306122,1.1862244897959184,0.7678571428571429,6.405612244897959,0.0,0.0,0.0,0.12755102040816327,0.0,0.32142857142857145,12.795918367346939,1.6122448979591837,0.0,0.30357142857142855,0.09948979591836735,0.0,0.42346938775510207,0.5178571428571429,0.0,0.05357142857142857,0.030612244897959183
918,1376,4,3.4371772805507743,0.08605851979345955,0.4974182444061962,3.7882960413080893,0.0,0.0,0.0,0.0,0.0,0.0,0.0,0.13253012048192772,0.0,0.008605851979345954,0.0,0.0,0.0,0.0,0.0,15.819277108433734,0.0,2.5542168674698793,0.0,5.444061962134251,1.972461273666093,0.0,2.8691910499139417,0.0,0.0,0.07056798623063683,0.0,0.0,0.0,16.938037865748708,1.7796901893287436,0.0,0.0,0.0,0.0,0.270223752151463,0.8141135972461274,3.0567986230636834,0.5576592082616179,12.772805507745266
924,1592,4,0.6808080808080809,0.12525252525252525,1.1939393939393939,6.9676767676767675,0.0,0.0,0.0,0.030303030303030304,0.0,0.0,0.0,0.0,0.0,0.04040404040404041,0.03232323232323232,0.0,0.0,0.0,0.0,20.62020202020202,0.0,2.9454545454545453,0.0,18.143434343434343,3.0646464646464646,0.6707070707070707,5.141414141414141,0.0,0.0,0.014141414141414142,0.5616161616161616,0.0,0.0,31.945454545454545,4.404040404040404,0.0,0.006060606060606061,0.04242424242424243,0.0,1.1696969696969697,0.6141414141414141,0.0,0.03636363636363636,0.0
920,1010,12,1.4425531914893617,0.0797872340425532,0.4276595744680851,4.261702127659574,0.0,0.019148936170212766,0.0,0.08297872340425531,0.0,0.0,0.07021276595744681,0.0,0.019148936170212766,0.4734042553191489,0.2297872340425532,0.0,0.0,0.0,0.05851063829787234,13.363829787234042,0.026595744680851064,5.609574468085106,0.0,20.958510638297874,2.99468085106383,0.30425531914893617,7.061702127659575,0.0,0.12659574468085105,0.44893617021276594,0.0,0.0,0.0,18.529787234042555,2.3127659574468087,0.0,0.5446808510638298,0.031914893617021274,0.0,1.3904255319148937,0.6510638297872341,0.0,0.2712765957446808,0.031914893617021274
925,281,4,1.901639344262295,0.08196721311475409,1.0655737704918034,3.9225037257824145,0.01788375558867362,0.0,0.0,0.46795827123695977,0.0,0.0,0.007451564828614009,0.0,0.020864381520119227,0.6929955290611028,0.2608047690014903,0.0,0.0,0.11475409836065574,0.029806259314456036,14.564828614008942,0.13412816691505217,4.076005961251863,0.0,8.22354694485842,2.165424739195231,0.45603576751117736,6.603576751117735,0.0,0.0,0.5007451564828614,0.0,0.0,0.0,14.2876304023845,1.9597615499254843,0.0,0.368107302533532,0.2444113263785395,0.0,0.6065573770491803,0.6035767511177347,0.0,0.8524590163934426,3.5618479880774965
917,755,4,0.852808988764045,0.10112359550561797,0.9415730337078652,3.708988764044944,0.0,0.0,0.0,0.0853932584269663,0.0,0.0,0.09438202247191012,0.0,0.0,0.8820224719101124,0.12134831460674157,0.0,0.0033707865168539327,0.012359550561797753,0.011235955056179775,12.46629213483146,0.0,1.892134831460674,0.0,6.737078651685393,3.7707865168539327,0.30674157303370786,6.108988764044944,0.010112359550561797,0.0,0.1348314606741573,0.2853932584269663,0.0,0.0,13.835955056179776,2.1853932584269664,0.0,0.19775280898876405,0.02696629213483146,0.0,0.5370786516853933,0.5134831460674157,0.0,0.14157303370786517,3.4
923,1072,4,0.7182448036951501,0.12702078521939955,0.3787528868360277,4.150115473441109,0.0,0.0,0.0,0.023094688221709007,0.0,0.0,0.0,0.0,0.0,0.11778290993071594,0.018475750577367205,0.0,0.0,0.013856812933025405,0.0,14.078521939953811,0.011547344110854504,3.096997690531178,0.0,13.711316397228638,3.8983833718244805,0.06466512702078522,3.147806004618938,0.0,0.0,0.23094688221709006,0.0,0.0,0.0,16.30715935334873,2.9168591224018474,0.0,0.3302540415704388,0.12933025404157045,0.0,0.9838337182448037,0.6143187066974596,0.0,0.046189376443418015,0.03002309468822171
924,1227,4,0.7177650429799427,0.044412607449856735,0.839541547277937,3.5401146131805157,0.0,0.0,0.0,0.004297994269340974,0.0,0.0,0.0,0.0,0.0,0.09025787965616046,0.011461318051575931,0.0,0.0,0.0,0.022922636103151862,9.124641833810887,0.0,2.432664756446991,0.0,6.063037249283668,1.5401146131805157,0.0014326647564469914,3.833810888252149,0.0,0.0,0.12607449856733524,0.0,0.0,0.0,14.246418338108883,2.1232091690544412,0.0,0.1346704871060172,0.07449856733524356,0.0,0.4340974212034384,0.5931232091690545,0.0,0.06160458452722063,0.0
918,1545,7,0.6486254295532646,0.09536082474226804,0.7551546391752577,4.88659793814433,0.0,0.0,0.0,0.011168384879725086,0.0,0.0,0.0,0.0,0.0,0.06099656357388316,0.0,0.0,0.0,0.0,0.0,15.516323024054984,0.036941580756013746,3.7336769759450172,0.0,7.688144329896907,3.338487972508591,0.00429553264604811,3.643470790378007,0.0,0.06786941580756013,0.02491408934707904,0.25859106529209624,0.0,0.0,18.849656357388316,3.0764604810996565,0.0,0.003436426116838488,0.09879725085910653,0.0,0.7465635738831615,0.6151202749140894,0.0,0.036941580756013746,0.0
913,1677,11,9.076023391812866,0.16374269005847952,0.6608187134502924,6.333333333333333,0.0,0.0,0.0,0.0,0.0,0.0,0.8450292397660819,0.0,0.14327485380116958,2.3567251461988303,1.3742690058479532,0.0,0.0,0.0,1.5204678362573099,20.60233918128655,0.0,7.064327485380117,0.0,16.385964912280702,6.201754385964913,0.695906432748538,8.602339181286549,0.0,0.0,0.21637426900584794,0.1286549707602339,0.4649122807017544,0.0,26.076023391812864,3.3391812865497075,0.0,0.3684210526315789,0.25146198830409355,0.347953216374269,0.9970760233918129,0.7982456140350878,0.0,4.035087719298246,3.6169590643274856
919,1954,4,0.589622641509434,0.14622641509433962,0.5141509433962265,5.6745283018867925,0.018867924528301886,0.05660377358490566,0.0,0.8113207547169812,0.0,0.0,0.0,0.0,0.0,1.4622641509433962,0.589622641509434,0.0,0.20754716981132076,0.7452830188679245,0.0,14.400943396226415,0.11320754716981132,4.429245283018868,0.0,7.19811320754717,5.768867924528302,0.8867924528301887,5.226415094339623,0.13679245283018868,0.0,0.09433962264150944,0.0,0.0,1.2924528301886793,24.202830188679247,3.3207547169811322,0.0,0.18396226415094338,0.014150943396226415,0.0,0.6792452830188679,0.6037735849056604,0.0,0.05188679245283019,4.235849056603773
925,412,5,0.676829268292683,0.09349593495934959,0.5609756097560976,3.782520325203252,0.0,0.036585365853658534,0.0,0.11788617886178862,0.0,0.0,0.022357723577235773,0.0,0.0,0.241869918699187,0.07317073170731707,0.0,0.0,0.0,0.0,13.554878048780488,0.0,4.754065040650406,0.0,8.33739837398374,1.9573170731707317,0.4654471544715447,6.644308943089431,0.0,0.0,0.09349593495934959,0.0,0.0,0.0,19.04471544715447,2.1504065040650406,0.0,0.0,0.1951219512195122,0.0,0.5711382113821138,0.6565040650406504,0.0,0.0508130081300813,0.012195121951219513
923,1700,11,0.6421800947867299,0.11492890995260663,0.5556872037914692,4.733412322274882,0.0,0.0,0.0,0.0,0.0,0.0,0.2381516587677725,0.0,0.15995260663507108,0.7618483412322274,0.3175355450236967,0.0,0.0,0.0,0.3281990521327014,16.770142180094787,0.013033175355450236,1.70260663507109,0.36255924170616116,11.024881516587678,4.595971563981043,0.5687203791469194,6.072274881516588,0.0,0.0,0.07345971563981042,0.23696682464454977,0.0,0.0,16.479857819905213,2.8578199052132702,0.0,0.0,0.04028436018957346,0.06042654028436019,0.8234597156398105,0.5485781990521327,0.0,0.0971563981042654,2.414691943127962
923,119,16,0.5803108808290155,0.09671848013816926,0.35751295336787564,4.181347150259067,0.09671848013816926,0.21243523316062177,0.0,1.4835924006908463,0.0,0.0,0.0,0.017271157167530225,0.024179620034542316,1.9395509499136443,0.6787564766839378,0.0,0.538860103626943,1.3488773747841105,0.0,15.404145077720207,0.0,5.20552677029361,0.0,4.6597582037996546,3.3696027633851466,0.06563039723661486,4.189982728842833,0.14507772020725387,0.0,0.15025906735751296,0.0,0.0,1.7547495682210708,18.792746113989637,1.8860103626943006,0.0,0.0,0.09153713298791019,0.0,1.0103626943005182,0.5993091537132987,2.5250431778929188,0.10362694300518134,9.773747841105354
917,157,12,0.5620915032679739,0.11546840958605664,0.0196078431372549,3.4335511982570806,0.0,0.0,0.0,0.06100217864923747,0.0,0.0,0.02832244008714597,0.0,0.0,0.420479302832244,0.11546840958605664,0.0,0.0,0.0,0.12854030501089325,12.965141612200435,0.0,2.017429193899782,0.0,7.067538126361656,1.187363834422658,0.3137254901960784,4.076252723311547,0.0,0.0,0.013071895424836602,0.030501089324618737,0.0,0.0,13.137254901960784,1.9825708061002179,0.0,0.06971677559912855,0.0,0.0,0.46405228758169936,0.4466230936819172,0.0,0.032679738562091505,0.0718954248366013
922,174,15,0.6614173228346457,0.08661417322834646,0.0,4.094488188976378,0.0,0.3937007874015748,0.0,1.6220472440944882,0.0,0.0,0.0,0.0,0.0,2.1338582677165356,0.5275590551181102,0.0,0.0,0.5354330708661418,0.11023622047244094,19.330708661417322,0.0,5.456692913385827,0.0,15.976377952755906,3.677165354330709,0.44881889763779526,4.3858267716535435,0.0,0.0,0.0,0.0,0.0,0.4094488188976378,15.976377952755906,2.6377952755905514,0.0,0.047244094488188976,0.14960629921259844,0.0,1.1023622047244095,0.5039370078740157,0.0,0.09448818897637795,2.6535433070866143
920,1566,6,0.831858407079646,0.12979351032448377,0.05014749262536873,4.991150442477876,0.0,0.032448377581120944,0.0,0.14749262536873156,0.0,0.0,0.0,0.0,0.0,0.7404129793510325,0.1887905604719764,0.0,0.0,0.02654867256637168,0.0,23.43952802359882,0.0,3.849557522123894,0.0,32.4306784660767,5.315634218289086,0.35693215339233036,4.106194690265487,0.0,0.0,0.0,0.0,0.0,0.2743362831858407,18.041297935103245,3.4572271386430677,0.0,0.41297935103244837,0.0,0.0,2.079646017699115,0.5634218289085545,0.0,0.058997050147492625,0.5162241887905604
927,1937,4,5.23121387283237,0.03468208092485549,0.8901734104046243,3.433526011560694,0.0,0.0,0.0,0.2832369942196532,0.0,0.0,0.14450867052023122,0.0,0.2023121387283237,1.1502890173410405,0.6473988439306358,0.0,0.0,0.0,0.0,2.393063583815029,0.03468208092485549,8.38150289017341,0.0,3.947976878612717,2.913294797687861,0.6358381502890174,9.283236994219653,0.0,0.0,0.19653179190751446,0.13872832369942195,0.0,0.0,17.30057803468208,1.930635838150289,0.0,0.057803468208092484,0.005780346820809248,0.0,0.3179190751445087,0.6184971098265896,0.0,2.4971098265895955,0.0
931,1282,4,0.6819277108433734,0.10843373493975904,0.672289156626506,4.240963855421687,0.0,0.12530120481927712,0.012048192771084338,0.1108433734939759,0.0,0.0,0.13975903614457832,0.40963855421686746,0.0,0.44819277108433736,0.2216867469879518,0.004819277108433735,0.0,0.00963855421686747,0.0,8.95421686746988,0.0,3.5903614457831323,0.0,10.679518072289156,3.4,0.22409638554216868,7.828915662650602,0.0,0.0,0.04819277108433735,0.0,0.0,0.0,20.756626506024098,2.127710843373494,0.0,0.0,0.13493975903614458,0.0,0.8361445783132531,0.5759036144578313,0.0819277108433735,0.08674698795180723,9.373493975903614
929,199,6,0.6985376827896513,0.10686164229471316,0.7446569178852643,5.470191226096738,0.0,0.0,0.0,0.0,0.0,0.0,0.0,0.0,0.0,0.007874015748031496,0.047244094488188976,0.0,0.0,0.0,0.0,16.188976377952756,0.03937007874015748,2.920134983127109,0.0,8.128233970753655,3.8931383577052867,0.1124859392575928,4.400449943757031,0.0,0.0,0.05736782902137233,0.2452193475815523,0.0,0.0,21.343082114735658,3.619797525309336,0.0,0.12710911136107986,0.030371203599550055,0.0,1.1304836895388077,0.6951631046119235,0.0,0.0562429696287964,0.0
931,559,5,1.0378071833648392,0.1323251417769376,0.21739130434782608,3.8638941398865785,0.00945179584120983,0.04725897920604915,0.01890359168241966,0.3667296786389414,0.0,0.0,0.20226843100189035,0.0,0.17958412098298676,1.2022684310018903,0.504725897920605,0.0,0.0,0.011342155009451797,0.01890359168241966,14.113421550094518,0.0,4.775047258979206,0.0,14.372400756143668,4.264650283553875,0.6332703213610587,5.793950850661625,0.045368620037807186,0.0,0.0,0.0,0.0,0.0,15.088846880907372,2.495274102079395,0.0,0.0,0.08506616257088846,0.0,0.8865784499054821,0.504725897920605,0.0,0.18525519848771266,3.854442344045369
932,616,4,0.6283367556468172,0.09958932238193019,0.6036960985626283,3.7638603696098563,0.0,0.013347022587268994,0.0,0.4004106776180698,0.0,0.0,0.2402464065708419,0.0,0.10369609856262833,1.068788501026694,0.47433264887063653,0.0,0.02053388090349076,0.433264887063655,0.10677618069815195,13.049281314168377,0.0,4.0657084188911705,0.33880903490759756,10.513347022587268,5.2587268993839835,0.27618069815195073,4.637577002053388,0.0,0.0,0.08726899383983573,0.0,0.0,0.0,14.027720739219713,2.1642710472279263,0.0,0.25564681724845995,0.09958932238193019,0.0,0.9014373716632443,0.5338809034907598,0.0,0.0728952772073922,3.5451745379876796
932,960,4,0.6062176165803109,0.10362694300518134,0.5112262521588946,4.547495682210708,0.0,0.0,0.0,0.0,0.0,0.0,0.0,0.0,0.0,0.0,0.0,0.0,0.0,0.0,0.0,17.6286701208981,0.0,2.3350604490500864,0.0,7.2642487046632125,3.5319516407599307,0.0017271157167530224,3.3488773747841107,0.0,0.0,0.1226252158894646,0.1001727115716753,0.0,0.0,16.295336787564768,2.9810017271157165,0.0,0.17616580310880828,0.16580310880829016,0.0,0.43350604490500866,0.5975820379965457,0.0,0.022452504317789293,0.0
933,1143,4,0.6577896138482024,0.06790945406125166,1.1757656458055925,4.210386151797604,0.0,0.0,0.0,0.1677762982689747,0.0,0.0,0.0,0.0,0.0,0.02929427430093209,0.0,0.0,0.0,0.0,0.0,9.605858854860186,0.03994673768308921,2.9760319573901466,0.0,9.07190412782956,3.1171770972037285,0.06391478029294274,2.552596537949401,0.0,0.09720372836218376,0.21171770972037285,0.0,0.0,0.0,15.587217043941411,2.615179760319574,0.0,0.7163781624500666,0.08655126498002663,0.0,0.6844207723035952,0.6271637816245007,0.0,0.05326231691078562,0.0
929,1751,6,2.9815618221258133,0.12472885032537961,0.6550976138828634,4.24295010845987,0.0,0.0,0.07917570498915401,0.0,0.0,0.0,0.0,0.19414316702819956,0.0,0.04880694143167028,0.1301518438177874,0.0,0.0,0.0,0.0,16.612798264642084,0.0,2.502169197396963,0.0,7.070498915401301,3.1399132321041217,0.0,3.441431670281996,0.0,0.08351409978308026,0.015184381778741865,0.0,0.0,0.021691973969631236,17.563991323210413,2.4859002169197395,0.0,0.0,0.0,0.0,0.5770065075921909,0.6323210412147505,1.700650759219089,0.8947939262472885,17.010845986984815
929,1902,8,0.5754884547069272,0.14031971580817051,0.8880994671403197,6.143872113676732,0.0,0.0,0.0,0.0053285968028419185,0.0,0.0,0.33570159857904086,0.0,0.30728241563055064,1.1349911190053286,0.5239786856127886,0.0,0.0,0.0,0.1989342806394316,18.714031971580816,0.07460035523978685,4.921847246891652,0.0,10.626998223801065,5.47246891651865,0.9644760213143873,6.975133214920071,0.0,0.0,0.23090586145648312,0.0,0.0,0.0,27.72646536412078,3.980461811722913,0.0,0.6731793960923623,0.008880994671403197,0.0,0.6518650088809946,0.7246891651865008,0.0,0.06039076376554174,7.5630550621669625
923,892,12,0.7220843672456576,0.10669975186104218,0.34987593052109184,5.316377171215881,0.0,0.031017369727047148,0.0,0.1501240694789082,0.0,0.0,0.3535980148883375,0.00620347394540943,0.08188585607940446,1.1811414392059554,0.4851116625310174,0.0,0.0,0.007444168734491315,0.004962779156327543,12.38213399503722,0.062034739454094295,5.446650124069479,0.0,15.511166253101736,4.503722084367245,0.39826302729528534,4.241935483870968,0.0,0.0,0.033498759305210915,0.06823821339950373,0.08188585607940446,0.0,24.975186104218363,3.271712158808933,0.0,0.14392059553349876,0.13027295285359802,0.27791563275434245,1.1029776674937966,0.5992555831265509,0.0,0.05707196029776675,1.8300248138957815
935,1985,4,0.592391304347826,0.07065217391304347,0.8206521739130435,3.625,0.0,0.0,0.0,0.75,0.0,0.0,0.0,0.0,0.0,0.8804347826086957,0.3532608695652174,0.0,0.0,0.44565217391304346,0.0,7.766304347826087,0.0,4.75,0.0,6.25,2.5706521739130435,0.5652173913043478,4.179347826086956,0.0,0.0,0.010869565217391304,0.0,0.0,0.0,14.53804347826087,2.2282608695652173,0.0,0.15217391304347827,0.016304347826086956,0.0,0.6086956521739131,0.592391304347826,0.0,0.04891304347826087,5.0
921,44,12,0.7217741935483871,0.09879032258064516,0.44455645161290325,3.9294354838709675,0.0,0.024193548387096774,0.0,0.04939516129032258,0.0,0.0,0.0,0.0,0.0,0.22580645161290322,0.04334677419354839,0.0,0.0,0.03024193548387097,0.0,11.434475806451612,0.037298387096774195,4.288306451612903,0.0,9.428427419354838,2.245967741935484,0.42943548387096775,4.862903225806452,0.0,0.0,0.42036290322580644,0.012096774193548387,0.0,0.0,18.510080645161292,2.149193548387097,0.0,0.0,0.13608870967741934,0.0,0.7237903225806451,0.6360887096774194,0.0,0.04233870967741935,0.08165322580645161
930,459,4,0.5245901639344263,0.08196721311475409,0.19672131147540983,2.918032786885246,0.0,0.05737704918032787,0.0,0.040983606557377046,0.0,0.0,0.0,0.0,0.0,0.9426229508196722,0.38524590163934425,0.0,0.0,0.9016393442622951,0.0,13.01639344262295,0.0,2.9918032786885247,0.0,4.336065573770492,1.5491803278688525,0.6721311475409836,6.19672131147541,0.0,0.0,0.0,0.0,0.0,0.0,10.647540983606557,1.1147540983606556,0.0,0.06557377049180328,0.0,0.0,0.7622950819672131,0.5491803278688525,0.0,0.08196721311475409,0.0
922,644,15,0.5955056179775281,0.0898876404494382,0.3146067415730337,4.119101123595506,0.0,0.0,0.0,0.0,0.0,0.0,0.0,0.0,0.0,0.0,0.0,0.0,0.0,0.0,0.0,10.148314606741573,0.006741573033707865,2.0112359550561796,0.0,7.7325842696629215,2.2179775280898877,0.09662921348314607,3.0112359550561796,0.0,0.0,0.038202247191011236,0.19101123595505617,0.0,0.0,14.61123595505618,2.5640449438202246,0.0,0.029213483146067417,0.0,0.0,0.5550561797752809,0.5573033707865168,0.0,0.03146067415730337,0.0
929,735,4,0.5652173913043478,0.010869565217391304,1.5434782608695652,2.1630434782608696,0.0,0.0,0.0,0.967391304347826,0.0,0.0,0.0,0.0,0.06521739130434782,0.6413043478260869,0.10869565217391304,0.0,0.0,0.021739130434782608,0.0,1.9891304347826086,0.0,2.8043478260869565,0.0,1.7065217391304348,0.6304347826086957,0.2391304347826087,6.076086956521739,0.0,0.0,0.18478260869565216,0.0,0.0,0.0,10.173913043478262,1.5869565217391304,0.0,0.5760869565217391,0.4891304347826087,0.0,0.07608695652173914,0.5217391304347826,0.0,0.03260869565217391,0.0
923,876,4,0.694078947368421,0.10526315789473684,0.6134868421052632,4.077302631578948,0.0,0.0,0.0,0.06085526315789474,0.0,0.0,0.0,0.0,0.0,0.14309210526315788,0.046052631578947366,0.0,0.0,0.001644736842105263,0.0,12.679276315789474,0.0,2.9851973684210527,0.0,9.495065789473685,2.6151315789473686,0.2598684210526316,2.911184210526316,0.0,0.044407894736842105,0.28125,0.0,0.0,0.0,14.516447368421053,2.53125,0.0,0.16940789473684212,0.024671052631578948,0.0,0.7203947368421053,0.5328947368421053,0.0,0.029605263157894735,0.125
927,1184,12,0.625,0.07352941176470588,0.47794117647058826,3.110294117647059,0.0,0.0,0.0,0.0,0.0,0.0,0.0,0.0,0.0,0.0,0.0,0.0,0.0,0.0,0.0,7.470588235294118,0.0,2.9338235294117645,0.0,3.8823529411764706,0.9264705882352942,0.22794117647058823,2.8529411764705883,0.0,0.0,0.014705882352941176,0.0,0.0,0.0,11.455882352941176,1.4411764705882353,0.0,0.07352941176470588,0.029411764705882353,0.0,0.2426470588235294,0.5,0.0,0.029411764705882353,0.0
927,1341,12,0.6546052631578947,0.09210526315789473,1.1414473684210527,3.026315789473684,0.0,0.20065789473684212,0.0,1.2664473684210527,0.0,0.09539473684210527,0.0,0.13157894736842105,0.0,0.993421052631579,0.34210526315789475,0.0,0.0,0.5625,0.0,7.970394736842105,0.039473684210526314,5.453947368421052,0.0,4.766447368421052,2.325657894736842,0.19078947368421054,6.3125,0.0,0.0,0.03618421052631579,0.0,0.0,0.0,13.207236842105264,1.2269736842105263,0.0,0.029605263157894735,0.0,0.0,0.8125,0.6052631578947368,4.953947368421052,0.09210526315789473,19.17763157894737
926,1647,4,0.5922038980509745,0.0704647676161919,1.1904047976011993,3.9460269865067468,0.0,0.2383808095952024,0.0,0.6221889055472264,0.0,0.0,0.0,0.0,0.0,0.6341829085457271,0.272863568215892,0.0,0.4527736131934033,0.8755622188905547,0.13493253373313344,8.46776611694153,0.026986506746626688,19.50224887556222,0.0,7.932533733133433,2.9865067466266866,0.5097451274362819,6.712143928035982,0.06596701649175413,0.0,0.30134932533733133,0.0,0.0,0.0,17.86806596701649,2.524737631184408,0.0,0.1454272863568216,0.2128935532233883,0.0,1.3403298350824588,0.5862068965517241,0.0,0.06146926536731634,6.95352323838081
925,912,4,0.5278810408921933,0.040892193308550186,1.546468401486989,2.5390334572490705,0.0,0.0,0.0,0.0,0.0,0.0,0.0,0.0,0.0,0.1970260223048327,0.0,0.0,0.0,0.0,0.0,2.6282527881040894,0.11895910780669144,4.899628252788104,0.0,2.386617100371747,0.5985130111524164,1.9925650557620818,12.442379182156134,0.0,0.0,0.44609665427509293,0.0,0.0,0.0,14.401486988847584,1.483271375464684,0.0,0.3308550185873606,0.04460966542750929,0.0,0.10408921933085502,0.6059479553903345,0.0,0.048327137546468404,0.0
931,987,4,0.6081632653061224,0.11020408163265306,0.710204081632653,4.2,0.0,0.0,0.0,0.044897959183673466,0.0,0.0,0.0,0.0,0.0,0.08979591836734693,0.0,0.0,0.0,0.0,0.0,13.155102040816326,0.0,2.730612244897959,0.0,8.322448979591837,2.6857142857142855,0.18775510204081633,3.4448979591836735,0.0,0.0,0.004081632653061225,0.0,0.0,0.0,16.15918367346939,2.83265306122449,0.0,0.3224489795918367,0.15918367346938775,0.0,0.5306122448979592,0.6448979591836734,0.0,0.0163265306122449,0.05714285714285714
930,1408,4,0.5649717514124294,0.08192090395480225,0.672316384180791,3.9661016949152543,0.0,0.0,0.0,0.011299435028248588,0.0,0.0,0.0,0.0,0.0,0.07909604519774012,0.01977401129943503,0.0,0.0,0.0,0.0,12.576271186440678,0.002824858757062147,2.8870056497175143,0.0,6.392655367231638,1.7259887005649717,0.005649717514124294,3.7824858757062145,0.0,0.0,0.1751412429378531,0.01977401129943503,0.0,0.0,14.627118644067796,2.132768361581921,0.0,0.22598870056497175,0.05084745762711865,0.0,0.3728813559322034,0.576271186440678,0.0,0.03954802259887006,0.4887005649717514
937,1637,4,0.6015473887814313,0.09864603481624758,1.6034816247582204,5.882011605415861,0.0,0.0,0.0,0.0,0.0,0.0,0.0,0.0,0.0,0.0,0.04061895551257253,0.0,0.11992263056092843,0.0,0.0,21.21276595744681,0.05029013539651837,3.1083172147001936,0.0,20.613152804642166,2.8027079303675047,0.8626692456479691,7.237911025145068,0.0,0.0,0.009671179883945842,0.5473887814313346,0.0,0.0,26.170212765957448,3.4235976789168276,0.0,0.12379110251450677,0.0851063829787234,0.0,1.4758220502901354,0.6150870406189555,0.0,0.048355899419729204,0.0
923,373,4,0.513235294117647,0.051470588235294115,1.1485294117647058,2.725,0.0,0.0,0.0,0.0,0.0,0.0,0.0,0.0,0.0,0.07647058823529412,0.0,0.0,0.0,0.0,0.0,6.866176470588235,0.13529411764705881,5.276470588235294,0.0,3.277941176470588,0.9455882352941176,1.2955882352941177,10.908823529411764,0.0,0.0,0.2867647058823529,0.0,0.0,0.0,14.119117647058824,1.3779411764705882,0.0,0.175,0.16470588235294117,0.0,0.175,0.5602941176470588,0.0,0.04411764705882353,0.0
937,862,4,0.9090909090909091,0.050505050505050504,1.5454545454545454,2.4444444444444446,0.0,0.050505050505050504,0.0,0.1919191919191919,0.0,0.0,0.0,0.0,0.0,0.16161616161616163,0.010101010101010102,0.0,0.0,0.0,0.0,3.04040404040404,0.0,1.7878787878787878,0.0,4.121212121212121,0.7676767676767676,0.5050505050505051,5.96969696969697,0.0,0.08080808080808081,0.1414141414141414,0.0,0.0,0.0,10.646464646464647,1.6464646464646464,0.0,0.35353535353535354,0.06060606060606061,0.0,0.26262626262626265,0.5252525252525253,0.0,0.04040404040404041,0.0
928,1678,12,0.6209677419354839,0.10967741935483871,0.567741935483871,4.112903225806452,0.0,0.0,0.0,0.31290322580645163,0.0,0.0,0.0467741935483871,0.04032258064516129,0.0,0.1403225806451613,0.1596774193548387,0.0,0.0,0.0,0.0,11.079032258064515,0.024193548387096774,2.546774193548387,0.0,10.229032258064516,4.324193548387097,0.12741935483870967,3.1580645161290324,0.0,0.07903225806451612,0.2806451612903226,0.15161290322580645,0.0,0.0,15.44032258064516,2.5725806451612905,0.1064516129032258,0.2161290322580645,0.12096774193548387,0.0,0.7,0.5483870967741935,3.6903225806451614,0.06129032258064516,6.103225806451613
933,782,4,0.571875,0.071875,0.340625,3.925,0.128125,0.375,0.0,2.578125,0.0,0.0,0.003125,0.0,0.0125,2.41875,0.8625,0.0,0.25,0.884375,0.0,4.58125,0.025,5.915625,0.0,2.415625,2.375,0.5,4.246875,0.021875,0.0,0.209375,0.0,0.0,2.9125,18.1,1.946875,0.0,0.04375,0.11875,0.0,0.571875,0.66875,0.0,0.078125,4.846875
935,1817,4,0.7165775401069518,0.08021390374331551,1.0445632798573976,3.948306595365419,0.0,0.0,0.0,0.0,0.0,0.0,0.0,0.0,0.0,0.035650623885918005,0.0,0.0,0.08021390374331551,0.0,0.0,13.639928698752229,0.0285204991087344,2.8270944741532977,0.0,10.17825311942959,2.7183600713012477,0.2905525846702317,3.2959001782531194,0.0,0.0,0.3065953654188948,0.06060606060606061,0.0,0.0,15.668449197860962,2.4973262032085564,0.0,0.696969696969697,0.12834224598930483,0.0,0.6399286987522281,0.5846702317290553,0.0,0.0285204991087344,0.0
941,1877,4,0.556782334384858,0.0914826498422713,0.6261829652996845,3.7949526813880126,0.0,0.0,0.0,0.0015772870662460567,0.0,0.0,0.012618296529968454,0.0,0.026813880126182965,0.26498422712933756,0.07886435331230283,0.0,0.0,0.0,0.014195583596214511,10.25236593059937,0.08675078864353312,3.1466876971608833,0.0,8.269716088328076,2.2160883280757098,1.3801261829652998,6.044164037854889,0.0,0.0,0.2697160883280757,0.15615141955835962,0.0,0.0,18.847003154574132,2.280757097791798,0.0,0.305993690851735,0.015772870662460567,0.0,0.5694006309148265,0.6529968454258676,0.0,0.04100946372239748,0.014195583596214511
942,51,4,0.5993788819875776,0.08592132505175984,0.8343685300207039,4.774327122153209,0.0,0.0,0.0,0.0,0.0,0.0,0.041407867494824016,0.0,0.007246376811594203,0.11594202898550725,0.055900621118012424,0.0,0.0,0.0,0.016563146997929608,13.055900621118013,0.07142857142857142,3.199792960662526,0.0,7.158385093167702,1.9440993788819876,0.3385093167701863,3.9161490683229814,0.0,0.0,0.722567287784679,0.2784679089026915,0.0,0.0,22.76293995859213,2.670807453416149,0.0,0.6407867494824017,0.022774327122153208,0.020703933747412008,0.4606625258799172,0.6004140786749482,0.0,0.037267080745341616,0.14182194616977226
935,364,4,0.5836820083682008,0.08368200836820083,0.801255230125523,2.713389121338912,0.0,0.04184100418410042,0.0,0.1694560669456067,0.0,0.0,0.0,0.0,0.0031380753138075313,0.33263598326359833,0.11297071129707113,0.0,0.0,0.10251046025104603,0.0010460251046025104,12.176778242677825,0.0,3.0209205020920504,0.0,8.517782426778243,1.5585774058577406,0.2186192468619247,4.148535564853557,0.0,0.0,0.1087866108786611,0.0,0.0,0.0,10.051255230125523,1.2897489539748954,0.0,0.16213389121338911,0.03556485355648536,0.0,0.641213389121339,0.46443514644351463,0.0,0.03765690376569038,0.0
932,1536,5,0.7489795918367347,0.08979591836734693,0.6959183673469388,2.83265306122449,0.0,0.04081632653061224,0.0,0.15918367346938775,0.0,0.0,0.0,0.0,0.0,0.09183673469387756,0.04081632653061224,0.0,0.0,0.0,0.0,7.179591836734694,0.0,1.6142857142857143,0.0,6.777551020408163,1.1142857142857143,0.08571428571428572,4.240816326530612,0.0,0.02040816326530612,0.08979591836734693,0.0,0.0,0.0,11.593877551020409,1.926530612244898,0.0,0.12244897959183673,0.10204081632653061,0.0,0.35918367346938773,0.5469387755102041,0.0,0.04285714285714286,0.0
930,161,12,1.9058823529411764,0.08529411764705883,0.611764705882353,4.088235294117647,0.0,0.0,0.0,0.03235294117647059,0.0,0.0,0.7470588235294118,0.0,0.611764705882353,3.0088235294117647,1.6588235294117648,0.0,0.0,0.0,0.20294117647058824,7.711764705882353,0.011764705882352941,7.232352941176471,0.1264705882352941,6.073529411764706,3.276470588235294,0.39705882352941174,9.047058823529412,0.0,0.0,0.28823529411764703,0.047058823529411764,0.09705882352941177,0.0,18.870588235294118,2.4205882352941175,0.0,0.2529411764705882,0.06470588235294118,0.18823529411764706,0.4235294117647059,0.6029411764705882,0.0,0.37941176470588234,0.0
928,706,4,0.6321243523316062,0.11917098445595854,0.0,4.870466321243524,0.0,0.0,0.0,0.0,0.0,0.0,0.0,0.0,0.0,0.38341968911917096,0.21243523316062177,0.0,0.0,0.46632124352331605,0.0,20.139896373056995,0.0,11.974093264248705,0.0,34.70984455958549,5.844559585492228,0.24352331606217617,2.9326424870466323,0.0,0.0,0.0,0.0,0.0,0.31088082901554404,17.11917098445596,3.010362694300518,0.0,0.45595854922279794,0.0,0.0,2.4041450777202074,0.5803108808290155,0.0,0.03626943005181347,1.0829015544041452
934,762,15,0.92,0.06666666666666667,1.34,2.8733333333333335,0.0,0.0,0.0,0.006666666666666667,0.0,0.0,0.0,0.0,0.0,0.0,0.0,0.0,0.0,0.0,0.0,2.74,0.0,2.6066666666666665,0.0,2.3133333333333335,0.96,0.34,5.526666666666666,0.0,0.52,0.36666666666666664,0.0,0.0,0.0,12.486666666666666,1.8,0.0,0.4866666666666667,0.06,0.0,0.19333333333333333,0.6733333333333333,0.0,0.006666666666666667,0.0
940,31,4,0.7007042253521126,0.0880281690140845,0.8028169014084507,4.246478873239437,0.0,0.0,0.0,0.647887323943662,0.0,0.0,0.0,0.0,0.0,0.6161971830985915,0.20774647887323944,0.0,0.0,0.014084507042253521,0.0,14.669014084507042,0.0,5.095070422535211,0.0,13.01056338028169,3.887323943661972,0.1795774647887324,4.647887323943662,0.0,0.0,0.06690140845070422,0.0,0.0,0.0,16.345070422535212,2.813380281690141,0.0,0.3873239436619718,0.0,0.0,0.9401408450704225,0.6584507042253521,0.0,0.05985915492957746,0.0
947,434,4,0.6350710900473934,0.10900473933649289,0.981042654028436,3.440758293838863,0.0,0.0,0.0,0.07582938388625593,0.0,0.0,0.0,0.0,0.0,0.12796208530805686,0.023696682464454975,0.0,0.0,0.009478672985781991,0.0,12.658767772511847,0.0,2.175355450236967,0.0,6.57345971563981,1.5213270142180095,0.10426540284360189,3.838862559241706,0.0,0.0,0.17535545023696683,0.0,0.0,0.0,11.57345971563981,1.5876777251184835,0.0,0.1895734597156398,0.0,0.0,0.46919431279620855,0.5497630331753555,0.0,0.02843601895734597,0.0
935,689,4,0.6164948453608248,0.07938144329896907,0.4690721649484536,3.5742268041237115,0.0,0.0,0.0,0.0,0.0,0.0,0.0010309278350515464,0.0,0.010309278350515464,0.21030927835051547,0.002061855670103093,0.0,0.0,0.0,0.010309278350515464,11.296907216494846,0.0,1.6154639175257732,0.0,7.542268041237113,1.909278350515464,0.24948453608247423,3.7742268041237113,0.0,0.0,0.12783505154639174,0.0,0.0,0.0,12.947422680412371,2.095876288659794,0.0,0.032989690721649485,0.0711340206185567,0.005154639175257732,0.5907216494845361,0.5154639175257731,0.0,0.0443298969072165,0.29690721649484536
941,1782,4,0.6829896907216495,0.07216494845360824,1.0309278350515463,3.0747422680412373,0.0,0.0,0.0,0.0,0.0,0.0,0.0,0.0,0.0,0.0,0.0,0.0,0.0,0.0,0.0,4.149484536082475,0.06958762886597938,1.7731958762886597,0.0,2.4561855670103094,1.0103092783505154,0.21649484536082475,4.185567010309279,0.0,0.0,0.1958762886597938,0.0,0.0,0.0,13.471649484536082,2.185567010309278,0.0,0.2963917525773196,0.44072164948453607,0.0,0.0,0.6056701030927835,0.0,0.03865979381443299,0.0
931,1849,7,0.49898580121703856,0.06693711967545639,1.1237322515212982,3.40973630831643,0.0,0.0,0.0,0.0,0.0,0.0,0.0,0.0,0.0,0.037525354969574036,0.0,0.0,0.0,0.0,0.0,11.291075050709939,0.15415821501014199,3.9036511156186613,0.0,5.341784989858012,1.828600405679513,0.7221095334685599,5.393509127789047,0.0,0.0,0.08012170385395538,0.0,0.0,0.0,16.162271805273832,1.8012170385395538,0.0,0.11257606490872211,0.017241379310344827,0.0,0.45740365111561865,0.5649087221095335,0.0,0.029411764705882353,0.1206896551724138
934,139,4,0.5517241379310345,0.06321839080459771,0.5344827586206896,3.5977011494252875,0.0,0.0,0.0,0.09195402298850575,0.0,0.0,0.4367816091954023,0.0,0.040229885057471264,1.293103448275862,0.6609195402298851,0.0,0.0,0.0,1.2471264367816093,9.511494252873563,0.09770114942528736,3.3333333333333335,0.0,7.747126436781609,1.8563218390804597,0.5689655172413793,6.482758620689655,0.0,0.0,0.16666666666666666,0.0,0.0,0.0,16.2183908045977,1.6896551724137931,0.0,0.0,0.011494252873563218,0.0,0.41954022988505746,0.6609195402298851,0.0,0.05747126436781609,0.5919540229885057
944,1311,4,0.5391304347826087,0.08695652173913043,0.08260869565217391,3.6,0.0,0.0,0.0,0.07391304347826087,0.0,0.0,0.0,0.0,0.0,0.3391304347826087,0.12173913043478261,0.0,0.0,0.08260869565217391,0.0,13.23913043478261,0.0,3.5304347826086957,0.0,8.969565217391304,1.3652173913043477,0.41304347826086957,4.160869565217391,0.0,0.0,0.0,0.1,0.0,0.0,13.039130434782608,2.017391304347826,0.0,0.30434782608695654,0.0,0.0,0.6869565217391305,0.5130434782608696,0.0,0.0,0.41304347826086957
932,1373,4,0.5945945945945946,0.07357357357357357,0.9894894894894894,3.864864864864865,0.0,0.0,0.0,0.08708708708708708,0.0,0.0,0.0,0.0,0.0,0.1066066066066066,0.04954954954954955,0.0,0.06906906906906907,0.14264264264264265,0.0,14.0,0.04504504504504504,4.717717717717718,0.0,6.597597597597598,3.545045045045045,0.07807807807807808,5.141141141141141,0.0,0.0,0.11411411411411411,0.04954954954954955,0.0,0.0,16.264264264264263,2.4384384384384385,0.0,0.19369369369369369,0.10510510510510511,0.0,0.6186186186186187,0.6126126126126126,0.0,0.04054054054054054,0.08408408408408409
938,927,4,0.599250936329588,0.06741573033707865,1.7228464419475655,4.842696629213483,0.0,0.0,0.0,0.0,0.0,0.0,0.0,0.0,0.0,0.0,0.0,0.0,0.0,0.0,0.0,10.50936329588015,0.003745318352059925,3.1273408239700373,0.0,6.98876404494382,1.5355805243445693,0.9138576779026217,7.119850187265918,0.0,0.0,0.018726591760299626,0.30711610486891383,0.0,0.0,24.03370786516854,3.153558052434457,0.0,0.0,0.08239700374531835,0.0,0.700374531835206,0.602996254681648,0.0,0.0449438202247191,0.0
941,1030,4,0.5042881646655232,0.09433962264150944,1.1097770154373927,3.9948542024013722,0.0,0.0,0.0,0.07547169811320754,0.0,0.0,0.0,0.0,0.0,0.1457975986277873,0.012006861063464836,0.0,0.0,0.003430531732418525,0.0,11.782161234991424,0.04974271012006861,3.192109777015437,0.0,7.188679245283019,2.5986277873070325,0.13550600343053174,3.792452830188679,0.0,0.0,0.2881646655231561,0.0,0.0,0.0,15.063464837049743,2.437392795883362,0.0,0.5111492281303602,0.10120068610634649,0.0,0.5677530017152659,0.6363636363636364,0.0,0.05317324185248713,0.044596912521440824
936,1467,4,0.5805243445692884,0.07116104868913857,0.8670411985018727,4.02434456928839,0.0,0.0,0.0,0.0,0.0,0.0,0.0,0.0,0.0,0.0299625468164794,0.0,0.0,0.0,0.0,0.0018726591760299626,14.099250936329588,0.031835205992509365,2.4232209737827715,0.0,10.636704119850187,2.7172284644194757,0.03932584269662921,3.054307116104869,0.0,0.0,0.35767790262172283,0.0,0.0,0.0,15.262172284644194,2.5,0.0,0.41947565543071164,0.1104868913857678,0.0,0.6123595505617978,0.601123595505618,0.0,0.08614232209737828,0.0
938,1563,4,0.6086956521739131,0.05351170568561873,1.0869565217391304,3.809364548494983,0.0,0.14046822742474915,0.0,0.033444816053511704,0.0,0.0,0.0,0.0,0.0,1.7023411371237458,0.38461538461538464,0.0,0.0,0.0,0.0,12.605351170568563,0.08695652173913043,4.474916387959866,0.0,1.5317725752508362,1.2474916387959867,0.6053511705685619,10.361204013377927,0.0,0.0,0.14046822742474915,0.0,0.0,0.07692307692307693,14.424749163879598,1.4381270903010033,0.0,0.06020066889632107,0.09698996655518395,0.0,0.6588628762541806,0.5986622073578596,0.0,0.07357859531772576,0.0
946,521,4,4.918032786885246,0.04644808743169399,0.9726775956284153,3.80327868852459,0.0,0.0,0.0,0.10382513661202186,0.0,0.0,0.06557377049180328,0.0,0.06830601092896176,0.4890710382513661,0.226775956284153,0.0,0.0,0.0,0.00819672131147541,10.581967213114755,0.03278688524590164,6.090163934426229,0.0,8.469945355191257,2.3114754098360657,0.23497267759562843,4.85792349726776,0.0,0.0,0.15027322404371585,0.33060109289617484,0.0,0.0,17.69945355191257,2.278688524590164,0.0,0.13114754098360656,0.10655737704918032,0.00273224043715847,0.48633879781420764,0.7213114754098361,0.0,2.9754098360655736,0.0
955,608,4,0.5681511470985156,0.13630229419703105,0.349527665317139,4.9743589743589745,0.0,0.0,0.0,0.014844804318488529,0.0,0.0,0.0,0.0,0.0,0.002699055330634278,0.0,0.0,0.0,0.0,0.0,15.82591093117409,0.0,1.6950067476383266,0.0,8.565452091767881,1.9446693657219973,0.0,2.2253711201079622,0.0,0.0,0.203778677462888,0.3967611336032389,0.0,0.0,18.225371120107962,3.338731443994602,0.0,0.032388663967611336,0.07017543859649122,0.0,1.3805668016194332,0.5303643724696356,0.0,0.04183535762483131,0.0
938,884,12,0.6623376623376623,0.08398268398268398,0.9341991341991343,3.930735930735931,0.0,0.0,0.0,0.0,0.0,0.0,0.0,0.0,0.0,0.06060606060606061,0.0025974025974025974,0.0,0.006926406926406926,0.0,0.0,10.215584415584416,0.0,2.193939393939394,0.0,8.568831168831169,2.3532467532467534,0.08658008658008658,4.019047619047619,0.0,0.0,0.09264069264069263,0.0,0.0,0.0,15.613852813852814,2.5757575757575757,0.0,0.8484848484848485,0.10476190476190476,0.0,0.5125541125541125,0.5748917748917749,0.0,0.03116883116883117,0.0
941,1611,12,0.5951557093425606,0.06920415224913495,0.9411764705882353,3.0311418685121105,0.0,0.0,0.0,0.3460207612456747,0.0,0.0,0.0,0.0,0.0,0.356401384083045,0.07612456747404844,0.0,0.3356401384083045,0.06228373702422145,0.0,8.768166089965398,0.0,3.0069204152249136,0.0,1.9273356401384083,0.8062283737024222,0.14878892733564014,3.7508650519031144,0.0,0.0,0.22145328719723184,0.0,0.0,0.0,11.491349480968859,1.505190311418685,0.0,0.25259515570934254,0.05190311418685121,0.0,0.09342560553633218,0.48788927335640137,0.0,0.03460207612456748,2.9550173010380623
937,1486,11,0.6930091185410334,0.0668693009118541,0.5106382978723404,3.8419452887537995,0.0,0.3556231003039514,0.0,2.474164133738602,0.0,0.0,0.0,0.0,0.0,2.465045592705167,0.7203647416413373,0.0,0.0,0.3860182370820669,0.0,5.048632218844984,0.0486322188449848,4.826747720364741,0.0,2.729483282674772,2.276595744680851,0.41033434650455924,8.02127659574468,0.0,0.0,0.2553191489361702,0.0,0.0,0.0,17.86018237082067,2.045592705167173,0.0,0.0364741641337386,0.2978723404255319,0.0,0.2188449848024316,0.6352583586626139,0.0,0.1762917933130699,0.14893617021276595
938,1724,12,0.7790055248618785,0.0718232044198895,2.2430939226519335,3.154696132596685,0.0,0.30939226519337015,0.0,0.30386740331491713,0.0,0.0,0.0,0.0,0.0,1.8895027624309393,0.6077348066298343,0.0,0.46408839779005523,0.0,0.0,7.569060773480663,0.143646408839779,3.574585635359116,0.0,0.7292817679558011,0.712707182320442,0.7624309392265194,12.331491712707182,0.0,0.0,0.4198895027624309,0.0,0.0,3.9281767955801103,12.530386740331492,0.9005524861878453,0.0,0.39779005524861877,0.09392265193370165,0.0,0.6464088397790055,0.585635359116022,0.0,0.14917127071823205,3.0497237569060776
941,182,14,0.5255255255255256,0.07507507507507508,0.34534534534534533,4.846846846846847,0.0,0.12912912912912913,0.0,0.5495495495495496,0.0,0.0,0.0,0.015015015015015015,0.0,1.6456456456456456,0.22822822822822822,0.0,0.0,0.17717717717717718,0.0,9.705705705705705,0.0,8.147147147147146,0.0,6.6996996996997,4.5225225225225225,0.33633633633633636,4.843843843843844,0.0,0.0,0.0,0.0,0.0,0.0,23.75975975975976,3.024024024024024,0.0,0.11711711711711711,0.03003003003003003,0.0,0.4924924924924925,0.6426426426426426,0.16516516516516516,0.057057057057057055,7.903903903903904
940,310,12,13.488439306358382,0.09248554913294797,0.15606936416184972,3.80635838150289,0.0,0.0,0.26878612716763006,0.07225433526011561,0.0,0.0,0.06647398843930635,0.0,0.05202312138728324,0.8063583815028902,0.3815028901734104,0.0,0.057803468208092484,0.07514450867052024,0.10404624277456648,10.679190751445086,0.0,3.69364161849711,0.0,14.673410404624278,2.407514450867052,0.7456647398843931,4.8497109826589595,0.0,0.0,0.0,0.0,0.0,0.0,14.858381502890174,1.9248554913294798,0.0,0.24566473988439305,0.014450867052023121,0.0,0.9450867052023122,0.7716763005780347,0.0,9.280346820809248,0.0
937,805,4,0.518957345971564,0.07109004739336493,0.6895734597156398,2.656398104265403,0.0,0.0971563981042654,0.0,0.6042654028436019,0.0,0.0,0.0,0.0,0.0,0.8317535545023697,0.3909952606635071,0.0,0.46208530805687204,0.4028436018957346,0.08056872037914692,8.33175355450237,0.0,1.6706161137440758,0.0,5.270142180094787,1.4075829383886256,1.5568720379146919,5.921800947867299,0.5023696682464455,0.0,0.16113744075829384,0.0,0.0,0.0,11.0260663507109,1.3341232227488151,0.0,0.05687203791469194,0.22748815165876776,0.0,0.466824644549763,0.4052132701421801,0.0,0.07109004739336493,10.736966824644549
941,1003,4,0.7328767123287672,0.0958904109589041,2.0821917808219177,2.2945205479452055,0.0,0.0,0.0,0.0,0.0,0.0,0.0,0.0,0.0,0.1232876712328767,0.0,0.0,0.1917808219178082,0.0,0.0,5.883561643835616,0.10273972602739725,2.589041095890411,0.0,1.821917808219178,0.4794520547945205,0.8767123287671232,5.472602739726027,0.0,0.0,0.4726027397260274,0.0,0.0,0.0,9.712328767123287,0.9726027397260274,0.0,0.6575342465753424,0.4246575342465753,0.0,0.08904109589041095,0.7191780821917808,0.0,0.0410958904109589,0.0
947,159,12,0.47619047619047616,0.08658008658008658,1.1948051948051948,3.779220779220779,0.0,0.0,0.0,0.19480519480519481,0.0,0.0,0.0,0.0,0.0,0.354978354978355,0.07792207792207792,0.0,0.0,0.0,0.0,14.753246753246753,0.08225108225108226,2.406926406926407,0.0,6.9004329004329,2.4761904761904763,0.06493506493506493,4.623376623376624,0.0,0.0,0.3246753246753247,0.0,0.0,0.0,13.943722943722944,2.0476190476190474,0.0,0.4329004329004329,0.12987012987012986,0.0,0.3722943722943723,0.5757575757575758,0.0,0.025974025974025976,0.0
945,843,4,2.5113636363636362,0.09318181818181819,0.08409090909090909,2.9136363636363636,0.0,0.025,0.029545454545454545,0.36363636363636365,0.0,0.0,0.0,0.0,0.0,0.825,0.15227272727272728,0.0,0.17954545454545454,0.125,0.0,10.315909090909091,0.0,4.506818181818182,0.0,4.243181818181818,2.0386363636363636,0.6318181818181818,4.5204545454545455,0.0,0.0,0.022727272727272728,0.0,0.0,0.30227272727272725,11.459090909090909,1.5681818181818181,0.0,0.20227272727272727,0.0,0.0,0.4431818181818182,0.5068181818181818,0.0,1.2022727272727274,4.6840909090909095
943,1390,4,0.6246418338108882,0.12320916905444126,1.157593123209169,2.836676217765043,0.0,0.0,0.0,0.02865329512893983,0.0,0.0,0.0,0.3037249283667622,0.0,0.014326647564469915,0.008595988538681949,0.0,0.0,0.0,0.0,10.406876790830946,0.0,1.498567335243553,0.0,3.621776504297994,1.2836676217765044,0.03724928366762178,4.876790830945558,0.0,0.0,0.19484240687679083,0.0,0.0,0.0,12.66189111747851,1.2492836676217765,0.0,0.07736389684813753,0.0,0.0,0.18051575931232092,0.5444126074498568,1.4097421203438396,0.05730659025787966,25.266475644699142
946,1745,4,0.5595238095238095,0.0992063492063492,2.4761904761904763,3.8095238095238093,0.0,0.0,0.0,0.007936507936507936,0.0,0.0,0.0,0.0,0.0,0.0,0.0,0.0,0.11507936507936507,0.0,0.0,13.51984126984127,0.01984126984126984,3.3531746031746033,0.0,8.896825396825397,1.242063492063492,1.0833333333333333,9.892857142857142,0.0,0.0,0.027777777777777776,0.34523809523809523,0.0,0.0,18.678571428571427,2.0476190476190474,0.0,0.14682539682539683,0.15873015873015872,0.0,0.8492063492063492,0.6111111111111112,0.0,0.027777777777777776,0.0
943,708,15,0.5204081632653061,0.05442176870748299,1.7755102040816326,3.3095238095238093,0.0,0.0,0.0,0.023809523809523808,0.0,0.0,0.13945578231292516,0.1326530612244898,0.03741496598639456,0.3299319727891156,0.15306122448979592,0.0,0.0,0.0,0.0,9.880952380952381,0.13945578231292516,4.6768707482993195,0.0,4.799319727891157,1.683673469387755,1.3945578231292517,7.510204081632653,0.0,0.0,0.017006802721088437,0.0,0.0,0.0,16.64625850340136,1.3299319727891157,0.0,0.13945578231292516,0.0,0.0,0.35034013605442177,0.5306122448979592,0.0,0.06462585034013606,5.299319727891157
959,1084,4,0.6689419795221843,0.08191126279863481,0.689419795221843,3.204778156996587,0.0,0.0,0.0,0.7542662116040956,0.0,0.0,0.0,0.0,0.0,0.3651877133105802,0.16040955631399317,0.0,0.010238907849829351,0.006825938566552901,0.0,6.044368600682594,0.0,2.6723549488054608,0.0,2.78839590443686,1.1160409556313993,0.14675767918088736,4.3174061433447095,0.0,0.020477815699658702,0.25597269624573377,0.0,0.0,0.0,13.890784982935154,2.1023890784982937,0.0,0.3174061433447099,0.13993174061433447,0.0,0.14334470989761092,0.5597269624573379,0.0,0.05460750853242321,0.18430034129692832
947,1840,4,0.49942528735632186,0.08275862068965517,0.5155172413793103,3.9413793103448276,0.0,0.0,0.0,0.007471264367816092,0.0,0.0,0.0603448275862069,0.0,0.0,0.24367816091954023,0.04655172413793104,0.0,0.0,0.0,0.06724137931034482,12.552873563218391,0.016666666666666666,2.5442528735632184,0.0,7.293103448275862,1.8247126436781609,0.08448275862068966,3.3304597701149423,0.013218390804597701,0.0,0.16551724137931034,0.0,0.03735632183908046,0.0,14.795402298850576,2.4258620689655173,0.0,0.05517241379310345,0.13333333333333333,0.0,0.889080459770115,0.5839080459770115,0.0,0.04310344827586207,0.0
955,2003,4,0.518796992481203,0.05513784461152882,1.0150375939849625,4.305764411027569,0.0,0.0,0.0,0.040100250626566414,0.0,0.0,0.22055137844611528,0.0,0.3208020050125313,0.8897243107769424,0.3558897243107769,0.0,0.0,0.0,0.15288220551378445,4.147869674185464,0.17293233082706766,3.1854636591478696,0.0,1.9248120300751879,2.162907268170426,1.5087719298245614,8.090225563909774,0.0,0.0,0.5363408521303258,0.0,0.0,0.0,22.68671679197995,2.8095238095238093,0.0,0.2882205513784461,0.3408521303258145,0.0,0.09523809523809523,0.631578947368421,0.0,0.05513784461152882,4.413533834586466
949,1053,4,0.7642079806529625,0.11729141475211609,0.25634824667472794,4.950423216444982,0.0,0.0,0.0,0.0,0.0,0.0,0.0,0.0,0.0,0.16807738814993953,0.0,0.0,0.0,0.0,0.0,12.130592503022974,0.02176541717049577,4.689238210399033,0.0,7.649334945586457,2.2140266021765416,0.2587666263603386,4.091898428053204,0.0,0.0,0.20556227327690446,0.18621523579201935,0.0,0.0,19.787182587666262,2.4328899637243047,0.0,0.14510278113663846,0.11729141475211609,0.0,0.5223700120918985,0.6481257557436517,0.0,0.02539298669891173,0.0
945,1181,12,0.4940047961630695,0.06474820143884892,1.1510791366906474,4.844124700239808,0.0,0.0,0.0,0.0,0.0,0.0,0.011990407673860911,0.0,0.0,0.045563549160671464,0.0407673860911271,0.0,0.0,0.0,0.026378896882494004,12.752997601918466,0.0,2.2997601918465227,0.0,8.673860911270983,3.0215827338129495,0.0,4.182254196642686,0.0,0.0,0.05755395683453238,0.18705035971223022,0.0,0.0,16.817745803357315,2.9592326139088727,0.0,0.539568345323741,0.05755395683453238,0.0,0.7697841726618705,0.6810551558752997,0.0,0.0815347721822542,0.0
953,1580,7,0.6276849642004774,0.09307875894988067,0.9713603818615751,3.6778042959427206,0.0,0.2052505966587112,0.0,1.3460620525059666,0.0,0.12649164677804295,0.0,0.0477326968973747,0.0,1.0739856801909309,0.4224343675417661,0.0,0.0,0.7303102625298329,0.0,12.933174224343675,0.026252983293556086,4.797136038186157,0.0,6.60381861575179,2.840095465393795,0.18854415274463007,5.64200477326969,0.0,0.0,0.06443914081145585,0.0,0.0,0.0,14.544152744630072,1.5178997613365155,0.0,0.09069212410501193,0.0,0.0,1.0930787589498807,0.5560859188544153,3.3031026252983295,0.07637231503579953,18.53221957040573
951,120,11,36.20294117647059,0.13529411764705881,0.29705882352941176,7.597058823529411,0.0,0.0,0.0,0.06911764705882353,0.0,0.0,0.6529411764705882,0.0,0.0,2.9514705882352943,0.55,0.0,0.0,0.0,1.738235294117647,14.325,0.0029411764705882353,4.954411764705882,0.0,16.597058823529412,7.411764705882353,0.3558823529411765,7.323529411764706,0.0,0.0,0.2867647058823529,0.008823529411764706,0.08529411764705883,0.0,30.66764705882353,4.464705882352941,0.0,0.3779411764705882,0.08823529411764706,0.0,1.2088235294117646,1.5073529411764706,0.0,27.610294117647058,5.072058823529412
952,338,4,0.5793780687397708,0.08183306055646482,0.6415711947626841,3.3060556464811786,0.0,0.0,0.0,0.3878887070376432,0.0,0.0,0.0,0.0,0.0,0.630114566284779,0.16039279869067102,0.0,0.3044189852700491,0.23567921440261866,0.008183306055646482,8.412438625204583,0.03436988543371522,2.299509001636661,0.0,4.058919803600655,2.6890343698854338,0.5351882160392799,4.954173486088379,0.0,0.0,0.0,0.0,0.0,1.292962356792144,12.787234042553191,1.9378068739770868,0.0,0.3158756137479542,0.0,0.0,0.9230769230769231,0.45662847790507366,0.0,0.054009819967266774,6.554828150572831
958,637,4,0.5338983050847458,0.0576271186440678,0.7322033898305085,2.5898305084745763,0.0,0.001694915254237288,0.0,0.003389830508474576,0.0,0.0,0.0,0.0,0.0,0.0,0.0,0.0,0.0,0.0,0.010169491525423728,11.27457627118644,0.0,1.2779661016949153,0.0,4.581355932203389,0.44745762711864406,0.061016949152542375,6.642372881355932,0.0,0.0,0.4457627118644068,0.0,0.0,0.0,9.63050847457627,1.2220338983050847,0.0,0.18305084745762712,0.17288135593220338,0.0,0.23728813559322035,0.5169491525423728,0.0,0.0288135593220339,0.0
960,392,4,0.5471478463329453,0.11757857974388825,0.7590221187427241,4.584400465657741,0.0,0.0,0.0,0.023282887077997673,0.0,0.0,0.024447031431897557,0.0,0.0,0.30034924330616997,0.07450523864959255,0.0,0.0,0.0,0.11757857974388825,18.037252619324796,0.0,2.5715948777648427,0.0,6.955762514551805,3.420256111757858,0.06053550640279395,3.641443538998836,0.0,0.0,0.0,0.05471478463329453,0.018626309662398137,0.0,16.311990686845167,2.827706635622817,0.0,0.13387660069848661,0.006984866123399301,0.011641443538998836,0.47264260768335276,0.5739231664726426,0.0,0.025611175785797437,0.0
947,1531,5,0.6394293125810635,0.05317769130998703,0.5719844357976653,3.4085603112840466,0.0,0.0,0.0,0.0,0.0,0.0,0.04409857328145266,0.0,0.0,0.13229571984435798,0.040207522697795074,0.0,0.0,0.0,0.3086900129701686,9.669260700389104,0.010376134889753566,1.8093385214007782,0.0,6.03242542153048,1.8651102464332037,0.21141374837872892,3.4383916990920884,0.0,0.1245136186770428,0.03631647211413749,0.33852140077821014,0.0,0.0,12.985732814526589,2.180285343709468,0.0,0.08819714656290532,0.027237354085603113,0.02204928664072633,0.5421530479896238,0.5239948119325551,0.0,0.0324254215304799,0.0
947,1690,6,5.009876543209876,0.06419753086419754,0.6271604938271605,4.31358024691358,0.0,0.0,0.007407407407407408,0.1580246913580247,0.0,0.0,0.9506172839506173,0.0,0.6074074074074074,2.5358024691358025,1.3679012345679011,0.0,0.0,0.0,0.15308641975308643,7.928395061728395,0.11358024691358025,9.575308641975308,0.25679012345679014,7.019753086419753,3.68641975308642,0.5975308641975309,11.328395061728395,0.0,0.0,0.0049382716049382715,0.0,0.044444444444444446,0.0,20.45432098765432,2.4518518518518517,0.0,0.08641975308641975,0.0,0.17037037037037037,0.5037037037037037,0.8765432098765432,0.0,2.4839506172839507,0.0
950,1223,4,0.53125,0.071875,0.175,2.8,0.0,0.25,0.0,0.715625,0.0,0.0,0.31875,0.0,0.2125,2.10625,1.178125,0.0,0.0,0.35,0.0,8.99375,0.009375,7.71875,0.0,2.128125,1.378125,0.584375,5.35,0.0,0.0,0.171875,0.0,0.0,0.0,13.378125,1.178125,0.0,0.0,0.178125,0.0,0.35625,0.56875,0.20625,0.09375,13.0
952,86,7,0.6508771929824562,0.1,0.8368421052631579,5.1649122807017545,0.0,0.0,0.0,0.0,0.0,0.0,0.0,0.0,0.0,0.021052631578947368,0.0,0.0,0.1,0.0,0.0,13.22982456140351,0.031578947368421054,1.8385964912280701,0.0,8.473684210526315,2.8228070175438598,0.0,3.0210526315789474,0.0,0.0,0.007017543859649123,0.6070175438596491,0.0,0.0,19.95964912280702,3.2526315789473683,0.0,0.0,0.05964912280701754,0.0,1.431578947368421,0.6280701754385964,0.0,0.03859649122807018,0.0
953,745,12,0.5,0.06621004566210045,0.4726027397260274,2.5182648401826486,0.0,0.09817351598173515,0.0,0.5205479452054794,0.0,0.0,0.10730593607305935,0.0,0.02511415525114155,1.360730593607306,0.2945205479452055,0.0,0.08447488584474885,0.541095890410959,0.6438356164383562,11.970319634703197,0.0,3.952054794520548,0.0,4.28310502283105,1.0456621004566211,0.5662100456621004,6.675799086757991,0.0,0.0,0.0136986301369863,0.0,0.0,0.0,9.726027397260275,0.9452054794520548,0.0,0.22602739726027396,0.1004566210045662,0.0,0.408675799086758,0.4223744292237443,0.0,0.07077625570776255,1.3059360730593608
949,801,4,0.7642679900744417,0.10918114143920596,0.228287841191067,3.2555831265508686,0.0,0.0,0.0,0.8138957816377171,0.0,0.0,0.0,0.0,0.0,0.5459057071960298,0.17493796526054592,0.0,0.40074441687344914,1.2952853598014888,0.0,9.495037220843672,0.0,7.327543424317618,0.0,12.786600496277917,2.640198511166253,0.34987593052109184,3.264267990074442,0.0,0.0,0.06327543424317618,0.0,0.0,0.0,13.622828784119108,2.1141439205955335,0.0,0.04838709677419355,0.05707196029776675,0.0,1.7928039702233252,0.5694789081885856,0.7741935483870968,0.0707196029776675,21.080645161290324
963,1243,4,0.7483443708609272,0.11258278145695365,0.609271523178808,3.725165562913907,0.0,0.0,0.0,0.0,0.0,0.0,0.0,0.0,0.0,0.026490066225165563,0.0,0.0,0.0,0.0,0.0,11.900662251655628,0.06622516556291391,2.543046357615894,0.0,9.6158940397351,2.6258278145695364,0.25165562913907286,3.152317880794702,0.0,0.0,0.13245033112582782,0.0,0.0,0.0,14.860927152317881,2.6821192052980134,0.0,0.3543046357615894,0.17880794701986755,0.0,0.543046357615894,0.5993377483443708,0.0,0.03642384105960265,0.0
951,1281,4,0.6264044943820225,0.0749063670411985,1.200374531835206,3.7602996254681647,0.0,0.0,0.0,0.0,0.0,0.0,0.0,0.0,0.0,0.0056179775280898875,0.0,0.0,0.0018726591760299626,0.0,0.0,11.567415730337078,0.10299625468164794,2.9728464419475658,0.0,8.698501872659175,2.2256554307116105,0.02153558052434457,4.852996254681648,0.0,0.0046816479400749065,0.11610486891385768,0.0009363295880149813,0.0,0.0,15.664794007490636,2.258426966292135,0.0,0.05898876404494382,0.015917602996254682,0.0,0.7940074906367042,0.6048689138576779,0.0,0.03932584269662921,0.0
953,1946,15,0.6855345911949685,0.07966457023060797,0.6855345911949685,4.631027253668763,0.0,0.0,0.0,0.0,0.0,0.0,0.0,0.0,0.0,0.016771488469601678,0.014675052410901468,0.0,0.0,0.0,0.006289308176100629,12.385744234800839,0.0649895178197065,2.6855345911949686,0.0,12.528301886792454,3.7232704402515724,0.0041928721174004195,4.863731656184487,0.0,0.020964360587002098,0.15932914046121593,0.0440251572327044,0.0,0.0,19.22641509433962,3.1257861635220126,0.0,0.1740041928721174,0.06918238993710692,0.008385744234800839,1.0083857442348008,0.649895178197065,0.0,0.05450733752620545,0.0
959,1469,4,0.6793893129770993,0.08396946564885496,0.4217557251908397,3.6374045801526718,0.0,0.11068702290076336,0.0,0.5343511450381679,0.0,0.0,0.0,0.10877862595419847,0.04007633587786259,0.44083969465648853,0.3244274809160305,0.0,0.0,0.04007633587786259,0.0,8.091603053435115,0.0,15.072519083969466,0.0,12.59351145038168,3.622137404580153,0.2366412213740458,4.679389312977099,0.0,0.0,0.1431297709923664,0.0,0.0,0.0,16.946564885496183,1.8874045801526718,0.0,0.0,0.11450381679389313,0.0,1.0038167938931297,0.6393129770992366,0.0,0.05152671755725191,1.6068702290076335
959,1927,4,0.5994152046783626,0.07602339181286549,1.2846003898635479,3.615009746588694,0.0,0.0,0.0,0.0,0.0,0.0,0.0,0.0,0.0,0.050682261208576995,0.011695906432748537,0.0,0.036062378167641324,0.0,0.0,15.102339181286549,0.09551656920077972,4.094541910331384,0.0,9.642300194931774,2.0964912280701755,0.36744639376218324,8.659844054580896,0.0,0.0,0.30116959064327486,0.0,0.0,0.004873294346978557,14.842105263157896,1.8654970760233918,0.0,0.27582846003898637,0.195906432748538,0.0,0.5935672514619883,0.5867446393762183,0.0,0.04775828460038986,0.0
958,142,15,0.6086142322097379,0.07677902621722846,0.49063670411985016,3.9101123595505616,0.0,0.0,0.0,0.0018726591760299626,0.0,0.0,0.0,0.0,0.0,0.031835205992509365,0.06554307116104868,0.0,0.0,0.0,0.0,12.05430711610487,0.031835205992509365,3.3838951310861423,0.0,13.653558052434457,2.5037453183520597,0.24906367041198502,2.6254681647940075,0.0,0.0,0.15730337078651685,0.0,0.0,0.0,18.771535580524343,2.350187265917603,0.0,0.09363295880149813,0.08426966292134831,0.0,0.951310861423221,0.6048689138576779,0.0,0.028089887640449437,0.0
955,780,4,0.6510791366906474,0.07913669064748201,0.1528776978417266,3.3758992805755397,0.0,0.0,0.0,0.38848920863309355,0.3255395683453237,0.0,0.0,0.0,0.0,1.0845323741007193,0.1960431654676259,0.0,0.08453237410071943,0.030575539568345324,0.04136690647482014,5.994604316546763,0.0,4.89568345323741,0.0,6.557553956834532,2.631294964028777,1.0341726618705036,6.503597122302159,0.0,0.0,0.00539568345323741,0.0,0.0,0.03776978417266187,12.886690647482014,2.106115107913669,0.0,0.06115107913669065,0.0,0.0,0.43884892086330934,0.5323741007194245,0.0,0.09892086330935251,1.9010791366906474
959,1810,4,0.6887052341597796,0.10743801652892562,0.6418732782369146,3.8512396694214877,0.0,0.0,0.0,0.0440771349862259,0.0,0.0,0.0,0.0,0.0,0.1652892561983471,0.013774104683195593,0.0,0.0,0.0,0.0,12.393939393939394,0.0,2.5840220385674932,0.0,10.804407713498623,2.650137741046832,0.06611570247933884,3.088154269972452,0.0,0.0,0.22865013774104684,0.2837465564738292,0.0,0.0,15.476584022038567,2.771349862258953,0.0,0.5509641873278237,0.07988980716253444,0.0,0.8292011019283747,0.5261707988980716,0.0,0.027548209366391185,0.0
951,409,7,0.5734720416124838,0.07672301690507152,0.6866059817945384,4.239271781534461,0.0,0.0,0.0,0.0,0.0,0.0,0.0,0.0,0.0,0.02340702210663199,0.05721716514954486,0.0,0.0,0.0,0.0,13.556566970091028,0.05071521456436931,3.439531859557867,0.0,11.767230169050714,2.472041612483745,0.8218465539661899,5.801040312093628,0.0,0.0,0.22106631989596878,0.0,0.0,0.0,20.425227568270483,2.6332899869960986,0.0,0.19635890767230169,0.02340702210663199,0.0,0.8296488946684005,0.6697009102730819,0.0,0.045513654096228866,0.0
959,950,4,0.5245901639344263,0.06147540983606557,1.4877049180327868,2.9918032786885247,0.0,0.0,0.0,0.0,0.0,0.0,0.36885245901639346,0.0,0.01639344262295082,0.860655737704918,0.2459016393442623,0.0,0.0,0.0,1.8319672131147542,2.9508196721311477,0.04918032786885246,1.1844262295081966,0.0,3.762295081967213,1.6188524590163935,0.4098360655737705,6.217213114754099,0.0,0.02459016393442623,0.5942622950819673,0.0,0.0,0.0,13.180327868852459,1.9344262295081966,0.0,0.3073770491803279,0.21721311475409835,0.13524590163934427,0.5450819672131147,0.48360655737704916,0.0,0.04918032786885246,1.3688524590163935
950,960,4,0.5276381909547738,0.07035175879396985,1.2688442211055277,3.28643216080402,0.0,0.0,0.0,0.0,0.0,0.0,0.0,0.0,0.0,0.005025125628140704,0.0,0.0,0.0,0.0,0.0,11.806532663316583,0.08040201005025126,2.670854271356784,0.0,5.173366834170854,1.4045226130653266,0.06281407035175879,3.309045226130653,0.0,0.0,0.25879396984924624,0.0,0.0,0.0,12.296482412060302,1.6557788944723617,0.0,0.7663316582914573,0.4849246231155779,0.0,0.3592964824120603,0.5527638190954773,0.0,0.02763819095477387,0.0
958,975,4,0.6884057971014492,0.09420289855072464,0.42028985507246375,4.492753623188406,0.0,0.0,0.0,0.0,0.0,0.0,0.0,0.0,0.0,0.0,0.0,0.0,0.0,0.0,0.0,15.427536231884059,0.021739130434782608,2.608695652173913,0.0,9.46376811594203,4.021739130434782,0.0,1.8985507246376812,0.0,0.2826086956521739,0.11594202898550725,0.0,0.0,0.0,16.27536231884058,2.8115942028985508,0.0,0.07246376811594203,0.15217391304347827,0.0,0.6884057971014492,0.5217391304347826,0.0,0.057971014492753624,0.0
955,1016,4,0.6614785992217899,0.10505836575875487,1.3579766536964981,4.538910505836576,0.0,0.0,0.0,0.0,0.0,0.0,0.0,0.0,0.0,0.0,0.0,0.0,0.0,0.0,0.0,16.883268482490273,0.0,3.1945525291828796,0.0,9.682879377431906,3.67704280155642,0.06809338521400778,3.498054474708171,0.0,0.08949416342412451,0.5719844357976653,0.0,0.0,0.0,16.40272373540856,2.492217898832685,0.0,0.8035019455252919,0.0311284046692607,0.0,0.6245136186770428,0.5778210116731517,0.0,0.05058365758754864,0.0
964,224,12,0.5419354838709678,0.08387096774193549,0.5838709677419355,4.787096774193548,0.0,0.0,0.0,0.00967741935483871,0.0,0.0,0.0,0.0,0.0,0.02258064516129032,0.0,0.0,0.0,0.0,0.0,15.674193548387096,0.01935483870967742,2.6032258064516127,0.0,12.819354838709678,3.509677419354839,0.0032258064516129032,2.3419354838709676,0.0,0.0,0.3064516129032258,0.0,0.0,0.0,16.83225806451613,2.912903225806452,0.0,0.4258064516129032,0.04838709677419355,0.0,0.9290322580645162,0.5967741935483871,0.0,0.05161290322580645,0.0
953,826,4,0.6328195829555757,0.07162284678150499,0.07252946509519492,2.588395285584769,0.011786038077969175,0.007252946509519492,0.0,0.6736174070716229,0.0,0.0,0.0,0.0,0.0027198549410698096,0.5611967361740707,0.1813236627379873,0.0,0.2901178603807797,1.0199456029011786,0.007252946509519492,5.699909338168631,0.0,8.611060743427018,0.0,3.9446962828649137,1.4088848594741614,1.7062556663644606,3.406165004533092,0.0,0.0,0.0,0.0,0.0,0.0,11.57026291931097,1.5303717135086128,0.0,0.001813236627379873,0.22937443336355395,0.0,1.5122393472348141,0.457842248413418,0.0,0.0942883046237534,11.040797824116048
958,910,4,0.7632850241545893,0.043478260869565216,2.0144927536231885,2.1980676328502415,0.0,0.0,0.0,0.0,0.0,0.0,0.0,0.0,0.0,0.028985507246376812,0.01932367149758454,0.0,0.0,0.0,0.0,4.21256038647343,0.1497584541062802,2.632850241545894,0.0,1.2560386473429952,0.18840579710144928,0.4927536231884058,4.908212560386473,0.0,0.0,0.391304347826087,0.0,0.0,0.0,8.893719806763285,0.821256038647343,0.0,0.966183574879227,0.6908212560386473,0.0,0.0,0.463768115942029,0.0,0.043478260869565216,0.0
964,1904,4,0.5614457831325301,0.0963855421686747,1.091566265060241,2.9903614457831327,0.0,0.0,0.0,0.060240963855421686,0.0,0.0,0.0,0.0,0.0,0.3036144578313253,0.04819277108433735,0.0,0.0,0.0,0.0,11.501204819277108,0.0,3.236144578313253,0.0,6.255421686746988,1.7662650602409637,0.21686746987951808,4.002409638554217,0.0,0.0,0.2216867469879518,0.0,0.0,0.0,13.144578313253012,1.7927710843373494,0.0,0.40240963855421685,0.0,0.0,0.38795180722891565,0.5903614457831325,0.0,0.02891566265060241,0.0
958,362,4,0.6101910828025477,0.09936305732484077,0.535031847133758,3.5910828025477706,0.0,0.0,0.0,0.0,0.0,0.0,0.007643312101910828,0.0,0.0,0.04203821656050955,0.008917197452229299,0.0,0.0,0.0,0.0,12.545222929936306,0.015286624203821656,3.1974522292993632,0.0,10.95031847133758,2.2777070063694267,0.22547770700636943,4.345222929936305,0.0,0.0,0.6242038216560509,0.0,0.0,0.0,18.071337579617836,2.089171974522293,0.0,0.4369426751592357,0.22802547770700637,0.012738853503184714,0.70828025477707,0.640764331210191,0.0,0.030573248407643312,0.0
961,477,4,0.6149312377210217,0.06679764243614932,0.831041257367387,2.956777996070727,0.0,0.0,0.0,0.0,0.0,0.0,0.0,0.0,0.0,0.0,0.0,0.0,0.0,0.0,0.0,10.039292730844794,0.0,1.4833005893909628,0.0,7.2043222003929275,1.137524557956778,0.07465618860510806,4.119842829076621,0.0,0.08644400785854617,0.2043222003929273,0.0,0.0,0.0,12.115913555992142,1.917485265225933,0.0,0.38703339882121807,0.17092337917485265,0.0,0.3889980353634578,0.48330058939096265,0.0,0.01768172888015717,0.0
956,1647,4,0.5995115995115995,0.08058608058608059,1.1062271062271063,3.2063492063492065,0.0,0.0,0.0,0.004884004884004884,0.0,0.0,0.0,0.0,0.0,0.030525030525030524,0.0,0.0,0.0,0.0,0.0,11.255189255189256,0.013431013431013432,1.844932844932845,0.0,6.158730158730159,1.26007326007326,0.05982905982905983,5.039072039072039,0.0,0.0,0.15995115995115994,0.0,0.0,0.0,12.732600732600732,2.0036630036630036,0.0,0.2625152625152625,0.01221001221001221,0.0,0.47863247863247865,0.5018315018315018,0.0,0.030525030525030524,0.0
964,1157,15,0.632258064516129,0.04838709677419355,1.9,2.390322580645161,0.0,0.0,0.0,0.1064516129032258,0.0,0.0,0.0,0.0,0.0,0.18064516129032257,0.0,0.0,0.0,0.0,0.0,2.261290322580645,0.16129032258064516,6.174193548387096,0.0,2.0806451612903225,0.6516129032258065,2.074193548387097,11.254838709677419,0.0,0.05161290322580645,0.4129032258064516,0.0,0.0,0.0,13.916129032258064,1.332258064516129,0.0,0.4838709677419355,0.11290322580645161,0.0,0.0,0.6451612903225806,0.0,0.07096774193548387,0.0
959,1267,4,1.1061507936507937,0.10714285714285714,0.1884920634920635,4.416666666666667,0.0,0.04662698412698413,0.0,0.3621031746031746,0.0,0.05257936507936508,0.05654761904761905,0.006944444444444444,0.007936507936507936,0.5307539682539683,0.24305555555555555,0.0,0.0,0.0248015873015873,0.0,12.159722222222221,0.0,3.2371031746031744,0.0,9.739087301587302,4.527777777777778,0.3392857142857143,3.7390873015873014,0.03571428571428571,0.14384920634920634,0.4513888888888889,0.0,0.00992063492063492,0.10317460317460317,17.232142857142858,2.3700396825396823,0.20337301587301587,0.0,0.0,0.0,1.5158730158730158,0.6498015873015873,8.760912698412698,0.16170634920634921,13.910714285714286
959,702,4,0.6256410256410256,0.09743589743589744,0.5948717948717949,4.425641025641026,0.0,0.0,0.0,0.0,0.0,0.0,0.02564102564102564,0.0,0.0,0.358974358974359,0.31794871794871793,0.0,0.0,0.0,0.06153846153846154,11.558974358974359,0.06153846153846154,3.1384615384615384,0.0,10.42051282051282,2.4153846153846152,0.0,5.687179487179487,0.0,0.1282051282051282,0.11282051282051282,0.06666666666666667,0.0,0.0,17.764102564102565,2.5435897435897434,0.0,0.0,0.015384615384615385,0.015384615384615385,0.8051282051282052,0.6666666666666666,0.0,0.06666666666666667,0.0
956,1430,4,0.6392785571142284,0.09418837675350701,0.8416833667334669,3.5250501002004007,0.0,0.0,0.0,0.03406813627254509,0.0,0.0,0.0,0.0,0.0,0.002004008016032064,0.0,0.0,0.0,0.0,0.0,11.661322645290582,0.002004008016032064,1.965931863727455,0.0,6.43687374749499,1.8016032064128256,0.09418837675350701,3.7314629258517034,0.0,0.0,0.04208416833667335,0.0,0.0,0.0,13.386773547094188,2.0140280561122244,0.0,0.30861723446893785,0.19238476953907815,0.0,0.40681362725450904,0.593186372745491,0.0,0.022044088176352707,0.0
959,1367,4,0.6571428571428571,0.06666666666666667,2.8095238095238093,2.5,0.0,0.0,0.0,0.02857142857142857,0.0,0.0,0.0,0.0,0.0,0.0,0.0,0.0,0.6190476190476191,0.0,0.0,2.9904761904761905,0.1619047619047619,4.847619047619047,0.0,2.8380952380952382,0.7714285714285715,0.5952380952380952,12.547619047619047,0.0,0.0,0.22857142857142856,0.0,0.0,0.0,14.004761904761905,1.1857142857142857,0.0,0.2619047619047619,0.6666666666666666,0.0,0.30952380952380953,0.6619047619047619,0.0,0.07142857142857142,0.0
956,1560,7,0.7416267942583732,0.0645933014354067,1.2488038277511961,2.5861244019138754,0.0,0.0,0.0,0.014354066985645933,0.0,0.0,0.0,0.0,0.0,0.08851674641148326,0.011961722488038277,0.0,0.0,0.0,0.01674641148325359,3.0454545454545454,0.07655502392344497,3.65311004784689,0.0,3.3923444976076556,0.722488038277512,0.2511961722488038,6.557416267942584,0.0,0.0,0.2894736842105263,0.0,0.0,0.0,13.311004784688995,1.4688995215311005,0.0,0.41626794258373206,0.6244019138755981,0.0,0.21291866028708134,0.569377990430622,0.0,0.03349282296650718,0.0
975,679,4,9.24102564102564,0.11794871794871795,0.8923076923076924,4.312820512820513,0.0,0.0,0.0,0.07692307692307693,0.0,0.0,0.24615384615384617,0.0,0.0,1.5076923076923077,0.38974358974358975,0.0,0.0,0.0,0.5692307692307692,10.435897435897436,0.05641025641025641,7.441025641025641,0.0,9.676923076923076,2.005128205128205,0.5641025641025641,10.471794871794872,0.0,0.0,0.358974358974359,0.18461538461538463,0.0,0.0,18.574358974358976,2.2153846153846155,0.0,0.2153846153846154,0.23076923076923078,0.0,0.6,1.041025641025641,0.0,5.158974358974359,0.5641025641025641
970,929,4,0.6246153846153846,0.10871794871794872,0.5097435897435898,4.166153846153846,0.0,0.0,0.0,0.0,0.0,0.0,0.0,0.0,0.0,0.027692307692307693,0.04,0.0,0.0,0.0,0.0010256410256410256,12.67897435897436,0.0071794871794871795,2.2256410256410257,0.0,7.409230769230769,3.3117948717948718,0.19897435897435897,4.198974358974359,0.0,0.0,0.1158974358974359,0.16923076923076924,0.0,0.0,16.202051282051283,2.9323076923076923,0.0,0.06769230769230769,0.06564102564102564,0.0,0.4728205128205128,0.5917948717948718,0.0,0.041025641025641026,0.0
961,1320,4,0.5406698564593302,0.07775119617224881,1.0119617224880382,4.251196172248804,0.0,0.0,0.0,0.11961722488038277,0.0,0.0,0.0,0.0,0.0,0.21889952153110048,0.03708133971291866,0.0,0.0,0.0,0.01555023923444976,11.38755980861244,0.004784688995215311,3.050239234449761,0.0,8.24401913875598,3.208133971291866,0.19138755980861244,4.082535885167464,0.0,0.0,0.0861244019138756,0.0,0.0,0.0,16.824162679425836,2.7811004784688995,0.0,0.3803827751196172,0.06339712918660287,0.0,0.5490430622009569,0.5418660287081339,0.0,0.03588516746411483,0.0
960,1609,6,0.5680628272251309,0.060209424083769635,1.568062827225131,3.4528795811518322,0.0,0.0,0.0,0.14921465968586387,0.0,0.0,0.0,0.0,0.0,0.22774869109947643,0.11780104712041885,0.0,0.0,0.0,0.0,14.337696335078535,0.07068062827225131,3.615183246073298,0.0,5.204188481675392,2.1230366492146597,0.06806282722513089,6.992146596858639,0.0,0.0,0.10209424083769633,0.0,0.0,0.0,14.730366492146597,1.8350785340314135,0.0,0.2198952879581152,0.18586387434554974,0.0,0.4031413612565445,0.7120418848167539,0.0,0.04712041884816754,0.0
966,798,4,1.2038567493112948,0.07713498622589532,0.768595041322314,3.628099173553719,0.0,0.1046831955922865,0.0,0.325068870523416,0.0,0.0,0.5564738292011019,0.0,0.6060606060606061,2.327823691460055,1.4931129476584022,0.0,0.0,0.01652892561983471,0.013774104683195593,12.046831955922865,0.027548209366391185,6.360881542699724,0.0,6.184573002754821,2.6170798898071626,0.7713498622589532,9.71625344352617,0.0,0.0,0.1322314049586777,0.0,0.0,0.0,15.862258953168045,1.5482093663911847,0.0,0.03305785123966942,0.027548209366391185,0.0,0.465564738292011,0.5840220385674931,0.0,0.19559228650137742,1.1928374655647382
962,853,4,0.7433628318584071,0.12831858407079647,0.4269911504424779,4.329646017699115,0.0,0.0,0.0,0.0,0.0,0.0,0.004424778761061947,0.0,0.0,0.004424778761061947,0.0,0.0,0.0,0.0,0.00663716814159292,16.376106194690266,0.01991150442477876,2.5088495575221237,0.0,12.163716814159292,3.2035398230088497,0.12389380530973451,2.8584070796460175,0.0,0.0,0.04424778761061947,0.0420353982300885,0.0,0.0,16.699115044247787,2.8473451327433628,0.0,0.2345132743362832,0.252212389380531,0.0,0.75,0.6039823008849557,0.0,0.02654867256637168,0.0
964,890,4,0.6188340807174888,0.13452914798206278,0.7645739910313901,4.320627802690583,0.0,0.0,0.0,0.23094170403587444,0.0,0.0,0.10089686098654709,0.04932735426008968,0.0,0.07623318385650224,0.21748878923766815,0.0,0.0,0.0,0.0,14.890134529147982,0.002242152466367713,2.412556053811659,0.0,10.641255605381167,5.105381165919282,0.12780269058295965,3.742152466367713,0.0,0.05605381165919283,0.17937219730941703,0.020179372197309416,0.0,0.0,16.661434977578477,2.697309417040359,0.3991031390134529,0.12556053811659193,0.09417040358744394,0.0,0.8071748878923767,0.5403587443946188,1.4304932735426008,0.04708520179372197,10.058295964125561
964,1974,4,0.5866935483870968,0.10080645161290322,0.594758064516129,3.778225806451613,0.0,0.0,0.0,0.006048387096774193,0.0,0.0,0.0,0.0,0.0,0.012096774193548387,0.0,0.0,0.0,0.0,0.0,10.633064516129032,0.018145161290322582,2.4516129032258065,0.0,6.215725806451613,3.1471774193548385,0.19959677419354838,3.0463709677419355,0.0,0.0,0.0625,0.08064516129032258,0.0,0.0,16.239919354838708,2.909274193548387,0.0,0.13911290322580644,0.0,0.0,0.43548387096774194,0.6471774193548387,0.0,0.02620967741935484,0.0
965,1031,4,0.6795698924731183,0.12688172043010754,0.3032258064516129,3.5978494623655912,0.0,0.008602150537634409,0.0,0.047311827956989246,0.0,0.0,0.0,0.030107526881720432,0.0,0.07096774193548387,0.017204301075268817,0.0,0.0,0.008602150537634409,0.0,11.716129032258065,0.008602150537634409,7.765591397849462,0.0,8.348387096774193,1.8408602150537634,0.12903225806451613,3.8623655913978494,0.0,0.0,0.15698924731182795,0.0,0.0,0.0,17.206451612903226,1.8688172043010753,0.0,0.0,0.27741935483870966,0.0,0.6150537634408603,0.6516129032258065,0.0,0.030107526881720432,0.4129032258064516
980,1856,4,0.4588235294117647,0.07941176470588235,0.5029411764705882,4.408823529411765,0.0,0.0,0.0,0.0,0.0,0.0,0.0,0.0,0.0,0.0,0.0,0.0,0.0,0.0,0.0,15.073529411764707,0.0,2.3441176470588236,0.0,12.444117647058823,3.5823529411764707,0.0,2.302941176470588,0.0,0.0,0.1588235294117647,0.11764705882352941,0.0,0.0,16.261764705882353,3.041176470588235,0.0,0.32941176470588235,0.026470588235294117,0.0,0.9205882352941176,0.5470588235294118,0.0,0.029411764705882353,0.0
968,176,15,0.5509554140127388,0.09394904458598727,1.0286624203821657,4.377388535031847,0.0,0.0,0.0,0.0,0.0,0.0,0.0,0.0,0.006369426751592357,0.03105095541401274,0.0023885350318471337,0.0,0.0,0.0,0.0,14.59235668789809,0.0660828025477707,3.246019108280255,0.0,8.545382165605096,3.039808917197452,1.0031847133757963,4.8097133757961785,0.0,0.08280254777070063,0.5445859872611465,0.14331210191082802,0.0,0.0,20.645700636942674,2.695063694267516,0.0,0.5294585987261147,0.12898089171974522,0.0,0.607484076433121,0.76671974522293,0.0,0.03503184713375796,0.0
971,378,4,29.99581589958159,0.08368200836820083,0.38284518828451886,2.721757322175732,0.0,0.04811715481171548,0.1694560669456067,0.9769874476987448,0.0,0.0,0.0,0.0,0.0,0.8347280334728033,0.2112970711297071,0.0,0.02510460251046025,0.03556485355648536,0.03556485355648536,5.679916317991632,0.0,3.723849372384937,0.0,6.169456066945607,1.0,0.39539748953974896,7.573221757322176,0.0,0.0,0.13179916317991633,0.0,0.0,0.10669456066945607,12.167364016736402,1.102510460251046,0.0,0.05230125523012552,0.1799163179916318,0.0,0.5271966527196653,0.9121338912133892,0.0,18.87029288702929,0.6841004184100419
975,1541,4,0.6772727272727272,0.07727272727272727,0.5454545454545454,3.2181818181818183,0.0,0.0,0.0,0.0,0.0,0.0,0.0,0.0,0.0,0.0,0.0,0.0,0.0,0.0,0.0,10.443181818181818,0.0,1.7068181818181818,0.0,6.556818181818182,1.8681818181818182,0.21136363636363636,3.415909090909091,0.0,0.11818181818181818,0.00909090909090909,0.3386363636363636,0.0,0.0,12.8,1.9659090909090908,0.0,0.0,0.09545454545454546,0.0,0.5204545454545455,0.509090909090909,0.0,0.025,0.0
967,656,7,6.214765100671141,0.087248322147651,0.5626398210290827,4.027964205816555,0.0,0.0,0.0,0.011185682326621925,0.0,0.0,0.017897091722595078,0.0,0.003355704697986577,0.18008948545861297,0.07270693512304251,0.0,0.0,0.0,0.0,13.788590604026846,0.039149888143176735,5.708053691275167,0.0,8.568232662192393,2.184563758389262,0.21923937360178972,7.759507829977629,0.0,0.0,0.07270693512304251,0.05592841163310962,0.0,0.0,16.906040268456376,2.1599552572706937,0.0,0.024608501118568233,0.10626398210290827,0.0,0.5995525727069351,0.6767337807606264,0.0,2.7539149888143175,0.0
985,280,4,0.608,0.092,1.248,2.548,0.0,0.0,0.0,0.0,0.0,0.0,0.428,0.0,0.0,0.852,0.284,0.0,0.0,0.0,1.46,7.252,0.0,2.02,0.0,3.412,0.764,0.26,5.608,0.0,0.0,0.116,0.0,0.636,0.0,10.36,1.204,0.0,0.0,0.0,0.1,0.0,0.536,0.0,0.064,8.724
970,597,4,0.9608294930875576,0.07603686635944701,0.38402457757296465,3.2119815668202767,0.0,0.0,0.0,0.009984639016897081,0.0,0.0,0.026113671274961597,0.0,0.0,0.25268817204301075,0.08141321044546851,0.0,0.0,0.0,0.09600614439324116,13.45852534562212,0.004608294930875576,2.8755760368663594,0.0,5.922427035330261,1.1021505376344085,0.15053763440860216,3.8225806451612905,0.0,0.0,0.016129032258064516,0.060675883256528416,0.016897081413210446,0.0,11.821044546850999,1.7250384024577572,0.0,0.10829493087557604,0.030721966205837174,0.007680491551459293,0.4377880184331797,0.5314900153609831,0.0,0.21812596006144394,0.1098310291858679
984,1516,4,0.630718954248366,0.08496732026143791,1.2647058823529411,2.630718954248366,0.0,0.0,0.0,0.10130718954248366,0.0,0.0,0.0,0.0,0.0,0.22549019607843138,0.0457516339869281,0.0,0.0,0.0,0.0,10.630718954248366,0.0,2.2058823529411766,0.0,2.480392156862745,0.47058823529411764,0.06535947712418301,5.19281045751634,0.0,0.0,0.10457516339869281,0.0,0.0,0.0,10.088235294117647,1.1470588235294117,0.0,0.7777777777777778,0.4477124183006536,0.0,0.029411764705882353,0.5294117647058824,0.0,0.029411764705882353,0.0
992,2007,4,1.2056384742951907,0.08540630182421227,0.4867330016583748,4.922056384742952,0.0,0.0,0.02736318407960199,0.014096185737976783,0.0,0.0,0.0008291873963515755,0.0,0.0,0.08374792703150911,0.0538971807628524,0.0,0.0,0.0,0.0,13.912935323383085,0.015754560530679935,5.149253731343284,0.0,10.132669983416251,3.15257048092869,0.175787728026534,4.947761194029851,0.0,0.0,0.0,0.22388059701492538,0.0,0.0,19.890547263681594,2.9096185737976783,0.0,0.015754560530679935,0.0,0.0,0.75787728026534,0.6791044776119403,0.0,0.24875621890547264,0.0
969,1050,4,2.705719557195572,0.15129151291512916,0.3477859778597786,5.256457564575646,0.0,0.0,0.0,0.0,0.0,0.0,0.0,0.0,0.0009225092250922509,0.07472324723247233,0.008302583025830259,0.0,0.0,0.0,0.0,11.16789667896679,0.03228782287822878,28.34409594095941,0.0,8.421586715867159,1.8809963099630995,0.23247232472324722,3.9916974169741697,0.0,0.0,0.1937269372693727,0.0,0.0,0.0,18.728782287822877,2.0285977859778597,0.0,0.11992619926199262,0.12177121771217712,0.0,0.6236162361623616,3.0055350553505535,0.0,1.3330258302583027,0.0
967,199,12,0.5078534031413613,0.09424083769633508,1.2696335078534031,5.031413612565445,0.0,0.0,0.0,0.0,0.0,0.0,0.0,0.0,0.0,0.0,0.0,0.0,0.0,0.0,0.0,14.227748691099476,0.0,2.3664921465968587,0.0,10.013089005235603,3.93717277486911,0.02356020942408377,3.680628272251309,0.0,0.0,0.2931937172774869,0.2486910994764398,0.0,0.0,18.369109947643977,3.170157068062827,0.0,0.6387434554973822,0.09162303664921466,0.0,0.7382198952879581,0.5602094240837696,0.0,0.0549738219895288,0.0
980,1013,4,1.1538461538461537,0.01775147928994083,0.1834319526627219,1.9230769230769231,0.0,0.0,0.0,1.7810650887573964,0.0,0.0,0.0,0.0,0.0,1.7633136094674555,0.6390532544378699,0.0,0.029585798816568046,0.2485207100591716,0.0,2.4201183431952664,0.0,4.727810650887574,0.0,1.7751479289940828,1.0769230769230769,0.7455621301775148,8.14792899408284,0.0,0.0,0.0,0.0,0.0,0.0,10.95266272189349,0.9822485207100592,0.0,0.0,0.5207100591715976,0.0,0.8698224852071006,0.4556213017751479,0.0,0.3905325443786982,2.7159763313609466
968,819,7,0.5643153526970954,0.09024896265560166,0.4823651452282158,4.3620331950207465,0.0,0.0,0.0,0.0,0.0,0.0,0.0,0.0,0.0,0.0031120331950207467,0.0,0.0,0.0,0.0,0.0,13.088174273858922,0.012448132780082987,2.3143153526970957,0.0,9.298755186721992,3.5321576763485476,0.0031120331950207467,2.2977178423236513,0.0,0.0,0.3921161825726141,0.0,0.0,0.0,16.07883817427386,2.9896265560165975,0.0,0.4149377593360996,0.20643153526970953,0.0,0.6151452282157677,0.5975103734439834,0.0,0.04979253112033195,0.0
971,1597,4,0.6701030927835051,0.0979381443298969,1.1597938144329898,2.6443298969072164,0.0,0.0,0.0,0.0,0.0,0.0,0.3402061855670103,0.0,0.0,0.5051546391752577,0.18041237113402062,0.0,0.0,0.0,1.092783505154639,2.6391752577319587,0.09278350515463918,1.958762886597938,0.0,2.9742268041237114,1.092783505154639,0.7010309278350515,4.664948453608248,0.0,0.0,0.35051546391752575,0.0,0.0,0.0,13.407216494845361,2.2422680412371134,0.0,0.6288659793814433,0.8402061855670103,0.08762886597938144,0.15979381443298968,0.6237113402061856,0.0,0.07216494845360824,0.0
968,1785,4,1.73125,0.0625,0.38125,5.5,0.0,0.0,0.0,0.04375,0.0,0.0,0.03125,0.0,0.0,0.375,0.1875,0.0,0.0,0.0,0.0,15.04375,0.0,6.25,0.0,22.025,3.6,0.16875,4.8,0.0,0.5875,0.14375,0.0,0.0,0.0,21.75,2.975,0.0,0.06875,0.0,0.0,1.625,0.61875,0.0,0.4,0.0
974,252,7,0.5039370078740157,0.05905511811023622,0.7322834645669292,3.177165354330709,0.0,0.0,0.0,0.003937007874015748,0.0,0.0,0.0,0.0,0.0,0.14566929133858267,0.06692913385826772,0.0,0.0,0.0,0.0,3.7598425196850394,0.1062992125984252,3.594488188976378,0.0,3.405511811023622,1.5354330708661417,0.7086614173228346,5.070866141732283,0.0,0.0,0.1377952755905512,0.0,0.0,0.0,16.996062992125985,1.763779527559055,0.0,0.43700787401574803,0.0,0.0,0.05511811023622047,0.5905511811023622,0.0,0.04330708661417323,0.0
987,413,4,0.5441176470588235,0.07352941176470588,0.24411764705882352,3.3147058823529414,0.0,0.0,0.0,0.3764705882352941,0.0,0.0,0.4088235294117647,0.0,0.0058823529411764705,1.7941176470588236,0.6941176470588235,0.0,0.09705882352941177,0.40294117647058825,0.7205882352941176,18.30294117647059,0.0,3.5764705882352943,0.0,7.188235294117647,1.5558823529411765,0.38235294117647056,4.58235294117647,0.0,0.0,0.0,0.0,0.28823529411764703,0.0,12.385294117647058,1.5941176470588236,0.0,0.0,0.18823529411764706,0.061764705882352944,0.9970588235294118,0.5294117647058824,0.0,0.08823529411764706,6.502941176470588
971,524,4,0.6189083820662769,0.09551656920077972,0.5750487329434698,3.939571150097466,0.0,0.0,0.0,0.0,0.0,0.0,0.00682261208576998,0.0,0.0,0.036062378167641324,0.0009746588693957114,0.0,0.0,0.0,0.06725146198830409,12.599415204678362,0.0009746588693957114,1.9278752436647173,0.0,12.215399610136453,2.7475633528265107,0.04873294346978557,3.2261208576998053,0.0,0.05360623781676413,0.24366471734892786,0.0,0.0,0.0,13.617933723196881,2.3703703703703702,0.0,0.4512670565302144,0.015594541910331383,0.0,0.7758284600389863,0.5214424951267057,0.0,0.030214424951267055,0.029239766081871343
978,1119,4,0.5316901408450704,0.12323943661971831,0.7253521126760564,5.176056338028169,0.0,0.0,0.0,0.045774647887323945,0.0,0.0,0.0,0.0,0.0,0.09154929577464789,0.02112676056338028,0.0,0.24647887323943662,0.007042253521126761,0.0,21.172535211267604,0.0,2.063380281690141,0.0,11.327464788732394,2.352112676056338,0.017605633802816902,3.109154929577465,0.0,0.0,0.3908450704225352,0.5845070422535211,0.0,0.0,18.654929577464788,3.288732394366197,0.0,0.03169014084507042,0.05985915492957746,0.0,1.6161971830985915,0.5915492957746479,0.0,0.028169014084507043,0.4295774647887324
972,1286,7,0.8042635658914729,0.0872093023255814,1.1317829457364341,3.935077519379845,0.0,0.1695736434108527,0.0,0.19476744186046513,0.0,0.013565891472868217,0.0,0.0,0.0,0.7073643410852714,0.25193798449612403,0.0,0.0,0.00872093023255814,0.00872093023255814,13.551356589147288,0.0436046511627907,4.074612403100775,0.0,8.560077519379846,1.7209302325581395,1.7732558139534884,6.12015503875969,1.441860465116279,0.0,0.040697674418604654,0.0,0.0,0.0,15.452519379844961,2.117248062015504,0.0,0.2742248062015504,0.05135658914728682,0.0,1.0155038759689923,0.6007751937984496,0.0,0.11627906976744186,4.1065891472868215
972,1584,4,0.6422018348623854,0.10275229357798166,0.6,5.552293577981652,0.0,0.0,0.0,0.0,0.0,0.0,0.5082568807339449,0.0,0.0,1.5889908256880734,1.0293577981651376,0.0,0.0,0.0,1.453211009174312,14.521100917431193,0.07889908256880734,2.1743119266055047,0.001834862385321101,17.785321100917432,5.73394495412844,0.0,5.062385321100917,0.0,0.0,0.726605504587156,0.0,0.3247706422018349,0.0,20.699082568807338,3.2605504587155965,0.0,0.344954128440367,0.24587155963302754,0.5339449541284403,1.2091743119266054,0.5688073394495413,0.0,0.07155963302752294,4.447706422018348
982,1833,4,4.725085910652921,0.08247422680412371,0.2542955326460481,4.243986254295533,0.0,0.0,0.0,0.0,0.0,0.0,0.058419243986254296,0.0,0.0,0.3402061855670103,0.054982817869415807,0.0,0.0,0.0,0.10652920962199312,10.219931271477662,0.0,5.247422680412371,0.0,13.099656357388316,2.5189003436426116,0.1134020618556701,5.065292096219931,0.0,0.06529209621993128,0.15120274914089346,0.0,0.003436426116838488,0.0,18.185567010309278,2.5532646048109964,0.0,0.0,0.0,0.0,0.9175257731958762,0.711340206185567,0.0,1.9896907216494846,0.0
973,776,12,0.5,0.06944444444444445,0.7100694444444444,3.4114583333333335,0.0,0.0,0.0,0.0,0.0,0.0,0.0,0.0,0.0,0.0,0.0,0.0,0.0,0.0,0.0,7.814236111111111,0.1111111111111111,3.123263888888889,0.0,4.753472222222222,1.5104166666666667,0.7013888888888888,4.293402777777778,0.0,0.0,0.234375,0.0,0.0,0.0,18.078125,2.1996527777777777,0.0,0.1736111111111111,0.012152777777777778,0.0,0.3090277777777778,0.6302083333333334,0.0,0.027777777777777776,0.0
977,1950,4,0.6908396946564885,0.12595419847328243,0.9427480916030534,3.7595419847328246,0.0,0.0,0.0,0.6183206106870229,0.0,0.0,0.0,0.0,0.0,0.4312977099236641,0.12213740458015267,0.0,0.030534351145038167,0.2480916030534351,0.0,8.622137404580153,0.0,3.049618320610687,0.0,6.572519083969466,2.446564885496183,0.14885496183206107,3.4923664122137406,0.0,0.0,0.11068702290076336,0.0,0.0,0.0,14.793893129770993,2.49618320610687,0.0,0.6145038167938931,0.10687022900763359,0.0,0.6335877862595419,0.5343511450381679,0.015267175572519083,0.08396946564885496,2.1793893129770994
976,431,4,0.6981132075471698,0.09643605870020965,0.7169811320754716,4.018867924528302,0.0,0.0,0.0,0.3228511530398323,0.0,0.0,0.0,0.21593291404612158,0.0,0.16142557651991615,0.14255765199161424,0.0,0.0,0.0020964360587002098,0.0,10.014675052410901,0.023060796645702306,5.111111111111111,0.0,12.280922431865829,4.20545073375262,0.1740041928721174,5.6079664570230605,0.0,0.0,0.12578616352201258,0.0,0.0,0.0,19.761006289308177,2.3333333333333335,0.0,0.006289308176100629,0.07756813417190776,0.0,1.1341719077568133,0.6813417190775681,0.0,0.09224318658280922,4.834381551362683
986,706,4,0.61875,0.0625,0.953125,3.6625,0.0,0.0,0.0,0.0,0.0,0.0,0.0,0.0,0.0,0.0,0.0,0.0,0.0,0.0,0.0,11.446875,0.0,1.83125,0.0,8.528125,1.984375,0.040625,4.221875,0.0,0.0,0.128125,0.16875,0.0,0.0,14.11875,2.20625,0.0,0.25,0.103125,0.0,0.83125,0.51875,0.0,0.028125,0.0
979,739,4,0.6600234466588512,0.11019929660023446,0.5920281359906213,4.098475967174678,0.0,0.0,0.0,0.044548651817116064,0.0,0.0,0.0,0.0,0.0,0.0,0.0,0.0,0.0,0.0,0.0,15.153575615474795,0.009378663540445486,2.100820633059789,0.0,9.343493552168816,3.0128956623681127,0.13130128956623682,3.525205158264947,0.0,0.0,0.08909730363423213,0.012895662368112544,0.0,0.0,15.526377491207503,2.7842907385697537,0.0,0.2508792497069168,0.1981242672919109,0.0,0.5908558030480656,0.5756154747948418,0.0,0.02813599062133646,0.0
982,876,4,0.7287899860917941,0.08066759388038942,0.9860917941585535,3.089012517385257,0.0,0.0,0.0,0.15438108484005564,0.0,0.0,0.0,0.0,0.0,0.14186369958275383,0.02642559109874826,0.0,0.08066759388038942,0.28372739916550765,0.0,10.962447844228095,0.04033379694019471,3.2712100139082056,0.0,4.011126564673157,0.9290681502086231,0.16689847009735745,3.7399165507649514,0.0,0.0,0.13212795549374132,0.0,0.0,0.0,12.228094575799721,1.60778859527121,0.0,0.2670375521557719,0.3337969401947149,0.0,0.3866481223922114,0.5632823365785814,0.1349095966620306,0.03337969401947149,3.642559109874826
972,1872,4,0.6459627329192547,0.09937888198757763,0.38354037267080743,3.8649068322981366,0.0,0.0,0.0,0.0,0.0,0.0,0.0,0.0,0.0,0.0,0.0,0.0,0.0,0.0,0.0,12.21583850931677,0.0,2.190993788819876,0.0,11.161490683229813,3.31055900621118,0.06677018633540373,3.124223602484472,0.0,0.0,0.07298136645962733,0.0,0.0,0.0,14.849378881987578,2.5838509316770186,0.05124223602484472,0.13354037267080746,0.13509316770186336,0.0,0.7639751552795031,0.515527950310559,0.0,0.029503105590062112,0.0
975,1325,4,0.5266666666666666,0.06666666666666667,0.7266666666666667,3.473333333333333,0.0,0.0,0.0,0.0,0.0,0.0,0.0,0.0,0.0,0.0,0.0,0.0,0.0,0.0,0.0,10.98,0.1,3.493333333333333,0.0,7.24,2.0533333333333332,0.84,5.266666666666667,0.0,0.0,0.43333333333333335,0.0,0.0,0.0,19.2,2.3266666666666667,0.0,0.30666666666666664,0.24666666666666667,0.0,0.49333333333333335,0.7266666666666667,0.0,0.02666666666666667,0.0
979,1345,7,0.6204819277108434,0.09036144578313253,0.8855421686746988,3.4397590361445785,0.0,0.0,0.0,0.13855421686746988,0.0,0.0,0.06626506024096386,0.0,0.0,0.6144578313253012,0.25301204819277107,0.0,0.0,0.0,0.18072289156626506,5.975903614457831,0.0,3.753012048192771,0.0,7.066265060240964,1.8614457831325302,0.10240963855421686,4.975903614457831,0.0,0.0,0.3072289156626506,0.0,0.0,0.0,17.162650602409638,2.4096385542168677,0.0,0.19879518072289157,0.13855421686746988,0.024096385542168676,0.4819277108433735,0.6626506024096386,0.0,0.04819277108433735,0.0
984,1443,4,0.6451612903225806,0.09108159392789374,1.1309297912713472,4.144212523719165,0.0,0.0,0.0,0.15749525616698293,0.0,0.0,0.269449715370019,0.0,0.06641366223908918,1.9146110056925996,0.825426944971537,0.0,0.0,0.0,0.6299810246679317,16.259962049335865,0.06072106261859583,3.2979127134724857,0.0,12.106261859582542,2.836812144212524,0.15180265654648956,6.764705882352941,0.0,0.0,0.3889943074003795,0.0,0.1442125237191651,0.0,16.768500948766604,2.299810246679317,0.0,0.3927893738140417,0.43263757115749524,0.25996204933586337,0.7381404174573055,0.603415559772296,0.0,0.09108159392789374,3.8026565464895636
978,46,4,0.6977848101265823,0.06487341772151899,1.0806962025316456,4.074367088607595,0.0,0.0,0.0,0.03164556962025317,0.0,0.0,0.0,0.0,0.0,0.314873417721519,0.03639240506329114,0.0,0.06329113924050633,0.0,0.0,13.596518987341772,0.05221518987341772,3.3591772151898733,0.0,10.91139240506329,2.7278481012658227,0.28322784810126583,7.3655063291139244,0.0,0.0,0.07911392405063292,0.125,0.0,0.0,17.593354430379748,2.411392405063291,0.0,0.0379746835443038,0.11075949367088607,0.0,0.680379746835443,0.6360759493670886,0.0,0.028481012658227847,0.0
979,75,4,0.5522388059701493,0.050746268656716415,0.7611940298507462,2.4298507462686567,0.0,0.0,0.0,0.14328358208955225,0.0,0.0,0.0,0.0,0.0,0.3373134328358209,0.0,0.0,0.0,0.0,0.0,3.1492537313432836,0.0,1.7582089552238807,0.0,1.9671641791044776,0.7432835820895523,0.10149253731343283,4.832835820895522,0.0,0.0,0.2298507462686567,0.0,0.0,0.0,9.588059701492538,1.226865671641791,0.0,0.45671641791044776,0.0,0.0,0.08955223880597014,0.48059701492537316,0.0,0.020895522388059702,0.0
981,852,4,0.49701492537313435,0.11791044776119403,0.8835820895522388,2.916417910447761,0.0,0.01791044776119403,0.0,0.1208955223880597,0.0,0.0,0.0,0.0,0.0,0.4044776119402985,0.014925373134328358,0.0,0.0,0.0,0.0,12.344776119402985,0.014925373134328358,1.5940298507462687,0.0,5.897014925373134,0.9164179104477612,0.0791044776119403,4.8149253731343284,0.0,0.0,0.041791044776119404,0.025373134328358207,0.0,0.0,10.608955223880598,1.3701492537313433,0.0,0.2746268656716418,0.0014925373134328358,0.0,0.417910447761194,0.45223880597014926,0.0,0.03134328358208955,0.0
980,1456,4,0.682261208576998,0.10916179337231968,0.7056530214424951,3.94541910331384,0.0,0.0,0.0,0.0,0.0,0.0,0.0,0.10331384015594541,0.0,0.13060428849902533,0.16374269005847952,0.0,0.0,0.0,0.0,15.742690058479532,0.0,2.1033138401559452,0.0,8.159844054580896,4.649122807017544,0.02729044834307992,3.304093567251462,0.0,0.04678362573099415,0.28460038986354774,0.0,0.0,0.0,15.38401559454191,2.280701754385965,0.47173489278752434,0.07212475633528265,0.037037037037037035,0.0,0.6393762183235867,0.6062378167641326,1.3391812865497077,0.05458089668615984,15.292397660818713
979,968,4,0.5564853556485355,0.1087866108786611,0.3472803347280335,5.2845188284518825,0.0,0.0,0.0,0.0,0.0,0.0,0.0,0.0,0.0,0.09205020920502092,0.0,0.0,0.0,0.0,0.0,16.757322175732217,0.0,2.98744769874477,0.0,14.811715481171548,3.7364016736401675,0.012552301255230125,3.811715481171548,0.0,0.0,0.04184100418410042,0.4686192468619247,0.0,0.0,20.615062761506277,3.0,0.0,0.0,0.13389121338912133,0.0,1.0167364016736402,0.694560669456067,0.0,0.02092050209205021,0.0
987,1177,5,0.46006389776357826,0.08306709265175719,0.6773162939297125,3.830670926517572,0.0,0.0,0.0,0.0,0.0,0.0,0.0,0.0,0.0,0.0,0.0,0.0,0.0,0.0,0.0,13.677316293929712,0.009584664536741214,2.1182108626198084,0.0,10.437699680511182,2.428115015974441,0.08306709265175719,3.0287539936102235,0.0,0.0,0.07348242811501597,0.0,0.0,0.0,15.207667731629392,2.6389776357827475,0.0,0.645367412140575,0.18849840255591055,0.0,0.6837060702875399,0.5718849840255591,0.0,0.03514376996805112,0.0
980,1568,4,0.6798418972332015,0.09354413702239789,0.7773386034255599,5.022397891963109,0.0,0.03293807641633729,0.0,0.463768115942029,0.0,0.17523056653491437,0.3715415019762846,0.0,0.43478260869565216,1.401844532279315,0.8722002635046113,0.0,0.0,0.06060606060606061,0.028985507246376812,15.126482213438734,0.048748353096179184,5.339920948616601,0.35177865612648224,19.557312252964426,6.525691699604743,0.2977602108036891,4.956521739130435,0.0,0.0,0.09881422924901186,0.0,0.530961791831357,0.0,19.16337285902503,3.197628458498024,0.0,0.2503293807641634,0.00922266139657444,0.0,1.469038208168643,0.6205533596837944,0.20816864295125165,0.10276679841897234,6.420289855072464
990,1882,4,2.9209621993127146,0.0859106529209622,0.4879725085910653,3.3024054982817868,0.0,0.0,0.0,0.0,0.0,0.0,0.010309278350515464,0.0,0.0,0.17869415807560138,0.03436426116838488,0.0,0.0,0.0,0.09278350515463918,5.378006872852234,0.0,4.381443298969073,0.0,6.546391752577319,0.9896907216494846,0.20962199312714777,4.9243986254295535,0.0,0.0,0.06872852233676977,0.0,0.0,0.0,14.175257731958762,1.6941580756013745,0.0,0.027491408934707903,0.1134020618556701,0.0,0.41924398625429554,0.711340206185567,0.0,0.6254295532646048,0.0
996,1713,4,0.5625,0.09698275862068965,0.7112068965517241,3.4525862068965516,0.0,0.0,0.0,0.0021551724137931034,0.0,0.0,0.0,0.0,0.0,0.05172413793103448,0.0,0.0,0.0,0.0,0.0,8.851293103448276,0.03879310344827586,8.732758620689655,0.0,6.004310344827586,1.7047413793103448,0.8383620689655172,4.890086206896552,0.0,0.0,0.5280172413793104,0.0,0.0,0.0,16.392241379310345,1.8771551724137931,0.0,0.4331896551724138,0.26939655172413796,0.0,0.3857758620689655,9.857758620689655,0.0,0.032327586206896554,0.0
981,1763,6,0.5540386803185438,0.09442548350398179,0.3993174061433447,4.263367463026166,0.0017064846416382253,0.03981797497155859,0.0,0.027303754266211604,0.0,0.0,0.01763367463026166,0.0,0.002844141069397042,0.1285551763367463,0.08703071672354949,0.0,0.013651877133105802,0.055176336746302616,0.004550625711035267,14.26052332195677,0.04778156996587031,3.697383390216155,0.0,8.351535836177474,5.250853242320819,0.6581342434584755,4.150739476678043,0.0,0.0,0.11717861205915814,0.295221843003413,0.030147895335608646,0.0,21.350398179749714,2.9653014789533563,0.0,0.19908987485779295,0.06655290102389079,0.0,0.6916951080773607,0.674061433447099,0.0,0.03924914675767918,0.4101251422070535
987,307,4,0.5076335877862596,0.0648854961832061,1.3015267175572518,3.133587786259542,0.0,0.4847328244274809,0.0,1.3854961832061068,0.0,0.0,0.5992366412213741,0.0,0.38549618320610685,2.4083969465648853,1.1488549618320612,0.0,0.0,0.0,0.0,2.1297709923664123,0.1450381679389313,8.965648854961833,0.0,2.3702290076335877,2.1755725190839694,2.3893129770992365,9.885496183206106,0.0,0.0,0.0,0.0,0.0,0.0,17.31679389312977,1.7442748091603053,0.0,0.23282442748091603,0.23282442748091603,0.0,0.2824427480916031,0.5267175572519084,0.0,0.09923664122137404,2.5877862595419847
985,537,12,0.5746835443037974,0.035443037974683546,1.1620253164556962,2.3518987341772153,0.0,0.0,0.0,0.0,0.0,0.0,0.0,0.0,0.0,0.017721518987341773,0.0,0.0,0.0,0.0,0.0,3.8,0.0,2.4075949367088607,0.0,2.9316455696202532,0.7493670886075949,0.11392405063291139,6.926582278481012,0.0,0.0,0.0,0.0,0.0,0.0,10.164556962025317,1.450632911392405,0.0,0.08860759493670886,0.06835443037974684,0.0,0.4177215189873418,0.5164556962025316,0.0,0.03291139240506329,0.0
980,1204,4,0.6004784688995215,0.0861244019138756,0.4473684210526316,2.825358851674641,0.0,0.0,0.0,0.5047846889952153,0.0,0.0,0.0,0.0,0.0,0.29904306220095694,0.07416267942583732,0.0,0.0,0.33014354066985646,0.0,8.870813397129186,0.0,2.5861244019138754,0.0,5.849282296650718,2.0,0.0861244019138756,3.712918660287081,0.0,0.007177033492822967,0.12440191387559808,0.0,0.0,0.0,11.17224880382775,1.5,0.0,0.03110047846889952,0.14354066985645933,0.0,1.014354066985646,0.5215311004784688,0.0,0.07655502392344497,6.011961722488039
989,1781,6,0.6435185185185185,0.08796296296296297,1.7824074074074074,4.37037037037037,0.0,0.0,0.0,0.08333333333333333,0.0,0.023148148148148147,0.032407407407407406,0.0,0.08333333333333333,0.25462962962962965,0.16666666666666666,0.0,0.0,0.0,0.0,12.189814814814815,0.08333333333333333,2.1203703703703702,0.0,6.435185185185185,2.388888888888889,0.09259259259259259,4.606481481481482,0.0,0.0,0.25,0.25462962962962965,0.0,0.0,19.287037037037038,3.1064814814814814,0.0,0.19444444444444445,0.2777777777777778,0.0,1.0694444444444444,0.6898148148148148,0.0,0.041666666666666664,0.0
981,1807,4,0.5482233502538071,0.09644670050761421,0.9458544839255499,5.148900169204738,0.0,0.043993231810490696,0.0,0.12013536379018612,0.0,0.0,0.29441624365482233,0.0,0.19627749576988154,1.2791878172588833,0.7208121827411168,0.0,0.0,0.0,0.0,17.62098138747885,0.1404399323181049,3.8003384094754655,0.0,12.358714043993231,4.131979695431472,1.1472081218274113,6.666666666666667,0.0,0.0,0.07445008460236886,0.0,0.0,0.0,22.75296108291032,2.8375634517766497,0.0,0.1319796954314721,0.09137055837563451,0.0,0.7817258883248731,0.622673434856176,0.0,0.09644670050761421,5.340101522842639
988,176,4,0.5945945945945946,0.08408408408408409,0.8378378378378378,3.6246246246246248,0.0,0.0,0.0,0.0,0.0,0.0,0.0,0.0,0.0,0.0,0.0,0.0,0.0,0.0,0.0,11.516516516516516,0.11711711711711711,3.78978978978979,0.0,9.438438438438439,1.894894894894895,0.7807807807807807,6.057057057057057,0.0,0.0,0.26426426426426425,0.0,0.0,0.0,18.32132132132132,2.066066066066066,0.0,0.3003003003003003,0.0,0.0,0.6486486486486487,0.5975975975975976,0.0,0.04504504504504504,0.0
978,202,12,2.513803680981595,0.08128834355828221,0.0352760736196319,2.3021472392638036,0.0,0.0,0.0,0.03680981595092025,0.0,0.0,0.0,0.0,0.0,0.13496932515337423,0.006134969325153374,0.0,0.0,0.0,0.0,8.150306748466258,0.0,2.121165644171779,0.0,7.21319018404908,1.210122699386503,0.25920245398773006,5.4892638036809815,0.0,0.0,0.1165644171779141,0.0,0.0,0.0,9.618098159509202,1.3052147239263803,0.0,0.006134969325153374,0.21625766871165644,0.0,0.504601226993865,0.49693251533742333,0.0,0.6825153374233128,0.0
979,823,7,0.8841463414634146,0.07317073170731707,0.036585365853658534,1.8841463414634145,0.0,0.0,0.0,1.0304878048780488,0.0,0.0,0.0,0.0,0.0,1.0914634146341464,0.43902439024390244,0.0,0.0,0.07317073170731707,0.0,1.8109756097560976,0.0,3.5609756097560976,0.0,1.3597560975609757,0.7682926829268293,0.42073170731707316,5.140243902439025,0.0,0.0,0.0,0.0,0.0,0.0,9.170731707317072,0.9390243902439024,0.0,0.0,0.16463414634146342,0.0,0.4634146341463415,0.5060975609756098,0.0,0.1951219512195122,5.5426829268292686
985,902,4,0.6584362139917695,0.0823045267489712,1.4197530864197532,2.4650205761316872,0.0,0.0,0.0,0.0,0.0,0.0,0.27983539094650206,0.0,0.0,0.9794238683127572,0.4732510288065844,0.0,0.0,0.0,0.8148148148148148,3.3950617283950617,0.09465020576131687,2.1481481481481484,0.0,4.0699588477366255,1.1728395061728396,0.6995884773662552,5.625514403292181,0.0,0.0823045267489712,0.32510288065843623,0.0,0.0,0.0,11.567901234567902,1.654320987654321,0.0,0.6296296296296297,0.6419753086419753,0.07818930041152264,0.205761316872428,0.5596707818930041,0.0,0.07818930041152264,0.0205761316872428
982,1609,4,0.580952380952381,0.09523809523809523,1.338095238095238,3.9166666666666665,0.0,0.0,0.0,0.047619047619047616,0.0,0.0,0.0,0.0,0.0,0.21428571428571427,0.002380952380952381,0.0,0.0,0.0,0.0,13.088095238095239,0.0,2.966666666666667,0.0,5.4714285714285715,1.8785714285714286,0.15476190476190477,4.445238095238095,0.0,0.0,0.02857142857142857,0.0,0.0,0.0,14.75952380952381,2.2666666666666666,0.0,0.42142857142857143,0.0,0.0,0.28095238095238095,0.5904761904761905,0.0,0.04285714285714286,0.0
982,1682,4,0.9936305732484076,0.09872611464968153,0.4299363057324841,4.286624203821656,0.0,0.0,0.0,0.0,0.0,0.0,0.01592356687898089,0.0,0.0031847133757961785,0.22611464968152867,0.10191082802547771,0.0,0.0,0.0,0.0,14.726114649681529,0.0,4.796178343949045,0.0,16.503184713375795,3.0095541401273884,0.3248407643312102,6.808917197452229,0.0,0.0,0.20063694267515925,0.0,0.0,0.0,18.130573248407643,2.299363057324841,0.0,0.23248407643312102,0.11464968152866242,0.0,1.1878980891719746,0.732484076433121,0.0,0.054140127388535034,0.0
981,1917,4,0.5811320754716981,0.07547169811320754,0.12075471698113208,3.6867924528301885,0.0,0.0,0.0,0.0,0.0,0.0,0.0830188679245283,0.0,0.045283018867924525,0.3886792452830189,0.3169811320754717,0.0,0.0,0.0,0.0,13.683018867924527,0.07169811320754717,4.40377358490566,0.0,5.3283018867924525,3.720754716981132,0.38113207547169814,4.773584905660377,0.0,0.0,0.06037735849056604,0.18867924528301888,0.0,0.0,18.79245283018868,2.479245283018868,0.0,0.0,0.011320754716981131,0.0,0.45660377358490567,0.6075471698113207,0.0,0.03773584905660377,0.0
993,333,4,0.5354330708661418,0.07480314960629922,0.5354330708661418,3.547244094488189,0.0,0.0,0.0,0.0,0.0,0.0,0.0,0.0,0.0,0.0,0.0,0.0,0.0,0.0,0.0,11.507874015748031,0.007874015748031496,3.248031496062992,0.0,8.216535433070867,1.5433070866141732,0.23228346456692914,4.070866141732283,0.0,0.0,0.6732283464566929,0.0,0.0,0.0,17.22047244094488,1.905511811023622,0.0,0.4566929133858268,0.15354330708661418,0.0,0.44881889763779526,0.547244094488189,0.0,0.023622047244094488,0.0
992,475,4,0.4856115107913669,0.07014388489208633,0.8003597122302158,3.430755395683453,0.0,0.0,0.0,0.0,0.0,0.0,0.0,0.0,0.0,0.0,0.0,0.0,0.0,0.0,0.0,12.671762589928058,0.0,2.204136690647482,0.0,6.535071942446043,1.5692446043165467,0.00539568345323741,3.9181654676258995,0.0,0.0,0.03147482014388489,0.05935251798561151,0.0,0.0,12.474820143884893,1.955935251798561,0.0,0.08273381294964029,0.09352517985611511,0.0,0.7338129496402878,0.4910071942446043,0.0,0.030575539568345324,0.0
995,1971,4,0.5903954802259888,0.09322033898305085,1.1935028248587571,3.516949152542373,0.0,0.0,0.0,0.022598870056497175,0.0,0.0,0.0,0.0,0.0,0.06497175141242938,0.0,0.0,0.0,0.0,0.0,12.63135593220339,0.0,1.752824858757062,0.0,6.388418079096045,1.307909604519774,0.12429378531073447,4.6059322033898304,0.0,0.0,0.05084745762711865,0.211864406779661,0.0,0.0,12.77683615819209,1.9731638418079096,0.0,0.08333333333333333,0.0,0.0,0.5254237288135594,0.5127118644067796,0.0,0.03531073446327684,0.0
983,292,4,0.6151574803149606,0.17224409448818898,1.0885826771653544,3.981299212598425,0.0,0.024606299212598427,0.0,0.14468503937007873,0.0,0.0,0.014763779527559055,0.4005905511811024,0.00984251968503937,0.15059055118110237,0.06200787401574803,0.0,0.0,0.07775590551181102,0.003937007874015748,8.290354330708661,0.02066929133858268,40.0757874015748,0.0,7.535433070866142,2.7096456692913384,0.20275590551181102,6.562992125984252,0.0,0.0,0.20078740157480315,0.0,0.0,0.0,18.194881889763778,1.93503937007874,0.23228346456692914,0.20964566929133857,0.05905511811023622,0.0,0.8267716535433071,1.2322834645669292,0.4104330708661417,0.06988188976377953,7.443897637795276
986,1054,4,0.47928994082840237,0.08875739644970414,0.4260355029585799,3.3727810650887573,0.0,0.0,0.0,0.0,0.0,0.0,0.0,0.0,0.0,0.01775147928994083,0.0,0.0,0.0,0.0,0.0,13.7396449704142,0.0,2.775147928994083,0.0,7.0,1.3609467455621302,0.011834319526627219,3.4023668639053253,0.0,0.0,0.0,0.0,0.0,0.0,11.698224852071005,2.0828402366863905,0.0,0.029585798816568046,0.0,0.0,0.4260355029585799,0.5562130177514792,0.0,0.029585798816568046,0.0
990,660,12,0.415625,0.04375,1.409375,3.15,0.0,0.0,0.0,0.0,0.0,0.0,0.0,0.0,0.0,0.015625,0.0,0.0,0.0,0.0,0.0,9.4,0.05625,2.040625,0.0,2.25,0.875,0.065625,5.60625,0.0,0.0,0.228125,0.0,0.0,0.0,11.66875,1.43125,0.0,0.775,0.35,0.0,0.071875,0.6,0.0,0.05,0.0
986,768,12,0.5357142857142857,0.07330827067669173,0.7255639097744361,2.738721804511278,0.0,0.0,0.0,0.40037593984962405,0.0,0.0,0.0018796992481203006,0.0,0.0,0.4793233082706767,0.15413533834586465,0.0,0.0,0.06578947368421052,0.005639097744360902,12.351503759398497,0.03383458646616541,2.513157894736842,0.0,4.2819548872180455,1.156015037593985,0.21052631578947367,6.165413533834586,0.0,0.0,0.0,0.0,0.0018796992481203006,0.0,12.172932330827068,1.6804511278195489,0.0,0.020676691729323307,0.009398496240601503,0.0,0.46616541353383456,0.5488721804511278,0.0,0.02819548872180451,0.9078947368421053
989,951,4,0.7782608695652173,0.10869565217391304,0.5304347826086957,3.260869565217391,0.0,0.0,0.0,2.1478260869565218,0.0,0.0,0.0,0.0,0.0,1.2739130434782608,0.6521739130434783,0.0,0.2,0.508695652173913,0.0,7.982608695652174,0.0,5.182608695652174,0.0,6.7956521739130435,2.234782608695652,0.20434782608695654,4.782608695652174,0.0,0.0,0.16956521739130434,0.0,0.0,0.0,13.982608695652173,2.0391304347826087,0.0,0.34782608695652173,0.06956521739130435,0.0,0.7956521739130434,0.5739130434782609,0.021739130434782608,0.09565217391304348,6.434782608695652
1002,1268,4,0.46335078534031415,0.09947643979057591,0.7460732984293194,4.850785340314136,0.0,0.0,0.0,0.0,0.0,0.0,0.0,0.0,0.0,0.1518324607329843,0.0,0.0,0.0,0.0,0.0,9.730366492146597,0.0,2.337696335078534,0.0,6.350785340314136,2.573298429319372,0.14397905759162305,2.9607329842931938,0.0,0.0,0.05759162303664921,0.2879581151832461,0.0,0.0,18.345549738219894,2.829842931937173,0.0,0.9528795811518325,0.07853403141361257,0.0,0.3324607329842932,0.5392670157068062,0.0,0.05235602094240838,0.0
991,1934,4,0.573228346456693,0.08031496062992126,0.7307086614173228,4.217322834645669,0.0,0.0,0.0,0.0,0.0,0.0,0.0007874015748031496,0.0,0.0,0.05669291338582677,0.027559055118110236,0.0,0.0,0.0,0.0007874015748031496,14.046456692913386,0.015748031496062992,2.400787401574803,0.0,6.868503937007874,3.431496062992126,0.12992125984251968,4.81496062992126,0.0,0.0,0.029133858267716535,0.14330708661417324,0.0,0.0,17.681889763779527,2.894488188976378,0.0,0.2763779527559055,0.1346456692913386,0.0015748031496062992,0.7503937007874015,0.5984251968503937,0.0,0.03779527559055118,0.0
996,1212,4,0.6045340050377834,0.05037783375314862,0.5692695214105793,2.8060453400503778,0.0,0.0,0.0,0.0982367758186398,0.0,0.0,0.027707808564231738,0.0,0.020151133501259445,0.29219143576826195,0.1712846347607053,0.0,0.0,0.06801007556675064,0.0,7.226700251889169,0.042821158690176324,5.151133501259446,0.0,1.9748110831234258,0.6423173803526449,0.42065491183879095,6.730478589420655,0.0,0.0,0.2518891687657431,0.0,0.0025188916876574307,0.0,14.370277078085643,1.1738035264483626,0.0,0.04030226700251889,0.23173803526448364,0.0,0.022670025188916875,0.6876574307304786,0.0,0.030226700251889168,0.7229219143576826
992,1394,4,0.6270270270270271,0.0891891891891892,1.508108108108108,4.408108108108108,0.0,0.002702702702702703,0.0,0.024324324324324326,0.0,0.0,0.005405405405405406,0.0,0.0,0.12432432432432433,0.03513513513513514,0.0,0.08108108108108109,0.0,0.013513513513513514,14.616216216216216,0.062162162162162166,2.4675675675675675,0.0,8.27027027027027,2.616216216216216,0.14054054054054055,4.808108108108108,0.0,0.0,0.04864864864864865,0.37567567567567567,0.0,0.0,18.343243243243244,2.708108108108108,0.0,0.15135135135135136,0.05675675675675676,0.0,1.1891891891891893,0.6675675675675675,0.0,0.02972972972972973,0.0
993,1469,4,0.592326139088729,0.09112709832134293,0.4940047961630695,3.3980815347721824,0.0,0.0,0.0,0.05995203836930456,0.0,0.0,0.0,0.0,0.0,0.05275779376498801,0.009592326139088728,0.0,0.0,0.0,0.0,10.995203836930456,0.0,3.273381294964029,0.0,7.551558752997602,1.5779376498800959,0.1630695443645084,4.405275779376499,0.0,0.0,0.08633093525179857,0.09592326139088729,0.0,0.0,16.41007194244604,2.26378896882494,0.0,0.0,0.12709832134292565,0.0,0.4292565947242206,0.6019184652278178,0.0,0.023980815347721823,0.014388489208633094
992,1630,4,0.5517241379310345,0.08924949290060852,0.665314401622718,3.7829614604462476,0.0,0.0,0.0,0.0,0.0,0.0,0.0,0.0,0.0,0.0,0.0,0.0,0.0,0.0,0.0,9.399594320486816,0.0,2.162271805273834,0.0,8.026369168356998,2.079107505070994,0.08924949290060852,6.9208924949290065,0.0,0.0,0.36105476673427994,0.02636916835699797,0.0,0.0,16.150101419878297,2.3204868154158214,0.0,0.0,0.04259634888438134,0.0,0.5334685598377282,0.5578093306288032,0.0,0.036511156186612576,0.0
994,590,7,0.6304347826086957,0.06677018633540373,0.9596273291925466,3.3990683229813663,0.0,0.15838509316770186,0.0,0.0,0.0,0.0,0.0,0.0,0.0,0.16770186335403728,0.0,0.0,0.0,0.0,0.0,10.364906832298137,0.052795031055900624,5.445652173913044,0.0,12.476708074534162,2.1055900621118013,0.7763975155279503,8.23447204968944,0.0,0.06832298136645963,0.32298136645962733,0.0,0.0,0.0,15.771739130434783,1.936335403726708,0.0,0.38354037267080743,0.07298136645962733,0.0,0.860248447204969,0.5885093167701864,0.0,0.049689440993788817,0.0
988,1293,5,0.5709421112372304,0.094211123723042,0.8921679909194098,3.9841089670828604,0.0,0.0,0.0,1.3178206583427923,0.0,0.015891032917139614,0.3813847900113507,0.0,0.0,1.9001135073779796,0.811577752553916,0.0,0.1793416572077185,0.6458569807037458,0.8649262202043133,13.981838819523269,0.0,2.76049943246311,0.0,11.8683314415437,4.737797956867197,0.2383654937570942,5.573212258796822,0.0,0.00340522133938706,0.0,0.0,0.2395005675368899,0.0,15.137343927355278,2.388195232690125,0.0,0.2985244040862656,0.029511918274687854,0.0340522133938706,0.8342792281498297,0.5505107832009081,0.0,0.08059023836549375,1.9648127128263337
991,1667,5,0.659942363112392,0.0893371757925072,0.8270893371757925,5.968299711815562,0.0,0.0,0.0,0.0,0.0,0.0,0.29394812680115273,0.0,0.0,0.7636887608069164,0.6080691642651297,0.0,0.0,0.0,0.47262247838616717,11.265129682997118,0.011527377521613832,2.4697406340057637,0.590778097982709,18.363112391930837,6.368876080691643,0.0,4.827089337175792,0.0,0.0,0.06628242074927954,0.0,0.24495677233429394,0.0,23.639769452449567,4.112391930835735,0.0,0.2968299711815562,0.0893371757925072,0.1873198847262248,1.2219020172910662,0.6109510086455331,0.0,0.043227665706051875,0.3804034582132565
989,145,11,0.5555555555555556,0.06084656084656084,1.1428571428571428,3.8624338624338623,0.0,0.0,0.0,0.0,0.0,0.0,0.6428571428571429,0.0,0.455026455026455,2.0317460317460316,1.3888888888888888,0.0,0.0,0.0,0.0,4.9523809523809526,0.1746031746031746,4.698412698412699,0.31746031746031744,5.873015873015873,3.4206349206349205,1.5793650793650793,9.246031746031745,0.0,0.0,0.24603174603174602,0.0,0.0,0.0,19.526455026455025,2.4576719576719577,0.0,0.19047619047619047,0.07671957671957672,0.0,0.3941798941798942,0.626984126984127,0.0,0.07142857142857142,0.5238095238095238
989,785,4,0.6174863387978142,0.11202185792349727,0.15300546448087432,3.4945355191256833,0.0,0.04644808743169399,0.0,0.10655737704918032,0.0,0.0,0.0,0.0,0.0,1.005464480874317,0.22950819672131148,0.0,0.0,0.11202185792349727,0.03551912568306011,12.3551912568306,0.0,2.5628415300546448,0.0,2.226775956284153,1.5273224043715847,0.825136612021858,5.8224043715847,0.0,0.0,0.0,0.0,0.0,1.2021857923497268,12.614754098360656,1.7759562841530054,0.0,0.02459016393442623,0.0,0.0,0.1830601092896175,0.4726775956284153,0.0,0.07650273224043716,4.631147540983607
988,1325,7,0.6085106382978723,0.08936170212765958,1.6638297872340426,3.991489361702128,0.0,0.0,0.0,0.0,0.0,0.0,0.0,0.0,0.0,0.02127659574468085,0.0425531914893617,0.0,0.0,0.0,0.0,17.961702127659574,0.0,2.8,0.0,8.080851063829787,2.548936170212766,0.10212765957446808,4.097872340425532,0.0,0.0,0.33617021276595743,0.0,0.0,0.0,17.314893617021276,2.3148936170212764,0.0,0.5914893617021276,0.2936170212765957,0.0,0.5702127659574469,0.6297872340425532,0.0,0.01276595744680851,0.0
997,1413,4,0.5786802030456852,0.09644670050761421,0.3197969543147208,3.50253807106599,0.0,0.0,0.0,0.0,0.0,0.0,0.34517766497461927,0.0,0.2639593908629442,3.238578680203046,1.6802030456852792,0.0,0.0,0.0,0.6598984771573604,8.436548223350254,0.0,4.197969543147208,0.0,6.101522842639594,1.700507614213198,0.01015228426395939,5.8578680203045685,0.0,0.0,0.18781725888324874,0.0,0.03553299492385787,0.0,15.629441624365482,2.33502538071066,0.0,0.09644670050761421,0.19289340101522842,0.29441624365482233,0.4213197969543147,0.5989847715736041,0.0,0.07106598984771574,1.1979695431472082
997,1749,5,0.495,0.10166666666666667,0.305,4.11,0.0,0.02666666666666667,0.0,0.008333333333333333,0.0,0.0,0.0,0.0,0.0,0.11666666666666667,0.0,0.0,0.0,0.0,0.0,13.538333333333334,0.0,2.8533333333333335,0.0,10.298333333333334,2.005,0.12333333333333334,3.84,0.0,0.0,0.245,0.22666666666666666,0.0,0.0,18.033333333333335,2.7416666666666667,0.0,0.0,0.065,0.0,0.7083333333333334,0.585,0.0,0.025,0.0
991,105,4,0.5507020280811232,0.12636505460218408,0.9765990639625585,5.4477379095163805,0.0873634945397816,0.0873634945397816,0.0,0.1372854914196568,0.0,0.0,0.6458658346333853,0.0,0.28081123244929795,1.6770670826833074,0.906396255850234,0.0,0.0,0.0,0.1606864274570983,15.990639625585024,0.1435257410296412,8.736349453978159,0.5756630265210608,13.812792511700469,6.609984399375975,2.78003120124805,10.642745709828393,0.0,0.0,0.11544461778471139,0.0,0.7379095163806553,0.0,24.235569422776912,3.3666146645865833,0.0,0.5132605304212169,0.1372854914196568,0.0,0.8549141965678627,4.226209048361935,0.0,0.07332293291731669,2.3073322932917315
995,442,4,0.6185567010309279,0.05154639175257732,1.458762886597938,2.0721649484536084,0.0,0.0,0.0,0.0,0.0,0.0,0.0,0.0,0.0,0.0,0.0,0.0,0.0,0.0,0.0,4.123711340206185,0.03608247422680412,1.577319587628866,0.0,2.3195876288659796,0.4175257731958763,0.015463917525773196,5.025773195876289,0.0,0.0,0.23195876288659795,0.0,0.0,0.0,9.309278350515465,1.2164948453608246,0.0,0.8298969072164949,0.05670103092783505,0.0,0.09278350515463918,0.38144329896907214,0.0,0.005154639175257732,0.0
996,1820,4,0.6473988439306358,0.09248554913294797,1.188824662813102,3.5684007707129095,0.0,0.0,0.0,0.0,0.0,0.0,0.02697495183044316,0.0,0.0,0.13680154142581888,0.11753371868978806,0.0,0.0,0.0,0.15414258188824662,10.94990366088632,0.0,1.834296724470135,0.0,8.921001926782274,2.1965317919075145,0.1599229287090559,4.552986512524085,0.0,0.0,0.28516377649325625,0.10597302504816955,0.0,0.0,12.936416184971097,2.077071290944123,0.0,0.21001926782273603,0.05202312138728324,0.0,0.7398843930635838,0.5452793834296724,0.0,0.04238921001926782,0.6782273603082851
997,1597,4,0.5368098159509203,0.09202453987730061,0.17177914110429449,4.196319018404908,0.0,0.0,0.0,0.0,0.0,0.0,0.0,0.0,0.0,0.0,0.0,0.0,0.0,0.0,0.0,11.558282208588958,0.03067484662576687,3.0306748466257667,0.0,12.0,3.503067484662577,0.254601226993865,2.6012269938650308,0.0,0.049079754601226995,0.006134969325153374,0.0,0.0,0.0,19.466257668711656,2.604294478527607,0.0,0.0,0.0,0.0,0.8773006134969326,0.6687116564417178,0.0,0.046012269938650305,0.0
1005,364,4,0.7603686635944701,0.07987711213517665,0.423963133640553,3.632872503840246,0.0,0.0030721966205837174,0.0,0.0445468509984639,0.0,0.0,0.0,0.0,0.0,0.09831029185867896,0.047619047619047616,0.0,0.0,0.0030721966205837174,0.05069124423963134,12.609831029185868,0.015360983102918587,5.1336405529953915,0.0,11.807987711213517,2.236559139784946,0.16282642089093702,5.162826420890937,0.0,0.0,0.11827956989247312,0.0,0.0,0.0,16.44546850998464,2.0798771121351765,0.0,0.027649769585253458,0.14746543778801843,0.0,0.706605222734255,0.6098310291858678,0.0,0.0706605222734255,0.08448540706605223
990,976,4,0.548306148055207,0.10790464240903387,0.726474278544542,3.476787954830615,0.0,0.0,0.0,0.0,0.0,0.0,0.0,0.0,0.0,0.0,0.0,0.0,0.0,0.0,0.0,12.50564617314931,0.0,2.0627352572145545,0.0,8.944792973651191,2.8695106649937263,0.07277289836888332,3.707653701380176,0.0,0.0,0.164366373902133,0.0,0.0,0.0,12.673776662484316,2.122961104140527,0.0,0.1656210790464241,0.030112923462986198,0.0,0.6386449184441656,0.5031367628607277,0.0,0.028858218318695106,0.0
999,1000,4,0.4695121951219512,0.10365853658536585,0.4451219512195122,3.9634146341463414,0.0,0.0,0.0,0.0,0.0,0.0,0.024390243902439025,0.0,0.0,0.1951219512195122,0.0,0.0,0.0,0.0,0.042682926829268296,12.634146341463415,0.0,2.231707317073171,0.0,10.646341463414634,2.8658536585365852,0.25609756097560976,3.408536585365854,0.0,0.0,0.0,0.0,0.0,0.0,14.347560975609756,2.6890243902439024,0.0,0.8475609756097561,0.0,0.0,0.6463414634146342,0.6585365853658537,0.0,0.024390243902439025,0.0
1002,1430,4,0.47754137115839246,0.1016548463356974,0.7092198581560284,3.652482269503546,0.0,0.0,0.0,0.0,0.0,0.0,0.009456264775413711,0.0,0.0,0.2553191489361702,0.0,0.0,0.0,0.0,0.10401891252955082,11.290780141843971,0.0,2.9054373522458627,0.0,10.8274231678487,2.234042553191489,0.14657210401891252,3.1182033096926713,0.0,0.0,0.35224586288416077,0.0,0.0,0.0,13.976359338061465,2.25531914893617,0.0,0.20567375886524822,0.05673758865248227,0.0,0.5768321513002365,0.48699763593380613,0.0,0.028368794326241134,0.0
995,51,4,0.6081081081081081,0.07207207207207207,0.40540540540540543,3.675675675675676,0.0,0.0,0.0,0.0,0.0,0.0,0.0,0.0,0.0,0.01126126126126126,0.0,0.0,0.0,0.0,0.0,10.565315315315315,0.0,2.768018018018018,0.0,8.554054054054054,2.054054054054054,0.16666666666666666,3.605855855855856,0.0,0.0,0.0,0.0990990990990991,0.0,0.0,16.27927927927928,2.358108108108108,0.0,0.0,0.018018018018018018,0.0,0.5878378378378378,0.6283783783783784,0.0,0.02252252252252252,0.0
998,1091,4,0.547683923705722,0.09264305177111716,0.40054495912806537,3.5313351498637604,0.0,0.0,0.0,0.0,0.0,0.0,0.0,0.0,0.0,0.1008174386920981,0.0,0.0,0.0,0.0,0.0,14.754768392370572,0.0,1.3787465940054495,0.0,9.049046321525886,1.2098092643051772,0.0,3.2697547683923704,0.0,0.0,0.051771117166212535,0.0,0.0,0.0,11.850136239782016,1.7983651226158037,0.0,0.16893732970027248,0.0,0.0,0.5803814713896458,0.48501362397820164,0.0,0.0326975476839237,0.0
999,1231,7,0.45931758530183725,0.049868766404199474,1.6561679790026247,2.9343832020997374,0.0,0.0,0.0,0.0,0.0,0.0,0.0,0.0,0.0,0.06824146981627296,0.0,0.0,0.0,0.0,0.0,2.9868766404199474,0.06824146981627296,2.62992125984252,0.0,1.6745406824146982,0.9422572178477691,0.24934383202099739,4.572178477690288,0.0,0.0,0.28608923884514437,0.0,0.0,0.0,12.952755905511811,1.7821522309711286,0.0,0.4041994750656168,0.12860892388451445,0.0,0.0,0.5695538057742782,0.0,0.026246719160104987,0.0
998,1310,5,0.7020872865275142,0.11005692599620494,0.8330170777988615,4.724857685009487,0.0,0.0,0.0,0.058823529411764705,0.0,0.0,0.4629981024667932,0.0,0.0,1.3396584440227703,0.6565464895635673,0.0,0.08159392789373814,0.0,0.9506641366223909,16.64516129032258,0.026565464895635674,3.3757115749525615,0.0,15.267552182163188,4.495256166982922,0.30740037950664134,5.654648956356736,0.0,0.0,0.017077798861480076,0.0,0.0,0.0,19.4876660341556,2.967741935483871,0.0,0.5313092979127134,0.03795066413662239,0.0,0.952561669829222,1.0265654648956357,0.0,0.06261859582542695,7.713472485768501
1008,393,4,0.639225181598063,0.13075060532687652,0.5569007263922519,5.464891041162228,0.0,0.0,0.0,0.0,0.0,0.0,0.2469733656174334,0.0,0.026634382566585957,0.9661016949152542,0.5544794188861986,0.0,0.0,0.0,0.0,17.19128329297821,0.0,3.1186440677966103,0.3341404358353511,14.576271186440678,5.276029055690072,0.0,4.220338983050848,0.0,0.0,0.162227602905569,0.0,0.0,0.0,20.493946731234868,3.317191283292978,0.0,0.23002421307506055,0.026634382566585957,0.007263922518159807,0.8958837772397095,0.6198547215496368,0.0,0.06779661016949153,0.2711864406779661
995,1198,4,0.47855100095328884,0.07912297426120114,0.6024785510009533,3.7483317445185893,0.0,0.0,0.0,0.0,0.0,0.0,0.0,0.0,0.0,0.0,0.0,0.0,0.0,0.0,0.0,13.437559580552907,0.014299332697807437,1.859866539561487,0.0,9.471877979027646,2.347950428979981,0.057197330791229746,3.7044804575786463,0.0,0.08674928503336511,0.044804575786463297,0.0,0.0,0.0,14.156339370829361,2.396568160152526,0.0,0.11344137273593899,0.06291706387035272,0.0,0.5834127740705434,0.5347950428979981,0.0,0.025738798856053385,0.0
1004,919,4,0.5282051282051282,0.1076923076923077,1.4102564102564104,3.9025641025641025,0.0,0.0,0.0,0.010256410256410256,0.0,0.0,0.005128205128205128,0.0,0.005128205128205128,0.035897435897435895,0.08717948717948718,0.0,0.0,0.0,0.0,11.707692307692307,0.05128205128205128,1.917948717948718,0.0,6.338461538461538,2.0256410256410255,0.06153846153846154,4.6461538461538465,0.0,0.0,0.005128205128205128,0.26153846153846155,0.0,0.0,16.692307692307693,2.4307692307692306,0.0,0.035897435897435895,0.0,0.0,1.2820512820512822,0.5794871794871795,0.0,0.03076923076923077,0.0
1004,986,7,0.5325034578146611,0.10650069156293222,0.5546334716459198,4.676348547717843,0.0,0.0,0.0,0.07330567081604426,0.0,0.0,0.0,0.0,0.0,0.2074688796680498,0.0,0.0,0.0,0.0,0.1313969571230982,12.751037344398341,0.0,2.928077455048409,0.0,9.89764868603043,2.7869986168741354,0.16459197786998617,4.08298755186722,0.0,0.0,0.06639004149377593,0.330567081604426,0.0,0.0,18.673582295988936,3.2710926694329183,0.0,0.2268326417704011,0.015214384508990318,0.0,0.7455048409405256,0.5919778699861687,0.0,0.040110650069156296,0.011065006915629323
995,69,4,0.3890675241157556,0.07717041800643087,0.19935691318327975,5.562700964630225,0.0,0.0,0.0,0.05144694533762058,0.0,0.0,0.4662379421221865,0.0,0.0,1.8038585209003215,0.0,0.0,0.0,0.0,1.9163987138263665,6.106109324758842,0.0,2.360128617363344,0.0,3.694533762057878,2.717041800643087,0.15434083601286175,4.353697749196141,0.0,0.0,0.0,0.0,0.0,0.0,20.864951768488744,3.9807073954983925,0.0,0.20257234726688103,0.0,0.0,0.19292604501607716,0.5659163987138264,0.0,0.08360128617363344,0.0
1004,555,4,0.589041095890411,0.04794520547945205,0.21232876712328766,4.280821917808219,0.0,0.0,0.0,0.0,0.0,0.0,0.0,0.0,0.0,0.0,0.0,0.0,0.0,0.0,0.0,16.013698630136986,0.0,1.7123287671232876,0.0,14.794520547945206,2.0,0.0,2.589041095890411,0.0,0.0,0.0,0.14383561643835616,0.0,0.0,13.575342465753424,2.2739726027397262,0.0,0.0,0.0,0.0,0.9931506849315068,0.5547945205479452,0.0,0.03424657534246575,0.0
1001,1913,4,0.4890282131661442,0.08620689655172414,0.7884012539184952,3.377742946708464,0.0,0.0,0.0,0.1786833855799373,0.0,0.0,0.0,0.0,0.0,0.2084639498432602,0.047021943573667714,0.0,0.01567398119122257,0.023510971786833857,0.0,16.96394984326019,0.0,2.1253918495297808,0.0,3.8181818181818183,1.6489028213166144,0.0768025078369906,4.285266457680251,0.0,0.07053291536050156,0.017241379310344827,0.03761755485893417,0.0,0.0,12.512539184952978,1.7962382445141065,0.0,0.0109717868338558,0.11912225705329153,0.0,0.6551724137931034,0.603448275862069,0.0,0.032915360501567396,0.0
1001,94,4,0.5586080586080586,0.07509157509157509,0.5805860805860806,3.261904761904762,0.0,0.0,0.0,0.0,0.0,0.0,0.003663003663003663,0.0,0.0,0.02564102564102564,0.01098901098901099,0.0,0.0,0.0,0.0,6.163003663003663,0.06776556776556776,3.0805860805860807,0.0,3.1263736263736264,1.335164835164835,0.8626373626373627,6.5366300366300365,0.0,0.0,0.3882783882783883,0.0,0.0,0.0,17.613553113553113,1.8626373626373627,0.0,0.20512820512820512,0.13553113553113552,0.0,0.1575091575091575,0.6190476190476191,0.0,0.031135531135531136,0.0
994,221,15,0.4880546075085324,0.08532423208191127,0.40955631399317405,3.054607508532423,0.0,0.0,0.0,0.0,0.0,0.0,0.0,0.0,0.0,0.006825938566552901,0.0,0.0,0.0,0.0,0.0,12.788395904436861,0.0,2.204778156996587,0.0,6.7679180887372015,1.6040955631399318,0.010238907849829351,3.5119453924914676,0.0,0.0,0.027303754266211604,0.0,0.0,0.0,11.464163822525597,1.9112627986348123,0.0,0.08191126279863481,0.0,0.0,0.3720136518771331,0.46757679180887374,0.0,0.013651877133105802,0.0
1004,743,4,0.6375,0.0375,0.1125,1.525,0.0,0.0,0.0,0.7,0.0,0.0,0.0,0.0,0.0,0.6875,0.1875,0.0,0.0,0.0,0.0375,4.8125,0.0,3.25,0.0,0.425,0.1375,0.7125,7.5375,0.0,0.0,0.125,0.0,0.0,0.0,7.325,0.575,0.0,1.4125,0.825,0.0,0.1125,0.7375,0.0,0.0375,0.0
1001,1377,15,1.654320987654321,0.07231040564373897,1.5731922398589064,2.749559082892416,0.0,0.0,0.0,0.0582010582010582,0.0,0.0,0.0,0.0,0.0,0.13756613756613756,0.04585537918871252,0.0,0.001763668430335097,0.014109347442680775,0.0,9.015873015873016,0.04056437389770723,2.763668430335097,0.0,5.947089947089947,0.9876543209876543,0.36507936507936506,6.162257495590829,0.0,0.0,0.5802469135802469,0.0,0.0,0.0,11.299823633156967,1.220458553791887,0.0,0.9365079365079365,0.12522045855379188,0.0,0.30687830687830686,0.63668430335097,0.0,0.1710758377425044,0.05114638447971781
1007,1505,4,0.5781818181818181,0.05090909090909091,1.2945454545454544,3.5454545454545454,0.0,0.0,0.0,0.4909090909090909,0.0,0.0,0.0,0.0,0.0,0.7490909090909091,0.0,0.0,0.23636363636363636,0.0,0.0,2.3454545454545452,0.13090909090909092,4.596363636363637,0.0,1.589090909090909,1.5636363636363637,0.5490909090909091,7.556363636363637,0.0,0.0,0.06545454545454546,0.0,0.0,0.0,16.723636363636363,2.036363636363636,0.0,0.03272727272727273,0.02909090909090909,0.0,0.34545454545454546,0.5890909090909091,0.0,0.05454545454545454,1.7272727272727273
1004,1805,4,0.6027027027027027,0.06756756756756757,0.31891891891891894,5.056756756756757,0.0,0.0,0.0,0.0,0.0,0.0,0.0,0.0,0.0,0.0,0.0,0.0,0.0,0.0,0.0,15.54864864864865,0.002702702702702703,4.662162162162162,0.0,12.783783783783784,3.189189189189189,0.07027027027027027,3.4297297297297296,0.0,0.0,0.25135135135135134,0.0,0.0,0.0,20.681081081081082,2.9864864864864864,0.0,0.0,0.07027027027027027,0.0,0.8675675675675676,0.654054054054054,0.0,0.03783783783783784,0.0
1003,1682,4,0.5149863760217984,0.10626702997275204,0.38419618528610355,3.2970027247956404,0.0,0.0,0.0,0.01634877384196185,0.0,0.0,0.0,0.0,0.0,0.17166212534059946,0.027247956403269755,0.0,0.0,0.010899182561307902,0.035422343324250684,7.0953678474114446,0.02997275204359673,3.318801089918256,0.0,7.762942779291553,2.223433242506812,0.4141689373297003,4.209809264305177,0.0,0.12534059945504086,0.15258855585831063,0.0,0.0,0.0,15.762942779291553,1.9155313351498637,0.0,0.0326975476839237,0.0,0.005449591280653951,0.7084468664850136,0.7057220708446866,0.0,0.06267029972752043,0.0
1008,79,3,0.5304347826086957,0.10869565217391304,0.4260869565217391,4.191304347826087,0.0,0.0,0.0,0.0,0.0,0.0,0.06086956521739131,0.0,0.05652173913043478,0.20869565217391303,0.1391304347826087,0.0,0.0,0.0,0.0,14.639130434782608,0.06521739130434782,3.8173913043478263,0.0,7.069565217391304,4.539130434782609,0.4956521739130435,3.9217391304347826,0.0,0.0,0.05217391304347826,0.09130434782608696,0.0,0.0,19.504347826086956,2.591304347826087,0.0,0.0,0.008695652173913044,0.0,0.6217391304347826,0.6695652173913044,0.0,0.04782608695652174,0.14347826086956522
1008,151,12,0.5893854748603352,0.07541899441340782,0.41899441340782123,3.516759776536313,0.0,0.0,0.0,0.019553072625698324,0.0,0.0,0.0,0.0,0.0,0.04748603351955307,0.002793296089385475,0.0,0.0,0.013966480446927373,0.0,12.656424581005586,0.0,1.9301675977653632,0.0,10.150837988826815,2.1983240223463687,0.008379888268156424,2.4189944134078214,0.0,0.0,0.0,0.0,0.0,0.0,12.08659217877095,2.2430167597765363,0.0,0.0,0.0,0.0,0.7653631284916201,0.5195530726256983,0.0,0.019553072625698324,0.840782122905028
1002,804,4,0.5826086956521739,0.09192546583850932,0.040993788819875775,2.8894409937888197,0.0,0.02236024844720497,0.0,0.37515527950310557,0.0,0.0,0.0,0.0,0.0,0.6322981366459627,0.1826086956521739,0.0,0.0782608695652174,0.7888198757763976,0.024844720496894408,11.16024844720497,0.0,4.911801242236025,0.0,9.602484472049689,1.631055900621118,0.22981366459627328,3.7304347826086954,0.0,0.0,0.0422360248447205,0.0,0.0,0.22111801242236026,10.95527950310559,1.4919254658385093,0.0,0.0012422360248447205,0.12919254658385093,0.0,0.6919254658385093,0.47577639751552797,0.2596273291925466,0.08322981366459627,7.2658385093167706
1006,937,4,0.6492537313432836,0.05970149253731343,0.29850746268656714,2.578358208955224,0.0,0.0,0.0,0.0,0.0,0.0,0.0,0.0,0.0,0.0,0.0,0.0,0.0,0.0,0.0,6.832089552238806,0.0,2.611940298507463,0.0,3.167910447761194,0.3694029850746269,0.08955223880597014,2.8022388059701493,0.0,0.0,0.34701492537313433,0.0,0.0,0.0,11.593283582089553,1.4402985074626866,0.0,0.14925373134328357,0.2947761194029851,0.0,0.08208955223880597,0.5895522388059702,0.0,0.029850746268656716,0.0
1007,210,15,0.44814814814814813,0.1037037037037037,0.18518518518518517,5.970370370370371,0.0,0.0,0.0,0.037037037037037035,0.0,0.0,0.0,0.0,0.0,0.42962962962962964,0.003703703703703704,0.0,0.0,0.0,0.003703703703703704,10.385185185185184,0.0,2.196296296296296,0.0,6.614814814814815,2.8740740740740742,0.3814814814814815,3.6925925925925926,0.0,0.0,0.44814814814814813,0.0,0.0,0.0,22.40740740740741,4.033333333333333,0.0,0.08148148148148149,0.0,0.0,0.4148148148148148,0.5111111111111111,0.0,0.037037037037037035,2.688888888888889
1004,885,4,0.5855670103092784,0.09690721649484536,0.09896907216494845,3.975257731958763,0.0,0.0,0.0,0.6618556701030928,0.0,0.0,0.02268041237113402,0.0,0.0,1.131958762886598,0.3154639175257732,0.0,0.0,0.0,0.02268041237113402,17.4680412371134,0.0,3.181443298969072,0.0,4.342268041237113,2.954639175257732,0.4144329896907217,5.317525773195876,0.10309278350515463,0.0,0.008247422680412371,0.0,0.0,0.0,14.723711340206185,2.4164948453608246,0.0,0.18556701030927836,0.08453608247422681,0.0,0.3525773195876289,0.5072164948453608,0.0,0.08247422680412371,0.0
1010,235,5,0.6165413533834586,0.09523809523809523,0.7368421052631579,4.81453634085213,0.0,0.0,0.0,0.0,0.0,0.0,0.0,0.0,0.0,0.0,0.0,0.0,0.0,0.0,0.0,17.047619047619047,0.0,2.611528822055138,0.0,9.69423558897243,3.343358395989975,0.11278195488721804,3.300751879699248,0.0,0.0,0.03759398496240601,0.22807017543859648,0.0,0.0,18.832080200501252,3.4160401002506267,0.0,0.22305764411027568,0.007518796992481203,0.0,0.7368421052631579,0.5964912280701754,0.0,0.02506265664160401,0.0
1008,651,4,0.5386949924127465,0.11836115326251896,0.13808801213960548,4.056145675265554,0.0,0.05311077389984825,0.0,0.291350531107739,0.0,0.0,0.21699544764795145,0.0,0.16843702579666162,1.370257966616085,0.6600910470409712,0.0,0.09408194233687406,0.0834597875569044,0.021244309559939303,14.58421851289833,0.0,2.6418816388467374,0.20485584218512898,9.424886191198786,4.3399089529590285,0.7132018209408194,5.6160849772382395,0.0,0.0,0.1426403641881639,0.0,0.0,0.19119878603945373,14.61608497723824,2.3520485584218513,0.0,0.09256449165402124,0.1244309559939302,0.0,0.6661608497723824,0.5189681335356601,0.0,0.09104704097116843,2.520485584218513
1009,957,4,0.5471698113207547,0.12028301886792453,0.5919811320754716,3.8962264150943398,0.0,0.0,0.0,0.19103773584905662,0.0,0.0,0.0,0.0,0.0,0.23820754716981132,0.11320754716981132,0.0,0.0,0.02122641509433962,0.0,11.356132075471699,0.0,2.4693396226415096,0.0,9.316037735849056,2.856132075471698,0.16745283018867924,3.5943396226415096,0.0,0.0,0.0,0.0,0.0,0.0,15.481132075471699,2.8466981132075473,0.0,0.125,0.018867924528301886,0.0,0.7783018867924528,0.5400943396226415,0.0,0.02122641509433962,0.29952830188679247
1004,971,4,0.5181598062953995,0.1089588377723971,0.3026634382566586,5.150121065375303,0.0,0.0,0.0,0.014527845036319613,0.0,0.0,0.0,0.0,0.0,0.24455205811138014,0.05811138014527845,0.0,0.0,0.0,0.0,12.0,0.0,2.406779661016949,0.0,6.937046004842615,2.983050847457627,0.10411622276029056,2.0242130750605325,0.0,0.0,0.021791767554479417,0.4600484261501211,0.0,0.0,19.02905569007264,2.811138014527845,0.0,0.9685230024213075,0.0,0.0,0.41404358353510895,0.5569007263922519,0.0,0.024213075060532687,0.162227602905569
1021,782,4,0.5,0.06790123456790123,0.2839506172839506,4.888888888888889,0.0,0.0,0.0,0.037037037037037035,0.0,0.0,0.024691358024691357,0.0,0.0,0.2037037037037037,0.006172839506172839,0.0,0.0,0.0,0.18518518518518517,10.919753086419753,0.0,2.8333333333333335,0.0,6.246913580246914,2.6604938271604937,0.06172839506172839,1.5061728395061729,0.0,0.0,0.0,0.25925925925925924,0.0,0.0,17.320987654320987,2.6604938271604937,0.0,0.6049382716049383,0.0,0.0,0.3333333333333333,0.5370370370370371,0.0,0.030864197530864196,0.0
1017,861,4,0.7764227642276422,0.1440185830429733,0.06620209059233449,7.4070847851335655,0.0,0.0,0.0,0.0005807200929152149,0.0,0.0,0.0,0.0,0.0,0.0,0.0,0.0,0.0,0.0,0.0,11.218350754936122,0.0,1.8652729384436701,0.0,12.012195121951219,2.12137049941928,0.0005807200929152149,1.5226480836236933,0.0,0.0,0.0743321718931475,0.0,0.0,0.0,29.92450638792102,6.9123112659698025,0.0,0.12833914053426249,0.18699186991869918,0.0,0.6933797909407665,0.5963995354239257,0.0,0.047038327526132406,0.0
1015,1013,4,0.6792009400705052,0.0881316098707403,0.9130434782608695,3.944770857814336,0.0,0.0,0.0,0.1598119858989424,0.0,0.0,0.0,0.0,0.0,0.16333725029377202,0.03760282021151586,0.0,0.03760282021151586,0.07520564042303172,0.0,14.659224441833137,0.05992949471210341,3.109283196239718,0.0,10.674500587544065,3.397179788484136,0.21034077555816685,3.1703877790834314,0.0,0.0,0.05052878965922444,0.0,0.0,0.0,16.023501762632197,2.592244418331375,0.0,0.345475910693302,0.10693301997649823,0.0,0.7497062279670975,0.6086956521739131,0.0,0.04465334900117509,0.14218566392479437
1015,1294,4,0.443859649122807,0.06491228070175438,1.0824561403508772,3.245614035087719,0.0,0.0,0.0,0.06842105263157895,0.0,0.0,0.0,0.0,0.0,0.17894736842105263,0.0,0.0,0.0,0.028070175438596492,0.0,9.942105263157895,0.005263157894736842,2.9526315789473685,0.0,8.147368421052631,1.96140350877193,0.2754385964912281,3.7403508771929825,0.0,0.0,0.4807017543859649,0.0,0.0,0.0,12.773684210526316,1.7736842105263158,0.0,0.7982456140350878,0.15789473684210525,0.0,0.519298245614035,0.5894736842105263,0.0,0.054385964912280704,0.0
1017,188,15,0.6306532663316583,0.0678391959798995,0.7311557788944724,3.9346733668341707,0.0,0.0,0.0,0.0,0.0,0.0,0.04020100502512563,0.0,0.0,0.08793969849246232,0.09296482412060302,0.0,0.0,0.0,0.0,11.547738693467336,0.0,2.972361809045226,0.0,10.015075376884422,2.9447236180904524,0.08040201005025126,5.447236180904523,0.0,0.0,0.05025125628140704,0.0,0.0,0.0,16.78894472361809,2.4849246231155777,0.0,0.15326633165829145,0.04522613065326633,0.0,0.6658291457286433,0.6633165829145728,0.0,0.04020100502512563,0.0
1013,348,4,0.8535353535353535,0.13636363636363635,0.08207070707070707,4.742424242424242,0.0,0.0,0.0,0.19570707070707072,0.0,0.0,0.15404040404040403,0.0,0.11363636363636363,0.8156565656565656,0.4936868686868687,0.0,0.0,0.01893939393939394,0.022727272727272728,14.623737373737374,0.0,2.611111111111111,0.0,9.450757575757576,3.648989898989899,0.22601010101010102,4.497474747474747,0.0,0.0,0.10101010101010101,0.26262626262626265,0.2563131313131313,0.0,16.372474747474747,3.092171717171717,0.0,0.07323232323232323,0.10479797979797979,0.041666666666666664,0.5858585858585859,0.4532828282828283,0.0,0.11237373737373738,0.19444444444444445
1009,829,4,0.46332046332046334,0.13127413127413126,0.9266409266409267,3.563706563706564,0.0,0.0,0.0,0.0,0.0,0.0,0.0,0.0,0.0,0.0,0.0,0.0,0.0,0.0,0.0,12.397683397683398,0.0,1.7915057915057915,0.0,8.142857142857142,1.9613899613899615,0.0,3.8378378378378377,0.0,0.0,0.0,0.08108108108108109,0.0,0.0,13.5984555984556,2.471042471042471,0.0,0.0,0.0,0.0,0.6023166023166023,0.5637065637065637,0.0,0.023166023166023165,0.0
1011,114,4,0.7597597597597597,0.08708708708708708,1.003003003003003,1.984984984984985,0.0,0.0,0.0,0.0,0.0,0.0,0.0,0.0,0.0,0.0960960960960961,0.0,0.0,0.0,0.0,0.0,7.192192192192192,0.09009009009009009,2.690690690690691,0.0,1.3183183183183182,0.3063063063063063,0.5915915915915916,5.7357357357357355,0.0,0.0,0.03303303303303303,0.0,0.0,0.0,10.12912912912913,1.054054054054054,0.0,0.5165165165165165,0.32432432432432434,0.0,0.08108108108108109,0.5465465465465466,0.0,0.03003003003003003,0.0
1009,524,4,0.5972222222222222,0.03888888888888889,0.7055555555555556,2.2333333333333334,0.0,0.0,0.0,0.0,0.0,0.0,0.0,0.0,0.0,0.022222222222222223,0.0,0.0,0.0,0.0,0.0,3.4194444444444443,0.0,1.95,0.0,2.683333333333333,0.7222222222222222,0.05,4.708333333333333,0.0,0.0,0.09444444444444444,0.0,0.0,0.0,9.097222222222221,1.288888888888889,0.0,0.225,0.04722222222222222,0.0,0.1111111111111111,0.4111111111111111,0.0,0.019444444444444445,0.0
1022,1109,4,0.5838926174496645,0.087248322147651,0.610738255033557,3.865771812080537,0.0,0.0,0.0,0.2785234899328859,0.0,0.0,0.0,0.0,0.0,0.06711409395973154,0.14429530201342283,0.0,0.0,0.010067114093959731,0.0,12.48993288590604,0.0,2.214765100671141,0.0,7.124161073825503,2.1778523489932886,0.010067114093959731,3.7684563758389262,0.0,0.17114093959731544,0.5771812080536913,0.006711409395973154,0.0,0.0,14.258389261744966,2.523489932885906,0.0,0.0,0.087248322147651,0.0,0.5369127516778524,0.5671140939597316,0.0,0.0436241610738255,0.08389261744966443
1009,1149,4,0.5297297297297298,0.0963963963963964,1.0387387387387388,3.8855855855855856,0.0,0.03783783783783784,0.0,0.0,0.0,0.0,0.0,0.0,0.0,0.0,0.0,0.0,0.06936936936936937,0.0,0.0,12.800900900900901,0.06036036036036036,2.561261261261261,0.0,7.905405405405405,2.4801801801801804,0.16666666666666666,3.2243243243243245,0.0,0.0,0.2045045045045045,0.0,0.0,0.0,15.168468468468468,2.509009009009009,0.0,0.3963963963963964,0.14504504504504503,0.0,0.5225225225225225,0.5990990990990991,0.0,0.04684684684684685,0.0
1011,1325,4,0.5179282868525896,0.07569721115537849,0.7848605577689243,3.135458167330677,0.0,0.21713147410358566,0.0,0.13745019920318724,0.0,0.00796812749003984,0.0,0.0,0.0,0.07768924302788845,0.00796812749003984,0.0,0.0,0.0099601593625498,0.0199203187250996,4.727091633466135,0.00199203187250996,2.4402390438247012,0.0,2.758964143426295,1.49601593625498,0.16334661354581673,4.816733067729084,0.0,0.0,0.0697211155378486,0.0,0.0,0.0,13.834661354581673,2.051792828685259,0.0,0.21115537848605578,0.14143426294820718,0.0,0.13545816733067728,0.599601593625498,0.0,0.043824701195219126,0.15139442231075698
1010,1639,4,0.6144278606965174,0.09950248756218906,0.43532338308457713,4.134328358208955,0.0,0.0,0.0,0.024875621890547265,0.0,0.0,0.009950248756218905,0.0,0.0,0.3681592039800995,0.16169154228855723,0.0,0.0,0.0,0.0,14.435323383084578,0.014925373134328358,3.383084577114428,0.0024875621890547263,11.661691542288557,2.6592039800995027,0.03233830845771144,4.052238805970149,0.0,0.0,0.24378109452736318,0.2462686567164179,0.0,0.0,17.432835820895523,2.699004975124378,0.0,0.21641791044776118,0.06965174129353234,0.0,0.835820895522388,0.6517412935323383,0.0,0.029850746268656716,0.2860696517412935
1012,42,4,0.6171171171171171,0.08333333333333333,1.0743243243243243,3.614864864864865,0.0,0.0,0.0,0.015765765765765764,0.0,0.0,0.013513513513513514,0.0,0.006756756756756757,0.09009009009009009,0.024774774774774775,0.0,0.0,0.0,0.04504504504504504,10.657657657657658,0.07657657657657657,4.677927927927928,0.0,14.432432432432432,2.40990990990991,0.7747747747747747,8.743243243243244,0.0,0.0,0.4572072072072072,0.0,0.0,0.0,16.72972972972973,2.15990990990991,0.0,0.6216216216216216,0.1036036036036036,0.0,0.9076576576576577,0.5900900900900901,0.0,0.036036036036036036,0.0
1009,1183,4,0.574235807860262,0.0851528384279476,0.9388646288209607,2.921397379912664,0.0,0.0,0.0,0.0,0.0,0.0,0.0,0.0,0.0,0.0,0.0,0.0,0.0,0.0,0.0,13.41703056768559,0.0,1.9781659388646289,0.0,7.349344978165939,1.1899563318777293,0.18777292576419213,4.5152838427947595,0.0,0.0,0.0611353711790393,0.0,0.0,0.0,10.196506550218341,1.3799126637554586,0.0,0.314410480349345,0.0,0.0,0.5982532751091703,0.5218340611353712,0.0,0.03056768558951965,0.0
1015,1828,4,0.5186440677966102,0.10847457627118644,1.6372881355932203,3.816949152542373,0.0,0.0,0.0,0.0,0.0,0.0,0.01694915254237288,0.0,0.0,0.08813559322033898,0.0,0.0,0.0,0.0,0.0,11.176271186440678,0.05423728813559322,2.4745762711864407,0.0,7.684745762711865,2.9728813559322034,0.1694915254237288,5.040677966101695,0.0,0.0,0.20677966101694914,0.0,0.0,0.0,16.145762711864407,2.5762711864406778,0.0,0.23389830508474577,0.4033898305084746,0.0,0.6237288135593221,0.6745762711864407,0.0,0.03389830508474576,0.01694915254237288
1010,489,4,0.5368217054263565,0.10077519379844961,0.46705426356589147,4.160852713178294,0.0,0.0,0.0,0.0,0.0,0.0,0.003875968992248062,0.0,0.0,0.04844961240310078,0.005813953488372093,0.0,0.0,0.0,0.031007751937984496,13.76937984496124,0.11046511627906977,3.065891472868217,0.0,11.631782945736434,3.1589147286821704,0.4941860465116279,4.308139534883721,0.0,0.0,0.0872093023255814,0.0,0.001937984496124031,0.0,20.06201550387597,2.562015503875969,0.0,0.005813953488372093,0.050387596899224806,0.0,0.8081395348837209,0.6531007751937985,0.0,0.027131782945736434,0.007751937984496124
1010,1493,4,0.5551181102362205,0.05511811023622047,0.594488188976378,3.3976377952755907,0.0,0.0,0.0,0.015748031496062992,0.0,0.0,0.0,0.0,0.0,0.0,0.0,0.0,0.0,0.0,0.0,11.55511811023622,0.0,1.7716535433070866,0.0,6.244094488188976,1.3385826771653544,0.09055118110236221,2.925196850393701,0.0,0.0,0.07086614173228346,0.2125984251968504,0.0,0.0,12.26771653543307,1.9094488188976377,0.0,0.0,0.0,0.0,0.4409448818897638,0.5039370078740157,0.0,0.031496062992125984,0.0
1010,463,4,0.6069364161849711,0.046242774566473986,0.5202312138728323,3.8554913294797686,0.0,0.0,0.0,0.0,0.0,0.0,0.0,0.0,0.0,0.0,0.0,0.0,0.0,0.0,0.0,11.433526011560694,0.0,4.502890173410405,0.0,9.236994219653178,2.5260115606936417,0.0,5.630057803468208,0.0,0.0,0.3179190751445087,0.0,0.0,0.0,16.826589595375722,2.531791907514451,0.0,0.0,0.023121387283236993,0.0,0.6705202312138728,0.6705202312138728,0.0,0.023121387283236993,0.0
1023,538,4,0.6113074204946997,0.10600706713780919,0.734982332155477,3.96113074204947,0.0,0.0,0.0,0.0,0.0,0.0,0.0,0.0,0.0,0.10954063604240283,0.0,0.0,0.0,0.0,0.0,15.201413427561837,0.0,2.0318021201413425,0.0,7.586572438162544,1.4911660777385158,0.053003533568904596,3.4169611307420493,0.0,0.0,0.0636042402826855,0.36395759717314485,0.0,0.0,13.802120141342757,2.34982332155477,0.0,0.07420494699646643,0.20848056537102475,0.0,0.5653710247349824,0.49469964664310956,0.0,0.03180212014134275,0.0
1020,619,4,0.5982300884955752,0.0743362831858407,0.41061946902654867,3.752212389380531,0.0,0.0,0.0,0.06725663716814159,0.0,0.0,0.0,0.0,0.0,0.08495575221238938,0.035398230088495575,0.0,0.0,0.07079646017699115,0.0,14.267256637168142,0.0,1.975221238938053,0.0,8.274336283185841,2.9185840707964603,0.02831858407079646,2.936283185840708,0.0,0.007079646017699115,0.16991150442477876,0.03008849557522124,0.0,0.0,14.628318584070797,2.576991150442478,0.0,0.0,0.047787610619469026,0.0,0.6247787610619469,0.552212389380531,0.0,0.02831858407079646,0.32212389380530976
1012,63,4,0.5635838150289018,0.07225433526011561,0.8439306358381503,3.8540462427745665,0.0,0.0,0.0,0.02167630057803468,0.0,0.0,0.0,0.0,0.0,0.015895953757225433,0.0,0.0,0.0,0.0,0.0,9.443641618497109,0.0,1.9971098265895955,0.0,5.956647398843931,2.3742774566473988,0.13872832369942195,3.413294797687861,0.0,0.0,0.0,0.0,0.0,0.0,14.65606936416185,2.6705202312138727,0.0,0.13439306358381503,0.02167630057803468,0.0,0.31213872832369943,0.5621387283236994,0.0,0.03468208092485549,0.0
1017,636,4,0.5535714285714286,0.125,0.33035714285714285,4.21875,0.0,0.0,0.0,0.0,0.0,0.0,0.0,0.0,0.0,0.0,0.0,0.0,0.0,0.0,0.0,17.580357142857142,0.0,2.0223214285714284,0.0,12.950892857142858,2.486607142857143,0.0,2.450892857142857,0.0,0.0,0.0,0.0,0.0,0.0,13.549107142857142,2.3348214285714284,0.0,0.0,0.0,0.0,0.9419642857142857,0.5223214285714286,0.0,0.044642857142857144,0.0
1013,900,4,0.5420289855072464,0.10144927536231885,0.8985507246376812,3.1623188405797102,0.0,0.0,0.0,0.0,0.0,0.0,0.0,0.0,0.0,0.06376811594202898,0.0,0.0,0.0,0.0,0.0,13.020289855072464,0.0,2.1043478260869564,0.0,6.3072463768115945,1.5043478260869565,0.17971014492753623,5.130434782608695,0.0,0.0,0.0,0.0,0.0,0.0,12.507246376811594,2.0492753623188404,0.0,0.11884057971014493,0.1072463768115942,0.0,0.3536231884057971,0.5681159420289855,0.0,0.014492753623188406,0.0
1018,1935,5,0.4657534246575342,0.10273972602739725,0.3767123287671233,5.328767123287672,0.0,0.0,0.0,0.0,0.0,0.0,0.0,0.0,0.0,0.0,0.0,0.0,0.0,0.0,0.0,12.575342465753424,0.0,2.2260273972602738,0.0,10.39041095890411,4.198630136986301,0.0,1.678082191780822,0.0,0.0,0.06164383561643835,0.22602739726027396,0.0,0.0,20.876712328767123,4.342465753424658,0.0,0.18493150684931506,0.0,0.0,0.6917808219178082,0.5547945205479452,0.0,0.02054794520547945,0.0
1023,1666,4,0.644927536231884,0.1144927536231884,0.6391304347826087,5.102898550724638,0.0,0.0,0.0,0.04782608695652174,0.0,0.0,0.3884057971014493,0.0,0.3217391304347826,1.0971014492753624,0.6710144927536232,0.0,0.0,0.06956521739130435,0.0,10.844927536231884,0.09710144927536232,5.0144927536231885,0.23478260869565218,9.066666666666666,4.833333333333333,0.7391304347826086,5.408695652173913,0.0,0.0,0.1956521739130435,0.0,0.07681159420289856,0.0,25.034782608695654,3.246376811594203,0.0,0.1782608695652174,0.07971014492753623,0.0,0.618840579710145,0.6681159420289855,0.0,0.06811594202898551,1.9681159420289855
1013,1397,4,0.5447530864197531,0.07253086419753087,0.3549382716049383,4.479938271604938,0.0,0.0,0.0,0.0,0.0,0.0,0.023148148148148147,0.0,0.0,0.15895061728395063,0.05709876543209876,0.0,0.0,0.0,0.07716049382716049,12.720679012345679,0.015432098765432098,3.8348765432098766,0.0,10.91358024691358,3.4876543209876543,0.4722222222222222,4.506172839506172,0.0,0.0,0.09722222222222222,0.21296296296296297,0.0,0.0,20.348765432098766,2.799382716049383,0.0,0.0,0.023148148148148147,0.020061728395061727,0.8487654320987654,0.6743827160493827,0.0,0.043209876543209874,0.037037037037037035
1019,1892,12,0.5658914728682171,0.07364341085271318,0.9108527131782945,3.86046511627907,0.0,0.0,0.0,0.12403100775193798,0.0,0.0,0.0,0.0,0.0,0.5503875968992248,0.0,0.0,0.011627906976744186,0.0,0.0,11.895348837209303,0.023255813953488372,3.0968992248062017,0.0,9.813953488372093,2.193798449612403,0.2364341085271318,5.217054263565892,0.0,0.0,0.1744186046511628,0.09689922480620156,0.0,0.0,16.74031007751938,2.2751937984496124,0.0,0.05426356589147287,0.13178294573643412,0.0,0.7441860465116279,0.624031007751938,0.0,0.03875968992248062,1.2325581395348837
1020,271,4,0.5551181102362205,0.07677165354330709,0.6082677165354331,3.344488188976378,0.0,0.3405511811023622,0.0,1.954724409448819,0.0,0.0,0.0,0.0,0.0,1.1161417322834646,0.46062992125984253,0.0,0.0,0.6811023622047244,0.0,7.05511811023622,0.01968503937007874,5.466535433070866,0.0,3.1397637795275593,2.456692913385827,0.7854330708661418,5.003937007874016,0.0,0.0,0.16929133858267717,0.0,0.0,0.0,18.76771653543307,1.919291338582677,0.0,0.22244094488188976,0.14763779527559054,0.0,0.2421259842519685,0.6496062992125984,0.0,0.05905511811023622,4.198818897637795
1032,1457,4,0.6096153846153847,0.09230769230769231,0.35384615384615387,2.9057692307692307,0.0,0.0,0.0,0.09230769230769231,0.0,0.0,0.03653846153846154,0.0,0.019230769230769232,0.41346153846153844,0.23653846153846153,0.0,0.0,0.0,0.026923076923076925,11.375,0.0,2.8461538461538463,0.0,12.117307692307692,1.0038461538461538,0.4596153846153846,4.9788461538461535,0.0,0.0,0.0,0.0,0.0,0.0,11.098076923076922,1.4846153846153847,0.0,0.3192307692307692,0.011538461538461539,0.0,0.6557692307692308,0.49423076923076925,0.0,0.057692307692307696,0.0
1018,1713,4,0.5492700729927007,0.11222627737226278,0.6551094890510949,5.436131386861314,0.0,0.0,0.0,0.0,0.0,0.0,0.0,0.0,0.0,0.0,0.0,0.0,0.0,0.0,0.0,16.00729927007299,0.0,3.1076642335766422,0.0,13.010948905109489,4.295620437956204,0.04288321167883212,5.712591240875913,0.0,0.0,0.1104014598540146,0.15602189781021897,0.0,0.0,20.81660583941606,3.1104014598540144,0.0,0.15693430656934307,0.006386861313868613,0.0,0.9370437956204379,0.7071167883211679,0.0,0.025547445255474453,0.0
1021,1220,4,0.48,0.08666666666666667,0.4766666666666667,4.2,0.0,0.0,0.0,0.0,0.0,0.0,0.0,0.0,0.0,0.0,0.0,0.0,0.0,0.0,0.0,12.943333333333333,0.14,3.796666666666667,0.0,7.4,4.49,0.61,4.903333333333333,0.0,0.0,0.0,0.23,0.0,0.0,21.723333333333333,2.683333333333333,0.0,0.0,0.0,0.0,0.6233333333333333,1.6233333333333333,0.0,0.023333333333333334,0.0
1022,325,4,0.8265765765765766,0.07657657657657657,0.44594594594594594,4.878378378378378,0.0,0.12162162162162163,0.0,0.28153153153153154,0.0,0.0,0.12387387387387387,0.0,0.15090090090090091,1.1689189189189189,0.36711711711711714,0.0,0.0,0.0,0.0,7.623873873873874,0.015765765765765764,3.8873873873873874,0.0,11.204954954954955,4.261261261261262,0.5855855855855856,6.202702702702703,0.0,0.0,0.07432432432432433,0.0,0.0,0.0,21.26126126126126,3.15990990990991,0.0,1.6914414414414414,0.42792792792792794,0.0,0.7072072072072072,0.6936936936936937,0.0,0.08108108108108109,0.9932432432432432
1022,1473,4,0.4665271966527197,0.07531380753138076,0.7531380753138075,3.6694560669456067,0.0,0.0,0.0,0.0,0.0,0.0,0.0,0.0,0.0,0.0,0.0,0.0,0.0,0.0,0.0,13.236401673640167,0.0,1.9623430962343096,0.0,6.2259414225941425,2.5313807531380754,0.03138075313807531,4.686192468619247,0.0,0.0,0.0,0.0,0.0,0.0,14.209205020920502,2.4623430962343096,0.0,0.17573221757322174,0.0,0.0,0.4309623430962343,0.4874476987447699,0.0,0.01882845188284519,0.0
1022,477,4,0.46735395189003437,0.07216494845360824,0.6357388316151202,4.3436426116838485,0.0,0.0,0.0,0.0,0.0,0.0,0.0,0.0,0.0,0.0,0.0,0.0,0.0,0.0,0.0,13.75257731958763,0.0,3.5257731958762886,0.0,9.443298969072165,3.082474226804124,0.20618556701030927,7.195876288659794,0.0,0.0,0.09278350515463918,0.061855670103092786,0.0,0.0,18.237113402061855,2.6357388316151202,0.0,0.16494845360824742,0.0,0.0,0.6323024054982818,0.8419243986254296,0.0,0.020618556701030927,0.0
1024,661,4,0.5725806451612904,0.07526881720430108,0.7258064516129032,3.696236559139785,0.0,0.0,0.0,0.20430107526881722,0.0,0.0,0.0,0.0,0.0,0.024193548387096774,0.0,0.0,0.0,0.0,0.0,11.862903225806452,0.0,1.814516129032258,0.0,6.31989247311828,1.2096774193548387,0.12903225806451613,3.379032258064516,0.0,0.0,1.118279569892473,0.24193548387096775,0.0,0.0,13.045698924731182,2.067204301075269,0.0,0.12096774193548387,0.20430107526881722,0.0,0.5,0.4435483870967742,0.0,0.03494623655913978,0.0
1025,1747,4,0.5598377281947262,0.09330628803245436,0.6977687626774848,3.7525354969574036,0.0,0.0,0.0,0.06288032454361055,0.0,0.0,0.0,0.0,0.0,0.15821501014198783,0.07910750507099391,0.0,0.0,0.0,0.0,11.310344827586206,0.05273833671399594,2.385395537525355,0.0,8.040567951318458,2.440162271805274,0.15821501014198783,3.59026369168357,0.0,0.0,0.012170385395537525,0.0,0.0,0.0,14.004056795131845,2.3204868154158214,0.0,0.11764705882352941,0.06490872210953347,0.0,0.5152129817444219,0.48073022312373226,0.0,0.036511156186612576,0.0
1028,31,4,0.5249537892791127,0.14602587800369685,0.3733826247689464,5.939001848428836,0.0,0.0,0.0,0.0,0.0,0.0,0.05545286506469501,0.0,0.009242144177449169,0.6247689463955638,0.22181146025878004,0.0,0.0,0.0,0.24399260628465805,11.695009242144177,0.0166358595194085,22.380776340110906,0.0,8.933456561922366,4.818853974121996,0.6395563770794824,4.3345656192236595,0.0,0.09242144177449169,0.10351201478743069,0.24584103512014788,0.0073937153419593345,0.0,24.266173752310536,3.3622920517560075,0.0,0.34750462107208874,0.0,0.0,0.6820702402957486,8.922365988909426,0.0,0.04066543438077634,0.0
1025,97,12,0.5828220858895705,0.06134969325153374,1.2453987730061349,2.4294478527607364,0.0,0.0,0.0,0.0,0.0,0.0,0.0,0.0,0.0,0.0,0.0,0.0,0.0,0.0,0.0,4.957055214723926,0.0,2.03680981595092,0.0,3.2024539877300615,0.7239263803680982,0.1901840490797546,5.693251533742331,0.0,0.0,0.06748466257668712,0.0,0.0,0.0,8.447852760736197,0.9447852760736196,0.0,0.4110429447852761,0.0,0.0,0.1165644171779141,0.4171779141104294,0.0,0.018404907975460124,0.0
1019,1521,4,0.5250403877221325,0.11793214862681745,0.4507269789983845,3.4378029079159935,0.0,0.0,0.0,0.4394184168012924,0.0,0.0,0.0,0.0,0.0,0.5024232633279483,0.12277867528271405,0.0,0.0,0.33117932148626816,0.0,14.096930533117932,0.0,1.9612277867528272,0.0,7.2180936995153475,2.6090468497576738,0.15508885298869143,4.491114701130856,0.0,0.0,0.0,0.0,0.0,0.0,11.953150242326332,1.678513731825525,0.0,0.11631663974151858,0.0,0.0,0.6817447495961227,0.4555735056542811,0.0,0.05331179321486268,5.651050080775445
1031,1850,4,0.48905109489051096,0.043795620437956206,1.7518248175182483,2.9416058394160585,0.0,0.0,0.0,0.0,0.0,0.0,0.0,0.0,0.0,0.0,0.0,0.0,0.0,0.0,0.0,5.810218978102189,0.08759124087591241,4.364963503649635,0.0,4.248175182481752,1.145985401459854,0.08759124087591241,6.91970802919708,0.0,0.0,0.38686131386861317,0.0,0.0,0.0,14.021897810218977,1.9197080291970803,0.0,0.5474452554744526,0.1897810218978102,0.0,0.291970802919708,0.5474452554744526,0.0,0.0364963503649635,0.0
1024,506,4,0.5201560468140443,0.10013003901170352,1.5552665799739922,3.2275682704811444,0.0,0.0,0.0,0.0,0.0,0.0,0.0,0.0,0.0,0.006501950585175552,0.0,0.0,0.0,0.0,0.0,12.879063719115734,0.16514954486345904,3.1703511053315996,0.0,5.263979193758128,1.0,1.2028608582574774,6.552665799739922,0.0,0.0,0.49154746423927176,0.08712613784135241,0.0,0.0,16.26918075422627,1.5942782834850455,0.0,0.5253576072821846,0.18205461638491546,0.0,0.32249674902470743,0.6137841352405722,0.0,0.04291287386215865,0.0
1028,567,4,0.634090909090909,0.0659090909090909,0.9363636363636364,3.4318181818181817,0.0,0.0,0.0,0.08863636363636364,0.0,0.0,0.0,0.0,0.0,0.0,0.0,0.0,0.0,0.0,0.0,10.593181818181819,0.0,1.9113636363636364,0.0,7.902272727272727,1.440909090909091,0.0659090909090909,4.547727272727273,0.0,0.0,0.04090909090909091,0.16136363636363638,0.0,0.0,13.675,2.1863636363636365,0.0,0.17045454545454544,0.056818181818181816,0.0,0.6,0.5318181818181819,0.0,0.038636363636363635,0.0
1027,1315,4,0.5372050816696915,0.07985480943738657,0.49183303085299457,3.4210526315789473,0.0,0.0,0.0,0.018148820326678767,0.0,0.0,0.0,0.0,0.0,0.041742286751361164,0.0018148820326678765,0.0,0.0,0.0,0.0,8.551724137931034,0.0,1.7023593466424682,0.0,5.9891107078039925,1.9165154264972777,0.012704174228675136,3.876588021778584,0.0,0.0,0.029038112522686024,0.0,0.0,0.0,12.992740471869329,2.237749546279492,0.0,0.0,0.147005444646098,0.0,0.3702359346642468,0.4664246823956443,0.0,0.019963702359346643,0.0
1028,1682,4,0.6659959758551308,0.06237424547283702,0.6217303822937625,4.162977867203219,0.0,0.0,0.0,0.002012072434607646,0.0,0.0,0.0,0.0,0.0,0.23742454728370221,0.02414486921529175,0.0,0.0,0.0,0.0,12.503018108651911,0.0,2.9295774647887325,0.0,11.674044265593562,2.8832997987927564,0.02414486921529175,3.7525150905432594,0.0,0.008048289738430584,0.7746478873239436,0.04426559356136821,0.0,0.0,17.235412474849095,2.641851106639839,0.0,0.2977867203219316,0.08048289738430583,0.0,0.7645875251509054,0.6156941649899397,0.0,0.03219315895372234,0.0
1032,721,4,0.509493670886076,0.0759493670886076,0.07911392405063292,4.822784810126582,0.0,0.0,0.0,0.0,0.0,0.0,0.0,0.0,0.0,0.0,0.0,0.0,0.0,0.0,0.0,13.104430379746836,0.00949367088607595,3.3607594936708862,0.0,10.753164556962025,3.731012658227848,0.17721518987341772,2.401898734177215,0.0,0.0,0.10443037974683544,0.3987341772151899,0.0,0.0,21.50632911392405,3.231012658227848,0.0,0.0,0.0,0.0,0.8449367088607594,0.6835443037974683,0.0,0.0949367088607595,0.0
1025,889,4,0.6769527483124397,0.08871745419479267,1.0916104146576664,3.636451301832208,0.0,0.0,0.0,0.03567984570877531,0.0,0.0,0.0,0.0,0.0,0.0935390549662488,0.027965284474445518,0.0,0.0,0.0,0.0,15.043394406943104,0.026036644165863067,2.3539054966248796,0.0,7.632594021215043,2.4320154291224685,0.31436837029893927,5.310511089681774,0.0,0.0,0.1562198649951784,0.03471552555448409,0.0,0.0,13.891996142719384,2.2372227579556414,0.0,0.38476374156219867,0.18032786885245902,0.0,0.5573770491803278,0.5853423336547734,0.0,0.029893924783027964,0.0
1026,908,4,0.5890052356020943,0.12041884816753927,0.5785340314136126,4.274869109947644,0.0,0.0,0.0,0.04450261780104712,0.0,0.0,0.0,0.0,0.0,0.06544502617801047,0.0,0.0,0.0,0.0,0.0,12.976439790575917,0.0,2.5235602094240837,0.0,6.62303664921466,2.4083769633507854,0.08900523560209424,2.4083769633507854,0.0,0.0,0.0,0.2696335078534031,0.0,0.0,16.82198952879581,2.9293193717277486,0.0,0.08900523560209424,0.0,0.0,0.46335078534031415,0.5209424083769634,0.0,0.015706806282722512,0.0
1028,973,4,0.5023041474654378,0.08755760368663594,0.6082949308755761,5.110599078341014,0.0,0.0,0.0,0.0,0.0,0.0,0.0,0.0,0.0,0.0,0.0,0.0,0.0,0.0,0.0,13.585253456221198,0.0,2.3824884792626726,0.0,9.073732718894009,3.557603686635945,0.0,1.903225806451613,0.0,0.0,0.018433179723502304,0.34101382488479265,0.0,0.0,18.15668202764977,3.442396313364055,0.0,0.2672811059907834,0.0,0.0,0.7465437788018433,0.576036866359447,0.0,0.06912442396313365,0.0
1027,1430,4,0.5398692810457516,0.08627450980392157,0.39215686274509803,3.8091503267973854,0.0,0.0,0.0,0.21437908496732025,0.0,0.0,0.006535947712418301,0.0,0.0,0.44052287581699345,0.12679738562091503,0.0,0.0,0.0,0.027450980392156862,7.816993464052287,0.0,3.1333333333333333,0.0,6.720261437908497,2.5124183006535947,0.23529411764705882,3.58562091503268,0.0,0.0,0.022222222222222223,0.0,0.0,0.013071895424836602,15.128104575163398,2.3777777777777778,0.0,0.3464052287581699,0.134640522875817,0.0,0.9477124183006536,0.5555555555555556,0.0,0.03790849673202614,2.061437908496732
1030,1551,4,0.5685071574642127,0.05521472392638037,1.1083844580777096,3.5153374233128836,0.0,0.0,0.0,0.0,0.0,0.0,0.0,0.0,0.0,0.0408997955010225,0.0,0.0,0.0,0.0,0.065439672801636,12.805725971370142,0.006134969325153374,3.229038854805726,0.0,6.791411042944786,1.1595092024539877,0.07975460122699386,6.642126789366054,0.0,0.0,0.08793456032719836,0.08997955010224949,0.0,0.0,14.824130879345603,1.6993865030674846,0.0,0.09815950920245399,0.18813905930470348,0.0,0.39263803680981596,0.6666666666666666,0.0,0.026584867075664622,0.0
1026,942,4,1.064343163538874,0.05630026809651475,0.9705093833780161,2.7908847184986594,0.0,0.0,0.0,0.0,0.0,0.0,0.0,0.0,0.0,0.0,0.0,0.0,0.0,0.0,0.0,4.686327077747989,0.06166219839142091,3.836461126005362,0.0,1.6890080428954424,0.7694369973190348,0.7613941018766756,8.710455764075068,0.0,0.0,0.6085790884718498,0.0,0.0,0.0,14.453083109919572,1.6729222520107239,0.0,0.4262734584450402,0.16085790884718498,0.0,0.0,0.613941018766756,0.0,0.10991957104557641,0.0
1031,1087,4,0.5463917525773195,0.10309278350515463,0.4252577319587629,4.940721649484536,0.0,0.0,0.0,0.18298969072164947,0.0,0.0,0.0,0.0,0.0,0.29381443298969073,0.15463917525773196,0.0,0.0,0.0,0.0,16.149484536082475,0.0,2.347938144329897,0.0,14.675257731958762,4.079896907216495,0.09020618556701031,2.435567010309278,0.0,0.0,0.02577319587628866,0.0,0.0,0.0,19.00257731958763,3.5128865979381443,0.0,0.3402061855670103,0.05670103092783505,0.0,0.9355670103092784,0.6134020618556701,0.0,0.05154639175257732,0.12628865979381443
1031,1565,4,0.4489247311827957,0.06182795698924731,2.510752688172043,3.2016129032258065,0.0,0.0,0.0,0.0,0.0,0.0,0.0,0.0,0.0,0.0,0.0,0.0,0.0,0.0,0.0,12.795698924731182,0.1827956989247312,2.545698924731183,0.0,1.8064516129032258,0.5725806451612904,0.2903225806451613,7.008064516129032,0.0,0.0,0.478494623655914,0.0,0.0,0.0,13.279569892473118,1.6263440860215055,0.0,1.3064516129032258,0.12365591397849462,0.0,0.01881720430107527,0.6370967741935484,0.0,0.024193548387096774,0.0
1030,1149,4,1.3031358885017421,0.08362369337979095,1.132404181184669,2.7630662020905925,0.0,0.0,0.0,0.0,0.0,0.0,0.0,0.0,0.0,0.0,0.0,0.0,0.0,0.0,0.0,5.386759581881533,0.07665505226480836,4.463414634146342,0.0,1.916376306620209,0.8466898954703833,0.8745644599303136,9.54006968641115,0.0,0.0,0.5749128919860628,0.0,0.0,0.0,14.250871080139373,1.6620209059233448,0.0,0.662020905923345,0.17421602787456447,0.0,0.0,0.6062717770034843,0.0,0.20905923344947736,0.0
1028,1182,4,0.5455417066155321,0.09204218600191755,0.8015340364333653,4.2531160115052735,0.0,0.0,0.0,0.0,0.0,0.0,0.0,0.0,0.0,0.0,0.0,0.0,0.0,0.0,0.0,15.550335570469798,0.012464046021093002,2.4659635666347075,0.0,9.726749760306808,3.1457334611697028,0.07766059443911794,3.135186960690316,0.0,0.045062320230105465,0.3883029721955896,0.0,0.0,0.0,16.073825503355703,2.636625119846596,0.0,0.24928092042186,0.1629913710450623,0.0,0.6529242569511026,0.6452540747842761,0.0,0.059443911792905084,0.0
1024,1493,4,0.5139664804469274,0.09124767225325885,0.6722532588454376,4.608938547486034,0.0,0.0111731843575419,0.0,0.0,0.0,0.0,0.0,0.0,0.0,0.20297951582867785,0.0,0.0,0.0,0.0,0.0,12.996275605214153,0.0186219739292365,2.4655493482309123,0.0,10.79143389199255,3.798882681564246,0.0521415270018622,3.5046554934823093,0.0,0.0,0.186219739292365,0.0931098696461825,0.0,0.0,18.73556797020484,3.2290502793296088,0.0,0.0931098696461825,0.10986964618249534,0.0,0.7541899441340782,1.0074487895716946,0.0,0.03165735567970205,0.0
1025,214,8,0.483739837398374,0.07317073170731707,0.8577235772357723,4.024390243902439,0.0,0.0,0.0,0.0,0.0,0.0,0.0,0.0,0.0,0.008130081300813009,0.0,0.0,0.0,0.0,0.0,13.605691056910569,0.07317073170731707,4.288617886178862,0.0,10.532520325203253,2.386178861788618,0.012195121951219513,6.865853658536586,0.0,0.0,0.2032520325203252,0.0,0.0,0.0,17.077235772357724,2.2845528455284554,0.0,0.07723577235772358,0.13008130081300814,0.0,0.6504065040650406,0.6341463414634146,0.0,0.024390243902439025,0.0
1027,748,4,0.5111111111111111,0.05333333333333334,0.0,4.128888888888889,0.0,0.0,0.0,0.02666666666666667,0.0,0.0,0.2,0.0,0.0,0.96,0.24,0.0,0.0,0.0,0.0,6.191111111111111,0.0,1.6933333333333334,0.0,4.466666666666667,3.1422222222222222,0.3333333333333333,4.533333333333333,0.0,0.0,0.0,0.0,0.0,0.0,15.16,2.8666666666666667,0.0,0.008888888888888889,0.07111111111111111,0.0,0.12444444444444444,0.49333333333333335,0.0,0.04888888888888889,0.0
1030,1385,4,1.0368852459016393,0.0860655737704918,0.35655737704918034,2.930327868852459,0.0,0.0,0.0,0.05327868852459016,0.0,0.0,0.0,0.0,0.0,0.26229508196721313,0.03278688524590164,0.0,0.0,0.0,0.0,9.028688524590164,0.0,3.9385245901639343,0.0,3.19672131147541,0.45491803278688525,0.36475409836065575,8.327868852459016,0.0,0.0,0.0,0.0,0.0,0.0,12.471311475409836,1.459016393442623,0.0,0.09836065573770492,0.0,0.0,0.0,0.6229508196721312,0.0,0.0860655737704918,0.0
1039,1813,7,0.44983818770226536,0.09385113268608414,1.1877022653721683,4.414239482200648,0.0,0.0,0.0,0.009708737864077669,0.0,0.0,0.0,0.0,0.0,0.0,0.0,0.0,0.0,0.0,0.0,13.592233009708737,0.025889967637540454,2.9773462783171523,0.0,7.618122977346278,2.1359223300970873,0.0,3.9093851132686086,0.0,0.0,0.009708737864077669,0.36245954692556637,0.0,0.0,19.02912621359223,2.647249190938511,0.0,0.061488673139158574,0.19741100323624594,0.0,0.7087378640776699,0.6375404530744336,0.0,0.038834951456310676,0.0
1026,62,12,0.5625,0.1083984375,0.6220703125,6.7314453125,0.0,0.0,0.0,0.0615234375,0.0,0.0,0.380859375,0.0,0.0,1.0498046875,0.51953125,0.0,0.0,0.02734375,0.849609375,15.484375,0.041015625,2.908203125,0.0,15.1669921875,5.8759765625,0.7880859375,4.80078125,0.0,0.0,0.1796875,0.44921875,0.09765625,0.0,30.345703125,4.2216796875,0.0,0.39453125,0.0,0.12890625,0.96875,0.6416015625,0.0,0.060546875,0.9169921875
1032,1698,4,0.5771812080536913,0.09060402684563758,0.14429530201342283,4.046979865771812,0.0,0.0,0.0,0.6510067114093959,0.0,0.0,0.0,0.0,0.0,0.4899328859060403,0.1912751677852349,0.0,0.0,0.06375838926174497,0.0,13.409395973154362,0.0,2.228187919463087,0.0,9.197986577181208,2.1543624161073827,0.09395973154362416,4.067114093959732,0.0,0.0,0.0,0.0,0.0,0.0,12.889261744966444,2.0671140939597317,0.0,0.010067114093959731,0.0738255033557047,0.0,0.5469798657718121,0.5536912751677853,0.0,0.013422818791946308,0.34563758389261745
1031,1201,4,0.44529262086513993,0.11450381679389313,0.33587786259541985,3.94147582697201,0.0,0.0,0.0,0.0,0.0,0.0,0.0,0.0,0.0,0.0,0.0,0.0,0.0,0.0,0.0,13.16030534351145,0.06361323155216285,3.1374045801526718,0.0,8.648854961832061,2.7786259541984735,0.7175572519083969,4.743002544529262,0.0,0.0,0.007633587786259542,0.1984732824427481,0.0,0.0,18.900763358778626,2.5267175572519083,0.0,0.0,0.04071246819338423,0.0,0.5954198473282443,0.5801526717557252,0.0,0.03307888040712468,0.0
1035,1512,4,0.577639751552795,0.08695652173913043,0.531055900621118,3.1677018633540373,0.0,0.16770186335403728,0.0,0.059006211180124224,0.0,0.0,0.024844720496894408,0.0,0.034161490683229816,0.7422360248447205,0.15217391304347827,0.0,0.0,0.0,0.0,9.91304347826087,0.0,2.8043478260869565,0.0,5.937888198757764,1.5962732919254659,1.1024844720496894,5.869565217391305,0.0,0.0,0.14596273291925466,0.0,0.0,0.0,14.139751552795031,2.1366459627329193,0.0,0.19875776397515527,0.021739130434782608,0.0,0.7577639751552795,0.5714285714285714,0.0,0.040372670807453416,1.6335403726708075
1032,1649,7,0.6631205673758865,0.06205673758865248,0.7925531914893617,3.0602836879432624,0.0,0.0,0.0,0.01950354609929078,0.0,0.0,0.0,0.0,0.0,0.008865248226950355,0.0,0.0,0.0,0.0,0.0,6.322695035460993,0.03723404255319149,4.324468085106383,0.0,5.367021276595745,1.6329787234042554,0.2765957446808511,6.5,0.0,0.031914893617021274,0.2570921985815603,0.0,0.0,0.0,14.51418439716312,1.8865248226950355,0.0,0.17553191489361702,0.1950354609929078,0.0,0.3421985815602837,0.6914893617021277,0.0,0.04964539007092199,0.0
1039,371,4,0.5807365439093485,0.10764872521246459,0.7110481586402266,5.912181303116148,0.0,0.05099150141643059,0.0,0.10764872521246459,0.0,0.0,0.6855524079320113,0.0,0.014164305949008499,2.1614730878186967,1.0311614730878187,0.0,0.0,0.0,1.8130311614730878,16.388101983002834,0.1671388101983003,8.835694050991501,0.0,14.402266288951841,4.923512747875354,0.8470254957507082,9.512747875354108,0.0,0.0,0.15864022662889518,0.14447592067988668,0.0,0.0,24.407932011331443,3.235127478753541,0.0,0.1643059490084986,0.1529745042492918,0.3371104815864023,0.9971671388101983,0.6742209631728046,0.0,0.11331444759206799,1.951841359773371
1033,1255,4,0.5428015564202334,0.07392996108949416,1.1235408560311284,3.219844357976654,0.0,0.0,0.0,0.0,0.0,0.0,0.0,0.0,0.0,0.0,0.0,0.0,0.0,0.0,0.0,13.873540856031129,0.0,1.6605058365758756,0.0,8.815175097276265,1.2665369649805447,0.054474708171206226,5.757782101167315,0.0,0.0,0.321011673151751,0.0,0.0,0.0,11.343385214007782,1.5924124513618676,0.0,0.35992217898832685,0.04182879377431906,0.0,0.7071984435797666,0.5525291828793775,0.0,0.03696498054474708,0.0
1036,1407,4,0.5980629539951574,0.10653753026634383,0.37530266343825663,4.687651331719128,0.0,0.0,0.0,0.0,0.0,0.0,0.0,0.0,0.0,0.007263922518159807,0.007263922518159807,0.0,0.0,0.043583535108958835,0.0,13.154963680387409,0.0,2.8861985472154963,0.0,7.8474576271186445,3.0145278450363198,0.23728813559322035,3.651331719128329,0.0,0.0,0.09685230024213075,0.0,0.0,0.0,18.85230024213075,2.9079903147699757,0.0,0.002421307506053269,0.10411622276029056,0.0,0.6222760290556901,0.6779661016949152,0.0,0.03631961259079903,0.0
1030,920,4,0.5838926174496645,0.07919463087248323,1.5973154362416107,4.21744966442953,0.0,0.0,0.0,0.0,0.0,0.0,0.0,0.0,0.0,0.01879194630872483,0.1704697986577181,0.0,0.0,0.0,0.022818791946308724,10.802684563758389,0.038926174496644296,2.9610738255033557,0.0,12.131543624161074,2.3932885906040267,0.17583892617449665,6.693959731543624,0.0,0.0,0.3261744966442953,0.22818791946308725,0.0,0.0,17.72080536912752,2.636241610738255,0.2697986577181208,0.35570469798657717,0.004026845637583893,0.0,0.851006711409396,0.5785234899328859,0.0,0.04563758389261745,0.0
1038,1236,11,0.4620253164556962,0.05063291139240506,0.9873417721518988,3.8227848101265822,0.0,0.0,0.0,0.0,0.0,0.0,0.0,0.0,0.0,0.0379746835443038,0.0,0.0,0.0,0.0,0.0,11.765822784810126,0.0,2.9367088607594938,0.0,6.468354430379747,2.3037974683544302,0.0,2.778481012658228,0.0,0.0,0.08227848101265822,0.12025316455696203,0.0,0.0,15.10126582278481,2.7468354430379747,0.0,0.6265822784810127,0.25316455696202533,0.0,0.4177215189873418,0.5379746835443038,0.0,0.0189873417721519,0.0
1043,1778,4,0.610655737704918,0.10245901639344263,0.27049180327868855,5.661885245901639,0.0,0.0430327868852459,0.0,0.5512295081967213,0.0,0.0,0.0,0.0,0.03483606557377049,0.930327868852459,0.3442622950819672,0.0,0.4610655737704918,0.6557377049180327,0.055327868852459015,16.063524590163933,0.0,2.723360655737705,0.0,6.618852459016393,4.227459016393443,0.8627049180327869,4.852459016393443,0.39344262295081966,0.0,0.11885245901639344,0.0,0.0,0.8442622950819673,21.85655737704918,3.567622950819672,0.0,0.10245901639344263,0.07991803278688525,0.0,0.8381147540983607,0.6782786885245902,0.0,0.0430327868852459,5.682377049180328
1036,1368,4,0.48615725359911405,0.08084163898117387,0.602436323366556,3.566998892580288,0.0,0.0,0.0,0.0,0.0,0.0,0.004429678848283499,0.0,0.0,0.08748615725359911,0.0011074197120708748,0.0,0.0,0.0,0.0,8.576965669988926,0.004429678848283499,2.222591362126246,0.0,7.892580287929126,1.6555924695459578,0.8504983388704319,5.576965669988926,0.0,0.0,0.0,0.04318936877076412,0.0,0.0,18.205980066445182,2.3687707641196014,0.0,0.6566998892580288,0.013289036544850499,0.0,0.48726467331118495,0.6356589147286822,0.0,0.023255813953488372,0.0
1034,1731,4,0.5505376344086022,0.09462365591397849,0.8838709677419355,5.505376344086022,0.0,0.0,0.0,0.021505376344086023,0.0,0.0,0.0,0.0,0.0,0.0,0.0,0.0,0.0,0.0,0.0,17.094623655913978,0.0,2.9505376344086023,0.0,10.270967741935484,2.746236559139785,0.004301075268817204,3.670967741935484,0.0,0.0,0.02795698924731183,0.5075268817204301,0.0,0.0,22.004301075268817,3.356989247311828,0.0,0.015053763440860216,0.15053763440860216,0.0,0.864516129032258,0.6731182795698925,0.0,0.02795698924731183,0.0
1037,226,4,0.5352564102564102,0.08333333333333333,1.205128205128205,4.371794871794871,0.0,0.0,0.0,0.0,0.0,0.0,0.057692307692307696,0.0,0.0,0.2916666666666667,0.060897435897435896,0.0,0.0,0.0,0.12179487179487179,16.78205128205128,0.09935897435897435,5.3173076923076925,0.0,7.009615384615385,3.496794871794872,1.185897435897436,5.9006410256410255,0.0,0.1891025641025641,0.15705128205128205,0.2467948717948718,0.0,0.0,21.384615384615383,2.4583333333333335,0.0,0.17307692307692307,0.0,0.09294871794871795,0.5801282051282052,0.8910256410256411,0.0,0.05128205128205128,0.7980769230769231
1034,241,4,0.5584045584045584,0.08831908831908832,0.3561253561253561,2.9544159544159543,0.0,0.0,0.0,0.0,0.0,0.0,0.008547008547008548,0.0,0.0,0.4358974358974359,0.1282051282051282,0.0,0.0,0.0,0.0,14.065527065527066,0.0,2.923076923076923,0.0,6.501424501424501,1.7179487179487178,0.5441595441595442,6.188034188034188,0.0,0.0,0.0,0.09686609686609686,0.0,0.0,11.76923076923077,1.6951566951566952,0.0,0.15954415954415954,0.017094017094017096,0.0,0.42735042735042733,0.5498575498575499,0.0,0.039886039886039885,0.0
1037,340,4,0.5621301775147929,0.047337278106508875,0.24260355029585798,3.0473372781065087,0.0,0.0,0.0,0.01775147928994083,0.0,0.0,0.0,0.0,0.0,0.15976331360946747,0.04142011834319527,0.0,0.0,0.0,0.0,4.230769230769231,0.0,2.2662721893491122,0.0,3.0414201183431953,1.4911242603550297,0.4319526627218935,4.804733727810651,0.0,0.0,0.0,0.0,0.0,0.0,12.011834319526628,1.970414201183432,0.0,0.0,0.05917159763313609,0.0,0.07100591715976332,0.5384615384615384,0.0,0.029585798816568046,0.0
1035,1273,4,0.5182072829131653,0.058823529411764705,1.350140056022409,2.7927170868347337,0.0,0.0,0.0,0.0,0.0,0.0,0.0,0.0,0.0,0.0,0.0,0.0,0.0,0.0,0.0,5.862745098039215,0.0,1.596638655462185,0.0,3.0784313725490198,1.5854341736694677,0.16246498599439776,6.271708683473389,0.0,0.0,0.0,0.0,0.0,0.0,11.3109243697479,1.8487394957983194,0.0,0.19327731092436976,0.15126050420168066,0.0,0.14285714285714285,0.5238095238095238,0.0,0.0196078431372549,0.0
1039,524,4,0.580952380952381,0.0761904761904762,0.9111111111111111,3.634920634920635,0.0,0.0,0.0,0.0,0.0,0.0,0.0,0.0,0.0,0.0,0.0,0.0,0.0,0.0,0.0,10.619047619047619,0.0,2.6031746031746033,0.0,5.117460317460317,2.107936507936508,0.2126984126984127,4.996825396825397,0.0,0.0,0.0,0.0,0.0,0.0,15.066666666666666,2.250793650793651,0.0,0.0,0.09841269841269841,0.0,0.3047619047619048,0.6317460317460317,0.0,0.01904761904761905,0.0
1034,550,4,0.5563139931740614,0.06825938566552901,0.7713310580204779,3.7645051194539247,0.0,0.0,0.0,0.0,0.0,0.0,0.0,0.0,0.0,0.0,0.0,0.0,0.0,0.0,0.0,10.092150170648464,0.0,1.8839590443686007,0.0,9.542662116040956,2.051194539249147,0.0,3.4470989761092152,0.0,0.0,0.0,0.20477815699658702,0.0,0.0,14.464163822525597,2.508532423208191,0.0,0.2696245733788396,0.0,0.0,0.6518771331058021,0.5187713310580204,0.0,0.030716723549488054,0.0
1040,263,5,0.5555555555555556,0.10144927536231885,0.9710144927536232,3.314009661835749,0.0,0.0,0.0,0.0,0.0,0.0,0.0,0.0,0.0,0.0,0.0,0.0,0.0,0.0,0.0,15.76328502415459,0.0,1.8985507246376812,0.0,4.555555555555555,1.8502415458937198,0.033816425120772944,4.019323671497585,0.0,0.0,0.1111111111111111,0.0,0.0,0.0,12.497584541062801,1.9275362318840579,0.0,0.0,0.1111111111111111,0.0,0.43478260869565216,0.5217391304347826,0.0,0.033816425120772944,0.0
1034,761,4,0.566420664206642,0.10516605166051661,0.1937269372693727,4.5,0.0,0.0,0.0,0.02029520295202952,0.0,0.0,0.4317343173431734,0.0,0.1881918819188192,0.9538745387453874,0.6346863468634686,0.0,0.0,0.0,0.014760147601476014,15.254612546125461,0.0,2.4022140221402215,0.3025830258302583,12.57380073800738,5.555350553505535,0.4797047970479705,4.782287822878229,0.0,0.0,0.0,0.0,0.0,0.0,16.038745387453876,2.821033210332103,0.0,0.07933579335793357,0.0,0.0,0.7398523985239852,0.470479704797048,0.0,0.06273062730627306,0.933579335793358
1037,1486,4,0.873015873015873,0.1349206349206349,0.1349206349206349,3.0714285714285716,0.0,0.0,0.0,0.0,0.0,0.0,0.0,0.0,0.0,0.0,0.0,0.0,0.0,0.0,0.0,14.817460317460318,0.0,2.7222222222222223,0.0,4.5476190476190474,0.5555555555555556,0.0873015873015873,2.5952380952380953,0.0,0.0,0.06349206349206349,0.0,0.0,0.0,12.619047619047619,1.9761904761904763,0.0,0.007936507936507936,0.23015873015873015,0.0,0.2698412698412698,0.42857142857142855,0.0,0.03968253968253968,0.0
1044,58,4,0.480225988700565,0.03389830508474576,1.5480225988700564,3.3389830508474576,0.0,0.0,0.0,0.07344632768361582,0.0,0.0,0.0,0.0,0.0,0.07909604519774012,0.0,0.0,0.0,0.0,0.0,3.0508474576271185,0.01694915254237288,4.3559322033898304,0.0,3.231638418079096,1.2768361581920904,0.03389830508474576,7.435028248587571,0.0,0.0,0.2711864406779661,0.0,0.0,0.0,15.07909604519774,1.8305084745762712,0.0,0.480225988700565,0.0,0.0,0.1864406779661017,0.7457627118644068,0.0,0.03389830508474576,0.0
1044,584,4,0.5556650246305419,0.08571428571428572,0.43349753694581283,2.8866995073891624,0.0,0.0,0.0,0.0561576354679803,0.0,0.0,0.0,0.0,0.0,0.03842364532019704,0.012807881773399015,0.0,0.0,0.0009852216748768472,0.0,12.597044334975369,0.0,1.8591133004926108,0.0,6.7320197044334975,1.5733990147783252,0.05517241379310345,3.6886699507389165,0.0,0.0,0.09359605911330049,0.0,0.0,0.0,9.889655172413793,1.354679802955665,0.0,0.07389162561576355,0.015763546798029555,0.0,0.42561576354679803,0.4876847290640394,0.0,0.015763546798029555,0.0
1043,611,4,0.5503448275862068,0.10344827586206896,0.6082758620689656,3.4013793103448275,0.0,0.0,0.0,0.005517241379310344,0.0,0.0,0.0,0.0,0.0,0.0,0.0,0.0,0.0,0.0,0.0,10.926896551724138,0.0,2.0427586206896553,0.0,5.132413793103448,1.9186206896551725,0.07862068965517241,3.5020689655172412,0.0,0.0,0.027586206896551724,0.08275862068965517,0.0,0.0,13.561379310344828,2.2344827586206897,0.0,0.20413793103448277,0.05931034482758621,0.0,0.3503448275862069,0.5213793103448275,0.0,0.020689655172413793,0.01793103448275862
1037,871,4,0.6513056835637481,0.07219662058371736,0.9585253456221198,3.7450076804915513,0.0,0.0,0.0,0.03225806451612903,0.0,0.0,0.0,0.0,0.0,0.0,0.0,0.0,0.0,0.0,0.0,9.741935483870968,0.027649769585253458,2.565284178187404,0.0,7.797235023041475,2.953917050691244,0.2519201228878648,3.533026113671275,0.0,0.0,0.0,0.07680491551459294,0.0,0.0,14.589861751152073,2.525345622119816,0.0,0.14285714285714285,0.0,0.0,0.4792626728110599,0.5376344086021505,0.0,0.027649769585253458,0.0
1038,1014,4,0.49056603773584906,0.06415094339622641,0.630188679245283,3.181132075471698,0.0,0.0,0.0,0.23773584905660378,0.0,0.0,0.0,0.0,0.0,0.07547169811320754,0.0,0.0,0.05660377358490566,0.12075471698113208,0.0,4.754716981132075,0.0,3.0641509433962266,0.0,2.9169811320754717,1.2264150943396226,0.03773584905660377,2.9924528301886792,0.0,0.0,0.1018867924528302,0.0,0.0,0.0,14.369811320754717,2.188679245283019,0.0,0.011320754716981131,0.24528301886792453,0.0,0.1320754716981132,0.5433962264150943,0.0,0.01509433962264151,0.0
1038,1604,12,0.49369085173501576,0.14195583596214512,1.4069400630914826,5.761829652996846,0.0,0.0,0.0,0.09779179810725552,0.0,0.0,0.0,0.011041009463722398,0.0,0.1750788643533123,0.13406940063091483,0.0,0.03785488958990536,0.1277602523659306,0.0,21.517350157728707,0.05362776025236593,4.9321766561514195,0.0,14.186119873817034,3.8406940063091484,0.6829652996845426,4.851735015772871,0.0,0.0,0.15615141955835962,0.0804416403785489,0.0,0.0,20.92744479495268,3.2917981072555205,0.0,0.5772870662460567,0.16876971608832808,0.0,0.8958990536277602,0.6908517350157729,2.058359621451104,0.050473186119873815,5.4321766561514195
1046,160,4,1.5587734241908007,0.06303236797274275,0.38841567291311757,3.396933560477002,0.0,0.25894378194207834,0.0,2.3798977853492334,0.0,0.0,0.0017035775127768314,0.0,0.12776831345826234,2.1669505962521294,0.6047700170357752,0.0,0.0,0.16183986371379896,0.02385008517887564,4.163543441226576,0.020442930153321975,8.848381601362862,0.0,2.2112436115843273,1.7904599659284497,0.4804088586030664,7.07495741056218,0.0,0.0,0.12265758091993186,0.0,0.0,0.0,17.524701873935264,2.008517887563884,0.0,0.03236797274275979,0.3798977853492334,0.0,0.434412265758092,0.7120954003407155,0.0,0.2981260647359455,8.207836456558773
1039,303,7,1.2106620808254513,0.0885640584694755,0.294067067927773,2.9174548581255375,0.0,0.01633705932932072,0.0,0.14273430782459157,0.0,0.0,0.03267411865864144,0.0,0.03353396388650043,0.3035253654342218,0.15047291487532244,0.0,0.0,0.055030094582975066,0.015477214101461736,11.427343078245915,0.0,2.588134135855546,0.0,5.511607910576096,1.2579535683576957,0.04213241616509028,2.902837489251935,0.0,0.05760963026655202,0.0,0.06018916595012898,0.023215821152192607,0.0,10.98366294067068,1.5253654342218401,0.0,0.49527085124677556,0.061908856405846945,0.030954428202923472,0.47377472055030095,0.4531384350816853,0.0,0.1874462596732588,0.014617368873602751
1036,669,4,0.5986394557823129,0.0782312925170068,0.3129251700680272,2.938775510204082,0.0,0.0,0.0,0.35034013605442177,0.0,0.0,0.3877551020408163,0.0,0.0,1.346938775510204,0.5136054421768708,0.0,0.0,0.0,0.6632653061224489,11.197278911564625,0.0,2.9183673469387754,0.0,4.0646258503401365,1.1666666666666667,0.6224489795918368,7.615646258503402,0.0,0.0,0.0,0.0,0.0,0.0,11.5578231292517,1.5408163265306123,0.0,0.3877551020408163,0.04421768707482993,0.0,0.272108843537415,0.5986394557823129,0.0,0.08163265306122448,4.173469387755102
1039,809,4,0.6666666666666666,0.06493506493506493,0.8398268398268398,3.9437229437229435,0.0,0.0,0.0,0.04329004329004329,0.0,0.0,0.0,0.0,0.0,0.11255411255411256,0.0735930735930736,0.0,0.0,0.0,0.0,11.818181818181818,0.025974025974025976,2.4935064935064934,0.0,9.0995670995671,2.883116883116883,0.10822510822510822,4.086580086580087,0.0,0.0,0.0735930735930736,0.0,0.0,0.0,14.9004329004329,2.7012987012987013,0.0,0.2683982683982684,0.16883116883116883,0.0,0.6017316017316018,0.5324675324675324,0.0,0.030303030303030304,0.0
1039,1048,12,0.7308970099667774,0.05647840531561462,0.24584717607973422,3.3255813953488373,0.0,0.0,0.0,0.0033222591362126247,0.0,0.0,0.0,0.0,0.0,0.0,0.0,0.0,0.0,0.0,0.0,9.411960132890366,0.0,4.1395348837209305,0.0,4.209302325581396,0.5681063122923588,0.18272425249169436,4.504983388704319,0.0,0.0,0.43521594684385384,0.0,0.0,0.0,13.318936877076412,1.7009966777408638,0.0,0.26578073089701,0.0,0.0,0.23588039867109634,0.5946843853820598,0.0,0.023255813953488372,0.0
1037,318,4,0.6479591836734694,0.05612244897959184,0.7193877551020408,2.6479591836734695,0.0,0.030612244897959183,0.0,0.39540816326530615,0.0,0.007653061224489796,0.0,0.04591836734693878,0.0,0.28316326530612246,0.11479591836734694,0.0,0.0,0.29336734693877553,0.0,6.561224489795919,0.017857142857142856,6.336734693877551,0.0,3.329081632653061,1.5688775510204083,0.1913265306122449,4.061224489795919,0.0,0.0,0.00510204081632653,0.0,0.0,0.0,10.89030612244898,1.3775510204081634,0.0,0.10459183673469388,0.07142857142857142,0.0,0.29591836734693877,0.5306122448979592,1.3239795918367347,0.04336734693877551,9.721938775510203
1042,936,4,1.5038167938931297,0.03816793893129771,1.4427480916030535,3.16793893129771,0.0,0.0,0.0,0.0,0.0,0.0,0.0,0.0,0.0,0.12213740458015267,0.061068702290076333,0.0,0.0,0.0,0.0,7.755725190839694,0.0,4.786259541984733,0.0,13.091603053435115,0.8854961832061069,0.5267175572519084,7.908396946564886,0.0,0.0,0.0,0.0,0.0,0.0,14.900763358778626,1.8015267175572518,0.0,0.45038167938931295,0.0,0.0,0.5877862595419847,0.48854961832061067,0.0,0.11450381679389313,0.0
1039,284,15,0.49767441860465117,0.08139534883720931,0.3813953488372093,4.186046511627907,0.0,0.0,0.0,0.07441860465116279,0.0,0.0,0.0,0.0,0.0,0.14186046511627906,0.020930232558139535,0.0,0.0,0.0,0.0,11.411627906976744,0.011627906976744186,2.525581395348837,0.0,11.030232558139534,2.886046511627907,0.09302325581395349,2.3209302325581396,0.0,0.0,0.05116279069767442,0.0,0.0,0.0,16.73488372093023,2.8790697674418606,0.0,0.6744186046511628,0.12325581395348838,0.0,0.8186046511627907,0.5395348837209303,0.0,0.04883720930232558,0.1930232558139535
1044,1897,15,0.7580645161290323,0.08064516129032258,0.06451612903225806,2.827956989247312,0.0,0.0,0.0,0.3118279569892473,0.0,0.0,0.026881720430107527,0.0,0.005376344086021506,1.9193548387096775,0.6720430107526881,0.0,0.0,0.0,0.010752688172043012,12.059139784946236,0.0,3.575268817204301,0.0,5.274193548387097,1.1774193548387097,0.7526881720430108,7.354838709677419,0.0,0.0,0.0,0.0,0.0,0.0,10.086021505376344,1.1505376344086022,0.0,0.026881720430107527,0.05913978494623656,0.0,0.3655913978494624,0.5,0.0,0.12903225806451613,0.0
1052,1927,4,0.5354558610709117,0.07959479015918958,0.40955137481910275,3.4081041968162085,0.0,0.04052098408104197,0.0,0.2691751085383502,0.0,0.0,0.0,0.0,0.0,0.2532561505065123,0.1548480463096961,0.0,0.0,0.027496382054992764,0.0,10.42547033285094,0.0,3.7916063675832126,0.0,8.231548480463097,2.178002894356006,0.36468885672937773,4.101302460202605,0.0,0.0,0.15918958031837915,0.0,0.0,0.0,17.66136034732272,2.211287988422576,0.0,0.004341534008683068,0.10274963820549927,0.0,0.548480463096961,0.6092619392185239,0.0,0.027496382054992764,0.023154848046309694
1037,2013,4,0.6577909270216963,0.09566074950690336,0.44871794871794873,3.516765285996055,0.0,0.0,0.0,0.0,0.0,0.0,0.046351084812623275,0.0,0.01972386587771203,0.3076923076923077,0.11143984220907298,0.0,0.0,0.0,0.09960552268244575,10.77120315581854,0.009861932938856016,4.329388560157791,0.0,10.212031558185405,2.0,0.5808678500986193,5.0828402366863905,0.0,0.0,0.2416173570019724,0.0,0.0,0.0,17.817554240631164,2.0138067061143983,0.0,0.16370808678500987,0.04437869822485207,0.0,0.7514792899408284,0.6794871794871795,0.0,0.045364891518737675,0.06903353057199212
1052,214,4,0.967032967032967,0.03296703296703297,0.5054945054945055,2.3516483516483517,0.0,0.0,0.0,0.0,0.0,0.0,0.0,0.0989010989010989,0.0,0.0,0.0,0.0,0.0,0.0,0.0,2.934065934065934,0.0,5.010989010989011,0.0,3.197802197802198,0.3516483516483517,0.43956043956043955,8.296703296703297,0.0,0.0,0.0,0.0,0.0,0.0,13.12087912087912,1.010989010989011,0.0,0.14285714285714285,0.0,0.0,0.15384615384615385,0.7252747252747253,2.032967032967033,0.0989010989010989,1.89010989010989
1047,499,4,0.5766738660907127,0.08207343412526998,0.46004319654427644,3.6673866090712743,0.0,0.0,0.0,0.0,0.0,0.0,0.004319654427645789,0.0,0.0,0.06695464362850972,0.019438444924406047,0.0,0.0,0.0,0.0,16.539956803455723,0.004319654427645789,2.8423326133909286,0.0,5.166306695464363,1.8790496760259179,0.06047516198704104,3.075593952483801,0.0,0.0,0.0,0.09935205183585313,0.0,0.0,12.721382289416846,1.9114470842332614,0.0,0.09287257019438445,0.0064794816414686825,0.0,0.3434125269978402,0.531317494600432,0.0,0.038876889848812095,0.0
1050,839,4,0.584958217270195,0.13231197771587744,0.383008356545961,5.632311977715878,0.0,0.0,0.0,0.004178272980501393,0.0,0.0,0.0,0.0,0.0,0.0,0.0,0.0,0.11838440111420613,0.0,0.0,17.803621169916436,0.0,1.2924791086350975,0.0,17.2033426183844,2.5445682451253484,0.0,3.6072423398328692,0.0,0.0,0.15181058495821728,0.6532033426183844,0.0,0.0,20.802228412256266,3.832869080779944,0.0,0.16991643454038996,0.14763231197771587,0.0,1.5766016713091922,0.5306406685236769,0.0,0.04456824512534819,0.0
1044,1337,4,0.7106460418562329,0.11464968152866242,1.0573248407643312,3.9199272065514106,0.0,0.0,0.0,0.20200181983621474,0.0,0.0,0.0,0.0,0.0,0.17197452229299362,0.047315741583257506,0.0,0.03821656050955414,0.15195632393084624,0.0,15.638762511373976,0.00545950864422202,6.755232029117379,0.0,9.074613284804368,2.527752502274795,0.11464968152866242,3.9526842584167423,0.0,0.0,0.3821656050955414,0.0,0.0,0.0,15.416742493175613,2.5040946314831665,0.0,0.6578707916287534,0.07097361237488627,0.0,0.6424021838034577,0.607825295723385,0.0,0.044585987261146494,0.6451319381255687
1043,1635,5,0.5700757575757576,0.08522727272727272,1.2897727272727273,3.878787878787879,0.0,0.0,0.0,0.001893939393939394,0.0,0.0,0.015151515151515152,0.0,0.0,0.2556818181818182,0.011363636363636364,0.0,0.0,0.0,0.056818181818181816,10.647727272727273,0.026515151515151516,2.914772727272727,0.0,8.740530303030303,1.9867424242424243,0.09848484848484848,4.753787878787879,0.0,0.03409090909090909,0.17992424242424243,0.0,0.0,0.0,15.68560606060606,2.0946969696969697,0.0,0.26704545454545453,0.16287878787878787,0.00946969696969697,0.7253787878787878,0.6382575757575758,0.0,0.04924242424242424,0.05303030303030303
1046,194,4,0.7282229965156795,0.1254355400696864,0.5017421602787456,5.020905923344948,0.0,0.21254355400696864,0.0,1.4250871080139373,0.0,0.0,0.6724738675958188,0.0,0.7142857142857143,3.3588850174216027,1.7073170731707317,0.0,0.017421602787456445,0.1254355400696864,0.18815331010452963,21.445993031358885,0.03484320557491289,11.588850174216027,0.21254355400696864,12.703832752613241,5.512195121951219,0.8257839721254355,10.257839721254355,0.08362369337979095,0.0,0.23344947735191637,0.0,0.0,0.0,22.581881533101047,2.543554006968641,0.0,0.27177700348432055,0.16376306620209058,0.0,0.9337979094076655,0.6898954703832753,0.40069686411149824,0.15331010452961671,3.0452961672473866
1050,689,4,0.7979274611398963,0.11917098445595854,0.20725388601036268,3.8117443868739205,0.0,0.0,0.0,0.0,0.0,0.0,0.013816925734024179,0.0,0.0051813471502590676,0.07944732297063903,0.055267702936096716,0.0,0.0,0.0,0.0,15.328151986183075,0.0,3.05699481865285,0.0,6.055267702936097,2.602763385146805,0.03626943005181347,2.7322970639032813,0.0,0.0,0.0,0.20207253886010362,0.0051813471502590676,0.0,13.124352331606218,2.219343696027634,0.0,0.0034542314335060447,0.03281519861830743,0.013816925734024179,0.5043177892918825,0.5198618307426598,0.0,0.07944732297063903,0.0
1047,419,4,0.6276346604215457,0.06674473067915691,0.7423887587822015,3.228337236533958,0.0,0.0,0.0,0.0,0.0,0.0,0.0,0.0,0.0,0.03044496487119438,0.0,0.0,0.0,0.0,0.0,12.429742388758783,0.00702576112412178,2.2751756440281032,0.0,7.23887587822014,1.4004683840749415,0.09250585480093677,3.968384074941452,0.0,0.10070257611241218,0.30679156908665106,0.0,0.0,0.0,12.52927400468384,1.9320843091334894,0.0,0.4929742388758782,0.18501170960187355,0.0,0.4847775175644028,0.5562060889929742,0.0,0.03747072599531616,0.0
1049,962,11,0.662109375,0.193359375,0.560546875,5.78515625,0.0,0.078125,0.0,0.263671875,0.0,0.0,0.0,0.0,0.0,0.3515625,0.115234375,0.0,0.0,0.04296875,0.0,21.771484375,0.0,2.0546875,0.0,20.31640625,3.291015625,0.29296875,4.41796875,0.0,0.0,0.0078125,0.0,0.0,0.0,19.90625,3.5390625,0.0,2.5625,0.130859375,0.0,1.17578125,0.484375,0.0,0.046875,0.0
1048,1200,4,0.5339366515837104,0.07239819004524888,0.38235294117647056,3.4705882352941178,0.1334841628959276,0.12895927601809956,0.0,1.0248868778280542,0.0,0.0,0.0,0.0,0.0,1.8846153846153846,0.4638009049773756,0.0,0.0,0.09049773755656108,0.049773755656108594,9.877828054298643,0.0,3.3823529411764706,0.0,3.33710407239819,2.495475113122172,0.5565610859728507,6.9389140271493215,0.11312217194570136,0.0,0.12217194570135746,0.0,0.0,1.0950226244343892,13.14027149321267,1.5565610859728507,0.0,0.667420814479638,0.24434389140271492,0.0,0.7398190045248869,0.5294117647058824,0.0,0.07692307692307693,6.201357466063349
1042,392,4,0.575098814229249,0.1067193675889328,0.9762845849802372,3.391304347826087,0.0,0.0,0.0,0.10869565217391304,0.0,0.0,0.001976284584980237,0.0,0.011857707509881422,0.3715415019762846,0.10276679841897234,0.0,0.0,0.011857707509881422,0.0,12.292490118577074,0.003952569169960474,2.685770750988142,0.0,8.310276679841897,1.9980237154150198,0.4901185770750988,4.660079051383399,0.0,0.0,0.0,0.0,0.0,0.0,14.91304347826087,2.2450592885375493,0.0,0.30434782608695654,0.16600790513833993,0.0,0.6007905138339921,0.6363636363636364,0.0,0.045454545454545456,0.0
1053,659,4,0.43157894736842106,0.05263157894736842,1.6105263157894736,3.0526315789473686,0.0,0.0,0.0,0.0,0.0,0.0,0.0,0.0,0.0,0.0,0.0,0.0,0.0,0.0,0.0,4.989473684210527,0.0,2.031578947368421,0.0,3.8526315789473684,0.7789473684210526,0.35789473684210527,6.347368421052631,0.0,0.0,0.010526315789473684,0.0,0.0,0.0,11.494736842105263,1.5157894736842106,0.0,0.010526315789473684,0.042105263157894736,0.0,0.21052631578947367,0.5263157894736842,0.0,0.031578947368421054,0.0
1047,1033,4,0.5931232091690545,0.09169054441260745,0.6948424068767909,3.537249283667622,0.0,0.0,0.0,0.0,0.0,0.0,0.0,0.0,0.0,0.0,0.0,0.0,0.0,0.0,0.0,12.343839541547277,0.0,2.108882521489971,0.0,7.842406876790831,2.012893982808023,0.11174785100286533,4.734957020057307,0.0,0.0,0.07736389684813753,0.0,0.0,0.0,13.136103151862464,2.157593123209169,0.0,0.37965616045845274,0.16189111747851004,0.0,0.5143266475644699,0.5472779369627507,0.0,0.022922636103151862,0.0
1047,1755,8,0.5487804878048781,0.12195121951219512,0.6036585365853658,3.1707317073170733,0.0,0.0,0.0,0.0,0.0,0.0,0.0,0.07317073170731707,0.0,0.4817073170731707,0.0,0.0,0.0,0.0,0.0,12.195121951219512,0.0,1.7865853658536586,0.0,5.9817073170731705,3.0,0.042682926829268296,2.7804878048780486,0.0,0.0,0.08536585365853659,0.0,0.0,0.0,10.512195121951219,1.4268292682926829,0.0,0.0,0.012195121951219513,0.0,0.3719512195121951,0.6158536585365854,1.8841463414634145,0.054878048780487805,15.463414634146341
1070,628,4,0.5418994413407822,0.1424581005586592,0.22346368715083798,7.005586592178771,0.0,0.0,0.0,0.0,0.0,0.0,0.2541899441340782,0.0,0.0,0.7569832402234636,0.3100558659217877,0.0,0.0,0.0,0.0111731843575419,18.56145251396648,0.0,2.7653631284916202,0.0,14.019553072625698,6.631284916201118,0.441340782122905,4.388268156424581,0.0,0.0,0.12011173184357542,0.0893854748603352,0.19273743016759776,0.0,30.837988826815643,4.656424581005586,0.0,0.25139664804469275,0.0,0.00558659217877095,0.8966480446927374,0.7067039106145251,0.0,0.05027932960893855,3.4022346368715084
1053,1438,4,0.5767284991568297,0.0893760539629005,0.6155143338954469,4.4047217537942664,0.0,0.0,0.0,0.0,0.0,0.0,0.0,0.0,0.0,0.0,0.0,0.0,0.0,0.0,0.0,18.48397976391231,0.008431703204047217,2.6222596964586846,0.0,10.743676222596964,3.3322091062394605,0.1703204047217538,4.7521079258010115,0.0,0.0,0.01011804384485666,0.0,0.0,0.0,15.892074198988196,2.5649241146711637,0.0,0.016863406408094434,0.0,0.0,0.7166947723440135,0.5463743676222597,0.0,0.03541315345699832,0.0
1050,1691,4,0.5269978401727862,0.06911447084233262,0.7365010799136069,3.941684665226782,0.0,0.0,0.0,0.0,0.0,0.0,0.0,0.0,0.0,0.01511879049676026,0.0,0.0,0.0,0.0,0.01079913606911447,12.235421166306695,0.01079913606911447,2.75377969762419,0.0,10.494600431965443,2.872570194384449,0.0,3.976241900647948,0.0,0.0,0.11663066954643629,0.02159827213822894,0.0,0.0,16.362850971922246,2.414686825053996,0.0,0.0,0.24190064794816415,0.0,0.7840172786177105,0.6501079913606912,0.0,0.012958963282937365,0.0
1051,99,15,0.5267665952890792,0.09207708779443255,0.33190578158458245,4.6788008565310495,0.0,0.0,0.0,0.0,0.0,0.0,0.034261241970021415,0.0,0.0,0.06423982869379015,0.0,0.0,0.0,0.0,0.09421841541755889,14.42612419700214,0.059957173447537475,3.3190578158458246,0.0,11.342612419700215,3.678800856531049,0.6209850107066381,4.546038543897216,0.0,0.0,0.0,0.20770877944325483,0.0,0.0,20.85224839400428,2.9079229122055676,0.0,0.0,0.014989293361884369,0.0,0.867237687366167,0.867237687366167,0.0,0.023554603854389723,0.0
1065,643,4,0.5491329479768786,0.07225433526011561,0.22254335260115607,2.6098265895953756,0.0,0.0,0.0,0.1936416184971098,0.0,0.0,0.0,0.0,0.0,0.2138728323699422,0.05491329479768786,0.0,0.0,0.002890173410404624,0.0,9.794797687861271,0.0,1.8728323699421965,0.0,5.07514450867052,1.0664739884393064,0.03468208092485549,5.375722543352601,0.0,0.0,0.0,0.0,0.0,0.0,9.491329479768787,1.245664739884393,0.0,0.0,0.014450867052023121,0.0,0.6791907514450867,0.4277456647398844,0.0,0.02601156069364162,0.0
1058,1306,4,0.6024844720496895,0.07763975155279502,0.2593167701863354,4.874223602484472,0.0,0.0,0.0,0.0,0.0,0.0,0.0,0.0,0.0,0.0015527950310559005,0.0,0.0,0.0,0.0,0.0,13.537267080745341,0.0,2.1661490683229814,0.0,11.403726708074535,3.6055900621118013,0.007763975155279503,2.532608695652174,0.0,0.0,0.007763975155279503,0.0,0.0,0.0,16.57919254658385,3.220496894409938,0.0,0.020186335403726708,0.010869565217391304,0.0,0.7732919254658385,0.6319875776397516,0.0,0.020186335403726708,0.0
1054,323,4,0.6135338345864662,0.07518796992481203,0.5428571428571428,4.1759398496240605,0.0,0.05263157894736842,0.0,0.0,0.0,0.0,0.0,0.0,0.0,0.0030075187969924814,0.06616541353383458,0.0,0.0,0.0,0.0,12.046616541353384,0.0,2.344360902255639,0.0,12.329323308270677,2.350375939849624,0.0,2.9157894736842107,0.0,0.14736842105263157,0.362406015037594,0.0,0.0,0.0,17.789473684210527,2.7699248120300752,0.0,0.07669172932330827,0.016541353383458645,0.0,0.7669172932330827,0.5819548872180451,0.0,0.04962406015037594,0.0
1051,537,4,0.628,0.092,0.746,3.464,0.0,0.0,0.0,0.0,0.0,0.0,0.006,0.0,0.0,0.15,0.004,0.0,0.0,0.0,0.034,13.09,0.0,2.686,0.0,7.536,2.466,0.352,5.098,0.0,0.0,0.206,0.0,0.0,0.0,13.016,2.044,0.0,0.152,0.004,0.0,0.552,0.538,0.0,0.09,0.0
1052,714,4,0.7181208053691275,0.04697986577181208,1.1879194630872483,2.879194630872483,0.0,0.0,0.0,0.0,0.0,0.0,0.0,0.0,0.0,0.0,0.0,0.0,0.0,0.0,0.0,6.322147651006712,0.0,1.4697986577181208,0.0,1.429530201342282,0.348993288590604,0.0,4.671140939597316,0.0,0.0,1.174496644295302,0.0,0.0,0.0,10.295302013422818,1.3691275167785235,0.0,0.026845637583892617,0.013422818791946308,0.0,0.0,0.5436241610738255,0.0,0.03355704697986577,0.0
1057,1283,4,0.6895161290322581,0.11693548387096774,0.3548387096774194,4.169354838709677,0.0,0.0,0.0,0.0,0.0,0.0,0.0,0.0,0.0,0.0,0.11290322580645161,0.0,0.0,0.0,0.0,11.681451612903226,0.008064516129032258,2.0201612903225805,0.0,9.818548387096774,3.2661290322580645,0.09274193548387097,3.193548387096774,0.0,0.0,0.07661290322580645,0.10887096774193548,0.0,0.0,16.18951612903226,2.842741935483871,0.0,0.27419354838709675,0.028225806451612902,0.0,0.7137096774193549,0.5806451612903226,0.0,0.06854838709677419,0.0
1050,1363,4,0.5866666666666667,0.09555555555555556,0.7155555555555555,4.4222222222222225,0.0,0.0,0.0,0.0,0.0,0.0,0.0,0.0,0.0,0.0,0.0,0.0,0.0,0.0,0.0,14.54888888888889,0.0,2.506666666666667,0.0,15.79111111111111,5.5088888888888885,0.10222222222222223,5.697777777777778,0.0,0.035555555555555556,0.39111111111111113,0.2688888888888889,0.0,0.0,17.946666666666665,3.062222222222222,0.0,0.10888888888888888,0.05555555555555555,0.0,1.0377777777777777,0.6155555555555555,0.0,0.03777777777777778,0.0
1055,1732,7,0.49473684210526314,0.07368421052631578,0.7421052631578947,5.58421052631579,0.0,0.0,0.0,0.0,0.0,0.0,0.0,0.0,0.0,0.0,0.0,0.0,0.0,0.0,0.0,17.28421052631579,0.0,2.9105263157894736,0.0,14.147368421052631,3.1842105263157894,0.0,3.3210526315789473,0.0,0.0,0.031578947368421054,0.0,0.0,0.0,20.931578947368422,3.4526315789473685,0.0,0.0,0.031578947368421054,0.0,1.1368421052631579,0.6105263157894737,0.0,0.05263157894736842,0.0
1049,1153,4,0.5447470817120622,0.07782101167315175,0.38132295719844356,5.120622568093385,0.0,0.0,0.0,0.0,0.0,0.0,0.5719844357976653,0.0,0.0,0.5214007782101168,0.188715953307393,0.0,0.0,0.0,1.1284046692607004,10.217898832684824,0.033073929961089495,2.2762645914396886,0.0,13.439688715953308,4.972762645914397,0.5311284046692607,5.35408560311284,0.0,0.0,0.188715953307393,0.0038910505836575876,0.13424124513618677,0.0,24.007782101167315,3.394941634241245,0.0,0.13424124513618677,0.0,0.17509727626459143,0.8949416342412452,0.6361867704280155,0.45136186770428016,0.06031128404669261,13.124513618677042
1054,1618,12,0.5480225988700564,0.05649717514124294,1.9152542372881356,2.598870056497175,0.0,0.0,0.0,0.07344632768361582,0.0,0.0,0.0,0.0,0.0,0.0,0.0,0.0,0.0,0.0,0.0,6.378531073446328,0.10734463276836158,2.4293785310734464,0.0,2.1977401129943503,0.7231638418079096,0.14689265536723164,5.994350282485875,0.0,0.0,0.10734463276836158,0.0,0.0,0.0,12.581920903954803,1.3220338983050848,0.0,0.3050847457627119,0.062146892655367235,0.0,0.005649717514124294,0.5423728813559322,0.0,0.02824858757062147,0.0
1056,1647,6,1.3352112676056338,0.0647887323943662,0.09859154929577464,4.0366197183098596,0.0,0.1267605633802817,0.0,1.3859154929577464,0.0,0.0,0.04788732394366197,0.0,0.21690140845070421,1.8,0.5380281690140845,0.0,0.04788732394366197,0.13802816901408452,0.21971830985915494,6.385915492957746,0.0,6.070422535211268,0.0,3.5014084507042256,2.6253521126760564,0.17464788732394365,4.876056338028169,0.11267605633802817,0.0,0.05352112676056338,0.0,0.0,0.0,19.780281690140846,2.808450704225352,0.0,0.2084507042253521,0.30140845070422534,0.0,0.5183098591549296,0.6028169014084507,0.0,0.4028169014084507,4.585915492957747
1065,1673,4,0.6025316455696202,0.1620253164556962,0.9696202531645569,6.653164556962025,0.0,0.05822784810126582,0.0,0.2810126582278481,0.0,0.0,0.12151898734177215,0.07848101265822785,0.2379746835443038,1.1949367088607594,0.34177215189873417,0.0,0.002531645569620253,0.0,0.08607594936708861,25.060759493670886,0.02278481012658228,6.093670886075949,0.007594936708860759,23.09873417721519,7.837974683544304,0.7164556962025317,6.529113924050633,0.0,0.0,0.18734177215189873,0.0,0.0,0.21265822784810126,28.19240506329114,3.8607594936708862,0.0,0.5215189873417722,0.02531645569620253,0.0,1.4582278481012658,0.7848101265822784,5.293670886075949,0.04810126582278481,5.030379746835443
1061,1855,4,0.48819742489270385,0.08690987124463519,0.6180257510729614,6.324034334763948,0.0,0.016094420600858368,0.0,0.10836909871244635,0.0,0.0,0.004291845493562232,0.0,0.016094420600858368,0.21244635193133046,0.06223175965665236,0.0,0.034334763948497854,0.0,0.012875536480686695,12.761802575107296,0.05686695278969957,4.484978540772532,0.0,9.016094420600858,3.65343347639485,0.5611587982832618,5.5718884120171674,0.0,0.0,0.12446351931330472,0.23068669527896996,0.0,0.0,21.786480686695278,3.0182403433476397,0.0,0.07081545064377683,0.00536480686695279,0.001072961373390558,0.6319742489270386,2.1555793991416308,0.0,0.043991416309012876,0.4957081545064378
1052,2012,2,0.553,0.071,0.576,4.3,0.0,0.012,0.0,0.064,0.0,0.0,0.0,0.0,0.0,0.121,0.005,0.0,0.0,0.0,0.0,13.905,0.053,4.124,0.0,9.059,2.904,0.531,4.517,0.0,0.0,0.156,0.152,0.0,0.0,21.102,2.765,0.0,0.102,0.007,0.0,0.617,0.634,0.0,0.033,0.0
1054,1221,15,0.6681818181818182,0.11818181818181818,0.3181818181818182,2.331818181818182,0.0,0.0,0.0,0.0,0.0,0.0,0.0,0.031818181818181815,0.0,0.04090909090909091,0.0,0.09545454545454546,0.0,0.0,0.0,6.031818181818182,0.0,2.481818181818182,0.0,4.7318181818181815,0.5,0.045454545454545456,4.9,0.0,0.0,0.0,0.06818181818181818,0.0,0.0,13.677272727272728,1.3363636363636364,0.0,0.0,0.0,0.0,0.5409090909090909,0.6681818181818182,1.0818181818181818,0.04090909090909091,19.40909090909091
1072,80,4,0.5478547854785478,0.08250825082508251,0.34983498349834985,4.663366336633663,0.0,0.0,0.0,0.2607260726072607,0.0,0.0,0.0,0.0,0.0033003300330033004,0.33003300330033003,0.0462046204620462,0.0,0.0,0.013201320132013201,0.0,9.066006600660065,0.0,3.283828382838284,0.0,7.118811881188119,3.504950495049505,0.36633663366336633,4.29042904290429,0.0,0.0,0.019801980198019802,0.2508250825082508,0.0,0.0,20.379537953795378,3.2343234323432344,0.0,0.45544554455445546,0.0,0.0,0.6270627062706271,0.6237623762376238,0.0,0.036303630363036306,0.0462046204620462
1059,1259,4,0.5572207084468664,0.07220708446866485,0.5408719346049047,3.2084468664850134,0.0,0.0,0.0,0.0,0.0,0.0,0.0,0.0,0.0,0.0,0.0,0.0,0.0,0.0,0.0,12.946866485013624,0.0,2.137602179836512,0.0,8.463215258855586,1.715258855585831,0.10762942779291552,3.2888283378746594,0.07493188010899182,0.0,0.051771117166212535,0.0681198910081744,0.0,0.0,10.871934604904633,1.6634877384196185,0.0,0.4100817438692098,0.01907356948228883,0.0,0.5967302452316077,0.42779291553133514,0.0,0.027247956403269755,0.0
1057,1351,4,0.6339563862928349,0.08411214953271028,0.6728971962616822,4.314641744548287,0.0,0.0,0.0,0.11526479750778816,0.0,0.0,0.0,0.0,0.0,0.23052959501557632,0.09190031152647975,0.0,0.0,0.02336448598130841,0.0,12.881619937694705,0.0,2.9781931464174454,0.0,9.037383177570094,4.034267912772585,0.2554517133956386,3.7445482866043616,0.0,0.0,0.06386292834890965,0.0,0.0,0.0,18.398753894080997,3.0996884735202492,0.0,0.11993769470404984,0.003115264797507788,0.0,0.7367601246105919,0.6526479750778816,0.0,0.03894080996884735,0.308411214953271
1062,38,4,0.58,0.115,0.545,5.04,0.0,0.0,0.0,0.0,0.0,0.0,0.01,0.0,0.0,0.035,0.02,0.0,0.0,0.0,0.03,15.19,0.0,3.1,0.0,15.405,3.555,0.0,2.275,0.0,0.22,0.06,0.0,0.0,0.0,19.515,3.21,0.0,0.015,0.0,0.0,1.04,0.66,0.0,0.09,0.0
1060,288,4,0.6063829787234043,0.09574468085106383,0.35106382978723405,3.4432624113475176,0.0,0.0,0.0,0.0,0.0,0.0,0.0,0.0,0.0,0.0,0.008865248226950355,0.0,0.0,0.0,0.0,12.586879432624114,0.0,1.9219858156028369,0.0,11.822695035460994,2.382978723404255,0.17198581560283688,3.4858156028368796,0.0,0.0,0.10460992907801418,0.0,0.0,0.0,11.664893617021276,1.799645390070922,0.0,0.22872340425531915,0.0,0.0,0.7641843971631206,0.44148936170212766,0.0,0.044326241134751775,0.0
1058,468,4,0.5384615384615384,0.08774038461538461,0.5072115384615384,3.1983173076923075,0.0,0.0,0.0,0.19110576923076922,0.0,0.0,0.018028846153846152,0.0,0.004807692307692308,0.5673076923076923,0.234375,0.0,0.016826923076923076,0.0625,0.07572115384615384,12.134615384615385,0.0,2.9903846153846154,0.0,9.325721153846153,1.6887019230769231,0.6021634615384616,5.756009615384615,0.0,0.0,0.125,0.0,0.0,0.0,12.375,1.8629807692307692,0.0,0.0673076923076923,0.004807692307692308,0.0,0.7007211538461539,0.47836538461538464,0.0,0.039663461538461536,0.10216346153846154
1066,869,4,0.5308370044052864,0.09911894273127753,0.9845814977973568,3.090308370044053,0.0,0.09251101321585903,0.0,0.23788546255506607,0.0,0.0,0.0,0.0,0.0,0.31277533039647576,0.1013215859030837,0.0,0.03524229074889868,0.05726872246696035,0.0,13.640969162995594,0.0,2.4405286343612334,0.0,6.299559471365638,1.3436123348017621,0.19162995594713655,6.118942731277533,0.0,0.0,0.3788546255506608,0.06167400881057269,0.0,0.0,11.449339207048459,1.5,0.0,0.6784140969162996,0.015418502202643172,0.0,0.7951541850220264,0.5088105726872246,0.0,0.07268722466960352,0.2753303964757709
1069,898,4,0.6383763837638377,0.10209102091020911,0.3714637146371464,4.343173431734317,0.0,0.0,0.0,0.015990159901599015,0.0,0.0,0.0,0.0,0.0,0.024600246002460024,0.0,0.0,0.0,0.0,0.0,11.015990159901598,0.0,2.2214022140221403,0.0,6.296432964329643,2.7527675276752768,0.0012300123001230013,2.72939729397294,0.0,0.0,0.07257072570725707,0.12054120541205413,0.0,0.0,17.322263222632227,3.2373923739237394,0.0,0.3001230012300123,0.17712177121771217,0.0,0.4280442804428044,0.5793357933579336,0.0,0.02706027060270603,0.0
1055,926,4,0.6178057553956835,0.09712230215827339,0.9100719424460432,4.302158273381295,0.0,0.0,0.0,0.009892086330935251,0.0,0.0,0.0,0.0,0.0,0.06654676258992806,0.019784172661870502,0.0,0.0,0.0,0.0,14.528776978417266,0.0008992805755395684,2.693345323741007,0.0,7.776978417266187,2.829136690647482,0.052158273381294966,2.897482014388489,0.0,0.0,0.24280575539568344,0.07913669064748201,0.0,0.0,16.27068345323741,2.6717625899280577,0.0,0.560251798561151,0.10161870503597123,0.0,0.572841726618705,0.564748201438849,0.0,0.02697841726618705,0.0
1059,1006,4,0.5107913669064749,0.12589928057553956,1.4172661870503598,4.111510791366906,0.0,0.0,0.0,0.046762589928057555,0.0,0.0,0.0,0.0,0.0,0.08273381294964029,0.0,0.0,0.0,0.0,0.0,12.12589928057554,0.0,3.0467625899280577,0.0,10.46043165467626,2.823741007194245,0.3273381294964029,4.205035971223022,0.0,0.0,0.11151079136690648,0.0,0.0,0.0,15.615107913669064,2.3309352517985613,0.0,0.8812949640287769,0.12949640287769784,0.0,0.7266187050359713,0.60431654676259,0.0,0.03237410071942446,0.0
1058,1178,4,0.5509355509355509,0.08108108108108109,1.2474012474012475,3.7422037422037424,0.0,0.0,0.0,0.0,0.0,0.0,0.0,0.008316008316008316,0.0,0.06444906444906445,0.031185031185031187,0.0,0.0,0.0,0.0,18.68814968814969,0.016632016632016633,2.7775467775467777,0.0,7.51975051975052,1.9542619542619544,0.3264033264033264,4.542619542619542,0.0,0.0,0.3201663201663202,0.0,0.0,0.0,13.835758835758837,2.006237006237006,0.0,1.0914760914760915,0.577962577962578,0.0,0.4802494802494803,0.5509355509355509,0.0,0.07692307692307693,1.2307692307692308
1054,1049,12,0.5258620689655172,0.04885057471264368,2.307471264367816,3.060344827586207,0.0,0.0,0.0,0.0,0.0,0.0,0.0,0.0,0.0,0.1235632183908046,0.0,0.0,0.0,0.0,0.0,9.043103448275861,0.12643678160919541,2.5114942528735633,0.0,3.0086206896551726,1.0172413793103448,0.7241379310344828,7.804597701149425,0.0,0.0,0.14655172413793102,0.0,0.0,0.0,13.043103448275861,1.5028735632183907,0.0,0.34770114942528735,0.32471264367816094,0.0,0.20114942528735633,0.6810344827586207,0.0,0.020114942528735632,0.16091954022988506
1063,1379,4,34.94329896907217,0.07731958762886598,0.15463917525773196,2.9742268041237114,0.0,0.005154639175257732,0.0,0.4072164948453608,0.0,0.0,0.0,0.0,0.0,0.27319587628865977,0.15463917525773196,0.0,0.0,0.16494845360824742,0.0,5.845360824742268,0.0,11.963917525773196,0.0,6.391752577319588,3.365979381443299,0.08247422680412371,3.5103092783505154,0.0,0.0,0.3556701030927835,0.0,0.0,0.0,12.79896907216495,1.268041237113402,0.0,0.0,0.0,0.0,0.6288659793814433,1.3453608247422681,0.3247422680412371,35.24742268041237,10.5
1059,545,4,0.5264705882352941,0.09411764705882353,1.3441176470588236,4.208823529411765,0.0,0.0,0.0,0.0,0.0,0.0,0.0,0.0,0.0,0.0,0.0,0.0,0.0,0.0,0.0,11.651470588235295,0.007352941176470588,3.010294117647059,0.0,9.010294117647058,2.411764705882353,0.12352941176470589,4.508823529411765,0.0,0.0,0.15,0.0,0.0,0.0,16.936764705882354,2.552941176470588,0.0,0.38529411764705884,0.08676470588235294,0.0,0.6602941176470588,0.6205882352941177,0.0,0.052941176470588235,0.0
1058,734,4,0.6776859504132231,0.08264462809917356,1.0,2.5867768595041323,0.0,0.0,0.0,0.0,0.0,0.0,0.0,0.0,0.0,0.0,0.0,0.0,0.0,0.0,0.0,6.851239669421488,0.0,1.3801652892561984,0.0,1.0330578512396693,0.2975206611570248,0.0,4.2727272727272725,0.0,0.0,0.08264462809917356,0.0,0.0,0.0,9.917355371900827,1.1239669421487604,0.0,0.0,0.0,0.0,0.0,0.6033057851239669,0.0,0.008264462809917356,0.0
1073,525,4,0.7747440273037542,0.11945392491467577,0.89419795221843,4.590443686006826,0.0,0.0,0.0,0.0,0.0,0.0,0.0,0.0,0.0,0.013651877133105802,0.0,0.0,0.0,0.0,0.0,16.0580204778157,0.006825938566552901,3.0955631399317407,0.0,11.52901023890785,3.4982935153583616,0.07849829351535836,3.590443686006826,0.0,0.0,0.040955631399317405,0.0,0.0,0.0,17.25938566552901,3.3208191126279862,0.0,0.21843003412969283,0.0,0.0,0.825938566552901,0.5733788395904437,0.0,0.027303754266211604,0.0
1060,1478,4,0.5804444444444444,0.07288888888888889,0.8293333333333334,3.897777777777778,0.0,0.0,0.0,0.10577777777777778,0.0,0.0,0.0,0.0,0.0,0.12711111111111112,0.029333333333333333,0.0,0.04,0.019555555555555555,0.0,12.949333333333334,0.0,2.2008888888888887,0.0,8.98488888888889,1.7315555555555555,0.024,4.782222222222222,0.0,0.0,0.06311111111111112,0.11911111111111111,0.0,0.0,13.778666666666666,2.256,0.0,0.1671111111111111,0.036444444444444446,0.0,1.1208888888888888,0.5644444444444444,0.0,0.03822222222222222,0.9475555555555556
1060,1553,12,0.5128205128205128,0.08974358974358974,0.8102564102564103,5.341025641025641,0.0,0.0,0.0,0.06666666666666667,0.0,0.0,0.0,0.0,0.0,0.09743589743589744,0.03076923076923077,0.0,0.0,0.0,0.023076923076923078,8.23076923076923,0.0,5.956410256410257,0.0,5.423076923076923,1.9230769230769231,0.05128205128205128,6.148717948717949,0.0,0.0,0.19487179487179487,0.0,0.0,0.0,16.705128205128204,2.41025641025641,0.0,0.08205128205128205,0.002564102564102564,0.0,0.2641025641025641,15.556410256410256,0.0,0.03076923076923077,0.0
1067,751,12,0.6422287390029325,0.11730205278592376,0.5953079178885631,4.853372434017595,0.0,0.375366568914956,0.0,1.9178885630498534,0.0,0.0,0.1436950146627566,0.0,0.0,2.5102639296187683,0.8357771260997068,0.0,0.0,0.40762463343108507,0.44868035190615835,17.618768328445746,0.05571847507331378,4.744868035190616,0.0,3.3812316715542523,2.5425219941348973,0.8328445747800587,10.527859237536656,0.0,0.04398826979472141,0.3841642228739003,0.0,0.0,0.21407624633431085,19.923753665689148,2.3313782991202348,0.0,0.005865102639296188,0.26392961876832843,0.0,0.30791788856304986,0.6304985337243402,0.0,0.0967741935483871,2.527859237536657
1076,1156,4,0.6813725490196079,0.09803921568627451,0.7696078431372549,3.549019607843137,0.0,0.15931372549019607,0.0,0.5563725490196079,0.0,0.0,0.0,0.0,0.0,0.5735294117647058,0.19117647058823528,0.0,0.024509803921568627,0.08823529411764706,0.0,10.522058823529411,0.031862745098039214,4.647058823529412,0.0,6.588235294117647,2.4607843137254903,0.28431372549019607,5.909313725490196,0.0,0.0,0.0,0.0,0.0,0.0,14.661764705882353,2.125,0.0,0.11274509803921569,0.03431372549019608,0.0,0.5269607843137255,0.6029411764705882,0.0,0.056372549019607844,1.7450980392156863
1067,1803,7,0.5341176470588235,0.07411764705882352,0.9447058823529412,3.563529411764706,0.0,0.0,0.0,0.1188235294117647,0.0,0.03294117647058824,0.0,0.0,0.0,0.2811764705882353,0.10470588235294118,0.0,0.0,0.0,0.0,13.023529411764706,0.021176470588235293,2.6788235294117646,0.0,5.49764705882353,2.1811764705882353,0.11294117647058824,4.8,0.0,0.05411764705882353,0.4682352941176471,0.0,0.0,0.0,14.765882352941176,2.0788235294117645,0.0,0.26941176470588235,0.2388235294117647,0.0,0.34941176470588237,0.6270588235294118,0.0,0.11058823529411765,0.0
1060,944,4,0.5779411764705882,0.11029411764705882,0.43823529411764706,5.875,0.0,0.0,0.0,0.05588235294117647,0.0,0.0,0.3735294117647059,0.0,0.1264705882352941,1.136764705882353,0.4852941176470588,0.0,0.0,0.0,0.9029411764705882,13.075,0.0,4.033823529411765,0.0,16.2,6.851470588235294,0.8970588235294118,6.863235294117647,0.0,0.0,0.17205882352941176,0.0,0.0,0.10441176470588236,26.57941176470588,3.538235294117647,0.0,0.513235294117647,0.03676470588235294,0.029411764705882353,1.0529411764705883,0.6161764705882353,0.0,0.051470588235294115,1.075
1065,1238,12,0.5069767441860465,0.07906976744186046,0.9069767441860465,4.083720930232558,0.0,0.0,0.0,0.0,0.0,0.0,0.0,0.0,0.0,0.2744186046511628,0.07906976744186046,0.0,0.0,0.0,0.0,15.883720930232558,0.0,3.0511627906976746,0.0,9.637209302325582,2.2,0.3674418604651163,3.1116279069767443,0.0,0.0,0.0,0.0,0.0,0.0,15.209302325581396,2.33953488372093,0.0,0.4372093023255814,0.07906976744186046,0.0,0.6139534883720931,0.5720930232558139,0.0,0.023255813953488372,0.0
1061,1029,4,0.6308724832214765,0.10067114093959731,0.17114093959731544,4.345637583892618,0.0,0.0,0.0,0.22483221476510068,0.0,0.0,0.0,0.0,0.0,0.3389261744966443,0.1610738255033557,0.0,0.020134228187919462,0.23825503355704697,0.0,10.057046979865772,0.0,2.7248322147651005,0.0,6.701342281879195,3.0436241610738257,0.2080536912751678,2.5906040268456376,0.0,0.0,0.087248322147651,0.40604026845637586,0.0,0.020134228187919462,18.825503355704697,2.9932885906040267,0.0,0.0,0.0,0.0,0.8825503355704698,0.6476510067114094,0.0,0.0436241610738255,6.369127516778524
1067,1331,7,2.9932432432432434,0.15202702702702703,0.46959459459459457,3.22972972972973,0.0,0.0,0.0,0.0,0.0,0.0,0.0,0.060810810810810814,0.0,0.20270270270270271,0.02702702702702703,0.0,0.0,0.0,0.0,13.746621621621621,0.0,1.7736486486486487,0.0,8.554054054054054,5.418918918918919,0.02702702702702703,2.608108108108108,0.0,0.0,0.09797297297297297,0.0,0.0,0.0,10.280405405405405,1.537162162162162,0.0,0.12162162162162163,0.0,0.0,0.5743243243243243,0.8277027027027027,0.0,0.8547297297297297,8.320945945945946
1066,1495,4,0.6534653465346535,0.1306930693069307,0.7227722772277227,6.477227722772278,0.0,0.0,0.0,0.0,0.0,0.0,0.41386138613861384,0.0,0.0,1.1683168316831682,0.4396039603960396,0.0,0.0,0.0,1.0316831683168317,20.435643564356436,0.0,2.0554455445544555,0.0,25.411881188118812,6.887128712871287,0.0,4.675247524752475,0.0,0.11089108910891089,0.9524752475247524,0.0,0.09702970297029703,0.0,23.205940594059406,3.8138613861386137,0.0,0.4079207920792079,0.0,0.22772277227722773,1.6336633663366336,0.6178217821782178,0.0,0.07722772277227723,6.827722772277228
1065,1830,15,0.6126126126126126,0.08408408408408409,1.834834834834835,4.276276276276277,0.0,0.0,0.0,0.015015015015015015,0.0,0.0,0.07207207207207207,0.0,0.0,0.27627627627627627,0.2552552552552553,0.0,0.0,0.0,0.6216216216216216,12.726726726726726,0.09009009009009009,4.375375375375375,0.0,12.123123123123124,2.948948948948949,0.34234234234234234,9.912912912912914,0.0,0.0,0.33633633633633636,0.0,0.0,0.0,18.795795795795797,2.5915915915915915,0.0,0.6456456456456456,0.12312312312312312,0.0,0.7777777777777778,0.6786786786786787,0.0,0.03003003003003003,0.0
1071,406,4,0.5447570332480819,0.08439897698209718,0.3734015345268542,3.4092071611253196,0.03580562659846547,0.08695652173913043,0.0,0.319693094629156,0.0,0.0,0.005115089514066497,0.0,0.0,0.17135549872122763,0.03580562659846547,0.0,0.0,0.0,0.0025575447570332483,4.618925831202046,0.0,4.276214833759591,0.0,3.0383631713554986,1.6112531969309463,0.5396419437340153,6.260869565217392,0.0,0.0,0.20971867007672634,0.0,0.0,0.0,18.10997442455243,2.1483375959079285,0.0,0.06649616368286446,0.061381074168797956,0.0,0.13554987212276215,0.6956521739130435,0.0,0.023017902813299233,0.0
1072,1601,12,0.4850498338870432,0.07198228128460686,0.6312292358803987,3.08859357696567,0.0,0.017718715393133997,0.0,0.13510520487264674,0.0,0.0,0.0,0.0,0.0,0.11406423034330011,0.03211517165005537,0.0,0.0,0.019933554817275746,0.0,9.616832779623477,0.0,2.2170542635658914,0.0,7.447397563676634,1.6644518272425248,0.04540420819490587,4.055370985603544,0.0,0.0,0.0,0.0,0.0,0.0,12.033222591362126,1.875968992248062,0.0,0.26135105204872644,0.023255813953488372,0.0,0.42967884828349945,0.5437430786267996,0.0,0.0221483942414175,0.0
1065,1761,7,1.0150501672240804,0.06856187290969899,0.3177257525083612,3.819397993311037,0.008361204013377926,0.2408026755852843,0.0,0.705685618729097,0.0,0.0,0.016722408026755852,0.0,0.07525083612040134,1.1806020066889633,0.4331103678929766,0.0,0.020066889632107024,2.710702341137124,0.030100334448160536,11.093645484949834,0.05351170568561873,15.066889632107024,0.0,4.269230769230769,2.7073578595317724,0.3712374581939799,7.40133779264214,0.0,0.0,0.17391304347826086,0.0,0.0,0.03511705685618729,18.162207357859533,1.8327759197324414,0.0,0.2909698996655518,0.18729096989966554,0.0,0.7474916387959866,0.6220735785953178,0.0,0.1505016722408027,2.2642140468227425
1065,135,4,0.553014553014553,0.12474012474012475,0.1496881496881497,5.875259875259875,0.0,0.0,0.0,0.0,0.0,0.0,0.22453222453222454,0.0,0.0,1.2952182952182951,0.13721413721413722,0.0,0.0,0.0,0.23492723492723494,14.85031185031185,0.0,5.326403326403327,0.0,13.931392931392931,5.798336798336798,0.3471933471933472,4.095634095634096,0.0,0.0,0.056133056133056136,0.0,0.018711018711018712,0.0,27.467775467775468,3.920997920997921,0.0,0.26195426195426197,0.0,0.031185031185031187,0.9397089397089398,0.6444906444906445,0.0,0.062370062370062374,0.42203742203742206
1072,1414,4,0.6384839650145773,0.119533527696793,0.5626822157434402,4.469387755102041,0.0,0.0,0.0,0.023323615160349854,0.0,0.0,0.0,0.0,0.0,0.043731778425655975,0.0,0.0,0.0,0.0,0.0,11.209912536443149,0.0,1.1370262390670554,0.0,12.56268221574344,2.24198250728863,0.0,3.020408163265306,0.0,0.0,0.0,0.46938775510204084,0.0,0.0,16.189504373177844,3.1137026239067054,0.0,0.06997084548104957,0.061224489795918366,0.0,1.6326530612244898,0.41690962099125367,0.0,0.07871720116618076,0.0
1080,1976,4,0.5760869565217391,0.04891304347826087,1.6671195652173914,3.682065217391304,0.0,0.0,0.0,0.0,0.0,0.0,0.0,0.0,0.0,0.07744565217391304,0.0,0.0,0.0,0.0,0.0,10.675271739130435,0.03125,3.0910326086956523,0.0,8.21195652173913,2.2948369565217392,0.13858695652173914,5.3790760869565215,0.0,0.0,0.1983695652173913,0.0,0.0,0.0,15.925271739130435,2.0529891304347827,0.0,0.3491847826086957,0.05434782608695652,0.0,0.5176630434782609,0.6345108695652174,0.0,0.02309782608695652,0.0
1070,168,12,0.7101811367895066,0.1136789506558401,0.561524047470331,3.92317301686446,0.0,0.008744534665833853,0.0,0.17051842598376016,0.0,0.06808244846970643,0.05371642723297939,0.04871955028107433,0.029356652092442224,0.4990630855715178,0.19487820112429732,0.004996876951905059,0.0,0.03185509056839475,0.09681449094316052,12.453466583385383,0.02061211742660837,5.854465958775765,0.0,6.2654590880699566,2.347282948157402,0.16989381636477202,4.20049968769519,0.0,0.0,0.2198625858838226,0.17988757026858213,0.0,0.0,19.895690193628983,2.2560899437851343,0.0,0.0,0.04934415990006246,0.0,0.6064959400374765,0.6396002498438476,0.5652717051842598,0.0443472829481574,4.286695815115553
1066,1056,12,0.6497975708502024,0.058704453441295545,0.3259109311740891,2.6093117408906883,0.0,0.0,0.0,0.6558704453441295,0.0,0.0,0.0,0.0,0.0,0.5364372469635628,0.18421052631578946,0.0,0.0,0.31983805668016196,0.0,7.605263157894737,0.006072874493927126,3.5121457489878543,0.0,8.455465587044534,2.161943319838057,0.01417004048582996,3.661943319838057,0.0,0.0,0.0,0.0,0.0,0.0,9.773279352226721,1.2307692307692308,0.0,0.010121457489878543,0.06680161943319839,0.0,0.728744939271255,0.4251012145748988,0.0,0.08299595141700405,6.587044534412955
1067,1888,4,37.88931297709924,0.11450381679389313,0.31297709923664124,8.103053435114504,0.0,0.026717557251908396,0.0,0.3931297709923664,0.0,0.0,0.0,0.0,0.04198473282442748,0.3282442748091603,0.18702290076335878,0.0,0.0,0.15267175572519084,0.0,9.17175572519084,0.0,7.213740458015267,0.0,6.412213740458015,3.50381679389313,0.16412213740458015,4.67175572519084,0.0,0.0,0.2366412213740458,0.0,0.0,0.0,28.46946564885496,1.9389312977099236,0.0,0.04961832061068702,0.0,0.0,0.6068702290076335,6.095419847328245,1.5229007633587786,31.53435114503817,14.687022900763358
1067,1906,4,0.5148148148148148,0.07777777777777778,0.14444444444444443,2.7666666666666666,0.0,0.0,0.0,0.0,0.0,0.0,0.0,0.0,0.0,0.0,0.0,0.0,0.0,0.0,0.0,4.051851851851852,0.0,3.8333333333333335,0.0,3.759259259259259,1.0148148148148148,0.4,5.277777777777778,0.0,0.0,0.14814814814814814,0.0,0.0,0.0,15.896296296296295,1.5518518518518518,0.0,0.0,0.0,0.0,0.18888888888888888,0.5851851851851851,0.0,0.040740740740740744,0.0
1078,53,4,0.5535714285714286,0.05,0.26785714285714285,3.585714285714286,0.0,0.0,0.0,0.0,0.0,0.0,0.0,0.0,0.0,0.025,0.0035714285714285713,0.0,0.0,0.0,0.017857142857142856,10.303571428571429,0.0,3.807142857142857,0.0,8.603571428571428,2.325,0.45714285714285713,4.1571428571428575,0.0,0.0,0.20357142857142857,0.0,0.0,0.0,17.87142857142857,2.257142857142857,0.0,0.175,0.0,0.0,0.6142857142857143,0.5964285714285714,0.0,0.060714285714285714,0.0
1071,698,4,0.532,0.08666666666666667,0.48933333333333334,2.916,0.0,0.0,0.0,0.014666666666666666,0.0,0.0,0.0,0.0,0.0,0.084,0.0,0.0,0.0,0.0,0.0,12.162666666666667,0.0026666666666666666,1.9906666666666666,0.0,7.566666666666666,1.3413333333333333,0.37466666666666665,4.672,0.0,0.0,0.148,0.0,0.0,0.0,10.669333333333332,1.4946666666666666,0.0,0.2866666666666667,0.0,0.0,0.5,0.4573333333333333,0.0,0.036,0.0
1070,313,4,0.6985645933014354,0.07177033492822966,0.5526315789473685,4.019138755980861,0.0,0.0,0.0,0.0,0.0,0.0,0.0,0.0,0.0,0.0,0.08373205741626795,0.0,0.0,0.0,0.0,12.148325358851675,0.0,2.375598086124402,0.0,11.229665071770334,2.0813397129186604,0.0430622009569378,2.84688995215311,0.0,0.06698564593301436,0.722488038277512,0.0,0.0,0.0,14.174641148325358,2.583732057416268,0.0,0.5334928229665071,0.0,0.0,0.8492822966507177,0.5717703349282297,0.0,0.05263157894736842,0.0
1072,485,4,0.5261437908496732,0.06862745098039216,0.24183006535947713,3.4836601307189543,0.0,0.0,0.0,0.14705882352941177,0.0,0.0,0.0,0.0,0.0,0.3888888888888889,0.11764705882352941,0.0,0.0,0.05555555555555555,0.12745098039215685,14.333333333333334,0.0,2.473856209150327,0.0,7.601307189542483,2.369281045751634,0.1568627450980392,4.127450980392157,0.0,0.0,0.1503267973856209,0.0,0.0,0.0,13.31045751633987,2.111111111111111,0.0,0.026143790849673203,0.0457516339869281,0.0,0.7222222222222222,0.4934640522875817,0.0,0.0392156862745098,0.0
1071,586,4,0.5054347826086957,0.07608695652173914,0.6521739130434783,3.255434782608696,0.0,0.0,0.0,0.043478260869565216,0.0,0.0,0.0,0.0,0.0,0.0,0.0,0.0,0.0,0.0,0.0,11.08695652173913,0.0,1.75,0.0,6.622282608695652,1.5271739130434783,0.13858695652173914,4.7228260869565215,0.0,0.0,0.27445652173913043,0.035326086956521736,0.0,0.0,12.11413043478261,1.798913043478261,0.0,0.4157608695652174,0.024456521739130436,0.0,0.6086956521739131,0.5407608695652174,0.0,0.03260869565217391,0.0
1064,712,4,0.5352112676056338,0.05070422535211268,0.819718309859155,2.2985915492957747,0.0,0.0,0.0,0.0,0.0,0.0,0.0,0.0,0.0,0.0,0.0,0.0,0.0,0.0,0.0,9.569014084507042,0.0,1.5098591549295775,0.0,2.047887323943662,0.7549295774647887,0.27605633802816903,2.523943661971831,0.0,0.0,0.0,0.0,0.0,0.0,9.822535211267606,1.2704225352112677,0.0,0.011267605633802818,0.4253521126760563,0.0,0.09859154929577464,0.5464788732394367,0.0,0.014084507042253521,0.0
1067,1226,4,0.6756756756756757,0.14864864864864866,0.35135135135135137,6.121621621621622,0.0,0.0,0.0,0.0,0.0,0.0,0.0,0.0,0.0,0.0,0.0945945945945946,0.0,0.0,0.0,0.0,15.45945945945946,0.0,2.364864864864865,0.0,18.18918918918919,4.891891891891892,0.0,2.3783783783783785,0.0,0.0,0.08108108108108109,0.08108108108108109,0.0,0.0,19.18918918918919,4.4324324324324325,0.0,0.14864864864864866,0.0,0.0,1.0810810810810811,0.43243243243243246,0.0,0.05405405405405406,0.0
1068,1436,4,0.646551724137931,0.06896551724137931,0.0,6.008620689655173,0.0,0.0,0.0,0.0,0.0,0.0,0.0,0.0,0.0,0.0,0.0,0.0,0.0,0.0,0.0,18.336206896551722,0.0,2.163793103448276,0.0,13.0,5.5344827586206895,0.0,1.25,0.0,0.0,0.15517241379310345,0.41379310344827586,0.0,0.0,24.310344827586206,4.163793103448276,0.0,0.02586206896551724,0.0,0.0,1.0172413793103448,0.5603448275862069,0.0,0.008620689655172414,0.0
1071,605,4,0.555045871559633,0.06880733944954129,0.6330275229357798,3.5642201834862384,0.0,0.0,0.0,0.0,0.0,0.0,0.0,0.0,0.0,0.0779816513761468,0.0,0.0,0.0,0.0,0.0,10.371559633027523,0.0,2.8944954128440368,0.0,9.220183486238533,2.3256880733944953,0.05504587155963303,4.587155963302752,0.0,0.0,0.13302752293577982,0.23853211009174313,0.0,0.0,15.169724770642201,2.2339449541284404,0.0,0.05504587155963303,0.3394495412844037,0.0,0.5688073394495413,0.6055045871559633,0.0,0.013761467889908258,0.0
1076,814,4,0.5655172413793104,0.08620689655172414,1.2689655172413794,2.6724137931034484,0.0,0.0,0.0,0.0,0.0,0.0,0.0,0.0,0.0,0.0,0.0,0.0,0.0,0.0,0.0,7.63103448275862,0.0,2.027586206896552,0.0,2.56551724137931,0.6793103448275862,0.2827586206896552,3.9,0.0,0.0,0.0,0.010344827586206896,0.0,0.0,10.16551724137931,1.3103448275862069,0.0,0.08275862068965517,0.29310344827586204,0.0,0.020689655172413793,0.4689655172413793,0.0,0.04482758620689655,0.0
1071,1454,4,0.5460122699386503,0.3721881390593047,0.4458077709611452,8.267893660531698,0.0,0.0,0.0,0.002044989775051125,0.0,0.0,0.0,0.0,0.0,0.0081799591002045,0.00408997955010225,0.0,0.0,0.0,0.0,13.674846625766872,0.0,39.41717791411043,0.0,13.306748466257668,1.7852760736196318,0.17995910020449898,3.0552147239263805,0.0,0.0,0.07770961145194274,0.0,0.0,0.0,17.312883435582823,2.572597137014315,0.0,0.053169734151329244,0.06339468302658487,0.0,0.7484662576687117,5.034764826175869,0.016359918200409,0.0408997955010225,1.3865030674846626
1070,1624,5,0.7355371900826446,0.05371900826446281,1.037190082644628,2.7107438016528924,0.0,0.0,0.0,0.0,0.0,0.0,0.15289256198347106,0.0,0.0,0.23553719008264462,0.06198347107438017,0.0,0.0,0.0,0.6074380165289256,1.71900826446281,0.09917355371900827,3.0991735537190084,0.0,2.272727272727273,0.71900826446281,0.1652892561983471,12.396694214876034,0.0,0.0,0.0371900826446281,0.0,0.0,0.0,14.016528925619834,1.7024793388429753,0.0,0.0,0.05785123966942149,0.0,0.0,0.5702479338842975,0.0,0.02066115702479339,0.0
1073,97,4,0.8481308411214953,0.10747663551401869,0.4696261682242991,4.86214953271028,0.0,0.11682242990654206,0.0,0.36682242990654207,0.0,0.0,0.3644859813084112,0.09345794392523364,0.3060747663551402,1.7546728971962617,0.7733644859813084,0.0,0.004672897196261682,0.1542056074766355,0.10046728971962617,14.560747663551401,0.0,6.242990654205608,0.23598130841121495,16.35747663551402,4.677570093457944,0.38317757009345793,7.581775700934579,0.002336448598130841,0.0,0.2757009345794392,0.0,0.14018691588785046,0.35046728971962615,20.985981308411215,2.5186915887850465,0.0,0.28738317757009346,0.18925233644859812,0.0,1.2313084112149533,0.6682242990654206,2.539719626168224,0.11214953271028037,6.644859813084112
1076,118,4,0.6355140186915887,0.09345794392523364,0.6074766355140186,3.2149532710280373,0.0,0.0,0.0,0.01557632398753894,0.0,0.0,0.0,0.0,0.0,0.04361370716510903,0.0,0.0,0.0,0.0,0.0,13.286604361370717,0.0,2.0809968847352023,0.0,7.950155763239875,1.4610591900311527,0.16199376947040497,4.8847352024922115,0.0,0.0,0.056074766355140186,0.14641744548286603,0.0,0.0,11.16822429906542,1.6978193146417446,0.0,0.2523364485981308,0.0,0.0,0.794392523364486,0.49221183800623053,0.0,0.06853582554517133,0.0
1079,556,4,0.603448275862069,0.15301724137931033,0.9978448275862069,3.997844827586207,0.0,0.0,0.0,0.04525862068965517,0.0,0.0,0.0,0.0,0.0,0.10344827586206896,0.0,0.0,0.0,0.0,0.0,19.3125,0.0,1.3426724137931034,0.0,11.456896551724139,1.7780172413793103,0.09482758620689655,3.3900862068965516,0.0,0.0,0.004310344827586207,0.38146551724137934,0.0,0.0,14.243534482758621,2.336206896551724,0.0,0.2521551724137931,0.05172413793103448,0.0,1.1875,0.47629310344827586,0.0,0.036637931034482756,0.0
1076,1196,6,0.523168908819133,0.07025411061285501,1.0911808669656202,2.8176382660687596,0.0,0.0,0.0,0.0,0.0,0.0,0.0,0.0,0.0,0.0,0.0,0.0,0.0,0.0,0.0,11.747384155455904,0.016442451420029897,1.8609865470852018,0.0,4.445440956651719,1.0911808669656202,0.007473841554559043,4.811659192825112,0.0,0.0,0.19880418535127056,0.0,0.0,0.0,10.457399103139014,1.3751868460388639,0.0,0.2884902840059791,0.15844544095665172,0.0,0.2526158445440957,0.523168908819133,0.0,0.029895366218236172,0.0
1077,838,4,0.5956175298804781,0.07569721115537849,0.7111553784860558,5.569721115537849,0.0,0.0,0.08964143426294821,0.34462151394422313,0.0,0.0,0.29282868525896416,0.0,0.14940239043824702,1.4342629482071714,0.35856573705179284,0.0,0.0,0.0,0.17729083665338646,12.268924302788845,0.027888446215139442,3.3366533864541834,0.0,9.296812749003983,3.8326693227091635,0.4820717131474104,6.107569721115538,0.0,0.0,0.12350597609561753,0.0,0.0,0.0,21.155378486055778,3.49402390438247,0.0,1.3525896414342629,0.18127490039840638,0.0,0.6155378486055777,0.599601593625498,0.0,0.08167330677290836,0.8625498007968128
1075,1275,4,0.5867446393762183,0.13450292397660818,0.7348927875243665,5.7368421052631575,0.0,0.0,0.0,0.0935672514619883,0.0,0.0,0.0,0.0,0.0,0.08576998050682261,0.0,0.0,0.0,0.0,0.0,16.818713450292396,0.050682261208576995,25.526315789473685,0.0,8.508771929824562,2.3391812865497075,0.1267056530214425,3.9317738791423,0.0,0.0,0.13060428849902533,0.0,0.0,0.0,15.257309941520468,2.3508771929824563,0.0,0.5048732943469786,0.1793372319688109,0.0,0.41130604288499023,1.5263157894736843,0.0,0.025341130604288498,0.0
1070,1563,7,0.6965317919075145,0.0953757225433526,1.0260115606936415,4.763005780346821,0.0,0.0,0.0,0.0,0.0,0.0,0.0,0.0,0.0,0.0,0.0,0.0,0.0,0.0,0.0,14.696531791907514,0.0,2.6878612716763004,0.0,16.008670520231213,5.841040462427745,0.13005780346820808,5.832369942196531,0.0,0.0,0.16184971098265896,0.30057803468208094,0.0,0.0,18.708092485549134,3.19364161849711,0.0,0.23121387283236994,0.046242774566473986,0.0,1.0751445086705202,0.8063583815028902,0.0,0.04046242774566474,0.0
1075,718,4,1.0060975609756098,0.06707317073170732,1.2195121951219512,4.9939024390243905,0.0,0.036585365853658534,0.0,0.25,0.0,0.0,0.5670731707317073,0.0,0.0,2.048780487804878,0.38414634146341464,0.0,0.0,0.006097560975609756,1.829268292682927,12.628048780487806,0.11585365853658537,4.371951219512195,0.0,13.213414634146341,4.371951219512195,1.2073170731707317,6.9573170731707314,0.0,0.0,0.3780487804878049,0.0,0.0,0.0,19.158536585365855,2.6341463414634148,0.0,0.5182926829268293,0.07317073170731707,0.0,0.9207317073170732,0.5426829268292683,0.0,0.17682926829268292,5.878048780487805
1073,779,12,0.6511627906976745,0.13023255813953488,0.5255813953488372,4.530232558139535,0.0,0.0,0.0,0.0,0.0,0.0,0.0,0.0,0.0,0.0,0.11627906976744186,0.0,0.0,0.0,0.0,12.102325581395348,0.0,2.86046511627907,0.0,11.172093023255814,3.7116279069767444,0.0,3.3209302325581396,0.0,0.0,0.24186046511627907,0.046511627906976744,0.0,0.0,16.911627906976744,3.074418604651163,0.0,0.34418604651162793,0.0,0.0,0.7348837209302326,0.6046511627906976,0.0,0.03255813953488372,0.0
1076,931,4,0.6575342465753424,0.0502283105022831,0.6255707762557078,2.191780821917808,0.0,0.1278538812785388,0.0,0.4474885844748858,0.0,0.0,0.0,0.0,0.0,0.634703196347032,0.1598173515981735,0.0,0.0,0.4611872146118721,0.0,5.593607305936073,0.0,3.3972602739726026,0.0,1.095890410958904,0.3972602739726027,0.2922374429223744,4.525114155251141,0.0,0.0,0.0182648401826484,0.0,0.0,0.0,10.442922374429223,1.0684931506849316,0.0,0.0,0.2009132420091324,0.0,0.3744292237442922,0.6073059360730594,0.045662100456621,0.0228310502283105,8.625570776255708
1077,1216,7,0.5427046263345195,0.1103202846975089,0.9537366548042705,4.8113879003558715,0.0,0.0,0.0,0.0,0.0,0.0,0.012455516014234875,0.0,0.0,0.2206405693950178,0.11743772241992882,0.0,0.0,0.0,0.0,13.998220640569395,0.0,2.9288256227758005,0.0,8.530249110320284,2.5284697508896796,0.3220640569395018,4.122775800711744,0.0,0.0,0.24555160142348753,0.2704626334519573,0.033807829181494664,0.0,17.416370106761565,3.0587188612099645,0.0,0.3398576512455516,0.09252669039145907,0.0,0.6476868327402135,0.5462633451957295,0.0,0.0498220640569395,0.0
1087,1522,4,0.5682539682539682,0.09523809523809523,0.692063492063492,4.228571428571429,0.0,0.0,0.0,0.26666666666666666,0.0,0.0,0.2984126984126984,0.0,0.006349206349206349,1.1015873015873017,0.2126984126984127,0.0,0.0,0.0,0.6825396825396826,13.822222222222223,0.0,5.085714285714285,0.0,6.876190476190477,2.942857142857143,0.27936507936507937,5.304761904761905,0.0,0.0,0.05714285714285714,0.0761904761904762,0.0,0.0,17.6984126984127,2.8825396825396825,0.0,0.7968253968253968,0.0,0.0,0.5746031746031746,0.6476190476190476,0.0,0.05714285714285714,0.06666666666666667
1077,1538,4,0.5948777648428405,0.0779976717112922,0.6239813736903376,4.39930151338766,0.0,0.0,0.0,0.05355064027939464,0.0,0.0,0.0,0.0,0.0,0.1362048894062864,0.04423748544819558,0.0,0.0,0.0,0.0,12.166472642607683,0.08032596041909197,3.268917345750873,0.0,8.974388824214202,2.591385331781141,0.2479627473806752,5.891734575087311,0.0,0.0,0.18975552968568102,0.14435389988358557,0.0,0.0,18.30849825378347,2.6554132712456346,0.0,0.03958090803259604,0.1478463329452852,0.0,0.6845168800931315,0.789289871944121,0.0,0.04307334109429569,0.0
1074,194,4,0.6263440860215054,0.06182795698924731,1.0564516129032258,3.1155913978494625,0.0,0.02956989247311828,0.0,0.15591397849462366,0.0,0.0,0.005376344086021506,0.0,0.0,0.3790322580645161,0.06720430107526881,0.0,0.0,0.002688172043010753,0.013440860215053764,10.830645161290322,0.13978494623655913,3.217741935483871,0.0,3.6989247311827955,0.6075268817204301,1.1801075268817205,9.93010752688172,0.0,0.0,0.6612903225806451,0.0,0.0,0.0,13.938172043010752,1.3951612903225807,0.0,0.49193548387096775,0.40860215053763443,0.0,0.17204301075268819,0.6075268817204301,0.0,0.04032258064516129,0.0
1084,1353,4,0.5503355704697986,0.06711409395973154,1.157718120805369,2.6476510067114094,0.0,0.0,0.0,0.17785234899328858,0.0,0.0,0.0,0.0,0.0,0.23825503355704697,0.040268456375838924,0.0,0.0,0.006711409395973154,0.0,6.758389261744966,0.0,3.0201342281879193,0.0,3.046979865771812,0.8993288590604027,0.18120805369127516,5.446308724832215,0.0,0.0,0.0,0.0,0.0,0.0,9.046979865771812,1.1308724832214765,0.0,0.15771812080536912,0.0,0.0,0.3288590604026846,0.41946308724832215,0.0,0.03691275167785235,1.5604026845637584
1078,1736,7,0.5681159420289855,0.08405797101449275,0.46956521739130436,3.7004830917874396,0.0,0.0,0.0,0.0,0.0,0.0,0.03671497584541063,0.0,0.0,0.1468599033816425,0.04830917874396135,0.0,0.0,0.0,0.17971014492753623,12.903381642512077,0.011594202898550725,2.863768115942029,0.0,9.90048309178744,2.0415458937198068,0.008695652173913044,4.214492753623189,0.0,0.0,0.1826086956521739,0.0,0.000966183574879227,0.0,15.828019323671498,2.348792270531401,0.0,0.0,0.0,0.025120772946859903,0.6879227053140097,0.6154589371980677,0.0,0.024154589371980676,0.10628019323671498
1078,734,4,0.5324384787472036,0.09619686800894854,0.9328859060402684,4.0,0.0,0.0,0.0,0.006711409395973154,0.0,0.0,0.854586129753915,0.0,0.3400447427293065,1.5906040268456376,0.8053691275167785,0.0,0.0,0.0,1.232662192393736,13.953020134228188,0.07158836689038031,3.261744966442953,0.0,8.691275167785236,2.21923937360179,0.9105145413870246,8.263982102908278,0.0,0.0,0.5212527964205816,0.0,0.6241610738255033,0.0,18.004474272930647,1.6845637583892616,0.0,0.0,0.0,0.2953020134228188,0.6621923937360179,0.6017897091722595,0.18568232662192394,0.06263982102908278,5.411633109619687
1079,797,12,0.7333333333333333,0.10864197530864197,0.48148148148148145,5.246913580246914,0.0,0.0,0.0,0.04197530864197531,0.0,0.0,0.0,0.0,0.0,0.019753086419753086,0.0,0.0,0.012345679012345678,0.0,0.0,18.135802469135804,0.0,3.303703703703704,0.0,14.535802469135803,4.6839506172839505,0.007407407407407408,3.506172839506173,0.0,0.0,0.03950617283950617,0.0,0.0,0.0,19.133333333333333,3.4592592592592593,0.0,0.0962962962962963,0.08888888888888889,0.0,0.908641975308642,0.5802469135802469,0.0,0.04197530864197531,0.0
1084,465,4,0.716012084592145,0.08459214501510574,0.8972809667673716,3.1691842900302114,0.0,0.2537764350453172,0.0,0.9758308157099698,0.0,0.0,0.0,0.0,0.0,0.5800604229607251,0.23867069486404835,0.0,0.0,0.14803625377643503,0.0,8.444108761329305,0.0,3.7401812688821754,0.0,4.960725075528701,1.540785498489426,0.41389728096676737,4.670694864048339,0.0,0.0,0.07250755287009064,0.0,0.0,0.0,13.036253776435045,2.2386706948640485,0.0,0.030211480362537766,0.16012084592145015,0.0,0.6314199395770392,0.5770392749244713,0.0,0.045317220543806644,0.25075528700906347
1079,1309,4,0.5263908701854494,0.0884450784593438,0.6205420827389444,3.1426533523537805,0.0,0.017118402282453638,0.0,0.0898716119828816,0.0,0.0,0.0,0.0,0.0,0.052781740370898715,0.009985734664764621,0.0,0.0,0.0,0.0,9.620542082738945,0.0,1.6291012838801713,0.0,6.398002853067047,1.6291012838801713,0.14978601997146934,3.6034236804564905,0.0,0.0,0.037089871611982884,0.0,0.0,0.0,11.835948644793152,1.8787446504992866,0.0,0.052781740370898715,0.0,0.0,0.3780313837375178,0.47788873038516405,0.0,0.028530670470756064,0.024251069900142655
1078,1928,7,0.6312849162011173,0.10614525139664804,0.6089385474860335,3.8854748603351954,0.0,0.08379888268156424,0.0,0.0,0.0,0.0,0.002793296089385475,0.0,0.0,0.013966480446927373,0.00558659217877095,0.0,0.0,0.0,0.00558659217877095,9.924581005586592,0.0,1.9804469273743017,0.0,11.910614525139664,2.2681564245810057,0.0,2.952513966480447,0.0,0.22625698324022347,0.2011173184357542,0.0,0.0,0.0,17.365921787709496,2.695530726256983,0.0,0.01675977653631285,0.32122905027932963,0.0,0.7122905027932961,0.6759776536312849,0.0,0.055865921787709494,0.0
1084,961,11,0.6949685534591195,0.11949685534591195,0.44654088050314467,3.811320754716981,0.0,0.0,0.0,0.0,0.0,0.0,0.17295597484276728,0.0,0.06289308176100629,0.6666666666666666,0.27358490566037735,0.0,0.0,0.0,0.5440251572327044,12.666666666666666,0.025157232704402517,4.220125786163522,0.0,13.946540880503145,2.6352201257861636,0.49056603773584906,5.553459119496855,0.0,0.0,0.16037735849056603,0.0,0.0,0.0,18.31446540880503,2.2169811320754715,0.0,0.34276729559748426,0.0,0.0,1.0,0.5723270440251572,0.0,0.0440251572327044,1.5251572327044025
1098,996,4,0.5939597315436241,0.06208053691275168,0.8389261744966443,2.953020134228188,0.0,0.04865771812080537,0.0,0.5620805369127517,0.0,0.0,0.04697986577181208,0.0,0.030201342281879196,0.9144295302013423,0.31711409395973156,0.0,0.03523489932885906,0.0,0.025167785234899327,5.100671140939597,0.0,3.540268456375839,0.0,3.704697986577181,1.2902684563758389,0.4865771812080537,5.966442953020135,0.026845637583892617,0.0,0.09731543624161074,0.0,0.0,0.8859060402684564,13.442953020134228,1.9429530201342282,0.0,0.535234899328859,0.21476510067114093,0.0,0.3187919463087248,0.587248322147651,0.0,0.10738255033557047,0.1476510067114094
1086,1762,7,0.9774153074027604,0.0740276035131744,0.8695106649937264,3.4416562107904642,0.0,0.002509410288582183,0.0,0.23588456712672523,0.0,0.0,0.026348808030112924,0.0,0.005018820577164366,0.6963613550815558,0.24717691342534504,0.0,0.0,0.0,0.08531994981179424,12.72396486825596,0.0,4.446675031367628,0.0,9.27603513174404,2.695106649937265,0.7038895859473023,7.924717691342535,0.0,0.0,0.09159347553324969,0.0,0.0,0.0,13.695106649937264,1.9247176913425346,0.0,0.4592220828105395,0.22082810539523212,0.0,0.5796737766624843,0.6474278544542033,0.0,0.23212045169385195,0.1028858218318695
1094,381,4,0.5611745513866232,0.1598694942903752,0.44208809135399674,5.902120717781403,0.0,0.0,0.0,0.05057096247960848,0.0,0.0,0.12561174551386622,0.0,0.024469820554649267,0.8890701468189234,0.5367047308319739,0.0,0.0,0.0,0.4698205546492659,14.309951060358891,0.024469820554649267,21.588907014681894,0.0,18.27243066884176,5.185970636215335,0.9282218597063622,6.0,0.0,0.0,0.0929853181076672,0.09135399673735727,0.022838499184339316,0.0,26.10114192495922,3.5611745513866233,0.0,0.766721044045677,0.009787928221859706,0.12561174551386622,1.1794453507340945,1.3588907014681892,0.0,0.06035889070146819,1.7292006525285482
1090,1131,4,0.47413793103448276,0.09482758620689655,0.4815270935960591,3.7770935960591134,0.0,0.0,0.0,0.0,0.0,0.0,0.0,0.0,0.0,0.003694581280788177,0.0,0.0,0.0,0.0,0.0,14.607142857142858,0.0,2.0,0.0,7.419950738916256,1.916256157635468,0.03940886699507389,3.895320197044335,0.0,0.0,0.1477832512315271,0.28078817733990147,0.0,0.0,13.338669950738916,2.2019704433497536,0.0,0.16133004926108374,0.006157635467980296,0.0,0.49014778325123154,0.5283251231527094,0.0,0.024630541871921183,0.0
1090,1499,4,0.6351606805293005,0.08128544423440454,1.3270321361058601,3.2476370510396975,0.0,0.0,0.0,0.0,0.0,0.00945179584120983,0.0,0.0,0.0,0.04725897920604915,0.0,0.0,0.0,0.0,0.0,10.805293005671077,0.0,2.156899810964083,0.0,3.5179584120982987,0.8128544423440454,0.4763705103969754,7.219281663516068,0.0,0.0,0.43289224952741023,0.0,0.0,0.0,13.514177693761814,1.6880907372400755,0.0,0.5652173913043478,0.08695652173913043,0.0,0.14555765595463138,0.6805293005671077,0.0,0.2438563327032136,0.0
1090,1792,14,0.5086206896551724,0.08620689655172414,1.0675287356321839,4.2155172413793105,0.0,0.0,0.0,0.0,0.0,0.0,0.0,0.0,0.0,0.0,0.0,0.0,0.0,0.0,0.0,18.313218390804597,0.04454022988505747,2.7025862068965516,0.0,6.219827586206897,2.060344827586207,0.21408045977011494,7.360632183908046,0.0,0.0,0.1910919540229885,0.1206896551724138,0.0,0.0,15.918103448275861,2.132183908045977,0.0,0.3160919540229885,0.10775862068965517,0.0,0.3807471264367816,0.6091954022988506,0.0,0.03735632183908046,0.0
1083,138,4,0.6094147582697201,0.05597964376590331,0.5763358778625954,2.9160305343511452,0.0,0.0,0.0,0.15267175572519084,0.0,0.0,0.178117048346056,0.0,0.14376590330788805,0.9961832061068703,0.5597964376590331,0.0,0.0,0.0,0.05597964376590331,2.9720101781170483,0.013994910941475827,6.786259541984733,0.0,1.7404580152671756,0.8765903307888041,1.2086513994910941,8.93384223918575,0.0,0.0,0.06361323155216285,0.0,0.0,0.0,16.043256997455472,1.7290076335877862,0.0,0.4389312977099237,0.017811704834605598,0.0,0.0,0.6628498727735369,0.0,0.06870229007633588,0.6768447837150128
1088,1945,7,0.498371335504886,0.1270358306188925,0.40716612377850164,4.456026058631922,0.0,0.0,0.0,0.02280130293159609,0.0,0.0,0.0,0.0,0.0,0.013029315960912053,0.0,0.0,0.0,0.0,0.0,21.247557003257327,0.0,1.270358306188925,0.0,10.09771986970684,1.9706840390879479,0.0,2.254071661237785,0.0,0.0,0.0,0.3973941368078176,0.0,0.0,15.439739413680782,2.563517915309446,0.0,0.09120521172638436,0.15309446254071662,0.0,1.6775244299674268,0.4234527687296417,0.0,0.03257328990228013,0.0
1082,1235,12,0.6068965517241379,0.1103448275862069,0.49885057471264366,5.174712643678161,0.0,0.0,0.0,0.0,0.0,0.0,0.7172413793103448,0.0,0.04367816091954023,1.6528735632183909,0.8,0.0,0.0,0.0,1.6919540229885057,14.514942528735633,0.03218390804597701,4.714942528735632,0.0,11.142528735632183,2.7770114942528736,0.496551724137931,5.44367816091954,0.0,0.0,0.3471264367816092,0.0,0.0,0.0,22.995402298850575,2.8045977011494254,0.0,0.20689655172413793,0.0,0.0,0.7379310344827587,0.6252873563218391,0.0,0.07586206896551724,4.445977011494253
1082,1460,4,0.6102941176470589,0.0661764705882353,0.2757352941176471,4.147058823529412,0.0,0.0,0.0,0.13970588235294118,0.0,0.0,0.0,0.0,0.0,0.1875,0.025735294117647058,0.0,0.0,0.2647058823529412,0.0,7.922794117647059,0.0,3.011029411764706,0.0,4.834558823529412,2.5330882352941178,0.10294117647058823,3.1801470588235294,0.0,0.0,0.06985294117647059,0.1323529411764706,0.0,0.0,18.9375,2.9779411764705883,0.0,0.0,0.029411764705882353,0.0,0.6727941176470589,0.6727941176470589,0.0,0.04779411764705882,2.3713235294117645
1086,1561,7,0.8404907975460123,0.04294478527607362,0.6748466257668712,2.957055214723926,0.0,0.0,0.0,0.0,0.0,0.0,0.10429447852760736,0.0,0.0,0.1411042944785276,0.012269938650306749,0.0,0.0,0.0,0.4049079754601227,3.0736196319018405,0.03067484662576687,3.6625766871165646,0.0,2.6809815950920246,0.9570552147239264,0.27607361963190186,11.61963190184049,0.0,0.0,0.18404907975460122,0.0,0.0,0.0,15.865030674846626,1.8159509202453987,0.0,0.0,0.294478527607362,0.0,0.0,0.8404907975460123,0.0,0.04294478527607362,0.0
1085,1893,4,1.1265822784810127,0.10488245931283906,0.969258589511754,5.949367088607595,0.0,0.0054249547920434,0.0,0.048824593128390596,0.0,0.0,0.6021699819168174,0.0,0.0,1.2188065099457503,0.2314647377938517,0.0,0.0054249547920434,0.0,1.8155515370705244,19.93490054249548,0.05605786618444846,3.7920433996383363,0.0,18.55153707052441,5.547920433996383,0.8028933092224232,7.0886075949367084,0.0,0.0,0.42495479204339964,0.0,0.0,0.12839059674502712,22.083182640144667,2.9330922242314648,0.0,0.6112115732368897,0.10849909584086799,0.0,1.1555153707052441,0.6329113924050633,0.0,0.21699819168173598,1.518987341772152
1100,306,4,0.5978260869565217,0.08043478260869565,1.0913043478260869,3.002173913043478,0.0,0.006521739130434782,0.0,0.2,0.0,0.0,0.02826086956521739,0.0,0.0,0.31521739130434784,0.05434782608695652,0.0,0.0,0.0,0.12173913043478261,6.01304347826087,0.12391304347826088,5.673913043478261,0.0,4.478260869565218,1.326086956521739,0.9152173913043479,6.447826086956522,0.0,0.0,0.3065217391304348,0.0,0.0,0.0,16.410869565217393,1.5391304347826087,0.0,0.24347826086956523,0.0,0.0,0.358695652173913,0.6,0.0,0.05217391304347826,1.3282608695652174
1083,1850,15,0.471356783919598,0.09447236180904522,0.9155778894472362,2.9809045226130655,0.0,0.0,0.0,0.2904522613065327,0.0,0.0,0.0,0.0,0.0,0.44221105527638194,0.13165829145728644,0.0,0.011055276381909548,0.1899497487437186,0.006030150753768844,14.95175879396985,0.021105527638190954,2.992964824120603,0.0,6.401005025125628,1.3236180904522612,0.21105527638190955,4.450251256281407,0.0,0.0,0.03919597989949749,0.13467336683417086,0.0,0.0,11.422110552763819,1.6552763819095477,0.0,0.1728643216080402,0.006030150753768844,0.0,0.5386934673366834,0.4793969849246231,0.0,0.035175879396984924,1.8311557788944723
1089,765,12,0.5613207547169812,0.13679245283018868,0.33490566037735847,4.688679245283019,0.14150943396226415,0.21226415094339623,0.0,0.75,0.0,0.0,0.0,0.0,0.0,0.589622641509434,0.05660377358490566,0.0,0.0,0.0,0.0,15.235849056603774,0.05660377358490566,4.712264150943396,0.0,10.349056603773585,3.4764150943396226,0.6839622641509434,5.834905660377358,0.0,0.0,0.3018867924528302,0.19811320754716982,0.0,0.0,22.74056603773585,2.7264150943396226,0.0,0.04716981132075472,0.0,0.0,0.5,0.7311320754716981,0.0,0.07547169811320754,0.0
1105,504,4,0.752851711026616,0.11787072243346007,0.42585551330798477,3.199619771863118,0.0,0.11596958174904944,0.0,0.6368821292775665,0.0,0.0,0.0,0.0,0.0,0.4714828897338403,0.16730038022813687,0.0,0.09695817490494296,0.6844106463878327,0.0,10.642585551330798,0.0,4.6254752851711025,0.0,10.330798479087452,2.3631178707224336,0.4524714828897338,4.479087452471483,0.0,0.0,0.07224334600760456,0.0,0.0,0.0,12.802281368821292,1.720532319391635,0.0,0.0,0.017110266159695818,0.0,1.138783269961977,0.5418250950570342,0.3060836501901141,0.04752851711026616,14.488593155893536
1092,606,4,0.5130368098159509,0.09125766871165644,0.7530674846625767,3.3052147239263805,0.0,0.0,0.0,0.07208588957055215,0.0,0.0,0.0,0.0,0.0,0.09049079754601227,0.023006134969325152,0.0,0.03067484662576687,0.036042944785276074,0.0,14.645705521472392,0.013803680981595092,2.1579754601226995,0.0,5.449386503067485,1.5207055214723926,0.07745398773006135,4.8565950920245395,0.0,0.0,0.13190184049079753,0.0,0.0,0.0,11.774539877300613,1.7162576687116564,0.0,0.14340490797546013,0.07592024539877301,0.0,0.7998466257668712,0.522239263803681,0.0,0.03067484662576687,0.7845092024539877
1091,1020,4,0.5488888888888889,0.09888888888888889,1.8988888888888888,3.44,0.0,0.0,0.0,0.0,0.0,0.0,0.0,0.0,0.0,0.0,0.0,0.0,0.0,0.0,0.0,15.391111111111112,0.044444444444444446,2.0388888888888888,0.0,4.007777777777778,1.8777777777777778,0.2388888888888889,5.736666666666666,0.0,0.0,0.2544444444444444,0.04888888888888889,0.0,0.0,12.262222222222222,1.8644444444444443,0.0,0.44555555555555554,0.02,0.0,0.27111111111111114,0.5533333333333333,0.0,0.043333333333333335,0.6655555555555556
1095,1630,4,30.05157593123209,0.11461318051575932,0.332378223495702,5.249283667621777,0.0,0.0,0.0,0.14613180515759314,0.0,0.0,0.022922636103151862,0.0,0.0,0.3008595988538682,0.014326647564469915,0.0,0.0,0.0,0.0,7.300859598853868,0.0,1.8767908309455588,0.0,5.418338108882521,2.495702005730659,0.02005730659025788,3.32378223495702,0.0,0.0,0.03724928366762178,0.0,0.0,0.0,21.83381088825215,1.5444126074498568,0.3037249283667622,0.03724928366762178,0.0,0.0,0.40974212034383956,2.512893982808023,5.189111747851003,26.240687679083095,14.991404011461318
1090,1913,7,3.635311143270622,0.09261939218523878,0.3835021707670043,2.8364688856729376,0.0,0.041968162083936326,0.0,0.07525325615050651,0.0,0.0,0.0,0.04052098408104197,0.0,0.18958031837916064,0.041968162083936326,0.0,0.0,0.002894356005788712,0.0,6.490593342981187,0.011577424023154847,3.028943560057887,0.0,4.2387843704775685,2.73082489146165,0.11143270622286541,3.5470332850940665,0.0,0.0,0.26772793053545585,0.0,0.0,0.01881331403762663,14.424023154848046,1.7149059334298118,0.0,0.16063675832127353,0.001447178002894356,0.0,0.39363241678726485,0.5991316931982634,1.0463096960926195,3.150506512301013,7.218523878437048
1094,668,4,0.6573705179282868,0.12350597609561753,0.38247011952191234,4.2151394422310755,0.0,0.0199203187250996,0.0,0.5298804780876494,0.0,0.0,0.8247011952191236,0.0,0.0,3.039840637450199,0.5657370517928287,0.0,0.0,0.0,2.7968127490039842,6.103585657370518,0.00398406374501992,6.800796812749004,0.0,4.01195219123506,2.653386454183267,0.6892430278884463,5.657370517928287,0.0,0.0,0.19123505976095617,0.0,0.3187250996015936,0.0,22.298804780876495,2.6693227091633465,0.0,0.00796812749003984,0.00398406374501992,0.0,0.3705179282868526,0.5936254980079682,0.0,0.099601593625498,3.5219123505976095
1090,32,4,0.6096605744125326,0.08224543080939947,1.4007832898172323,3.265013054830287,0.0,0.0,0.0,0.24673629242819844,0.0,0.0,0.0,0.0,0.0,0.18407310704960836,0.04569190600522193,0.0,0.0,0.1370757180156658,0.0,12.404699738903394,0.0,2.608355091383812,0.0,4.7441253263707575,1.4503916449086163,0.2206266318537859,6.002610966057441,0.0,0.0,0.16840731070496084,0.0,0.0,0.0,12.330287206266318,1.6984334203655354,0.0,0.2545691906005222,0.0,0.0,0.36945169712793735,0.54177545691906,0.0,0.048302872062663184,0.08877284595300261
1096,163,4,0.6336633663366337,0.06930693069306931,1.7821782178217822,2.227722772277228,0.0,0.0,0.0,0.33663366336633666,0.0,0.0,0.0,0.0,0.0,0.43564356435643564,0.1485148514851485,0.0,0.0,0.0,0.0,7.376237623762377,0.1188118811881188,2.1485148514851486,0.0,2.900990099009901,0.7029702970297029,0.6831683168316832,10.257425742574258,0.0,0.0,0.0,0.0,0.0,0.0,8.92079207920792,0.6435643564356436,0.0,0.3564356435643564,0.0,0.0,0.10891089108910891,0.45544554455445546,0.0,0.04950495049504951,0.0
1090,222,4,0.9026946107784432,0.0748502994011976,1.034431137724551,2.6137724550898205,0.0,0.0,0.0,0.05389221556886228,0.0,0.0,0.0,0.0,0.0,0.0688622754491018,0.0074850299401197605,0.0,0.0,0.0,0.0,12.501497005988025,0.02694610778443114,7.155688622754491,0.0,1.998502994011976,0.7200598802395209,0.1062874251497006,5.254491017964072,0.0,0.0,0.0,0.0,0.0,0.0,10.040419161676647,1.127245508982036,0.0,0.040419161676646706,0.08982035928143713,0.0,0.27245508982035926,0.49550898203592814,0.0,0.2245508982035928,0.0
1093,337,4,0.7238493723849372,0.06276150627615062,0.602510460251046,2.4686192468619246,0.0,0.0,0.0,0.0,0.0,0.0,0.0,0.0,0.0,0.02092050209205021,0.0,0.0,0.0,0.0,0.0,4.493723849372385,0.0,1.9372384937238494,0.0,0.9414225941422594,0.6694560669456067,0.0,5.2635983263598325,0.0,0.0,0.0,0.0,0.0,0.0,10.97489539748954,1.5397489539748954,0.0,0.0,0.0,0.0,0.0,0.5941422594142259,0.0,0.02092050209205021,0.0
1100,355,4,0.5456852791878173,0.08375634517766498,0.4796954314720812,2.946700507614213,0.0,0.0,0.0,0.0,0.0,0.0,0.0,0.0,0.0,0.005076142131979695,0.0,0.0,0.0,0.0,0.0,11.67005076142132,0.012690355329949238,1.9390862944162437,0.0,5.0786802030456855,1.4949238578680204,0.03807106598984772,3.454314720812183,0.0,0.0,0.07106598984771574,0.0,0.0,0.0,11.880710659898478,1.6827411167512691,0.0,0.3223350253807107,0.1548223350253807,0.0,0.30710659898477155,0.5532994923857868,0.0,0.012690355329949238,0.0
1088,398,4,0.49801324503311256,0.09536423841059603,0.6728476821192053,3.3894039735099337,0.0,0.0,0.0,0.0,0.0,0.0,0.0,0.0,0.0,0.07947019867549669,0.0,0.0,0.0,0.0,0.0,11.944370860927153,0.0026490066225165563,2.1019867549668874,0.0,6.813245033112583,1.937748344370861,0.039735099337748346,3.7019867549668874,0.0,0.0,0.009271523178807948,0.0,0.0,0.0,12.756291390728476,2.023841059602649,0.0,0.42119205298013246,0.003973509933774834,0.0,0.4251655629139073,0.5536423841059602,0.0,0.018543046357615896,0.0
1096,703,4,0.452991452991453,0.07692307692307693,0.48717948717948717,4.17948717948718,0.0,0.0,0.0,0.0,0.0,0.0,0.0,0.0,0.0,0.0,0.0,0.0,0.0,0.0,0.0,18.982905982905983,0.0,1.7692307692307692,0.0,9.52991452991453,1.5897435897435896,0.06837606837606838,3.658119658119658,0.0,0.0,0.0,0.1623931623931624,0.0,0.0,13.247863247863247,2.076923076923077,0.0,0.0,0.0,0.0,0.5555555555555556,0.6495726495726496,0.0,0.017094017094017096,0.0
1106,1102,4,0.6262924667651403,0.07533234859675036,1.2156573116691285,3.7001477104874447,0.0,0.0,0.0,0.03249630723781388,0.0,0.0,0.0,0.0,0.0,0.007385524372230428,0.0,0.0,0.0,0.0014771048744460858,0.0,7.630723781388479,0.0,2.208271787296898,0.0,4.915805022156573,2.327917282127031,0.050221565731166914,3.985228951255539,0.0,0.0,0.12998522895125553,0.0,0.0,0.0,15.14771048744461,2.6602658788774005,0.0,0.3988183161004431,0.16838995568685378,0.0,0.2555391432791728,0.5420974889217134,0.0,0.03545051698670606,0.0
1095,1326,4,0.8077669902912621,0.09805825242718447,0.7582524271844661,4.075728155339806,0.0,0.0,0.0,0.06504854368932039,0.0,0.0,0.02524271844660194,0.0,0.02524271844660194,0.3679611650485437,0.15922330097087378,0.0,0.0,0.0,0.008737864077669903,16.532038834951457,0.024271844660194174,4.27378640776699,0.0,6.957281553398058,2.3980582524271843,0.38155339805825245,5.65242718446602,0.0,0.0,0.1786407766990291,0.0,0.0,0.0,15.720388349514563,2.4436893203883496,0.0,0.19514563106796118,0.1533980582524272,0.0,0.44854368932038835,0.6669902912621359,0.0,0.4087378640776699,0.0
1092,826,4,0.6428571428571429,0.06512605042016807,1.3025210084033614,3.5504201680672267,0.0,0.0,0.0,0.0,0.0,0.0,0.025210084033613446,0.0,0.0,0.07563025210084033,0.023109243697478993,0.0,0.0,0.0,0.06722689075630252,12.178571428571429,0.07563025210084033,2.722689075630252,0.0,8.718487394957982,1.6428571428571428,0.1323529411764706,6.96218487394958,0.0,0.07142857142857142,0.21218487394957983,0.0,0.0063025210084033615,0.0,14.235294117647058,2.0168067226890756,0.0,0.19747899159663865,0.04831932773109244,0.008403361344537815,0.6197478991596639,0.6050420168067226,0.0,0.03361344537815126,0.0
1100,1862,4,0.6009174311926605,0.10550458715596331,0.7339449541284404,3.963302752293578,0.0,0.0,0.0,0.0,0.0,0.0,0.0,0.0,0.0,0.0,0.0,0.0,0.0,0.0,0.0,8.472477064220184,0.0,24.458715596330276,0.0,5.279816513761468,0.6651376146788991,0.1834862385321101,2.6926605504587156,0.0,0.0,0.11009174311926606,0.0,0.0,0.0,9.256880733944953,1.2889908256880733,0.0,0.3761467889908257,0.022935779816513763,0.0,0.42201834862385323,1.1605504587155964,0.7935779816513762,0.01834862385321101,6.68348623853211
1095,260,4,0.5396825396825397,0.09523809523809523,0.7509157509157509,3.8205128205128207,0.0,0.0,0.0,0.006105006105006105,0.0,0.0,0.0,0.0,0.0,0.004884004884004884,0.0,0.0,0.0,0.0,0.0,11.474969474969475,0.0695970695970696,4.126984126984127,0.0,7.3076923076923075,2.3272283272283274,0.5067155067155067,4.609279609279609,0.0,0.0,0.18315018315018314,0.0,0.0,0.0,19.175824175824175,2.283272283272283,0.0,0.07448107448107448,0.06227106227106227,0.0,0.5091575091575091,0.6654456654456654,0.0,0.02564102564102564,0.09035409035409035
1095,921,5,0.44923857868020306,0.04568527918781726,0.5862944162436549,2.434010152284264,0.0,0.0,0.0,0.0,0.0,0.0,0.0,0.0,0.0,0.0,0.0,0.0,0.0,0.0,0.0,5.261421319796955,0.0,2.2106598984771573,0.0,2.8477157360406093,0.8147208121827412,0.09137055837563451,3.5076142131979697,0.0,0.0,0.0025380710659898475,0.0,0.0,0.0,9.936548223350254,1.4517766497461928,0.0,0.1700507614213198,0.0,0.0,0.13959390862944163,0.4467005076142132,0.0,0.02030456852791878,0.0
1093,1275,4,0.5317220543806647,0.09365558912386707,0.26586102719033233,5.767371601208459,0.0,0.0,0.0,0.10574018126888217,0.0,0.0,0.29607250755287007,0.0,0.17522658610271905,1.6435045317220545,0.8610271903323263,0.0,0.0,0.02416918429003021,0.0,10.057401812688822,0.0,4.093655589123867,0.5377643504531722,7.909365558912387,6.770392749244713,0.2719033232628399,3.88821752265861,0.0,0.0,0.22356495468277945,0.0,0.2809667673716012,0.0,23.099697885196374,4.564954682779456,0.0,0.2175226586102719,0.04229607250755287,0.0,0.5861027190332326,0.5861027190332326,0.0,0.1027190332326284,0.3957703927492447
1094,1394,4,0.7480106100795756,0.0636604774535809,1.220159151193634,3.5543766578249336,0.0,0.0,0.0,0.0636604774535809,0.0,0.0,0.010610079575596816,0.0,0.023872679045092837,0.32891246684350134,0.09018567639257294,0.0,0.0,0.0,0.0,9.294429708222811,0.0,2.580901856763926,0.0,10.564986737400531,3.923076923076923,0.20689655172413793,6.888594164456234,0.0,0.0,0.10875331564986737,0.11405835543766578,0.0,0.0,15.647214854111406,2.212201591511936,0.0,0.246684350132626,0.1220159151193634,0.0,0.8010610079575596,0.6392572944297082,0.0,0.042440318302387266,0.0
1095,1421,4,0.6279863481228669,0.07167235494880546,1.4061433447098977,3.737201365187713,0.0,0.0,0.0,0.0,0.0,0.0,0.0,0.0,0.0,0.0,0.0,0.0,0.0,0.0,0.0,9.389078498293514,0.051194539249146756,2.525597269624573,0.0,8.853242320819113,2.0273037542662116,0.16040955631399317,6.419795221843003,0.0,0.0,0.18771331058020477,0.3003412969283277,0.0,0.0,16.061433447098977,2.174061433447099,0.0,0.2901023890784983,0.09215017064846416,0.0,0.6723549488054608,0.6689419795221843,0.0,0.05460750853242321,0.0
1104,737,4,0.47401247401247404,0.08731808731808732,0.6632016632016632,3.557172557172557,0.0,0.0,0.0,0.0,0.0,0.0,0.0,0.0,0.0,0.0,0.0,0.0,0.0,0.0,0.0,13.422037422037421,0.0,3.0602910602910605,0.0,6.365904365904366,1.2993762993762994,0.06652806652806653,4.41995841995842,0.0,0.0,0.2182952182952183,0.0,0.0,0.0,14.82120582120582,1.7255717255717256,0.0,0.0,0.12266112266112267,0.0,0.3970893970893971,0.7172557172557172,0.0,0.035343035343035345,0.0
1105,851,4,0.687973086627418,0.09083263246425567,0.5651808242220353,3.7325483599663585,0.0,0.0008410428931875525,0.0,0.008410428931875526,0.0,0.0,0.0,0.0,0.0,0.040370058873002525,0.01345668629100084,0.0,0.002523128679562658,0.0,0.0,13.56013456686291,0.0,2.5988225399495373,0.0,7.761984861227923,1.9974768713204374,0.02943650126156434,3.1984861227922625,0.0,0.0,0.0008410428931875525,0.0,0.0,0.0,14.225399495374264,2.4465937762825902,0.0,0.07148864592094197,0.03784693019343986,0.0,0.5054667788057191,0.6005046257359126,0.0,0.028595458368376788,0.04625735912531539
1095,941,4,0.696969696969697,0.09956709956709957,0.8528138528138528,3.742424242424242,0.0,0.0,0.0,0.0010822510822510823,0.0,0.0,0.0,0.0,0.0,0.0,0.0,0.0,0.0,0.0,0.0,12.703463203463203,0.05303030303030303,2.301948051948052,0.0,10.093073593073592,2.294372294372294,0.13095238095238096,2.7456709956709955,0.0,0.0,0.22835497835497837,0.0,0.0,0.0,15.529220779220779,2.801948051948052,0.0,0.577922077922078,0.3008658008658009,0.0,0.6147186147186147,0.5984848484848485,0.0,0.04220779220779221,0.0
1098,1169,4,0.5160256410256411,0.11858974358974358,0.30448717948717946,4.592948717948718,0.0,0.0,0.0,0.022435897435897436,0.0,0.0,0.07051282051282051,0.0,0.02564102564102564,0.6474358974358975,0.3814102564102564,0.0,0.0,0.0,0.0,15.679487179487179,0.0,3.423076923076923,0.0,8.798076923076923,2.9455128205128207,0.40705128205128205,4.535256410256411,0.0,0.0,0.00641025641025641,0.1762820512820513,0.028846153846153848,0.0,18.221153846153847,3.25,0.0,0.5,0.00641025641025641,0.0,0.5705128205128205,0.6185897435897436,0.0,0.08333333333333333,0.0
1096,1445,4,0.6402116402116402,0.13227513227513227,0.9576719576719577,4.888888888888889,0.0,0.0,0.0,0.0,0.0,0.0,0.0,0.0,0.0,0.07407407407407407,0.0,0.0,0.0,0.0,0.0,15.851851851851851,0.0,2.2222222222222223,0.0,14.010582010582011,4.439153439153439,0.1111111111111111,5.994708994708994,0.06878306878306878,0.14285714285714285,0.3333333333333333,0.2275132275132275,0.0,0.0,18.804232804232804,2.8253968253968256,0.0,0.5185185185185185,0.0,0.0,0.8835978835978836,0.6031746031746031,0.0,0.08465608465608465,0.0
1101,643,4,0.5845070422535211,0.07394366197183098,1.0,4.450704225352113,0.0,0.0,0.0,0.0,0.0,0.0,0.04225352112676056,0.0,0.0,0.11971830985915492,0.0,0.0,0.0,0.0,0.13732394366197184,11.845070422535212,0.0528169014084507,3.2007042253521125,0.0,8.908450704225352,1.6443661971830985,0.16549295774647887,6.774647887323944,0.0,0.0,0.5422535211267606,0.0,0.0,0.0,17.014084507042252,2.221830985915493,0.0,0.3732394366197183,0.028169014084507043,0.0,0.5880281690140845,0.6161971830985915,0.0,0.028169014084507043,0.0
1110,1054,12,0.5370051635111877,0.06196213425129088,1.0567986230636832,3.4388984509466436,0.0,0.0,0.0,0.0,0.0,0.0,0.0,0.0,0.0,0.0,0.0,0.0,0.0,0.0,0.0,14.008605851979347,0.23580034423407917,2.072289156626506,0.0,6.385542168674699,1.8777969018932874,0.09466437177280551,5.067125645438899,0.0,0.0,0.2306368330464716,0.0,0.0,0.0,12.900172117039586,1.9535283993115318,0.0,0.23752151462994836,0.16006884681583478,0.0,0.3717728055077453,0.5576592082616179,0.0,0.029259896729776247,0.0
1100,1120,4,41.67830687830688,0.11534391534391535,0.09417989417989418,15.214814814814815,0.0,0.014814814814814815,0.0761904761904762,0.17037037037037037,0.0,0.0,0.0,0.013756613756613757,0.022222222222222223,0.1259259259259259,0.07513227513227513,0.0,0.0380952380952381,0.20105820105820105,0.0,7.213756613756614,0.0,3.33968253968254,0.0,8.594708994708995,3.929100529100529,0.022222222222222223,3.276190476190476,0.0,0.0,0.20846560846560847,0.13227513227513227,0.0,0.0,39.10687830687831,1.8751322751322752,0.2571428571428571,0.008465608465608466,0.0,0.0,0.6973544973544974,15.894179894179894,1.0666666666666667,36.006349206349206,15.736507936507936
1099,1183,4,0.6017699115044248,0.061946902654867256,0.29646017699115046,3.9070796460176993,0.0,0.0,0.0,0.008849557522123894,0.0,0.0,0.0,0.0,0.0,0.0,0.0,0.0,0.0,0.0,0.0,4.823008849557522,0.0,2.0929203539823007,0.0,1.9601769911504425,1.6460176991150441,0.02654867256637168,2.831858407079646,0.0,0.0,0.22123893805309736,0.0,0.0,0.0,16.792035398230087,2.9557522123893807,0.0,0.01327433628318584,0.02654867256637168,0.0,0.0,0.7300884955752213,0.0,0.3407079646017699,0.0
1106,1222,4,0.6408839779005525,0.11878453038674033,1.12707182320442,4.632596685082873,0.0,0.0,0.0,0.024861878453038673,0.0,0.0,0.0,0.0,0.0,0.1712707182320442,0.15193370165745856,0.0,0.0,0.0,0.027624309392265192,16.7292817679558,0.03867403314917127,2.5994475138121547,0.0,12.953038674033149,3.6906077348066297,0.27348066298342544,6.696132596685083,0.049723756906077346,0.0,0.5828729281767956,0.04696132596685083,0.0,0.0,17.433701657458563,2.569060773480663,0.0,0.3011049723756906,0.11878453038674033,0.0,0.8259668508287292,0.6104972375690608,0.0,0.1408839779005525,0.0
1104,1468,4,0.6409090909090909,0.075,1.0068181818181818,4.4556818181818185,0.0,0.0,0.0,0.028409090909090908,0.0,0.0,0.0,0.0,0.0,0.07045454545454545,0.00909090909090909,0.0,0.0,0.0,0.0,15.468181818181819,0.014772727272727272,2.3011363636363638,0.0,11.888636363636364,3.1784090909090907,0.05,4.880681818181818,0.0,0.0,0.17272727272727273,0.0,0.0,0.0,18.74659090909091,3.0204545454545455,0.0,0.2590909090909091,0.06818181818181818,0.0,0.821590909090909,0.6068181818181818,0.0,0.05,0.0
1101,1604,12,0.5450762829403606,0.07350901525658807,0.984743411927878,3.9015256588072122,0.0,0.07766990291262135,0.0,0.12205270457697642,0.0,0.0,0.0,0.0,0.0,0.11373092926490985,0.07766990291262135,0.0,0.005547850208044383,0.004160887656033287,0.004160887656033287,12.257975034674065,0.0013869625520110957,3.425797503467406,0.0,10.732316227461858,1.9930651872399445,0.14424410540915394,6.341192787794729,0.0,0.0,0.29403606102635227,0.0,0.0,0.0,15.660194174757281,2.147018030513176,0.0,0.2274618585298197,0.07350901525658807,0.0,0.739251040221914,0.768377253814147,0.0,0.027739251040221916,0.11095700416088766
1102,1735,14,0.9949622166246851,0.07052896725440806,0.7103274559193955,3.0906801007556677,0.08564231738035265,0.6574307304785895,0.0,1.7405541561712847,0.0,0.0,0.0,0.0,0.11838790931989925,2.6448362720403025,0.7481108312342569,0.0,0.27455919395465994,0.7002518891687658,0.19143576826196473,2.8287153652392947,0.027707808564231738,7.856423173803527,0.0,1.345088161209068,1.420654911838791,0.760705289672544,10.377833753148614,0.0,0.0,0.26700251889168763,0.0,0.0,1.9395465994962218,15.44080604534005,1.350125944584383,0.0,0.055415617128463476,0.13350125944584382,0.0,0.35768261964735515,0.6750629722921915,0.0,0.2695214105793451,3.1284634760705288
1106,1922,7,0.532293986636971,0.08463251670378619,0.8975501113585747,2.955456570155902,0.0,0.0,0.0,0.026726057906458798,0.0,0.0400890868596882,0.0400890868596882,0.0,0.23162583518930957,2.4342984409799553,0.6525612472160356,0.0,0.0,0.0,0.1091314031180401,8.523385300668151,0.0779510022271715,4.311804008908686,0.0,2.387527839643653,0.5991091314031181,2.5946547884187083,7.904231625835189,0.0,0.0,0.12249443207126949,0.0,0.042316258351893093,0.0,13.89532293986637,1.0779510022271714,0.0,0.10467706013363029,0.0066815144766146995,0.0022271714922048997,0.1447661469933185,0.6391982182628062,0.23385300668151449,0.0757238307349666,11.084632516703786
1105,905,12,0.7305605786618445,0.07775768535262206,0.5262206148282098,3.6582278481012658,0.11392405063291139,0.2007233273056058,0.0,2.394213381555154,0.0,0.0,0.3453887884267631,0.0,0.0,2.6925858951175408,0.48282097649186256,0.0,0.0,0.11573236889692586,1.6618444846292948,3.1971066907775767,0.0379746835443038,6.596745027124774,0.0,2.8607594936708862,2.155515370705244,1.1193490054249549,6.6907775768535265,0.14828209764918626,0.0,0.2911392405063291,0.0,0.1609403254972875,0.14647377938517178,20.05967450271248,1.9294755877034357,0.0,0.15913200723327306,0.244122965641953,0.0,0.5533453887884268,0.6419529837251357,0.0,0.08499095840867993,3.940325497287523
1100,1154,4,0.5432595573440644,0.09456740442655935,0.7223340040241448,3.7082494969818915,0.0,0.0,0.0,0.9154929577464789,0.0,0.012072434607645875,0.006036217303822937,0.0,0.028169014084507043,0.613682092555332,0.26961770623742454,0.0,0.0,0.4909456740442656,0.0,9.271629778672033,0.004024144869215292,3.569416498993964,0.0,10.925553319919517,2.7686116700201207,0.3199195171026157,4.694164989939638,0.0,0.0,0.8229376257545271,0.0,0.0,0.0,14.517102615694165,2.2253521126760565,0.0,0.31388329979879276,0.11468812877263582,0.0,1.3420523138832998,0.5814889336016097,0.0,0.0744466800804829,3.8832997987927564
1108,2008,4,0.5877862595419847,0.07633587786259542,0.5877862595419847,4.50763358778626,0.0,0.0,0.0,0.0,0.0,0.0916030534351145,0.0,0.0,0.0,0.1717557251908397,0.08015267175572519,0.0,0.0,0.0,0.0,13.267175572519085,0.0,2.484732824427481,0.0,14.98091603053435,5.282442748091603,0.10687022900763359,3.435114503816794,0.015267175572519083,0.0,0.1297709923664122,0.22900763358778625,0.0,0.0,17.66412213740458,3.0610687022900764,0.0,0.2748091603053435,0.026717557251908396,0.0,1.0916030534351144,0.5610687022900763,0.0,0.16793893129770993,0.0
1102,1380,4,0.7879799666110183,0.1018363939899833,0.8063439065108514,3.8697829716193657,0.0,0.0,0.0,0.011686143572621035,0.0,0.0,0.0,0.24040066777963273,0.0,0.05509181969949917,0.011686143572621035,0.0,0.0,0.028380634390651086,0.0,9.232053422370617,0.011686143572621035,3.5592654424040067,0.0,7.166944908180301,2.4674457429048413,0.24874791318864775,5.270450751252087,0.0,0.0,0.005008347245409015,0.0,0.0,0.0,19.096828046744573,2.1185308848080133,0.0,0.02337228714524207,0.02003338898163606,0.0,0.6043405676126878,0.6010016694490818,1.4190317195325544,0.05342237061769616,13.726210350584306
1104,231,4,1.0679611650485437,0.0825242718446602,1.3106796116504855,3.495145631067961,0.0,0.0,0.0,0.0,0.0,0.0,0.0,0.0,0.0,0.0,0.0,0.0,0.1941747572815534,0.0,0.0,6.912621359223301,0.0,3.0097087378640777,0.0,6.257281553398058,1.6067961165048543,0.22330097087378642,7.004854368932039,0.0,0.0,0.10194174757281553,0.04854368932038835,0.0,0.0,16.320388349514563,1.9611650485436893,0.0,0.05339805825242718,0.0,0.0,0.3786407766990291,0.6553398058252428,0.0,0.20388349514563106,0.0
1112,533,4,0.5593869731800766,0.07088122605363985,1.1149425287356323,2.8409961685823757,0.0,0.0,0.0,0.0,0.0,0.0,0.0,0.0,0.0,0.06130268199233716,0.0,0.0,0.0,0.0,0.0,5.672413793103448,0.06130268199233716,2.0957854406130267,0.0,1.9980842911877394,1.0344827586206897,0.2777777777777778,5.936781609195402,0.0,0.0,0.0,0.0,0.0,0.0,11.770114942528735,1.7222222222222223,0.0,0.3831417624521073,0.06130268199233716,0.0,0.0,0.5229885057471264,0.0,0.04597701149425287,0.0
1109,793,4,0.5335397316821465,0.0784313725490196,0.6388028895768834,3.33952528379773,0.0,0.0,0.0,0.12796697626418987,0.0,0.0,0.0,0.0,0.0,0.09184726522187822,0.029927760577915376,0.0,0.0,0.0030959752321981426,0.0,12.445820433436532,0.0,2.393188854489164,0.0,8.102167182662539,1.6191950464396285,0.0,3.784313725490196,0.0,0.0,0.09081527347781218,0.0,0.0,0.0,12.10732714138287,1.9473684210526316,0.0,0.08875128998968008,0.02889576883384933,0.0,0.7192982456140351,0.5283797729618163,0.0,0.038183694530443756,0.21465428276573786
1112,407,4,0.7236180904522613,0.11055276381909548,0.8190954773869347,3.590954773869347,0.0,0.07939698492462312,0.0,0.1899497487437186,0.0,0.0,0.0,0.01407035175879397,0.0,0.18391959798994975,0.04221105527638191,0.0,0.0,0.0371859296482412,0.0,11.413065326633166,0.0020100502512562816,2.562814070351759,0.0,8.584924623115578,2.485427135678392,0.1457286432160804,3.2743718592964823,0.0,0.0,0.1185929648241206,0.0,0.0,0.0,14.384924623115579,2.487437185929648,0.0,0.1457286432160804,0.027135678391959798,0.0,0.700502512562814,0.5517587939698493,0.011055276381909548,0.03819095477386935,1.0160804020100502
1104,474,4,0.5575757575757576,0.07575757575757576,0.2696969696969697,3.8106060606060606,0.0,0.0,0.0,0.0,0.0,0.0,0.0,0.0,0.0,0.03787878787878788,0.0,0.00909090909090909,0.0,0.0,0.0,13.515151515151516,0.0,2.2954545454545454,0.0,8.040909090909091,2.4424242424242424,0.013636363636363636,3.324242424242424,0.0,0.0,0.007575757575757576,0.23030303030303031,0.0,0.0,13.716666666666667,2.2848484848484847,0.0,0.024242424242424242,0.0,0.0,0.5106060606060606,0.4984848484848485,0.0,0.024242424242424242,0.0
1112,1297,4,0.5033860045146726,0.08577878103837472,0.9300225733634312,2.7584650112866815,0.0,0.0,0.0,0.0,0.0,0.0,0.0,0.0,0.0,0.03837471783295711,0.0,0.0,0.0,0.0,0.0,7.966139954853273,0.01805869074492099,1.4785553047404063,0.0,5.1376975169300225,1.4559819413092552,0.1489841986455982,4.401805869074492,0.0,0.0,0.09029345372460497,0.0,0.0,0.0,11.758465011286681,1.747178329571106,0.0,0.11286681715575621,0.06320541760722348,0.0,0.33182844243792325,0.49435665914221216,0.0,0.022573363431151242,0.0
1114,1705,4,0.6308724832214765,0.07785234899328859,0.8604026845637583,3.997315436241611,0.0,0.0,0.0,0.0,0.0,0.0,0.004026845637583893,0.0,0.0,0.01476510067114094,0.005369127516778523,0.0,0.0,0.0,0.0026845637583892616,11.205369127516779,0.0013422818791946308,1.9100671140939598,0.0,7.053691275167785,3.0201342281879193,0.006711409395973154,5.939597315436242,0.0,0.2,0.24295302013422818,0.11006711409395974,0.0,0.0,17.610738255033556,2.7798657718120805,0.0,0.28859060402684567,0.10738255033557047,0.0,0.48456375838926175,0.6013422818791946,0.0,0.04832214765100671,0.0
1110,1261,4,0.530635838150289,0.05086705202312139,1.5502890173410404,3.447398843930636,0.0023121387283236996,0.018497109826589597,0.0,0.20809248554913296,0.0,0.0,0.0,0.0,0.0,0.1630057803468208,0.03815028901734104,0.0,0.0,0.003468208092485549,0.0,6.298265895953757,0.07745664739884393,3.3572254335260117,0.0,4.282080924855491,1.5791907514450867,0.5757225433526012,6.877456647398844,0.0,0.026589595375722544,0.6520231213872832,0.0,0.0,0.0,17.4485549132948,1.9953757225433526,0.0,0.6277456647398844,0.09942196531791908,0.0,0.2115606936416185,0.6242774566473989,0.0,0.026589595375722544,0.013872832369942197
1105,1653,4,1.4938271604938271,0.09053497942386832,0.1728395061728395,5.8765432098765435,0.0,0.0,0.0,0.4609053497942387,0.0,0.0,0.024691358024691357,0.0,0.09465020576131687,0.6213991769547325,0.24691358024691357,0.0,0.0,0.12757201646090535,0.0,11.17283950617284,0.0,2.174897119341564,0.0,20.938271604938272,4.378600823045267,0.13991769547325103,5.833333333333333,0.0,0.0,0.03292181069958848,0.0,0.0,0.0,26.343621399176953,4.01440329218107,0.0,1.3724279835390947,0.09259259259259259,0.0,1.4259259259259258,0.654320987654321,0.0,0.13580246913580246,2.0823045267489713
1114,93,4,0.9739130434782609,0.04057971014492753,0.4927536231884058,2.739130434782609,0.0,0.0,0.0,0.0,0.0,0.0,0.0,0.20869565217391303,0.0,0.0,0.0,0.0,0.0,0.0,0.0,2.5304347826086957,0.0,1.8318840579710145,0.0,0.9101449275362319,1.3855072463768117,0.0,3.4782608695652173,0.0,0.0,0.08405797101449275,0.0,0.0,0.0,13.895652173913044,1.8231884057971015,0.0,0.0,0.0463768115942029,0.0,0.0,0.5942028985507246,0.527536231884058,0.13333333333333333,4.515942028985507
1108,31,4,0.5336091003102379,0.0672182006204757,0.6608066184074457,2.654601861427094,0.0,0.0,0.0,0.007238883143743537,0.0,0.0,0.004136504653567736,0.0,0.0,0.031023784901758014,0.008273009307135471,0.0,0.0,0.0,0.0062047569803516025,8.943123061013443,0.0,1.9886246122026887,0.0,6.1365046535677354,1.4436401240951395,0.0,3.9120992761116855,0.0,0.0,0.009307135470527405,0.023784901758014478,0.0,0.0,10.649431230610135,1.5067218200620476,0.0,0.140641158221303,0.10444674250258532,0.0,0.43226473629782836,0.5253360910031024,0.0,0.02481902792140641,0.0
1112,1399,4,0.7441860465116279,0.08527131782945736,1.2170542635658914,2.5891472868217056,0.0,0.0,0.0,0.007751937984496124,0.0,0.0,0.0,0.0,0.0,0.023255813953488372,0.0,0.0,0.0,0.0,0.0,5.310077519379845,0.03875968992248062,1.9534883720930232,0.0,4.984496124031008,1.1627906976744187,0.4263565891472868,7.666666666666667,0.0,0.0,0.0,0.0,0.0,0.0,10.496124031007753,1.3643410852713178,0.0,0.08527131782945736,0.24031007751937986,0.0,0.26356589147286824,0.4418604651162791,0.0,0.046511627906976744,0.0
1110,43,4,0.8038528896672504,0.08231173380035026,1.0577933450087567,4.117338003502627,0.0,0.0,0.0,0.0,0.0,0.0,0.0,0.0,0.0,0.0,0.0,0.0,0.0,0.0,0.0,11.73029772329247,0.0,2.6462346760070052,0.0,10.79859894921191,2.777583187390543,0.021015761821366025,6.6252189141856395,0.0,0.0,0.2714535901926445,0.22066549912434325,0.0,0.0,17.723292469352014,2.551663747810858,0.0,0.266199649737303,0.14185639229422067,0.0,0.7197898423817863,0.660245183887916,0.0,0.03152364273204904,0.0
1112,450,7,2.7716763005780347,0.049132947976878616,0.5924855491329479,2.5433526011560694,0.0,0.0,0.0,0.33236994219653176,0.0,0.0,0.0,0.0,0.0,0.20809248554913296,0.06936416184971098,0.0,0.0,0.0,0.0,3.739884393063584,0.03468208092485549,2.959537572254335,0.0,2.23121387283237,0.9075144508670521,0.25722543352601157,6.384393063583815,0.0,0.0,0.0,0.0,0.0,0.0,10.213872832369942,1.245664739884393,0.0,0.0,0.12716763005780346,0.0,0.05491329479768786,0.4884393063583815,0.0,1.3034682080924855,0.0
1117,1070,12,0.5745393634840871,0.09045226130653267,0.5879396984924623,4.67001675041876,0.0,0.005025125628140704,0.0,0.035175879396984924,0.0,0.0,0.2696817420435511,0.0,0.0,0.6398659966499163,0.07872696817420435,0.0,0.0,0.0,0.8961474036850922,14.011725293132328,0.0033500837520938024,1.5561139028475712,0.0,12.74036850921273,4.0,0.06197654941373534,4.710217755443886,0.0,0.0,0.018425460636515914,0.0,0.0,0.0,15.425460636515913,2.7035175879396984,0.0,0.05695142378559464,0.07370184254606366,0.0,0.8257956448911222,0.5795644891122278,0.0,0.06700167504187604,0.864321608040201
1113,1429,4,1.9685230024213074,0.10411622276029056,0.03631961259079903,4.641646489104116,0.0,0.021791767554479417,0.0,0.7917675544794189,0.0,0.0,0.026634382566585957,0.0,0.08716707021791767,0.3801452784503632,0.19612590799031476,0.0,0.024213075060532687,0.5375302663438256,0.009685230024213076,12.953995157384988,0.0,7.358353510895884,0.0,12.447941888619855,4.246973365617434,0.2929782082324455,3.7288135593220337,0.0,0.0,0.3486682808716707,0.07990314769975787,0.0,0.0,18.65133171912833,2.8329297820823243,0.05084745762711865,0.0,0.0,0.0,1.4648910411622276,0.9612590799031477,0.6077481840193705,1.181598062953995,13.060532687651332
1113,1681,4,0.6142557651991615,0.06708595387840671,1.020964360587002,3.7442348008385746,0.0,0.0,0.0,0.006289308176100629,0.0,0.0,0.0,0.0,0.0,0.0,0.0,0.0,0.0,0.0,0.0,13.69182389937107,0.029350104821802937,2.729559748427673,0.0,8.620545073375261,1.6394129979035639,0.05241090146750524,5.576519916142558,0.0,0.0,0.24528301886792453,0.0,0.0,0.0,15.157232704402515,2.1153039832285114,0.0,0.2431865828092243,0.16561844863731656,0.0,0.5870020964360587,0.5870020964360587,0.0,0.033542976939203356,0.0
1118,1947,4,0.6013513513513513,0.12162162162162163,1.2522522522522523,4.774774774774775,0.0,0.0,0.0,0.013513513513513514,0.0,0.0,0.0,0.0,0.018018018018018018,0.8175675675675675,0.0045045045045045045,0.0,0.0,0.0,0.0,18.06981981981982,0.11936936936936937,3.1981981981981984,0.0,14.934684684684685,2.286036036036036,0.5833333333333334,7.95945945945946,0.0,0.16666666666666666,0.31756756756756754,0.0,0.0,0.0,20.02252252252252,2.0878378378378377,0.0,0.32207207207207206,0.03153153153153153,0.0,1.7837837837837838,0.6711711711711712,8.745495495495495,0.05405405405405406,16.103603603603602
1111,1015,15,0.635042735042735,0.08974358974358974,0.2923076923076923,3.927350427350427,0.0,0.040170940170940174,0.0,0.040170940170940174,0.0,0.0,0.013675213675213675,0.0,0.0,0.1188034188034188,0.02735042735042735,0.0,0.0,0.0,0.05641025641025641,11.866666666666667,0.017094017094017096,4.195726495726496,0.0,9.585470085470085,2.4923076923076923,0.294017094017094,4.733333333333333,0.0,0.0,0.18888888888888888,0.0,0.0,0.0,19.46324786324786,2.2897435897435896,0.0,0.06068376068376068,0.11623931623931624,0.0,0.658974358974359,0.6478632478632479,0.0,0.03076923076923077,0.008547008547008548
1109,1083,6,39.55432372505543,0.17073170731707318,0.9334811529933481,17.694013303769403,0.0,0.0,0.0,0.3436807095343681,0.0,0.0,0.03547671840354767,0.18403547671840353,0.0,0.35476718403547675,0.18403547671840353,0.0,0.0,0.0,0.0,11.146341463414634,0.0,4.618625277161862,0.0,6.898004434589801,3.368070953436807,0.43458980044345896,6.148558758314856,0.0,0.0,0.20842572062084258,0.0,0.0,0.0,54.41019955654102,1.729490022172949,0.30598669623059865,0.3303769401330377,0.017738359201773836,0.0,0.5920177383592018,19.019955654101995,5.991130820399113,28.394678492239468,13.518847006651885
1118,1888,12,1.4,0.08292682926829269,0.36097560975609755,4.35609756097561,0.0,0.09268292682926829,0.0,0.5902439024390244,0.0,0.0,0.4682926829268293,0.0,0.4097560975609756,2.209756097560976,1.3804878048780487,0.0,0.0,0.03414634146341464,0.11707317073170732,15.580487804878048,0.0,5.253658536585366,0.0,3.268292682926829,2.7414634146341466,0.7219512195121951,7.639024390243902,0.0,0.0,0.13170731707317074,0.0,0.0,0.0,16.141463414634146,2.292682926829268,0.0,1.351219512195122,0.04390243902439024,0.0,0.3902439024390244,0.6878048780487804,0.0,1.0292682926829269,3.726829268292683
1117,278,4,0.5869809203142536,0.08529741863075196,0.4792368125701459,3.1156004489337823,0.007856341189674524,0.13804713804713806,0.0,1.0460157126823793,0.0,0.0,0.03591470258136925,0.0,0.0,0.9820426487093153,0.33557800224466894,0.0,0.0,0.005611672278338945,0.1425364758698092,6.728395061728395,0.04938271604938271,5.6127946127946124,0.0,5.079685746352413,1.8271604938271604,0.4332210998877666,5.384960718294051,0.015712682379349047,0.37149270482603813,0.04601571268237935,0.0,0.0,0.016835016835016835,14.923681257014591,1.3782267115600448,0.0,0.19640852974186307,0.08417508417508418,0.0,0.489337822671156,0.8843995510662177,1.4332210998877666,0.06172839506172839,3.8316498316498318
1114,768,4,0.47106325706594887,0.06729475100942127,0.8977119784656796,2.547779273216689,0.0,0.0,0.0,0.016150740242261104,0.0,0.0,0.0,0.0,0.0,0.04172274562584118,0.0,0.0,0.0,0.0,0.0,6.775235531628533,0.008075370121130552,2.41049798115747,0.0,2.547779273216689,1.100942126514132,0.15477792732166892,4.1009421265141315,0.0,0.0,0.05383580080753701,0.0,0.0,0.0,10.855989232839839,1.5720053835800807,0.0,0.23822341857335128,0.014804845222072678,0.0,0.04441453566621804,0.48183041722745623,0.0,0.018842530282637954,0.0
1110,1243,12,0.6781609195402298,0.07816091954022988,0.6482758620689655,4.236781609195402,0.0,0.011494252873563218,0.0,0.135632183908046,0.0,0.0,0.0,0.0,0.0,0.052873563218390804,0.04367816091954023,0.0,0.0,0.02528735632183908,0.0,13.696551724137931,0.0,2.475862068965517,0.0,9.749425287356322,2.5908045977011493,0.13793103448275862,3.2712643678160918,0.0,0.0,0.12873563218390804,0.1839080459770115,0.0,0.0,15.951724137931034,2.7149425287356324,0.0,0.15172413793103448,0.020689655172413793,0.0,0.6666666666666666,0.5770114942528736,0.0,0.034482758620689655,0.41379310344827586
1109,1340,7,0.704225352112676,0.09389671361502347,0.676056338028169,3.183098591549296,0.0,0.0,0.0,0.4084507042253521,0.0,0.0,0.0,0.0,0.07511737089201878,0.4694835680751174,0.19248826291079812,0.0,0.0,0.19248826291079812,0.0,9.586854460093896,0.0,2.6854460093896715,0.0,7.436619718309859,1.9154929577464788,0.07042253521126761,5.375586854460094,0.0,0.0,0.11267605633802817,0.0,0.0,0.0,14.788732394366198,2.0140845070422535,0.0,0.1784037558685446,0.014084507042253521,0.0,1.1690140845070423,0.6807511737089202,0.0,0.03755868544600939,0.7089201877934272
1115,1205,4,0.54,0.1,0.655,3.665,0.0,0.0,0.0,0.0,0.0,0.0,0.625,0.0,0.0,1.275,0.77,0.0,0.0,0.0,2.17,11.24,0.02,1.635,0.0,7.94,2.075,0.055,7.085,0.0,0.0,0.365,0.0,0.61,0.0,15.775,2.04,0.0,0.0,0.02,0.41,0.515,0.57,0.0,0.075,13.255
1121,1140,4,0.5166666666666667,0.09444444444444444,1.3111111111111111,3.6416666666666666,0.0,0.0,0.0,0.008333333333333333,0.0,0.0,0.0,0.0,0.0,0.025,0.0,0.0,0.0,0.0,0.0,6.177777777777778,0.008333333333333333,2.5194444444444444,0.0,4.316666666666666,1.711111111111111,0.575,7.563888888888889,0.0,0.0,0.08611111111111111,0.0,0.0,0.0,15.96111111111111,2.5083333333333333,0.0,0.06111111111111111,0.33611111111111114,0.0,0.2861111111111111,0.6111111111111112,0.0,0.09166666666666666,0.0
1112,1518,4,0.6213450292397661,0.0847953216374269,0.7675438596491229,4.3464912280701755,0.0,0.0,0.0,0.013157894736842105,0.0,0.024853801169590642,0.0,0.0,0.0,0.09064327485380116,0.0029239766081871343,0.0,0.0,0.0,0.0,12.39327485380117,0.0,2.47953216374269,0.0,10.614035087719298,3.2850877192982457,0.23830409356725146,4.456140350877193,0.0,0.0,0.25146198830409355,0.0,0.0,0.0,16.248538011695906,2.665204678362573,0.0,0.1871345029239766,0.014619883040935672,0.0,0.7909356725146199,0.5657894736842105,0.0,0.12280701754385964,0.0
1117,930,4,0.5509554140127388,0.07643312101910828,0.7643312101910829,3.4936305732484074,0.0,0.0,0.0,0.050955414012738856,0.0,0.0,0.0,0.0,0.0,0.05732484076433121,0.01592356687898089,0.0,0.0,0.0,0.0,8.152866242038217,0.025477707006369428,3.031847133757962,0.0,5.777070063694268,1.7356687898089171,0.22929936305732485,5.726114649681529,0.0,0.0,0.2070063694267516,0.0031847133757961785,0.0,0.0,16.24203821656051,2.248407643312102,0.0,0.16878980891719744,0.11464968152866242,0.0,0.4394904458598726,0.6528662420382165,0.0,0.044585987261146494,0.0
1111,1159,4,0.5488,0.1024,1.0368,3.9872,0.0,0.0,0.0,0.248,0.0,0.048,0.0112,0.0,0.0016,0.3856,0.1376,0.0,0.0,0.0144,0.0,10.6,0.0,3.5504,0.0,6.3504,2.6992,0.5104,5.7904,0.0,0.0,0.0688,0.0,0.0,0.0,16.3008,2.584,0.0,0.3312,0.1104,0.0,0.6336,0.592,0.0,0.0688,0.4304
1126,1549,4,0.5267175572519084,0.15267175572519084,1.0381679389312977,4.809160305343512,0.0,0.0,0.0,0.03816793893129771,0.0,0.03816793893129771,0.0,0.0,0.0,0.08396946564885496,0.030534351145038167,0.0,0.0,0.0,0.0,20.793893129770993,0.007633587786259542,2.4198473282442747,0.0,16.045801526717558,4.198473282442748,0.061068702290076333,6.137404580152672,0.0,0.0,0.20610687022900764,0.2824427480916031,0.0,0.0,18.61832061068702,3.099236641221374,0.0,0.3435114503816794,0.0,0.0,0.9083969465648855,0.5114503816793893,0.0,0.061068702290076333,0.0
1118,1841,15,0.5141369047619048,0.08928571428571429,0.6063988095238095,3.4955357142857144,0.0,0.003720238095238095,0.0,0.060267857142857144,0.0,0.0,0.0,0.0,0.012648809523809524,0.07589285714285714,0.015625,0.0,0.03720238095238095,0.0,0.01488095238095238,12.14360119047619,0.07142857142857142,3.2842261904761907,0.0,10.682291666666666,1.8177083333333333,0.14285714285714285,6.123511904761905,0.0,0.0,0.17410714285714285,0.0,0.0,0.0,15.217261904761905,1.8303571428571428,0.0,0.0,0.14657738095238096,0.0,0.7061011904761905,0.6413690476190477,0.0,0.05357142857142857,0.23511904761904762
1132,146,4,0.5412371134020618,0.09020618556701031,0.8350515463917526,3.7963917525773194,0.0,0.2654639175257732,0.0,0.8118556701030928,0.0,0.0,0.0,0.0,0.0,1.0721649484536082,0.29381443298969073,0.0,0.21391752577319587,0.0,0.0,12.211340206185566,0.1211340206185567,4.229381443298969,0.0,3.9922680412371134,1.7783505154639174,0.770618556701031,8.304123711340207,0.0,0.0,0.13917525773195877,0.0,0.0,0.0,18.04639175257732,1.6701030927835052,0.0,0.0,0.18814432989690721,0.0,0.23711340206185566,0.6211340206185567,0.0,0.05412371134020619,1.5798969072164948
1127,436,4,0.5256673511293635,0.10609171800136892,0.5318275154004107,3.865845311430527,0.0,0.0,0.0,0.0,0.0,0.0,0.0,0.0,0.0,0.0,0.0,0.0,0.0,0.0,0.0,15.664613278576317,0.009582477754962354,1.9055441478439425,0.0,5.886379192334018,3.161533196440794,0.13552361396303902,3.858316221765914,0.0,0.0,0.0013689253935660506,0.06981519507186858,0.0,0.0,13.156741957563312,2.0965092402464065,0.0,0.02190280629705681,0.039014373716632446,0.0,0.4113620807665982,0.48254620123203285,0.0,0.038329911019849415,0.0
1116,1184,4,0.5387323943661971,0.07276995305164319,1.2805164319248827,2.5,0.0,0.0,0.0,0.02699530516431925,0.0,0.0,0.01643192488262911,0.0,0.0,0.10915492957746478,0.022300469483568074,0.0,0.0,0.0,0.06690140845070422,11.06338028169014,0.023474178403755867,2.4413145539906105,0.0,6.580985915492958,1.0751173708920188,0.0715962441314554,6.005868544600939,0.0,0.0,0.11032863849765258,0.0,0.0,0.0,10.163145539906104,1.3204225352112675,0.0,0.31338028169014087,0.08333333333333333,0.0,0.3755868544600939,0.5434272300469484,0.0,0.04460093896713615,0.0
1110,1485,4,0.6134969325153374,0.06748466257668712,1.098159509202454,4.395705521472393,0.0,0.0,0.0,0.12576687116564417,0.0,0.0,0.0,0.0,0.0,0.12269938650306748,0.12883435582822086,0.0,0.0,0.015337423312883436,0.0,17.039877300613497,0.03374233128834356,2.438650306748466,0.0,9.049079754601227,3.558282208588957,0.29754601226993865,5.757668711656442,0.0,0.0,0.049079754601226995,0.1687116564417178,0.0,0.0,17.736196319018404,2.911042944785276,0.0,0.2607361963190184,0.15950920245398773,0.0,0.5306748466257669,0.5306748466257669,0.0,0.11349693251533742,0.0
1115,1450,15,0.45901639344262296,0.04918032786885246,1.2295081967213115,3.7540983606557377,0.0,0.0,0.0,0.0,0.0,0.0,0.0,0.0,0.0,0.0,0.0,0.0,0.0,0.0,0.0,13.311475409836065,0.14754098360655737,3.2131147540983607,0.0,6.213114754098361,0.01639344262295082,0.6065573770491803,9.704918032786885,0.0,0.0,0.06557377049180328,0.0,0.0,0.0,14.721311475409836,1.4426229508196722,0.0,0.0,0.06557377049180328,0.0,0.0,0.6229508196721312,0.0,0.0,0.0
1125,180,4,0.5358851674641149,0.12440191387559808,1.0956937799043063,3.736842105263158,0.0,0.08133971291866028,0.0,0.4880382775119617,0.0,0.0,0.0,0.0,0.0,0.40669856459330145,0.11004784688995216,0.0,0.0,0.0430622009569378,0.0,15.291866028708133,0.03827751196172249,3.411483253588517,0.0,11.545454545454545,2.0956937799043063,0.1674641148325359,7.033492822966507,0.0,0.0,0.3444976076555024,0.0,0.0,0.0,16.3444976076555,2.110047846889952,0.0,0.5119617224880383,0.18181818181818182,0.0,1.1004784688995215,0.5550239234449761,0.0,0.028708133971291867,1.8803827751196172
1129,1325,4,1.0708729472774416,0.08902333621434745,0.7225583405358686,3.2817631806395853,0.0,0.0,0.0,0.001728608470181504,0.0,0.0,0.0,0.0,0.0,0.000864304235090752,0.0,0.0,0.0,0.0,0.0,13.174589455488332,0.01728608470181504,2.6127917026793432,0.0,6.434745030250649,1.7917026793431288,0.08643042350907519,3.6473638720829733,0.0,0.0,0.001728608470181504,0.0,0.0,0.0,12.348314606741573,1.9144338807260155,0.0,0.018150388936905792,0.03802938634399308,0.0,0.3707865168539326,0.4312878133102852,0.0,0.37510803802938636,0.0
1124,879,4,0.6170421155729677,0.07933398628795299,1.6082272282076395,3.474045053868756,0.0,0.0,0.0,0.0,0.0,0.0,0.06758080313418217,0.0,0.0,0.4299706170421156,0.23898139079333985,0.0,0.0,0.0,0.3095004897159647,12.473065621939275,0.015670910871694418,2.6552399608227226,0.0,7.544564152791381,1.5896180215475024,0.06758080313418217,7.780607247796278,0.0,0.0,0.31145935357492655,0.0,0.010773751224289911,0.0,14.160626836434869,1.7845249755142019,0.0,0.2761998041136141,0.03819784524975514,0.0901077375122429,0.48579823702252695,0.5984329089128305,0.0,0.04407443682664055,0.004897159647404506
1126,1274,6,0.679814385150812,0.10092807424593968,0.6728538283062645,4.354988399071925,0.0,0.0,0.0,0.03596287703016241,0.0,0.0,0.0,0.0,0.0,0.09048723897911833,0.001160092807424594,0.0,0.0,0.0,0.0,14.663573085846867,0.04060324825986079,2.37122969837587,0.0,10.110208816705336,3.237819025522042,0.0765661252900232,3.1264501160092806,0.0,0.0,0.025522041763341066,0.0,0.0,0.0,17.75290023201856,3.316705336426914,0.0,0.20765661252900233,0.01740139211136891,0.0,0.6241299303944315,0.6148491879350348,0.0,0.04640371229698376,0.0
1120,1364,4,2.6830188679245284,0.0830188679245283,0.7452830188679245,4.577358490566038,0.0,0.013207547169811321,0.0,0.0830188679245283,0.0,0.0,0.23773584905660378,0.0,0.2528301886792453,1.4773584905660377,0.8849056603773585,0.0,0.0,0.0,0.0,14.928301886792452,0.0,2.460377358490566,0.0,17.766037735849057,4.2924528301886795,0.07924528301886792,6.754716981132075,0.0,0.0,0.19811320754716982,0.0,0.0,0.11886792452830189,18.67735849056604,2.318867924528302,0.0,1.150943396226415,0.04339622641509434,0.0,1.109433962264151,0.8886792452830189,1.1169811320754717,0.8,16.560377358490566
1114,1638,4,0.6218274111675127,0.050761421319796954,0.8883248730964467,2.6345177664974617,0.0,0.0,0.0,0.0,0.0,0.0,0.0,0.0,0.0,0.0025380710659898475,0.0,0.0,0.0,0.0,0.0,5.00507614213198,0.04060913705583756,2.5406091370558377,0.0,4.875634517766497,1.0253807106598984,0.07868020304568528,6.093908629441624,0.0,0.0,0.10406091370558376,0.0,0.0,0.0,13.538071065989847,1.5431472081218274,0.0,0.07106598984771574,0.21573604060913706,0.0,0.3020304568527919,0.6598984771573604,0.0,0.02030456852791878,0.0
1132,576,4,0.9214285714285714,0.12857142857142856,2.7857142857142856,2.5142857142857142,0.0,0.0,0.0,0.37857142857142856,0.0,0.0,0.0,0.2642857142857143,0.0,0.5071428571428571,0.22142857142857142,0.0,0.0,0.0,0.09285714285714286,5.1,0.10714285714285714,3.4357142857142855,0.0,6.2,0.42857142857142855,0.4,9.235714285714286,0.0,0.0,0.6928571428571428,0.0,0.0,0.0,13.121428571428572,1.3428571428571427,0.0,0.7285714285714285,0.14285714285714285,0.0,0.5571428571428572,0.5285714285714286,11.857142857142858,0.2714285714285714,13.75
1114,676,4,0.5018691588785047,0.10654205607476636,0.7149532710280374,3.7149532710280373,0.0,0.0,0.0,0.0,0.0,0.0,0.0,0.0,0.0,0.0,0.0,0.0,0.0,0.0,0.0,15.794392523364486,0.007476635514018692,2.2869158878504674,0.0,5.901869158878505,2.7,0.0,4.526168224299066,0.0,0.0,0.04392523364485981,0.05327102803738318,0.0,0.0,13.379439252336448,2.264485981308411,0.0,0.11588785046728972,0.06728971962616823,0.0,0.40841121495327104,0.5233644859813084,0.0,0.018691588785046728,0.0
1128,341,4,0.4074074074074074,0.09259259259259259,0.7283950617283951,3.0246913580246915,0.0,0.0,0.0,0.018518518518518517,0.0,0.0,0.0,0.0,0.0,0.030864197530864196,0.0,0.0,0.0,0.0,0.0,5.154320987654321,0.0,2.240740740740741,0.0,2.037037037037037,1.1666666666666667,0.05555555555555555,3.419753086419753,0.0,0.0,0.04938271604938271,0.0,0.0,0.0,12.864197530864198,2.259259259259259,0.0,0.0,0.21604938271604937,0.0,0.20987654320987653,0.48148148148148145,0.0,0.006172839506172839,0.0
1124,369,4,0.4709141274238227,0.09002770083102493,0.6620498614958449,3.123268698060942,0.0,0.0,0.0,0.0,0.0,0.0,0.0,0.0,0.0,0.0,0.0,0.0,0.0,0.0,0.0,10.74376731301939,0.004155124653739612,1.89196675900277,0.0,5.170360110803324,1.290858725761773,0.06371191135734072,3.3088642659279777,0.0,0.0,0.0,0.09002770083102493,0.0,0.0,12.185595567867036,1.8088642659279779,0.0,0.054016620498614956,0.02631578947368421,0.0,0.33102493074792244,0.46537396121883656,0.0,0.018005540166204988,0.0
1127,395,4,0.47947761194029853,0.0708955223880597,0.6156716417910447,3.451492537313433,0.0,0.0,0.0,0.0,0.0,0.0,0.0,0.0,0.0,0.0,0.0,0.0,0.0,0.0,0.0,12.486940298507463,0.0,1.789179104477612,0.0,8.496268656716419,2.5615671641791047,0.009328358208955223,3.111940298507463,0.0,0.0,0.0,0.0018656716417910447,0.0,0.0,13.011194029850746,2.0597014925373136,0.0,0.10820895522388059,0.03917910447761194,0.0,0.5205223880597015,0.5335820895522388,0.0,0.016791044776119403,0.0
1121,694,12,0.5238938053097345,0.12743362831858407,0.30973451327433627,4.3168141592920355,0.0,0.0,0.0,0.005309734513274336,0.0035398230088495575,0.0,0.0,0.0,0.0,0.10619469026548672,0.01592920353982301,0.0035398230088495575,0.0,0.0,0.0,16.771681415929205,0.0,2.327433628318584,0.0,10.130973451327433,2.888495575221239,0.08141592920353982,2.6584070796460177,0.0,0.0,0.04247787610619469,0.25309734513274335,0.0,0.0,15.176991150442477,2.7557522123893805,0.0,0.06902654867256637,0.0,0.0,0.695575221238938,0.5663716814159292,0.0,0.02831858407079646,0.01592920353982301
1130,1244,4,0.5675675675675675,0.0972972972972973,0.745945945945946,3.097297297297297,0.0,0.0,0.0,0.23513513513513515,0.0,0.0,0.0,0.0,0.0,0.2891891891891892,0.0,0.0,0.0,0.6162162162162163,0.0,10.659459459459459,0.0,2.8783783783783785,0.0,4.6891891891891895,1.9243243243243244,0.34054054054054056,4.494594594594594,0.0,0.0,0.013513513513513514,0.0,0.0,0.0,13.137837837837838,1.837837837837838,0.0,0.008108108108108109,0.11891891891891893,0.0,0.7081081081081081,0.5594594594594594,0.0,0.03513513513513514,5.8
1125,717,4,0.6141215106732348,0.059113300492610835,0.5139573070607554,3.4991789819376025,0.0,0.0,0.0,0.0016420361247947454,0.0,0.0,0.0,0.0,0.0,0.003284072249589491,0.0,0.0,0.0,0.0,0.0,12.177339901477833,0.0,2.3793103448275863,0.0,9.766830870279145,2.7766830870279144,0.0,3.876847290640394,0.0,0.1510673234811166,0.33004926108374383,0.0,0.0,0.0,16.064039408866996,2.405582922824302,0.0,0.4302134646962233,0.11494252873563218,0.0,0.7389162561576355,0.5681444991789819,0.0,0.041050903119868636,0.0
1130,967,4,0.6495956873315364,0.08355795148247978,0.9838274932614556,3.3234501347708894,0.0,0.0,0.0,0.0646900269541779,0.0,0.0,0.0,0.0,0.0,0.2695417789757412,0.05390835579514825,0.0,0.04043126684636118,0.16981132075471697,0.0,11.66576819407008,0.0,3.0296495956873315,0.0,4.283018867924528,1.1886792452830188,0.14016172506738545,4.679245283018868,0.0,0.0,0.0,0.0,0.0,0.0,12.54177897574124,1.673854447439353,0.0,0.0646900269541779,0.06199460916442048,0.0,0.5714285714285714,0.5660377358490566,0.0,0.04043126684636118,3.4258760107816713
1128,1981,4,2.143652561247216,0.0779510022271715,1.2717149220489978,4.106904231625835,0.0077951002227171495,0.02338530066815145,0.01893095768374165,0.12806236080178174,0.0,0.0,0.0200445434298441,0.0,0.0022271714922048997,0.3930957683741648,0.14142538975501115,0.0,0.0,0.03229398663697105,0.0,12.325167037861915,0.0,4.616926503340757,0.0,7.44543429844098,2.44543429844098,0.5178173719376392,5.694877505567929,0.0,0.0,0.1091314031180401,0.10467706013363029,0.0,0.0200445434298441,16.35523385300668,2.6057906458797326,0.0,0.987750556792873,0.0645879732739421,0.0,0.4766146993318486,0.6659242761692651,0.0,0.9008908685968819,0.0
1123,1745,4,0.7358870967741935,0.10483870967741936,0.46673387096774194,3.2358870967741935,0.0,0.0,0.0,0.17842741935483872,0.0,0.0,0.0,0.014112903225806451,0.0,0.31149193548387094,0.1028225806451613,0.0,0.0,0.3024193548387097,0.0,11.661290322580646,0.05443548387096774,9.295362903225806,0.0,8.819556451612904,1.5806451612903225,0.3175403225806452,4.787298387096774,0.0,0.0,0.16834677419354838,0.0,0.0,0.0,16.923387096774192,1.7116935483870968,0.0,0.11088709677419355,0.13004032258064516,0.0,0.6663306451612904,0.6179435483870968,0.0,0.05342741935483871,2.4274193548387095
1137,1767,4,0.43089430894308944,0.032520325203252036,0.6666666666666666,2.678861788617886,0.0,0.0,0.0,0.0,0.0,0.032520325203252036,0.0,0.0,0.13008130081300814,1.0528455284552845,0.3699186991869919,0.0,0.0,0.0,0.036585365853658534,9.626016260162602,0.0975609756097561,4.6138211382113825,0.0,2.3495934959349594,0.5121951219512195,1.6910569105691058,8.552845528455284,0.0,0.0,0.0,0.0,0.0,0.0,13.955284552845528,1.016260162601626,0.0,0.0,0.0,0.0,0.12195121951219512,0.5365853658536586,0.08130081300813008,0.08130081300813008,4.540650406504065
1137,1666,4,0.4527363184079602,0.26616915422885573,0.6185737976782753,5.040630182421228,0.0,0.02736318407960199,0.0,0.23217247097844113,0.0,0.0,0.0,0.0,0.0,0.33167495854063017,0.11276948590381426,0.0,0.0,0.004975124378109453,0.04892205638474295,12.373134328358208,0.04892205638474295,46.42039800995025,0.0,11.818407960199005,2.256218905472637,0.572139303482587,7.198175787728027,0.013266998341625208,0.0,0.22470978441127695,0.0,0.0,0.03565505804311774,19.834162520729684,2.2106135986733,0.0,0.21144278606965175,0.0439469320066335,0.0,0.7023217247097844,1.6948590381426203,0.0,0.03731343283582089,0.07048092868988391
1137,319,4,0.4946871310507674,0.12514757969303425,0.6623376623376623,4.2798110979929165,0.0,0.0,0.0,0.021251475796930343,0.0,0.0,0.0,0.20188902007083825,0.0011806375442739079,0.18536009445100354,0.02715466351829988,0.0,0.0,0.0,0.0023612750885478157,16.21841794569067,0.011806375442739079,4.264462809917355,0.0,7.185360094451004,2.9527744982290436,0.030696576151121605,6.370720188902007,0.0,0.0,0.24793388429752067,0.0,0.0,0.0,19.367178276269186,2.2349468713105076,0.0,0.014167650531286895,0.05430932703659976,0.0,0.7237308146399055,0.6351829988193625,5.004722550177096,0.04250295159386069,19.155844155844157
1128,1648,15,0.5291073738680466,0.09573091849935317,0.5304010349288486,2.8874514877102198,0.0,0.0,0.0,0.03622250970245795,0.0,0.0,0.0,0.0,0.0,0.03234152652005175,0.01034928848641656,0.0,0.0,0.027166882276843468,0.0,12.109961190168177,0.0,2.5640362225097024,0.0,7.498059508408797,1.9146183699870634,0.11772315653298836,3.190168175937904,0.0,0.0,0.0,0.0,0.0,0.0,11.741267787839586,1.8395860284605434,0.0,0.03363518758085381,0.111254851228978,0.0,0.5122897800776197,0.4540750323415265,0.0,0.016817593790426907,0.0
1124,1823,12,0.5457142857142857,0.09142857142857143,0.6771428571428572,3.7142857142857144,0.0,0.0,0.0,0.26285714285714284,0.0,0.0,0.014285714285714285,0.054285714285714284,0.0,0.7514285714285714,0.35714285714285715,0.0,0.0,0.0,0.17714285714285713,11.122857142857143,0.05714285714285714,2.8685714285714288,0.0,3.7342857142857144,1.8685714285714285,0.3028571428571429,6.0685714285714285,0.0,0.0,0.34,0.0,0.0,0.0,18.30857142857143,1.8514285714285714,0.0,0.22857142857142856,0.011428571428571429,0.0,0.21142857142857144,0.6457142857142857,1.5085714285714287,0.06857142857142857,3.7542857142857144
1123,671,4,0.4595744680851064,0.03404255319148936,0.7872340425531915,2.9106382978723406,0.0,0.4765957446808511,0.0,3.6212765957446806,0.0,0.0,0.06382978723404255,0.0,0.1148936170212766,3.391489361702128,0.7106382978723405,0.0,0.24680851063829787,0.6340425531914894,0.0,4.421276595744681,0.01702127659574468,9.217021276595744,0.0,1.9531914893617022,0.9191489361702128,0.6127659574468085,7.506382978723404,0.28936170212765955,0.0,0.3446808510638298,0.0,0.0,1.4553191489361703,13.212765957446809,0.7489361702127659,0.0,0.0,0.39148936170212767,0.0,0.23404255319148937,4.582978723404255,0.0,0.1276595744680851,6.157446808510638
1127,1190,4,0.5897435897435898,0.057692307692307696,0.4166666666666667,2.878205128205128,0.0,0.0,0.0,0.0,0.0,0.0,0.0,0.0,0.0,0.0,0.0,0.0,0.0,0.0,0.0,3.128205128205128,0.0,2.5,0.0,1.6923076923076923,0.8012820512820513,0.0,3.7564102564102564,0.0,0.0,0.019230769230769232,0.0,0.0,0.0,11.58974358974359,1.8397435897435896,0.0,0.0,0.0,0.0,0.14102564102564102,0.5192307692307693,0.0,0.019230769230769232,0.0
1133,1858,4,0.6845637583892618,0.10067114093959731,1.5302013422818792,3.3288590604026846,0.0,0.0,0.0,0.11409395973154363,0.0,0.0,0.0,0.0,0.0,0.2483221476510067,0.026845637583892617,0.0,0.0,0.0,0.0,18.040268456375838,0.0,2.523489932885906,0.0,6.906040268456376,2.295302013422819,0.4899328859060403,7.315436241610739,0.0,0.0,0.013422818791946308,0.1342281879194631,0.0,0.0,14.140939597315436,2.134228187919463,0.0,0.28187919463087246,0.24161073825503357,0.0,0.4563758389261745,0.5100671140939598,0.0,0.053691275167785234,0.0
1134,119,4,0.5067796610169492,0.06440677966101695,0.9254237288135593,3.2745762711864406,0.0,0.0,0.0,0.04576271186440678,0.0,0.0,0.0,0.0,0.0,0.17627118644067796,0.025423728813559324,0.0,0.003389830508474576,0.0,0.19661016949152543,8.149152542372882,0.1440677966101695,4.067796610169491,0.0,5.872881355932203,1.7745762711864406,0.6661016949152543,6.422033898305084,0.0,0.02711864406779661,0.3474576271186441,0.0,0.0,0.0,17.854237288135593,1.9694915254237289,0.0,0.2457627118644068,0.05423728813559322,0.0,0.36271186440677966,0.6864406779661016,0.0,0.03559322033898305,0.07966101694915254
1137,652,4,0.5659574468085107,0.08794326241134752,0.4085106382978723,3.669503546099291,0.0,0.0,0.0,0.0,0.0,0.0,0.05106382978723404,0.0,0.029787234042553193,0.22836879432624113,0.02553191489361702,0.0,0.0,0.0,0.0,13.470921985815602,0.0,1.8354609929078014,0.0,6.1943262411347515,2.1687943262411347,0.08936170212765958,4.340425531914893,0.0,0.0,0.11914893617021277,0.0,0.0,0.0,12.83404255319149,1.9858156028368794,0.0,0.0,0.0,0.0,0.502127659574468,0.526241134751773,0.0,0.03829787234042553,0.0
1126,1526,6,0.585810162991371,0.0862895493767977,1.7094918504314478,3.0738255033557045,0.0,0.039309683604985615,0.0,0.26174496644295303,0.0,0.0,0.0,0.0,0.0,0.3585810162991371,0.10067114093959731,0.0,0.07574304889741132,0.04122722914669223,0.1236816874400767,13.294343240651965,0.04218600191754554,2.210930009587728,0.0,4.216682646212847,1.6960690316395015,0.20517737296260785,5.75934803451582,0.0,0.0,0.29050814956855225,0.062320230105465,0.0,0.0,12.304889741131351,1.6740172579098753,0.0,0.2953020134228188,0.15723873441994246,0.0,0.274209012464046,0.5560882070949185,0.0,0.038350910834132314,0.06519654841802493
1134,606,4,0.4625,0.09375,0.50625,3.64375,0.0,0.3125,0.0,0.8,0.0,0.0,0.0,0.0,0.50625,1.43125,0.34375,0.0,0.0,0.0,0.0,9.86875,0.0,3.7875,0.0,2.35,1.05625,0.48125,6.9875,0.0,0.0,0.28125,0.0,0.1625,0.0,14.49375,1.41875,0.0,0.0,0.2625,0.0,0.0625,0.65,0.0,0.1,4.69375
1129,907,12,0.5630372492836676,0.06160458452722063,1.1060171919770774,2.667621776504298,0.0,0.0,0.0,0.0,0.0,0.0,0.0,0.0,0.0,0.0,0.0,0.0,0.0,0.0,0.0,11.256446991404012,0.004297994269340974,2.510028653295129,0.0,4.819484240687679,0.8724928366762178,0.027220630372492838,5.541547277936963,0.0,0.0,0.11604584527220631,0.0,0.0,0.0,10.567335243553009,1.4484240687679084,0.0,0.1017191977077364,0.1876790830945559,0.0,0.2607449856733524,0.5687679083094556,0.0,0.024355300859598854,0.0
1127,1083,6,0.6842105263157895,0.10526315789473684,0.7763157894736842,3.5592105263157894,0.0,0.049342105263157895,0.0,1.1546052631578947,0.0,0.08552631578947369,0.41776315789473684,0.0,0.28289473684210525,2.013157894736842,1.042763157894737,0.0,0.0,0.19078947368421054,0.0,11.506578947368421,0.0,4.348684210526316,0.0,8.30921052631579,3.023026315789474,0.4276315789473684,7.069078947368421,0.0,0.0,0.10197368421052631,0.0,0.0,0.0,13.986842105263158,2.0460526315789473,0.0,0.3848684210526316,0.08881578947368421,0.0,0.9342105263157895,0.5098684210526315,0.0,0.11842105263157894,3.0723684210526314
1136,41,4,1.4934497816593886,0.06550218340611354,1.0131004366812226,4.77292576419214,0.0,0.11353711790393013,0.0,0.6812227074235808,0.0,0.0,0.39737991266375544,0.0,0.36681222707423583,1.5720524017467248,0.7554585152838428,0.0,0.13973799126637554,0.30131004366812225,0.1572052401746725,3.5851528384279474,0.03056768558951965,5.641921397379913,0.0,3.703056768558952,2.8602620087336246,0.7248908296943232,7.812227074235808,0.0,0.0,0.2096069868995633,0.0,0.0,0.0,20.349344978165938,3.1572052401746724,0.0,1.5109170305676856,0.008733624454148471,0.0,0.4847161572052402,0.9039301310043668,0.017467248908296942,0.8078602620087336,2.6593886462882095
1139,1463,4,0.9752407152682255,0.10729023383768914,0.4580467675378267,3.577716643741403,0.0,0.0,0.0,0.17881705639614856,0.0,0.0,0.0,0.0,0.0,0.1623108665749656,0.06052269601100413,0.0,0.0,0.0,0.0,15.418156808803301,0.0041265474552957355,2.3837689133425033,0.0,8.1939477303989,2.9188445667125174,0.059147180192572216,4.045392022008253,0.0,0.0,0.0068775790921595595,0.02063273727647868,0.0,0.0,12.535075653370013,1.9023383768913342,0.0,0.0,0.02063273727647868,0.0,0.6341127922971114,0.5048143053645117,0.0,0.23658872077028886,0.0
1137,1691,12,0.5006045949214026,0.06287787182587666,0.6324062877871826,3.8730350665054414,0.0,0.07013301088270858,0.0,0.21644498186215236,0.0,0.0,0.0,0.0,0.0,0.2079806529625151,0.060459492140266025,0.0,0.0,0.03143893591293833,0.0,11.340991535671101,0.006045949214026602,2.459492140266022,0.0,6.222490931076179,2.510278113663845,0.05441354292623942,6.4413542926239415,0.0,0.08222490931076179,0.1656590084643289,0.13301088270858524,0.0,0.0,18.120918984280532,2.5864570737605805,0.0,0.09552599758162031,0.044740024183796856,0.0,0.5550181378476421,0.6203143893591294,0.0,0.03506650544135429,0.279322853688029
1136,1384,4,0.5286506469500925,0.09057301293900184,0.5064695009242144,3.7929759704251387,0.04990757855822551,0.09057301293900184,0.0,0.8484288354898336,0.0,0.0,0.06469500924214418,0.0,0.12939001848428835,1.055452865064695,0.3659889094269871,0.0,0.0,0.08317929759704251,0.07578558225508318,10.66543438077634,0.09426987060998152,2.7042513863216264,0.0,9.981515711645102,2.4528650646950094,0.2144177449168207,5.452865064695009,0.26247689463955637,0.0,0.19038817005545286,0.07208872458410351,0.011090573012939002,0.0,18.506469500924215,1.9630314232902033,0.0,0.04066543438077634,0.10720887245841035,0.0,1.390018484288355,0.6414048059149723,6.164510166358595,0.09611829944547134,14.526802218114602
1139,1400,4,0.7096774193548387,0.043010752688172046,0.3835125448028674,4.541218637992832,0.0,0.0,0.0,0.0,0.0,0.0,0.0,0.0,0.0,0.0,0.0,0.0,0.0,0.0,0.0,12.602150537634408,0.0,2.5089605734767026,0.0,13.731182795698924,2.924731182795699,0.0,3.3010752688172045,0.0,0.0,0.6451612903225806,0.0,0.0,0.0,18.684587813620073,2.6989247311827955,0.05017921146953405,0.26523297491039427,0.17204301075268819,0.0,0.9713261648745519,0.5555555555555556,0.0,0.1039426523297491,0.0
1133,1913,12,0.837573385518591,0.07045009784735812,0.6457925636007827,4.076320939334638,0.0,0.0,0.0,0.0,0.0,0.0,0.0,0.0,0.0,0.0019569471624266144,0.0,0.0,0.0,0.0,0.0,12.499021526418787,0.015655577299412915,2.639921722113503,0.0,13.338551859099804,2.6731898238747553,0.0,3.882583170254403,0.0,0.0,0.3542074363992172,0.0,0.0,0.0,16.968688845401175,2.4227005870841487,0.49510763209393344,0.2583170254403131,0.09784735812133072,0.0,0.9393346379647749,0.6301369863013698,0.0,0.06653620352250489,0.0
1140,553,4,1.025925925925926,0.06296296296296296,0.4925925925925926,2.9185185185185185,0.014814814814814815,0.43333333333333335,0.0,2.196296296296296,0.0,0.0,0.0,0.0,0.037037037037037035,2.3851851851851853,0.6296296296296297,0.0,0.44814814814814813,0.16666666666666666,0.0,5.996296296296296,0.0,8.155555555555555,0.0,1.0851851851851853,0.8629629629629629,1.0296296296296297,6.055555555555555,0.07407407407407407,1.5148148148148148,0.007407407407407408,0.0,0.0,0.0,15.318518518518518,1.0703703703703704,0.0,0.9629629629629629,0.11481481481481481,0.0,0.2777777777777778,0.6148148148148148,0.0,0.13703703703703704,0.7592592592592593
1138,780,4,0.521551724137931,0.07112068965517242,0.834051724137931,3.9482758620689653,0.0,0.0,0.0,0.0,0.0,0.0,0.0,0.0,0.0,0.03879310344827586,0.0,0.0,0.0,0.0,0.0,11.754310344827585,0.0,2.0926724137931036,0.0,10.642241379310345,2.165948275862069,0.0,3.5797413793103448,0.0,0.0,0.10129310344827586,0.0,0.0,0.0,13.948275862068966,2.5905172413793105,0.0,0.10991379310344827,0.034482758620689655,0.0,0.7155172413793104,0.521551724137931,0.0,0.032327586206896554,0.0
1138,71,7,0.6531365313653137,0.06826568265682657,1.7619926199261993,2.7712177121771218,0.0,0.0,0.0,0.0,0.0,0.0,0.0,0.0,0.0,0.00922509225092251,0.0,0.0,0.0,0.0,0.0,9.738007380073801,0.05350553505535055,1.9907749077490775,0.0,4.605166051660516,0.9243542435424354,0.22878228782287824,4.892988929889299,0.0,0.0,0.1992619926199262,0.0,0.0,0.0,13.033210332103321,1.7472324723247232,0.0,0.7011070110701108,0.42988929889298894,0.0,0.7416974169741697,0.6014760147601476,0.0,0.03690036900369004,0.0
1151,93,3,0.6754617414248021,0.06068601583113457,0.9182058047493403,3.237467018469657,0.0,0.0,0.0,0.49868073878627966,0.0,0.0,0.5145118733509235,0.0,0.0,1.1926121372031662,0.6754617414248021,0.0,0.0,0.0,1.2348284960422165,6.810026385224274,0.03430079155672823,2.015831134564644,0.0,7.08179419525066,3.3852242744063323,0.16358839050131926,6.382585751978892,0.0,0.0,0.0,0.0,0.0,0.0,13.184696569920844,2.0,0.0,0.07651715039577836,0.21635883905013192,0.36147757255936674,0.5699208443271768,0.5382585751978892,0.0,0.052770448548812667,0.9868073878627969
1140,1154,4,0.6547619047619048,0.09706959706959707,0.3882783882783883,3.2756410256410255,0.0,0.0,0.0,0.1510989010989011,0.0,0.0,0.021062271062271064,0.0,0.03571428571428571,0.29853479853479853,0.04487179487179487,0.0,0.0,0.04395604395604396,0.0173992673992674,15.486263736263735,0.0,1.326007326007326,0.0,4.462454212454213,2.121794871794872,0.08424908424908426,3.8543956043956045,0.0,0.0,0.0,0.05952380952380952,0.0,0.0,12.130952380952381,1.6831501831501832,0.0,0.0,0.024725274725274724,0.023809523809523808,0.413003663003663,0.4816849816849817,0.0,0.04120879120879121,0.6336996336996337
1141,1739,12,0.6,0.12786885245901639,0.9295081967213115,4.442622950819672,0.0,0.0,0.0,0.021311475409836064,0.0,0.009836065573770493,0.0,0.0,0.0,0.03278688524590164,0.001639344262295082,0.0,0.0,0.0,0.0,12.6,0.003278688524590164,2.5639344262295083,0.0,8.108196721311476,2.639344262295082,0.1557377049180328,4.637704918032787,0.0,0.0,0.05901639344262295,0.001639344262295082,0.0,0.0,17.014754098360655,2.913114754098361,0.0,0.07540983606557378,0.06885245901639345,0.0,0.6426229508196721,0.6934426229508197,0.0,0.10819672131147541,0.0
1148,526,4,0.508235294117647,0.0611764705882353,0.851764705882353,3.04,0.0,0.28,0.0,0.7341176470588235,0.0,0.004705882352941176,0.15529411764705883,0.0,0.10588235294117647,1.4588235294117646,0.6752941176470588,0.0,0.0,0.1388235294117647,0.0,3.844705882352941,0.1952941176470588,9.204705882352942,0.0,1.9529411764705882,1.5858823529411765,1.2,8.910588235294117,0.0,0.0,0.021176470588235293,0.0,0.0,0.0,16.223529411764705,1.6917647058823528,0.0,0.007058823529411765,0.018823529411764704,0.0,0.19058823529411764,0.6094117647058823,0.0,0.06352941176470588,3.1694117647058824
1136,704,4,0.5869205298013245,0.06788079470198675,0.972682119205298,3.2061258278145695,0.0,0.0,0.0,0.0,0.0,0.0,0.0008278145695364238,0.0,0.0,0.08278145695364239,0.0074503311258278145,0.0,0.0,0.0,0.0,9.326986754966887,0.013245033112582781,2.3410596026490067,0.0,9.314569536423841,1.6134105960264902,0.04966887417218543,4.852649006622516,0.0,0.0,0.46605960264900664,0.0,0.0,0.0,12.062913907284768,1.8667218543046358,0.0,0.6341059602649006,0.10596026490066225,0.0,0.7061258278145696,0.5579470198675497,0.0,0.052152317880794705,0.12582781456953643
1142,1507,4,0.5714285714285714,0.1377551020408163,0.4489795918367347,4.020408163265306,0.0,0.0,0.0,0.0,0.0,0.0,0.0,0.0,0.0,0.0663265306122449,0.0,0.0,0.0,0.0,0.0,15.704081632653061,0.0,2.107142857142857,0.0,6.066326530612245,2.443877551020408,0.0,2.4693877551020407,0.0,0.0,0.24489795918367346,0.18877551020408162,0.0,0.0,14.071428571428571,2.357142857142857,0.0,0.07142857142857142,0.0,0.0,0.5051020408163265,0.5306122448979592,0.0,0.030612244897959183,0.09183673469387756
1138,267,4,0.5652173913043478,0.09891304347826087,0.6,4.726086956521739,0.0,0.021739130434782608,0.0,0.07717391304347826,0.0,0.0,0.0,0.0,0.05652173913043478,0.35,0.03260869565217391,0.0,0.0,0.0,0.0,14.19891304347826,0.029347826086956522,3.2043478260869565,0.0,13.681521739130435,2.340217391304348,0.17391304347826086,5.034782608695652,0.0,0.0,0.12173913043478261,0.38369565217391305,0.02717391304347826,0.0,19.598913043478262,2.877173913043478,0.0,0.059782608695652176,0.08369565217391305,0.0,0.9326086956521739,0.6380434782608696,0.0,0.03695652173913044,0.38804347826086955
1147,862,4,0.5338983050847458,0.04519774011299435,1.0564971751412429,2.3983050847457625,0.0,0.0,0.0,0.07627118644067797,0.0,0.0,0.0,0.0,0.0,0.05367231638418079,0.0,0.0,0.0,0.0,0.0,8.751412429378531,0.01977401129943503,3.5706214689265536,0.0,2.361581920903955,0.5508474576271186,0.2598870056497175,7.553672316384181,0.0,0.0,0.0,0.0,0.0,0.0,9.72316384180791,0.9463276836158192,0.0,0.24293785310734464,0.03672316384180791,0.0,0.0,0.5028248587570622,0.0,0.031073446327683617,0.0
1145,1359,4,0.6910569105691057,0.11382113821138211,0.48644986449864497,4.036585365853658,0.0,0.0,0.0,0.0,0.0,0.0,0.0,0.0,0.0,0.0,0.0,0.0,0.0,0.0,0.0,12.300813008130081,0.0,2.2574525745257454,0.0,8.895663956639567,2.491869918699187,0.13821138211382114,3.2628726287262872,0.0,0.0948509485094851,0.11517615176151762,0.0,0.0,0.0,16.69918699186992,2.872628726287263,0.0,0.32113821138211385,0.08130081300813008,0.0,0.5745257452574526,0.6084010840108401,0.0,0.02710027100271003,0.0
1142,490,4,0.6136865342163356,0.08940397350993377,0.445916114790287,3.568432671081678,0.0,0.0,0.0,0.0,0.0,0.0,0.02207505518763797,0.0,0.016556291390728478,0.0640176600441501,0.018763796909492272,0.0,0.0,0.0,0.0,12.492273730684326,0.0,2.3112582781456954,0.0,10.687637969094922,2.1346578366445916,0.0,3.8432671081677703,0.0,0.0,0.11147902869757174,0.0,0.0,0.0,16.58830022075055,2.2560706401766004,0.0,0.19757174392935983,0.04966887417218543,0.012141280353200883,0.6876379690949227,0.6313465783664459,0.0,0.04194260485651214,0.0
1139,799,11,0.5226130653266332,0.07370184254606366,1.4723618090452262,2.711892797319933,0.0,0.0,0.0,0.0,0.0,0.0,0.04522613065326633,0.0,0.0,0.19262981574539365,0.05527638190954774,0.0,0.0,0.0,0.0,12.219430485762144,0.0,1.932998324958124,0.0,4.11892797319933,0.7001675041876047,0.1373534338358459,6.562814070351759,0.0,0.0,0.05862646566164154,0.08040201005025126,0.0,0.0,10.398659966499162,1.2847571189279732,0.0,0.1490787269681742,0.04522613065326633,0.0,0.304857621440536,0.525963149078727,0.0,0.02680067001675042,0.19932998324958123
1141,923,4,0.6407766990291263,0.08737864077669903,1.2378640776699028,3.6650485436893203,0.0,0.04854368932038835,0.0,0.0825242718446602,0.0,0.0,0.0,0.0,0.0,1.203883495145631,0.0,0.0,0.024271844660194174,0.3932038834951456,0.0,7.393203883495145,0.024271844660194174,1.6990291262135921,0.0,1.9223300970873787,2.2718446601941746,0.5825242718446602,4.87378640776699,0.0,0.0,0.1553398058252427,0.0,0.0,3.4514563106796117,16.145631067961165,2.3106796116504853,0.0,0.16990291262135923,0.06310679611650485,0.0,0.7669902912621359,0.587378640776699,0.0,0.05825242718446602,1.4951456310679612
1154,1004,15,0.6169590643274854,0.06140350877192982,0.8801169590643275,3.710526315789474,0.0,0.0029239766081871343,0.0,0.14619883040935672,0.0,0.0,0.011695906432748537,0.0,0.0,0.3684210526315789,0.08187134502923976,0.0,0.0,0.0,0.0,6.333333333333333,0.0,2.9415204678362574,0.0,3.608187134502924,1.8128654970760234,0.38011695906432746,6.728070175438597,0.0,0.0,0.0,0.0,0.0,0.0,14.912280701754385,2.5760233918128654,0.0,0.11403508771929824,0.1286549707602339,0.0,0.15204678362573099,0.5906432748538012,0.0,0.06432748538011696,0.0
1144,1091,4,1.5070688030160226,0.07540056550424128,0.8388312912346843,4.202639019792649,0.0,0.0527803958529689,0.0,0.7445805843543827,0.0,0.0,0.022620169651272386,0.0,0.06314797360980208,0.7097078228086711,0.2714420358152686,0.0,0.0,0.0,0.03110273327049953,8.211121583411876,0.0,4.297832233741753,0.0,5.002827521206409,2.6936852026390197,0.5485391140433553,6.117813383600377,0.0,0.0,0.01413760603204524,0.0,0.0,0.0,17.381715362865222,2.7379830348727614,0.0,0.31479736098020733,0.19132893496701225,0.0,0.2714420358152686,0.9019792648444863,0.027332704995287466,0.3939679547596607,0.05372290292177191
1138,1198,15,1.1101398601398602,0.09265734265734266,1.1451048951048952,4.3479020979020975,0.0,0.1346153846153846,0.022727272727272728,0.09965034965034965,0.0,0.0,0.01048951048951049,0.0,0.005244755244755245,0.28146853146853146,0.055944055944055944,0.0,0.0,0.02972027972027972,0.03671328671328671,16.473776223776223,0.03146853146853147,3.449300699300699,0.0,5.201048951048951,1.8531468531468531,0.2727272727272727,5.491258741258742,0.0,0.0,0.38286713286713286,0.25874125874125875,0.0,0.0,16.526223776223777,2.312937062937063,0.0,0.7954545454545454,0.006993006993006993,0.0,0.3706293706293706,0.708041958041958,0.0,0.3706293706293706,0.01048951048951049
1144,1614,4,0.48739495798319327,0.025210084033613446,1.319327731092437,2.4411764705882355,0.0,0.0,0.0,0.5,0.0,0.0,0.0,0.0,0.0,0.3277310924369748,0.0,0.0,0.0,0.0,0.0,3.357142857142857,0.08823529411764706,2.130252100840336,0.0,1.4747899159663866,0.8403361344537815,0.6260504201680672,9.159663865546218,0.0,0.0,0.20588235294117646,0.0,0.0,0.0,12.77310924369748,1.4621848739495797,0.0,0.0,0.7941176470588235,0.0,0.12184873949579832,0.5672268907563025,0.0,0.046218487394957986,0.0
1140,1838,4,1.0462962962962963,0.10185185185185185,1.0211640211640212,4.007936507936508,0.0,0.0,0.0,0.03835978835978836,0.0,0.0,0.0,0.0,0.0,0.1164021164021164,0.05026455026455026,0.0,0.0,0.0,0.0,14.002645502645503,0.08333333333333333,3.484126984126984,0.0,10.24074074074074,1.8531746031746033,0.44312169312169314,6.436507936507937,0.0,0.0,0.44047619047619047,0.0,0.0,0.0,17.46031746031746,2.1507936507936507,0.0,0.25793650793650796,0.09656084656084656,0.0,0.716931216931217,0.667989417989418,0.0,0.18518518518518517,0.0
1144,813,11,0.5566666666666666,0.09,0.7966666666666666,2.966666666666667,0.0,0.04666666666666667,0.0,0.22666666666666666,0.0,0.0,0.0,0.0,0.0,0.4,0.03666666666666667,0.0,0.01,0.0033333333333333335,0.0,9.323333333333334,0.04,5.023333333333333,0.0,4.413333333333333,0.6466666666666666,0.7266666666666667,6.703333333333333,0.0,0.09666666666666666,0.2,0.0,0.0,0.0,14.936666666666667,1.5066666666666666,0.0,0.17,0.10666666666666667,0.0,0.30666666666666664,0.6533333333333333,0.0,0.04666666666666667,0.43
1139,763,4,0.715261958997722,0.09339407744874716,0.908883826879271,3.6902050113895215,0.0,0.029612756264236904,0.0,0.03189066059225513,0.0,0.0,0.0,0.0,0.0,0.38724373576309795,0.0,0.0,0.10022779043280182,0.07517084282460136,0.0,11.722095671981776,0.011389521640091117,2.202733485193622,0.0,6.072892938496583,2.7380410022779045,0.2460136674259681,3.3257403189066057,0.0,0.0,0.04328018223234624,0.0,0.0,1.5125284738041003,14.601366742596811,2.202733485193622,0.0,0.21184510250569477,0.07289293849658314,0.0,0.5284738041002278,0.5831435079726651,0.0,0.05011389521640091,1.1594533029612757
1152,1799,4,0.6911764705882353,0.07352941176470588,1.0073529411764706,3.5808823529411766,0.0,0.0,0.0,0.0,0.0,0.0,0.0,0.0,0.0,0.0,0.0,0.0,0.0,0.0,0.0,2.514705882352941,0.0,2.610294117647059,0.0,2.676470588235294,0.8235294117647058,0.22794117647058823,5.904411764705882,0.0,0.0,0.0,0.0,0.0,0.0,15.397058823529411,2.536764705882353,0.0,0.014705882352941176,0.11029411764705882,0.0,1.4705882352941178,0.6691176470588235,0.0,0.03676470588235294,0.0
1145,686,4,0.584070796460177,0.07964601769911504,0.6870474658085277,4.107803700724054,0.0,0.0,0.0,0.012872083668543845,0.0,0.0,0.0,0.0,0.0,0.02574416733708769,0.0,0.0,0.0,0.0,0.0,10.469026548672566,0.053901850362027354,8.615446500402253,0.0,8.866452131938857,2.31456154465004,0.5333869670152857,7.492357200321802,0.0,0.08688656476267095,0.5454545454545454,0.0,0.0,0.0,19.28801287208367,2.094127111826227,0.0,0.5349959774738536,0.05148833467417538,0.0,0.6090104585679806,0.7755430410297667,0.0,0.03298471440064361,0.0
1141,1232,4,0.6120826709062003,0.11128775834658187,0.5866454689984102,3.863275039745628,0.0,0.0,0.0,0.003179650238473768,0.0,0.0,0.0,0.0,0.0,0.0794912559618442,0.0,0.0,0.0,0.0,0.02384737678855326,12.880763116057233,0.01589825119236884,2.2655007949125596,0.0,7.001589825119237,2.8282988871224166,0.030206677265500796,2.5659777424483305,0.0,0.0,0.2861685214626391,0.16375198728139906,0.0,0.0,15.104928457869635,2.461049284578696,0.0,0.10651828298887123,0.0,0.0,0.548489666136725,0.5437201907790143,0.0,0.04133545310015898,0.06518282988871224
1148,204,4,0.5757575757575758,0.08712121212121213,1.0681818181818181,3.2992424242424243,0.0,0.0,0.0,0.0,0.0,0.0,0.0,0.0,0.0,0.003787878787878788,0.0,0.0,0.0,0.0,0.0,13.545454545454545,0.0,2.272727272727273,0.0,6.03030303030303,1.9924242424242424,0.16666666666666666,4.871212121212121,0.0,0.0,0.18181818181818182,0.0,0.0,0.0,15.56439393939394,2.2613636363636362,0.0,0.015151515151515152,0.011363636363636364,0.0,0.3560606060606061,0.5909090909090909,0.0,0.03409090909090909,0.0
1153,385,4,0.6145038167938931,0.08206106870229007,0.9141221374045801,2.3377862595419847,0.0,0.0,0.0,0.0,0.0,0.0,0.0,0.0,0.0,0.019083969465648856,0.0,0.0,0.0,0.0,0.0,9.900763358778626,0.0648854961832061,2.2576335877862594,0.0,2.045801526717557,0.5381679389312977,0.04580152671755725,4.776717557251908,0.0,0.0,0.011450381679389313,0.0,0.0,0.0,9.009541984732824,0.9961832061068703,0.0,0.17557251908396945,0.03816793893129771,0.0,0.1049618320610687,0.44274809160305345,0.0,0.06679389312977099,0.0
1147,944,4,0.4984423676012461,0.07268951194184839,0.6791277258566978,3.2149532710280373,0.0,0.0,0.0,0.0,0.0,0.0,0.0,0.0,0.0,0.006230529595015576,0.0,0.0,0.0,0.0,0.0,12.303219106957425,0.02284527518172378,1.9730010384215992,0.0,7.157840083073728,1.6427829698857737,0.020768431983385256,3.0778816199376946,0.0,0.0,0.0,0.0,0.0,0.0,11.877466251298028,1.9003115264797508,0.0,0.1256490134994808,0.08099688473520249,0.0,0.44963655244029077,0.4787123572170301,0.0,0.024922118380062305,0.0
1147,1128,4,0.5115830115830116,0.09652509652509653,0.41312741312741313,4.61969111969112,0.0,0.0,0.0,0.025096525096525095,0.0,0.0,0.0,0.0,0.0,0.22393822393822393,0.005791505791505791,0.0,0.0,0.0,0.0,11.866795366795367,0.0,2.523166023166023,0.0,5.102316602316602,2.6814671814671813,0.4768339768339768,3.4266409266409266,0.0,0.0,0.0444015444015444,0.0,0.0,0.0,18.096525096525095,2.969111969111969,0.0,0.13513513513513514,0.07722007722007722,0.0,0.22972972972972974,0.5675675675675675,0.0,0.07915057915057915,0.7876447876447876
1145,732,4,0.7384259259259259,0.12037037037037036,1.1990740740740742,4.314814814814815,0.0,0.0,0.0,0.12962962962962962,0.0,0.0,0.0,0.0,0.0,0.08796296296296297,0.03935185185185185,0.0,0.0,0.032407407407407406,0.006944444444444444,17.59259259259259,0.0,2.1666666666666665,0.0,5.217592592592593,1.9305555555555556,0.27314814814814814,5.331018518518518,0.0,0.0,0.37037037037037035,0.3425925925925926,0.0,0.0,16.39351851851852,2.122685185185185,0.0,0.7962962962962963,0.09953703703703703,0.0,0.43287037037037035,0.6851851851851852,0.0,0.16666666666666666,0.47453703703703703
1156,1187,4,0.6392045454545454,0.11079545454545454,0.5539772727272727,3.534090909090909,0.0,0.0,0.0,0.11079545454545454,0.0,0.0,0.0,0.0,0.0,0.20454545454545456,0.03409090909090909,0.0,0.09090909090909091,0.24431818181818182,0.0,12.795454545454545,0.0,2.7386363636363638,0.0,5.4602272727272725,1.9147727272727273,0.13352272727272727,2.8693181818181817,0.0,0.0,0.017045454545454544,0.0,0.0,0.0,12.599431818181818,2.0738636363636362,0.0,0.045454545454545456,0.011363636363636364,0.0,0.45170454545454547,0.5596590909090909,0.0,0.0625,0.24431818181818182
1153,837,4,0.5608108108108109,0.07094594594594594,1.3490990990990992,3.0,0.0,0.0,0.0,0.015765765765765764,0.0,0.0,0.0,0.0,0.0,0.009009009009009009,0.0,0.0,0.0,0.0,0.0,9.25,0.04954954954954955,2.0945945945945947,0.0,3.0934684684684686,1.2972972972972974,0.3130630630630631,7.0608108108108105,0.0,0.0,0.23423423423423423,0.0,0.0,0.0,13.89527027027027,1.882882882882883,0.0,0.05518018018018018,0.3322072072072072,0.0,0.16103603603603603,0.6204954954954955,0.0,0.061936936936936936,0.0
1149,891,12,0.6536885245901639,0.09221311475409837,1.305327868852459,3.05327868852459,0.0,0.0,0.0,0.0,0.0,0.0,0.0,0.0,0.0,0.0,0.0,0.0,0.0,0.0,0.0,5.014344262295082,0.0,2.3995901639344264,0.0,2.819672131147541,1.6065573770491803,0.13524590163934427,4.258196721311475,0.0,0.0,0.004098360655737705,0.0,0.0,0.0,14.512295081967213,2.3995901639344264,0.0,0.08196721311475409,0.10040983606557377,0.0,0.18442622950819673,0.5430327868852459,0.0,0.02459016393442623,0.0
1157,1310,4,1.25,0.08914728682170543,0.26356589147286824,5.093023255813954,0.0,0.04263565891472868,0.0,0.8003875968992248,0.0,0.0,0.0,0.0,0.0,0.4127906976744186,0.17248062015503876,0.0,0.0,0.04844961240310078,0.0,4.459302325581396,0.0,3.4709302325581395,0.0,11.089147286821705,4.141472868217054,0.14922480620155038,3.4689922480620154,0.03294573643410853,0.0,0.05232558139534884,0.0,0.0,0.0,22.484496124031008,3.9806201550387597,0.0,1.4534883720930232,0.12403100775193798,0.0,0.7248062015503876,0.5910852713178295,0.0,0.1569767441860465,0.22868217054263565
1159,722,4,0.5944309927360775,0.06537530266343826,2.049636803874092,3.777239709443099,0.0,0.0,0.0,0.0,0.0,0.0,0.0,0.0,0.0,0.0,0.0,0.0,0.0,0.0,0.0,12.10048426150121,0.04116222760290557,2.845036319612591,0.0,7.469733656174334,2.532687651331719,0.12227602905569007,6.562953995157385,0.0,0.0,0.22518159806295399,0.0,0.0,0.0,15.154963680387409,2.0145278450363198,0.0,0.5012106537530266,0.015738498789346248,0.0,0.4794188861985472,0.6646489104116223,0.0,0.06900726392251816,0.0
1161,1055,4,0.6654320987654321,0.06666666666666667,0.7123456790123457,3.932098765432099,0.0,0.0,0.0,0.0,0.0,0.0,0.0,0.0,0.0,0.006172839506172839,0.0,0.0,0.0,0.0,0.0,14.11604938271605,0.0,2.1049382716049383,0.0,9.064197530864197,3.4308641975308642,0.06049382716049383,2.832098765432099,0.0,0.1037037037037037,0.15555555555555556,0.16049382716049382,0.0,0.0,15.401234567901234,2.585185185185185,0.0,0.27901234567901234,0.10123456790123457,0.0,0.6049382716049383,0.5481481481481482,0.0,0.044444444444444446,0.0
1148,1721,4,22.6834451901566,0.07494407158836688,0.4966442953020134,5.453020134228188,0.0,0.0,0.035794183445190156,0.11073825503355705,0.0,0.0,0.0,0.11297539149888143,0.0,0.08501118568232663,0.0011185682326621924,0.0,0.0,0.06152125279642058,0.0,4.3937360178970915,0.0,1.9217002237136465,0.0,4.456375838926174,2.4574944071588365,0.03691275167785235,2.651006711409396,0.0,0.0,0.07270693512304251,0.0,0.0,0.0,22.880313199105146,1.6308724832214765,0.0,0.03467561521252797,0.0,0.0,0.2953020134228188,4.291946308724833,0.8076062639821029,15.82662192393736,9.519015659955258
1152,236,4,0.5063291139240507,0.05063291139240506,1.0443037974683544,2.607594936708861,0.0,0.0,0.0,0.0379746835443038,0.0,0.0,0.0,0.0,0.0,0.04430379746835443,0.0,0.0,0.0,0.0,0.0,1.8037974683544304,0.12025316455696203,3.1202531645569622,0.0,1.5759493670886076,0.5886075949367089,0.4620253164556962,8.240506329113924,0.0,0.0,0.22784810126582278,0.0,0.0,0.0,14.39873417721519,1.3987341772151898,0.0,0.18354430379746836,0.0949367088607595,0.0,0.0,0.7341772151898734,0.0,0.02531645569620253,0.0
1152,984,15,0.6008869179600886,0.07317073170731707,0.3614190687361419,2.4878048780487805,0.0,0.0,0.0,0.0,0.0,0.0,0.0,0.0,0.0,0.0066518847006651885,0.0,0.0,0.0,0.0,0.0,6.263858093126386,0.0,2.8181818181818183,0.0,3.7028824833702885,0.7339246119733924,0.015521064301552107,2.929046563192905,0.0,0.0,0.008869179600886918,0.0,0.0,0.0022172949002217295,10.917960088691796,1.4501108647450112,0.0,0.08869179600886919,0.1729490022172949,0.0,0.2106430155210643,0.43680709534368073,0.0,0.019955654101995565,0.0
1157,1211,4,2.7071428571428573,0.04642857142857143,0.40714285714285714,3.342857142857143,0.0,0.0,0.0,0.5357142857142857,0.0,0.0,0.0,0.0,0.0,0.8142857142857143,0.3535714285714286,0.0,0.0,0.0,0.010714285714285714,3.8142857142857145,0.0,5.953571428571428,0.0,4.3428571428571425,1.3107142857142857,0.575,6.6535714285714285,0.0,0.0,0.010714285714285714,0.0,0.0,0.0,15.139285714285714,1.975,0.0,0.9035714285714286,0.06785714285714285,0.0,0.26785714285714285,0.6035714285714285,0.0,0.9214285714285714,0.0
1159,1028,4,0.5704697986577181,0.06263982102908278,1.6554809843400446,2.854586129753915,0.0,0.0,0.0,0.0,0.0,0.0,0.02237136465324385,0.0,0.0,0.09619686800894854,0.026845637583892617,0.0,0.0,0.0,0.07829977628635347,3.2751677852348995,0.1610738255033557,2.0604026845637584,0.0,2.203579418344519,0.9328859060402684,0.3579418344519016,8.43400447427293,0.0,0.0,0.3288590604026846,0.0,0.0,0.0,12.789709172259508,1.7539149888143177,0.0,0.24161073825503357,0.6577181208053692,0.013422818791946308,0.44966442953020136,0.8411633109619687,0.0,0.053691275167785234,0.0
1160,1101,4,24.778082191780822,0.16164383561643836,0.7890410958904109,15.927397260273972,0.0,0.0,0.0,0.06164383561643835,0.0,0.0,0.0,0.019178082191780823,0.0,0.14246575342465753,0.005479452054794521,0.0,0.0,0.0,0.0,11.554794520547945,0.0,3.9424657534246577,0.0,5.971232876712329,3.136986301369863,0.1410958904109589,4.004109589041096,0.0,0.0,0.0,0.0,0.0,0.0,47.536986301369865,1.8986301369863015,0.0,0.13150684931506848,0.0013698630136986301,0.0,0.4095890410958904,16.731506849315068,0.8808219178082192,14.872602739726027,12.991780821917809
1152,1582,15,0.8025682182985554,0.07704654895666131,1.333868378812199,4.393258426966292,0.0,0.0,0.025682182985553772,0.14125200642054575,0.0,0.0,0.0,0.0,0.0,0.30658105939004815,0.05457463884430177,0.0,0.0,0.0,0.0449438202247191,13.723916532905298,0.009630818619582664,2.8009630818619584,0.0,7.255216693418941,3.462279293739968,0.2969502407704655,5.263242375601926,0.0,0.0,0.36276083467094705,0.2231139646869984,0.0,0.0,17.712680577849117,2.7479935794542536,0.0,0.449438202247191,0.06581059390048154,0.0,0.5601926163723917,0.666131621187801,0.0,0.1781701444622793,0.0
1151,1703,14,0.8568075117370892,0.0892018779342723,1.1572769953051643,3.6784037558685445,0.0,0.0,0.0,0.8145539906103286,0.0,0.0,0.0,0.0,0.0,0.8497652582159625,0.21830985915492956,0.0,0.0,0.0,0.0,11.056338028169014,0.13145539906103287,3.868544600938967,0.0,3.171361502347418,2.2981220657276995,0.9953051643192489,9.779342723004694,0.0,0.04460093896713615,0.2605633802816901,0.0,0.0,0.0,17.079812206572768,1.8427230046948357,0.0,0.323943661971831,0.2676056338028169,0.0,0.4788732394366197,0.8075117370892019,0.0,0.0892018779342723,1.2230046948356808
1157,1525,4,0.617737003058104,0.1651376146788991,0.8379204892966361,8.15902140672783,0.0,0.01834862385321101,0.0,0.12232415902140673,0.0,0.0,0.2018348623853211,0.0,0.09174311926605505,0.9969418960244648,0.5779816513761468,0.0,0.0,0.05198776758409786,0.07339449541284404,22.871559633027523,0.0764525993883792,2.547400611620795,0.0,19.04892966360856,7.568807339449541,0.7951070336391437,5.351681957186544,0.0,0.3363914373088685,0.43119266055045874,0.1712538226299694,0.0030581039755351682,0.2415902140672783,32.88073394495413,4.957186544342508,0.0,0.5657492354740061,0.06422018348623854,0.0,1.2477064220183487,0.7155963302752294,0.3944954128440367,0.05504587155963303,3.920489296636086
1152,757,4,0.46475195822454307,0.0783289817232376,0.39425587467362927,4.211488250652741,0.0,0.0,0.0,0.02610966057441253,0.0,0.0,0.0,0.0,0.007832898172323759,0.05483028720626632,0.005221932114882507,0.0,0.0,0.0,0.0,15.540469973890339,0.020887728459530026,3.5430809399477807,0.0,11.947780678851174,1.8015665796344646,0.21148825065274152,3.793733681462141,0.0,0.0,0.14360313315926893,0.3133159268929504,0.0,0.0,16.864229765013054,2.3472584856396868,0.0,0.013054830287206266,0.04960835509138381,0.0,0.7702349869451697,0.6292428198433421,0.0,0.02349869451697128,0.0
1156,1230,4,0.7119341563786008,0.07407407407407407,0.8559670781893004,3.156378600823045,0.0,0.0,0.0,0.0,0.0,0.0,0.0,0.0,0.0,0.0,0.0,0.0,0.0,0.0,0.0,8.148148148148149,0.0,2.353909465020576,0.0,5.460905349794238,1.5185185185185186,0.18518518518518517,3.7736625514403292,0.0,0.0,0.0,0.0,0.0,0.0,13.493827160493828,2.251028806584362,0.0,0.20164609053497942,0.14814814814814814,0.0,0.7119341563786008,0.5679012345679012,0.0,0.024691358024691357,0.0
1161,185,4,0.5601092896174863,0.11202185792349727,0.9480874316939891,3.759562841530055,0.0,0.0,0.0,0.0,0.0,0.0,0.0,0.0,0.0,0.01639344262295082,0.00273224043715847,0.0,0.0,0.0,0.01639344262295082,9.040983606557377,0.00819672131147541,2.180327868852459,0.0,4.658469945355192,2.2841530054644807,0.13934426229508196,5.043715846994536,0.0,0.0,0.09289617486338798,0.0,0.0,0.0,16.65573770491803,2.639344262295082,0.0,0.0,0.29508196721311475,0.0,0.2103825136612022,0.8360655737704918,0.0,0.04371584699453552,0.0
1153,567,4,0.5315985130111525,0.0762081784386617,0.7063197026022305,2.724907063197026,0.0,0.0,0.0,0.0,0.0,0.0,0.0,0.0,0.0,0.07806691449814127,0.0,0.0,0.0,0.0,0.0,12.526022304832713,0.01486988847583643,1.9312267657992566,0.0,4.933085501858736,1.5520446096654275,0.026022304832713755,5.881040892193308,0.0,0.0,0.03531598513011153,0.0,0.0,0.0018587360594795538,10.148698884758364,1.3940520446096654,0.0,0.11152416356877323,0.17657992565055763,0.0,0.27695167286245354,0.483271375464684,0.0,0.026022304832713755,0.17286245353159851
1157,1432,12,0.5405405405405406,0.09009009009009009,0.4144144144144144,3.5135135135135136,0.0,0.0,0.0,0.0,0.0,0.0,0.0,0.0,0.0,0.0,0.0,0.0,0.0,0.0,0.0,12.162162162162161,0.02702702702702703,2.3333333333333335,0.0,9.576576576576576,2.081081081081081,0.0,3.009009009009009,0.0,0.0,0.0,0.0,0.0,0.0,13.945945945945946,2.3873873873873874,0.0,0.0,0.0,0.0,0.6396396396396397,0.5765765765765766,0.0,0.0,0.0
1162,622,4,0.6712707182320442,0.055248618784530384,0.8950276243093923,2.6408839779005526,0.0,0.16298342541436464,0.0,1.298342541436464,0.0,0.0,0.0,0.0,0.03867403314917127,1.276243093922652,0.26795580110497236,0.0,0.04419889502762431,0.058011049723756904,0.0,6.767955801104972,0.0,3.248618784530387,0.0,2.505524861878453,0.919889502762431,0.19337016574585636,7.488950276243094,0.0,0.0,0.26243093922651933,0.0,0.0,0.0,13.56353591160221,1.3535911602209945,0.0,0.052486187845303865,0.3453038674033149,0.0,0.425414364640884,0.7292817679558011,0.0,0.08287292817679558,1.132596685082873
1164,967,4,0.5151116951379764,0.1011826544021025,0.871222076215506,3.8134034165571618,0.0,0.003942181340341655,0.0,0.09329829172141918,0.0,0.0,0.0,0.0,0.0,0.052562417871222074,0.01971090670170828,0.0,0.0,0.013140604467805518,0.0,12.655716162943495,0.006570302233902759,2.011826544021025,0.0,8.95137976346912,2.2746386333771356,0.01445466491458607,3.6254927726675428,0.0,0.0,0.04204993429697766,0.0,0.0,0.0,14.107752956636006,2.228646517739816,0.0,0.10906701708278581,0.1038107752956636,0.0,0.5059132720105125,0.5597897503285151,0.0,0.045992115637319315,0.0
1166,1251,4,0.754601226993865,0.08742331288343558,1.2116564417177915,4.664110429447852,0.0,0.0,0.0,0.015337423312883436,0.0,0.0,0.010736196319018405,0.0,0.0,0.2714723926380368,0.06595092024539877,0.0,0.0,0.0,0.046012269938650305,14.345092024539877,0.0,4.138036809815951,0.0,12.115030674846626,5.052147239263804,0.25766871165644173,4.299079754601227,0.0,0.0705521472392638,0.147239263803681,0.0,0.0,0.0,18.150306748466257,3.0276073619631902,0.0,0.5598159509202454,0.06441717791411043,0.0,0.9156441717791411,0.6687116564417178,0.0,0.1196319018404908,0.0
1154,1380,4,0.6383419689119171,0.12227979274611399,0.7502590673575129,4.080829015544041,0.0,0.002072538860103627,0.0,0.043523316062176166,0.0,0.0,0.0,0.0,0.0,0.11813471502590674,0.035233160621761656,0.0,0.0,0.0,0.0,17.26839378238342,0.0,2.426943005181347,0.0,4.85699481865285,1.8932642487046631,0.19378238341968912,5.693264248704663,0.0,0.0,0.18341968911917098,0.138860103626943,0.0,0.0,16.773056994818653,2.4559585492227978,0.0,0.04870466321243523,0.1544041450777202,0.0,0.5036269430051813,0.6341968911917099,0.0,0.05906735751295337,0.0
1161,41,4,0.6327272727272727,0.10545454545454545,0.38545454545454544,4.469090909090909,0.0,0.0,0.0,0.0,0.0,0.0,0.02909090909090909,0.0,0.07636363636363637,0.07272727272727272,0.2290909090909091,0.0,0.0,0.0,0.0,12.963636363636363,0.0,4.752727272727273,0.0,16.80727272727273,3.5636363636363635,0.0,3.8145454545454545,0.0,0.0,0.10545454545454545,0.0,0.0,0.0,19.356363636363636,3.1163636363636362,0.0,0.17454545454545456,0.0,0.025454545454545455,1.1381818181818182,1.3927272727272728,0.0,0.05454545454545454,0.0
1155,1161,4,0.5965909090909091,0.08333333333333333,0.29545454545454547,3.2613636363636362,0.0,0.0,0.0,0.030303030303030304,0.0,0.0,0.003787878787878788,0.0,0.013257575757575758,0.16856060606060605,0.08522727272727272,0.0,0.0,0.00946969696969697,0.0,13.914772727272727,0.0,1.7159090909090908,0.0,8.651515151515152,3.096590909090909,0.06818181818181818,3.837121212121212,0.0,0.0,0.11553030303030302,0.0,0.0,0.0,12.244318181818182,1.8257575757575757,0.0,0.0,0.0,0.0,0.6534090909090909,0.4621212121212121,0.0,0.032196969696969696,0.0
1159,1847,12,0.5663265306122449,0.0663265306122449,0.6428571428571429,4.142857142857143,0.0,0.0,0.0,0.0,0.0,0.0,0.0,0.0,0.0,0.0663265306122449,0.01020408163265306,0.0,0.0,0.0,0.0,12.693877551020408,0.0,2.076530612244898,0.0,6.280612244897959,1.9285714285714286,0.04591836734693878,3.627551020408163,0.0,0.0,0.0,0.0,0.0,0.0,16.224489795918366,2.6377551020408165,0.0,0.0,0.0,0.0,0.40816326530612246,0.6377551020408163,0.0,0.09183673469387756,0.0
1172,162,4,0.5186104218362283,0.08436724565756824,0.7022332506203474,2.9826302729528535,0.004962779156327543,0.1588089330024814,0.0,1.2357320099255582,0.0,0.0,0.0,0.0,0.0,0.8933002481389578,0.18114143920595532,0.0,0.0,0.05955334987593052,0.0024813895781637717,10.478908188585608,0.0,4.196029776674938,0.0,6.074441687344913,1.1116625310173698,0.7146401985111662,6.863523573200992,0.0,0.01240694789081886,0.09925558312655088,0.0,0.0,0.0,15.962779156327544,1.5285359801488834,0.0,0.022332506203473945,0.11910669975186104,0.0,0.40198511166253104,0.6054590570719603,0.0,0.04218362282878412,1.0521091811414391
1164,500,5,0.5489078822412156,0.08072174738841406,0.5023741690408358,3.009496676163343,0.0,0.0,0.0,0.0,0.0,0.0,0.0,0.0,0.0,0.0,0.0,0.0,0.0,0.0,0.0,11.562203228869896,0.000949667616334283,2.127255460588794,0.0,6.368471035137702,2.0579297245963915,0.10541310541310542,4.129154795821463,0.0,0.0,0.0,0.0,0.0,0.0,11.64102564102564,1.772079772079772,0.0,0.03798670465337132,0.055080721747388414,0.0,0.4131054131054131,0.45489078822412155,0.0,0.03798670465337132,0.0
1162,116,6,0.6519823788546255,0.08149779735682819,0.9140969162995595,3.7753303964757707,0.0,0.0,0.0,0.0,0.0,0.0,0.22026431718061673,0.0,0.048458149779735685,0.7422907488986784,0.42731277533039647,0.0,0.0,0.0,0.0,7.700440528634362,0.0022026431718061676,2.8105726872246697,0.32599118942731276,12.411894273127754,3.7180616740088106,0.21365638766519823,6.403083700440528,0.0,0.0,0.004405286343612335,0.0,0.0,0.0,14.693832599118943,2.488986784140969,0.0,0.3832599118942731,0.04185022026431718,0.0,0.775330396475771,0.4889867841409692,0.0,0.06828193832599119,0.0
1173,1498,4,0.48621553884711777,0.12280701754385964,0.37092731829573933,4.042606516290727,0.0,0.0,0.0,0.047619047619047616,0.0,0.0,0.37844611528822053,0.0,0.23558897243107768,0.8696741854636592,0.3258145363408521,0.0,0.0,0.0,0.0,14.56641604010025,0.0,1.3609022556390977,0.0,8.942355889724311,2.7218045112781954,0.13784461152882205,5.591478696741855,0.0,0.0,0.022556390977443608,0.0,0.0,0.0,12.914786967418546,2.017543859649123,0.0,0.0,0.0,0.0,0.5614035087719298,0.42857142857142855,0.0,0.07518796992481203,3.6591478696741855
1158,66,15,0.5505107832009081,0.07945516458569807,0.48240635641316687,4.723041997729853,0.0,0.0,0.0,0.0,0.0,0.0,0.0,0.0,0.0,0.007945516458569807,0.0,0.0,0.0,0.0,0.0,15.52099886492622,0.01362088535754824,3.1293984108967083,0.0,12.24744608399546,2.442678774120318,0.018161180476730987,3.927355278093076,0.0,0.0,0.13053348467650397,0.3427922814982974,0.0,0.0,18.62088535754824,2.5777525539160044,0.0,0.15209988649262202,0.0056753688989784334,0.0,0.8637911464245176,0.8933030646992054,0.0,0.028376844494892167,0.0
1167,255,11,0.5,0.07352941176470588,0.6911764705882353,2.110294117647059,0.0,0.0,0.0,0.45588235294117646,0.0,0.0,0.0,0.0,0.0,0.3897058823529412,0.11029411764705882,0.0,0.0,0.0,0.051470588235294115,2.301470588235294,0.13970588235294118,2.235294117647059,0.0,2.0,1.1102941176470589,0.3161764705882353,5.0,0.0,0.0,0.0,0.0,0.0,0.0,9.823529411764707,1.0514705882352942,0.0,0.36764705882352944,0.08823529411764706,0.0,0.014705882352941176,0.4338235294117647,0.0,0.051470588235294115,0.051470588235294115
1173,1463,4,0.5027027027027027,0.11351351351351352,0.8905405405405405,4.055405405405406,0.0,0.0,0.0,0.010810810810810811,0.0,0.0,0.0,0.0,0.0,1.114864864864865,0.24864864864864866,0.0,0.20810810810810812,0.3418918918918919,0.0,14.787837837837838,0.006756756756756757,1.7945945945945947,0.0,2.962162162162162,3.372972972972973,0.32837837837837835,3.5864864864864865,0.0,0.0,0.02837837837837838,0.0,0.0,2.9905405405405405,13.678378378378378,2.0945945945945947,0.0,0.11891891891891893,0.05540540540540541,0.0,0.3567567567567568,0.45675675675675675,0.0,0.051351351351351354,3.285135135135135
1159,1687,7,0.7140902872777017,0.08344733242134063,0.5430916552667578,4.465116279069767,0.0,0.0,0.0,0.018467852257181942,0.0,0.0,0.0,0.0,0.0,0.06566347469220246,0.0,0.0,0.0,0.0,0.0,13.995212038303693,0.012311901504787962,2.0444596443228455,0.0,6.728454172366621,2.2428180574555405,0.0047879616963064295,6.82421340629275,0.0,0.0,0.1347469220246238,0.24555403556771546,0.0,0.0,18.670998632010942,2.496580027359781,0.0,0.002051983584131327,0.09097127222982217,0.0,0.4432284541723666,0.6470588235294118,0.0,0.0786593707250342,0.0
1170,2013,4,0.5032679738562091,0.1111111111111111,0.22875816993464052,6.660130718954249,0.0,0.0,0.0,0.0,0.0,0.0,0.35947712418300654,0.0,0.17647058823529413,2.065359477124183,1.0196078431372548,0.0,0.0,0.0,1.1568627450980393,7.248366013071895,0.0,1.9281045751633987,0.0,3.6209150326797386,3.8823529411764706,0.0,3.915032679738562,0.0,0.0,0.0,0.1568627450980392,0.3006535947712418,0.0,31.235294117647058,4.052287581699346,0.0,0.0196078431372549,0.0,0.0,0.3790849673202614,0.5620915032679739,5.862745098039215,0.0457516339869281,17.9281045751634
1160,346,4,0.7651331719128329,0.09927360774818401,0.8329297820823245,6.159806295399516,0.0,0.0,0.0,0.0,0.0,0.0,0.0,0.0,0.0,0.0,0.0,0.0,0.0,0.0,0.0,11.857142857142858,0.1089588377723971,4.191283292978208,0.0,6.329297820823244,1.5617433414043584,0.2711864406779661,4.416464891041162,0.0,0.0,0.27602905569007263,0.12106537530266344,0.0,0.0,18.4818401937046,2.029055690072639,0.0,0.29055690072639223,0.007263922518159807,0.0,0.48668280871670705,1.1404358353510895,0.0,0.031476997578692496,0.0
1162,818,4,0.45410628019323673,0.05314009661835749,0.6231884057971014,2.888888888888889,0.0,0.0,0.0,0.0,0.0,0.0,0.0,0.0,0.0,0.033816425120772944,0.0,0.0,0.0,0.0,0.0,9.309178743961352,0.0,2.2705314009661834,0.0,6.748792270531401,0.714975845410628,0.2560386473429952,5.314009661835748,0.0,0.0,0.0,0.0,0.0,0.0,11.657004830917874,1.5217391304347827,0.0,0.18357487922705315,0.17391304347826086,0.0,0.38164251207729466,0.4444444444444444,0.0,0.024154589371980676,0.0
1168,1137,12,0.7362204724409449,0.09055118110236221,1.720472440944882,3.3464566929133857,0.0,0.0,0.0,0.0,0.0,0.0,0.0,0.0,0.0,0.0,0.0,0.0,0.0,0.0,0.0,8.88976377952756,0.01968503937007874,2.4488188976377954,0.0,4.661417322834645,2.125984251968504,0.27165354330708663,5.208661417322834,0.0,0.0,0.0,0.0,0.0,0.0,14.562992125984252,2.3031496062992125,0.0,0.1889763779527559,0.023622047244094488,0.0,0.2637795275590551,0.47244094488188976,0.0,0.023622047244094488,0.0
1162,1396,4,0.6815789473684211,0.07763157894736843,0.3131578947368421,4.225,0.0,0.0,0.0,0.7236842105263158,0.0,0.035526315789473684,0.0,0.0,0.0,0.5815789473684211,0.2236842105263158,0.0,0.06578947368421052,0.6631578947368421,0.0,11.548684210526316,0.0,2.8263157894736843,0.0,11.544736842105262,3.7986842105263157,0.6657894736842105,3.6302631578947366,0.0,0.0,0.16710526315789473,0.0,0.0,0.0,17.50263157894737,2.6855263157894735,0.0,0.05921052631578947,0.021052631578947368,0.0,1.6539473684210526,0.6486842105263158,0.0,0.10526315789473684,7.402631578947369
1165,878,4,0.6267123287671232,0.04794520547945205,2.1780821917808217,3.2773972602739727,0.0,0.0,0.0,0.0,0.0,0.0,0.0,0.0,0.0,0.09246575342465753,0.0,0.0,0.0,0.0,0.0,12.821917808219178,0.06164383561643835,2.339041095890411,0.0,5.825342465753424,1.1404109589041096,0.03767123287671233,9.729452054794521,0.0,0.0,0.2671232876712329,0.0,0.0,0.0,14.702054794520548,1.6130136986301369,0.0,0.2773972602739726,0.20205479452054795,0.0,0.3938356164383562,0.6917808219178082,0.0,0.06164383561643835,0.0
1166,907,12,0.8,0.11481481481481481,0.6851851851851852,3.948148148148148,0.0,0.0,0.0,0.0,0.0,0.0,0.0,0.0,0.0,0.0,0.0,0.0,0.0,0.0,0.0,11.685185185185185,0.0,2.311111111111111,0.0,8.381481481481481,2.6,0.14074074074074075,3.6148148148148147,0.0,0.0,0.05925925925925926,0.0,0.0,0.0,16.548148148148147,2.8925925925925924,0.0,0.3148148148148148,0.12962962962962962,0.0,0.4444444444444444,0.6,0.0,0.06296296296296296,0.0
1167,293,4,0.6036745406824147,0.08136482939632546,0.6509186351706037,3.540682414698163,0.0,0.15748031496062992,0.0,1.926509186351706,0.0,0.0,0.0,0.0,0.0,1.0288713910761156,0.33858267716535434,0.0,0.0,0.05249343832020997,0.0,2.0813648293963256,0.0,3.309711286089239,0.0,1.7821522309711286,1.7742782152230971,0.2047244094488189,6.3569553805774275,0.07611548556430446,0.0,0.047244094488188976,0.0,0.0,0.0,15.913385826771654,2.3149606299212597,0.0,0.8398950131233596,0.1837270341207349,0.0,0.0,0.6115485564304461,0.0,0.03412073490813648,0.0
1167,648,12,0.5424107142857143,0.06473214285714286,0.7723214285714286,2.1964285714285716,0.0,0.0,0.0,0.13392857142857142,0.0,0.0,0.0,0.0,0.0,0.22098214285714285,0.0,0.0,0.0,0.008928571428571428,0.024553571428571428,10.752232142857142,0.022321428571428572,2.595982142857143,0.0,2.1450892857142856,0.42410714285714285,0.18080357142857142,5.180803571428571,0.0,0.0,0.0,0.0,0.0,0.0,9.401785714285714,0.9799107142857143,0.0,0.203125,0.3125,0.0,0.0,0.5223214285714286,0.0,0.013392857142857142,0.0
1171,688,4,0.5373134328358209,0.06965174129353234,0.2736318407960199,2.8208955223880596,0.0,0.04228855721393035,0.0,0.945273631840796,0.0,0.0,0.0,0.0,0.0,0.31094527363184077,0.15422885572139303,0.0,0.8134328358208955,1.4875621890547264,0.0,4.86318407960199,0.0024875621890547263,4.527363184079602,0.0,2.5597014925373136,1.7835820895522387,0.2736318407960199,3.3034825870646767,0.0,0.0,0.0945273631840796,0.0,0.0,0.0,12.407960199004975,1.835820895522388,0.0,0.017412935323383085,0.03233830845771144,0.0,0.7587064676616916,0.4900497512437811,0.0,0.06218905472636816,12.803482587064677
1162,1614,4,0.6390899689762151,0.10134436401240951,0.9007238883143743,3.906928645294726,0.0,0.0,0.0,0.01344364012409514,0.0,0.0,0.0,0.0,0.0,0.007238883143743537,0.0,0.0,0.0,0.0,0.0,13.968976215098243,0.009307135470527405,2.2088934850051705,0.0,7.173733195449845,2.9410548086866597,0.04239917269906929,3.076525336091003,0.0,0.017580144777662874,0.1437435367114788,0.10651499482936919,0.0,0.0,15.03205791106515,2.5087900723888312,0.0,0.30093071354705275,0.08376421923474664,0.0,0.4984488107549121,0.5356773526370218,0.0,0.047569803516028956,0.0
1175,558,4,0.6820512820512821,0.1076923076923077,0.8769230769230769,4.4,0.0,0.0,0.0,0.19487179487179487,0.0,0.0,0.0,0.0,0.0,0.4564102564102564,0.09230769230769231,0.0,0.020512820512820513,0.0,0.0,18.77948717948718,0.03076923076923077,3.476923076923077,0.0,15.492307692307692,3.174358974358974,0.6256410256410256,6.81025641025641,0.035897435897435895,0.020512820512820513,0.5230769230769231,0.0,0.0,0.15384615384615385,18.72820512820513,2.4564102564102566,0.0,0.35384615384615387,0.12307692307692308,0.0,0.9641025641025641,0.6051282051282051,0.0,0.05128205128205128,0.49230769230769234
1172,753,4,0.5531453362255966,0.09038322487346348,0.8553868402024585,3.6182212581344904,0.0,0.0,0.0,0.0,0.0,0.0,0.0,0.0,0.0,0.14389009399855388,0.0,0.0,0.0,0.0,0.12147505422993492,13.140997830802602,0.039045553145336226,1.9739696312364425,0.0,6.547360809833695,1.5242227042660883,0.035430224150397684,5.052783803326102,0.0,0.0,0.1099060014461316,0.09255242227042661,0.0,0.0,13.401301518438178,2.1843817787418653,0.0,0.21258134490238612,0.08532176428054954,0.0,0.420824295010846,0.519884309472162,0.0,0.04483007953723789,0.0
1172,417,11,0.6833667334669339,0.10020040080160321,0.5851703406813628,3.8957915831663326,0.0,0.0,0.0,0.0,0.0,0.0,0.0,0.0,0.0,0.0,0.0,0.0,0.0,0.0,0.0,12.468937875751504,0.0,2.3326653306613228,0.0,8.761523046092185,2.370741482965932,0.1903807615230461,3.649298597194389,0.0,0.0,0.03406813627254509,0.0,0.0,0.0,15.498997995991983,2.719438877755511,0.0,0.07014028056112225,0.004008016032064128,0.0,0.5851703406813628,0.56312625250501,0.0,0.026052104208416832,0.0
1168,770,4,0.4935483870967742,0.08548387096774193,0.2129032258064516,4.061290322580645,0.0,0.15806451612903225,0.0,0.2854838709677419,0.0,0.0,0.0032258064516129032,0.0,0.0,1.2225806451612904,0.12903225806451613,0.0,0.0,0.16451612903225807,0.025806451612903226,11.220967741935484,0.0,3.5274193548387096,0.0,3.8483870967741933,3.02258064516129,0.6516129032258065,5.329032258064516,0.0,0.0,0.0,0.0,0.0,1.7048387096774194,15.562903225806451,2.4370967741935483,0.0,0.012903225806451613,0.05806451612903226,0.0,0.6661290322580645,0.5274193548387097,0.0,0.07096774193548387,2.246774193548387
1168,1630,4,0.6773162939297125,0.09584664536741214,0.8881789137380192,3.7060702875399363,0.0,0.0,0.0,0.0,0.0,0.0,0.0,0.0,0.0,0.0,0.0,0.0,0.0,0.0,0.0,10.884984025559106,0.0,2.380191693290735,0.0,8.996805111821086,2.29073482428115,0.15335463258785942,3.5431309904153356,0.0,0.0,0.1501597444089457,0.0,0.0,0.0,14.45367412140575,2.2875399361022364,0.0,0.23961661341853036,0.07028753993610223,0.0,0.9808306709265175,0.6421725239616614,0.0,0.03194888178913738,0.0
1176,223,7,0.6153846153846154,0.07692307692307693,1.2234432234432235,4.051282051282051,0.0,0.0,0.0,0.09523809523809523,0.0,0.0,0.0,0.0,0.0,0.32967032967032966,0.08424908424908426,0.0,0.06227106227106227,0.0,0.0,15.432234432234432,0.07326007326007326,2.816849816849817,0.0,12.655677655677655,2.6227106227106227,0.4908424908424908,8.219780219780219,0.05860805860805861,0.24175824175824176,0.5311355311355311,0.0,0.0,0.0989010989010989,18.124542124542124,2.3223443223443225,0.0,0.4358974358974359,0.05128205128205128,0.0,0.9120879120879121,0.663003663003663,0.0,0.007326007326007326,0.2893772893772894
1177,845,4,0.5352517985611511,0.08633093525179857,0.9827338129496402,2.9784172661870505,0.0,0.0,0.0,0.0,0.0,0.0,0.3985611510791367,0.0,0.0,1.079136690647482,0.43597122302158275,0.0,0.0,0.0,0.9726618705035971,12.202877697841727,0.02877697841726619,1.7510791366906475,0.0,11.516546762589929,1.3323741007194245,0.34532374100719426,5.4906474820143885,0.0,0.0,0.2992805755395683,0.0,0.0,0.0,11.36546762589928,1.506474820143885,0.0,0.4848920863309353,0.10359712230215827,0.31366906474820144,0.6589928057553956,0.46618705035971225,0.0,0.07050359712230216,0.0
1177,337,4,0.671875,0.1162109375,0.5517578125,4.2138671875,0.0,0.0,0.0,0.0,0.0,0.0,0.0,0.0,0.0,0.0,0.0478515625,0.0,0.0,0.0,0.0,16.56640625,0.017578125,2.09375,0.0,5.7978515625,3.05078125,0.0390625,3.2197265625,0.0,0.0,0.08203125,0.14453125,0.0,0.0,16.5283203125,2.7939453125,0.0,0.0859375,0.1005859375,0.0,0.3779296875,0.58984375,0.6435546875,0.0302734375,1.583984375
1175,946,4,0.5216606498194946,0.09927797833935018,0.720216606498195,3.279783393501805,0.0,0.0,0.0,0.01444043321299639,0.0,0.0,0.0,0.0,0.0,0.10469314079422383,0.0,0.0,0.0,0.0,0.0,11.245487364620939,0.0,2.3610108303249095,0.0,10.631768953068592,1.0613718411552346,0.16787003610108303,3.503610108303249,0.0,0.0,0.0,0.0,0.0,0.0,12.787003610108304,1.7021660649819494,0.0,0.49097472924187724,0.02888086642599278,0.0,0.6028880866425993,0.5036101083032491,0.0,0.032490974729241874,0.0
1174,1885,4,0.6492537313432836,0.12238805970149254,0.5149253731343284,4.7656716417910445,0.0,0.0,0.0,0.0,0.0,0.0,0.0,0.0,0.0,0.191044776119403,0.0,0.0,0.0,0.0,0.0,14.282089552238807,0.0,2.546268656716418,0.0,13.182089552238805,4.407462686567164,0.058208955223880594,3.183582089552239,0.0,0.0,0.2791044776119403,0.0,0.0,0.0,17.95820895522388,3.117910447761194,0.0,0.32238805970149254,0.0,0.0,0.917910447761194,0.5582089552238806,0.0,0.06716417910447761,0.0
1179,1274,4,0.5535117056856187,0.09866220735785954,0.6387959866220736,3.8411371237458196,0.0,0.0,0.0,0.0,0.0,0.0,0.0,0.0,0.0,0.01839464882943144,0.0,0.0,0.0,0.0,0.0,10.856187290969899,0.013377926421404682,3.44314381270903,0.0,9.892976588628763,2.580267558528428,0.5284280936454849,5.103678929765886,0.0,0.22408026755852842,0.2157190635451505,0.0,0.0,0.0,19.207357859531772,2.1923076923076925,0.0,0.13210702341137123,0.008361204013377926,0.0,0.7307692307692307,0.6722408026755853,0.0,0.026755852842809364,0.0
1168,1590,4,0.5862708719851577,0.07235621521335807,1.2560296846011132,3.0556586270871984,0.0,0.0,0.0,0.0,0.0,0.0,0.0,0.0,0.0,0.0074211502782931356,0.0,0.0,0.0,0.0,0.0,10.606679035250464,0.0074211502782931356,2.196660482374768,0.0,4.825602968460111,1.4582560296846012,0.07792207792207792,5.712430426716141,0.0,0.0,0.11688311688311688,0.0,0.0,0.0,14.656771799628942,1.992578849721707,0.0,0.17810760667903525,0.08905380333951762,0.0,0.2894248608534323,0.5825602968460112,0.0,0.04452690166975881,0.0
1169,1701,11,0.6934306569343066,0.07664233576642336,0.31386861313868614,3.335766423357664,0.0,0.0,0.0,0.05474452554744526,0.0,0.0,0.0,0.0,0.0,0.06204379562043796,0.0,0.0,0.27007299270072993,0.0,0.0,4.744525547445256,0.032846715328467155,2.7116788321167884,0.0,3.4671532846715327,1.062043795620438,0.4927007299270073,6.897810218978102,0.0,0.0,0.17883211678832117,0.0,0.0,0.0,17.01824817518248,2.0145985401459856,0.0,0.010948905109489052,0.15328467153284672,0.0,0.18248175182481752,0.6715328467153284,0.0,0.051094890510948905,0.0
1189,1760,11,0.5028735632183908,0.10057471264367816,0.3218390804597701,6.304597701149425,0.0,0.0,0.0,0.0,0.0,0.0,0.11206896551724138,0.0,0.10632183908045977,1.5833333333333333,0.3706896551724138,0.0,0.15517241379310345,0.3563218390804598,0.23563218390804597,17.93103448275862,0.0,2.1695402298850577,0.0,5.232758620689655,4.471264367816092,0.21551724137931033,3.1867816091954024,0.0,0.09770114942528736,0.3045977011494253,0.014367816091954023,0.011494252873563218,4.344827586206897,26.166666666666668,3.5229885057471266,0.0,0.08333333333333333,0.05459770114942529,0.0,0.6063218390804598,0.603448275862069,2.4597701149425286,0.06321839080459771,16.014367816091955
1176,68,12,0.5432862190812721,0.09098939929328621,0.758833922261484,3.5848056537102475,0.0,0.046819787985865724,0.0,0.0008833922261484099,0.0,0.0,0.0,0.0,0.0,0.4001766784452297,0.08303886925795052,0.0,0.045053003533568906,0.00441696113074205,0.0,13.619257950530036,0.013250883392226149,4.147526501766785,0.0,10.19964664310954,1.8030035335689045,0.8365724381625441,7.478798586572438,0.0812720848056537,0.0,0.43109540636042404,0.0,0.0,0.6740282685512368,17.26060070671378,1.937279151943463,0.0,0.17402826855123674,0.05653710247349823,0.0,0.7632508833922261,0.6696113074204947,0.0,0.046819787985865724,0.3507067137809187
1169,1352,6,0.6996402877697842,0.052158273381294966,0.28597122302158273,2.5719424460431655,0.0,0.0,0.0,0.6330935251798561,0.0,0.0,0.0,0.0,0.07194244604316546,0.6241007194244604,0.05935251798561151,0.0,0.0,0.3723021582733813,0.0,4.321942446043166,0.0,1.6241007194244603,0.0,2.0017985611510793,1.514388489208633,0.29136690647482016,3.088129496402878,0.0,0.0,0.0,0.0,0.0,0.0,10.724820143884893,1.408273381294964,0.0,0.0,0.01079136690647482,0.0,0.4784172661870504,0.4568345323741007,0.0,0.07913669064748201,5.460431654676259
1174,1372,4,1.0876288659793814,0.041237113402061855,0.9329896907216495,4.231958762886598,0.0,0.0,0.0,0.0,0.0,0.0,0.31443298969072164,0.0,0.42783505154639173,1.5,0.7061855670103093,0.0,0.0,0.0,0.0,3.3350515463917527,0.0,2.3402061855670104,0.0,6.164948453608248,3.685567010309278,0.0,10.809278350515465,0.0,0.0,0.05670103092783505,0.0,0.31958762886597936,0.0,19.45876288659794,2.752577319587629,0.0,0.0,0.005154639175257732,0.14432989690721648,0.5154639175257731,0.6752577319587629,0.0,0.08762886597938144,0.0
1181,1995,4,0.834841628959276,0.09728506787330317,0.9049773755656109,3.3552036199095023,0.0,0.0,0.0,0.0,0.0,0.0,0.01809954751131222,0.0,0.042986425339366516,0.09276018099547512,0.03619909502262444,0.0,0.0,0.0,0.0,6.9389140271493215,0.00904977375565611,2.321266968325792,0.0,3.9004524886877827,1.2941176470588236,0.0,5.205882352941177,0.0,0.0,0.06787330316742081,0.0,0.0,0.0,16.15837104072398,2.276018099547511,0.0,0.0,0.029411764705882353,0.006787330316742082,0.3031674208144796,0.5542986425339367,0.0,0.02262443438914027,0.0
1179,713,4,0.7109067017082786,0.1011826544021025,0.8961892247043364,3.437582128777924,0.0,0.0,0.0,0.0,0.0,0.0,0.0,0.0,0.0,0.0,0.0,0.0,0.0,0.0,0.0,10.676741130091985,0.035479632063074903,4.444152431011826,0.0,6.83180026281209,1.4402102496714848,0.7345597897503285,5.5374507227332455,0.0,0.0,0.1616294349540079,0.0,0.0,0.0,16.980289093298293,1.9172141918528252,0.0,0.11695137976346912,0.017082785808147174,0.0,0.580814717477004,1.3298291721419184,0.0,0.040735873850197106,0.0
1172,1772,11,0.6726342710997443,0.09718670076726342,0.4833759590792839,4.29923273657289,0.0,0.0,0.0,0.0,0.0,0.0,0.0,0.0,0.0,0.0,0.0,0.0,0.0,0.0,0.0,14.879795396419437,0.01278772378516624,2.0690537084398977,0.0,8.57544757033248,3.1969309462915603,0.0,3.0639386189258313,0.0,0.06649616368286446,0.061381074168797956,0.15601023017902813,0.0,0.0,16.872122762148337,2.920716112531969,0.0,0.13810741687979539,0.0,0.0,0.6445012787723785,0.6547314578005116,0.0,0.023017902813299233,0.0
1195,1954,4,0.583969465648855,0.0648854961832061,0.7366412213740458,3.927480916030534,0.0,0.21755725190839695,0.0,0.26717557251908397,0.0,0.0,0.0,0.0,0.0,1.3473282442748091,0.29389312977099236,0.0,0.9274809160305344,0.31679389312977096,0.0,4.343511450381679,0.03816793893129771,2.877862595419847,0.0,2.4885496183206106,2.7519083969465647,0.916030534351145,7.961832061068702,0.6870229007633588,0.0,0.5610687022900763,0.0,0.0,7.980916030534351,19.1793893129771,2.312977099236641,0.0,0.38549618320610685,0.0,0.0,0.46946564885496184,0.9083969465648855,0.0,0.061068702290076333,0.8091603053435115
1181,1339,4,0.7088372093023256,0.09720930232558139,0.9604651162790697,3.8311627906976744,0.0,0.0,0.0,0.012093023255813953,0.0,0.0,0.02930232558139535,0.0,0.00046511627906976747,0.1972093023255814,0.07674418604651163,0.0,0.0,0.0,0.04093023255813953,9.994883720930233,0.04837209302325581,8.491162790697674,0.0,7.106046511627907,1.8888372093023256,0.4018604651162791,5.072558139534884,0.0,0.0,0.18,0.0,0.03488372093023256,0.0,20.427906976744186,2.3302325581395347,0.0,0.27813953488372095,0.04790697674418604,0.04093023255813953,0.5990697674418605,0.6190697674418605,0.0,0.04697674418604651,0.15488372093023256
1181,199,11,0.7610738255033557,0.08053691275167785,0.7812080536912752,4.18255033557047,0.0,0.0,0.0,0.013422818791946308,0.0,0.0,0.012080536912751677,0.0,0.008053691275167786,0.08993288590604027,0.052348993288590606,0.0,0.0,0.0,0.0,12.335570469798657,0.01476510067114094,2.4161073825503356,0.0,7.291275167785235,2.3033557046979865,0.0,5.939597315436242,0.0,0.0,0.11006711409395974,0.05503355704697987,0.006711409395973154,0.0,17.825503355704697,2.574496644295302,0.0,0.006711409395973154,0.07785234899328859,0.0026845637583892616,0.4604026845637584,0.6751677852348993,0.0,0.06442953020134229,0.0
1183,1918,4,0.7815884476534296,0.08483754512635379,0.3844765342960289,4.505415162454874,0.0,0.0018050541516245488,0.0,0.0,0.0,0.0,0.0,0.0,0.0,0.7671480144404332,0.016245487364620937,0.0,0.0,0.0,0.0,12.212996389891696,0.016245487364620937,1.2490974729241877,0.0,4.0451263537906135,3.98014440433213,0.1299638989169675,3.137184115523466,0.0,0.0,0.09025270758122744,0.0,0.0,0.5306859205776173,15.723826714801444,2.824909747292419,0.0,0.15162454873646208,0.0,0.0,0.6787003610108303,0.463898916967509,0.0,0.08844765342960288,2.292418772563177
1177,1522,4,0.6813509544787077,0.08957415565345081,0.6475770925110133,3.644640234948605,0.0,0.02643171806167401,0.0,0.12041116005873716,0.0,0.0,0.014684287812041116,0.0,0.0014684287812041115,0.21879588839941264,0.11160058737151249,0.0,0.0,0.0,0.00881057268722467,9.377386196769457,0.007342143906020558,6.493392070484582,0.0,12.516886930983848,1.5682819383259912,0.5359765051395007,7.004405286343612,0.0,0.0,0.1013215859030837,0.0,0.010279001468428781,0.0,18.459618208516886,1.9001468428781203,0.0,0.0,0.10719530102790015,0.013215859030837005,0.7533039647577092,0.7459618208516887,0.0,0.049926578560939794,0.0
1190,1862,15,0.5114942528735632,0.08333333333333333,0.4367816091954023,3.7155172413793105,0.0,0.0,0.0,0.0,0.0,0.0,0.0,0.0,0.0,0.0,0.0,0.0,0.0,0.0,0.0,8.623563218390805,0.0,3.0919540229885056,0.0,8.074712643678161,1.353448275862069,0.11494252873563218,3.7155172413793105,0.0,0.0,0.14367816091954022,0.20402298850574713,0.0,0.0,15.839080459770114,2.0402298850574714,0.0,0.12643678160919541,0.1781609195402299,0.0,0.48563218390804597,1.0258620689655173,0.0,0.028735632183908046,0.0
1183,987,7,0.5700836820083682,0.10669456066945607,0.4393305439330544,3.524058577405858,0.03138075313807531,0.07217573221757322,0.0,0.4131799163179916,0.0,0.0,0.0,0.0,0.0,0.5805439330543933,0.12447698744769875,0.0,0.0,0.032426778242677826,0.0,12.351464435146443,0.0,3.176778242677824,0.0,13.738493723849372,2.6778242677824267,0.7405857740585774,4.26673640167364,0.030334728033472803,0.0,0.04288702928870293,0.0,0.0,0.14330543933054393,18.847280334728033,2.3347280334728033,0.0,0.03347280334728033,0.08368200836820083,0.0,0.9748953974895398,0.6338912133891214,0.0,0.03556485355648536,0.7050209205020921
1173,1108,15,0.8,0.10256410256410256,0.2153846153846154,5.367521367521367,0.0,0.05641025641025641,0.0,0.41196581196581195,0.0,0.0,0.19829059829059828,0.0,0.018803418803418803,1.0854700854700854,0.25982905982905985,0.0,0.0,0.0,0.5196581196581197,12.977777777777778,0.0,5.500854700854701,0.0,12.996581196581197,3.8290598290598292,0.4717948717948718,4.993162393162393,0.0,0.0,0.015384615384615385,0.0,0.0,0.005128205128205128,21.128205128205128,3.7316239316239317,0.0,0.12478632478632479,0.11452991452991453,0.0,0.7811965811965812,0.611965811965812,0.0,0.15726495726495726,2.4683760683760685
1185,1395,4,0.6101694915254238,0.11016949152542373,1.0677966101694916,5.016949152542373,0.0,0.0,0.0,0.3898305084745763,0.0,0.0,0.0,0.0,0.0,0.3135593220338983,0.1271186440677966,0.0,0.0,0.0,0.0,20.779661016949152,0.0,3.2203389830508473,0.0,8.61864406779661,4.127118644067797,0.2966101694915254,5.127118644067797,0.0,0.0,0.13559322033898305,0.1864406779661017,0.0,0.0,20.61864406779661,2.7796610169491527,0.0,0.13559322033898305,0.0,0.0,0.847457627118644,0.6016949152542372,0.0,0.13559322033898305,0.0
1180,1676,6,1.1697368421052632,0.07105263157894737,1.05,3.45,0.0,0.006578947368421052,0.0,0.09736842105263158,0.0,0.0,0.0,0.0,0.0,0.20789473684210527,0.034210526315789476,0.0,0.03684210526315789,0.0,0.0,12.069736842105263,0.015789473684210527,2.3394736842105264,0.0,7.5855263157894735,1.7605263157894737,0.14210526315789473,6.868421052631579,0.0,0.0,0.12236842105263158,0.0,0.0,0.0,15.403947368421052,1.9828947368421053,0.0,0.04736842105263158,0.07894736842105263,0.0,0.5671052631578948,0.5657894736842105,0.0,0.2855263157894737,0.031578947368421054
1180,1824,12,0.5667574931880109,0.08719346049046321,1.0108991825613078,4.959128065395095,0.0,0.035422343324250684,0.0,0.3242506811989101,0.0,0.0,0.35149863760217986,0.3024523160762943,0.329700272479564,2.2670299727520438,1.0326975476839237,0.0,0.0,0.5449591280653951,0.10899182561307902,7.08991825613079,0.0027247956403269754,5.26158038147139,0.0,4.91008174386921,2.2779291553133514,0.05722070844686648,6.569482288828338,0.0,0.0,0.02452316076294278,0.0,0.0,0.22070844686648503,24.03814713896458,2.64850136239782,0.0,0.0,0.03814713896457766,0.0,0.4604904632152589,0.6321525885558583,3.346049046321526,0.1008174386920981,10.762942779291553
1185,1424,4,0.5333333333333333,0.07543859649122807,0.5771929824561404,3.854385964912281,0.010526315789473684,0.02631578947368421,0.0,0.624561403508772,0.0,0.0,0.0,0.0,0.0,0.28596491228070176,0.04736842105263158,0.0,0.01929824561403509,0.1,0.0,12.519298245614035,0.0,3.4105263157894736,0.0,12.04561403508772,2.0052631578947366,0.4842105263157895,6.510526315789473,0.0,0.4368421052631579,0.9614035087719298,0.15087719298245614,0.0,0.0,19.424561403508772,2.0596491228070177,0.0,0.32105263157894737,0.031578947368421054,0.0,0.7894736842105263,0.5947368421052631,0.0,0.03333333333333333,0.7596491228070176
1191,370,4,3.5679611650485437,0.05501618122977346,2.4223300970873787,3.1990291262135924,0.0,0.0372168284789644,0.0,0.441747572815534,0.0,0.0,0.0,0.0,0.0,0.3818770226537217,0.06634304207119741,0.0,0.0744336569579288,0.016181229773462782,0.0,5.796116504854369,0.14563106796116504,2.5355987055016183,0.0,6.147249190938512,1.656957928802589,0.12944983818770225,12.868932038834952,0.0,0.0,0.21035598705501618,0.0,0.0,0.0,15.377022653721683,1.912621359223301,0.0,0.5145631067961165,0.12297734627831715,0.0,0.4368932038834951,0.7184466019417476,0.0,1.9498381877022655,0.0
1191,450,4,0.5503048780487805,0.10594512195121951,0.4969512195121951,3.5548780487804876,0.0,0.0,0.011432926829268292,0.06097560975609756,0.0,0.0,0.013719512195121951,0.0,0.0,0.1714939024390244,0.026676829268292682,0.0,0.0,0.0,0.051829268292682924,12.37576219512195,0.0,3.135670731707317,0.0,10.465701219512194,0.8551829268292683,0.1951219512195122,3.535823170731707,0.0,0.0,0.09908536585365854,0.0,0.0,0.0,12.564786585365853,2.0564024390243905,0.0,0.020579268292682928,0.03201219512195122,0.0,0.6867378048780488,0.510670731707317,0.0,0.03048780487804878,0.0
1182,466,15,0.5914285714285714,0.08857142857142856,0.16285714285714287,2.9285714285714284,0.0,0.011428571428571429,0.0,0.12,0.0,0.0,0.0,0.0,0.0,0.18857142857142858,0.017142857142857144,0.0,0.0,0.0,0.0,16.497142857142858,0.0,2.9971428571428573,0.0,9.38,1.7228571428571429,0.14,3.7942857142857145,0.0,0.0,0.017142857142857144,0.0,0.0,0.10571428571428572,12.131428571428572,1.8314285714285714,0.0,0.07714285714285714,0.025714285714285714,0.0,0.7371428571428571,0.49714285714285716,0.0,0.03142857142857143,0.08857142857142856
1182,596,4,0.54,0.0975,0.43,2.9725,0.0,0.14,0.0,0.4375,0.0,0.0,0.01,0.0,0.015,0.5575,0.2375,0.0,0.0,0.0025,0.0275,13.9975,0.0,3.1875,0.0,7.8725,1.285,0.3075,5.1375,0.005,0.0,0.0,0.0,0.0,0.0,11.655,1.735,0.0,0.0,0.1,0.0,0.5475,0.4775,0.0,0.07,0.0125
1177,1616,11,0.5670886075949367,0.07088607594936709,1.6734177215189874,2.929113924050633,0.0,0.0,0.0,0.0,0.0,0.0,0.0,0.0,0.0,0.0,0.0,0.0,0.0,0.0,0.0,6.250632911392405,0.030379746835443037,2.0936708860759494,0.0,3.5569620253164556,1.2582278481012659,0.17215189873417722,5.093670886075949,0.0,0.0,0.18734177215189873,0.0,0.0,0.0,12.288607594936709,1.929113924050633,0.0,0.3139240506329114,0.19746835443037974,0.0,0.189873417721519,0.4531645569620253,0.0,0.030379746835443037,0.0
1187,49,12,0.5126582278481012,0.08227848101265822,1.3670886075949367,4.753164556962025,0.0,0.0,0.0,0.5506329113924051,0.0,0.0,0.0,0.0,0.0,0.620253164556962,0.37341772151898733,0.0,0.27848101265822783,0.0,0.0,13.69620253164557,0.006329113924050633,3.3860759493670884,0.0,6.025316455696203,4.158227848101266,0.6582278481012658,8.89240506329114,0.16455696202531644,0.0,0.6582278481012658,0.0,0.0,1.6012658227848102,18.39240506329114,2.1202531645569622,0.0,0.5949367088607594,0.04430379746835443,0.0,0.4810126582278481,0.6265822784810127,0.0,0.06962025316455696,2.151898734177215
1182,630,12,0.6943972835314092,0.1035653650254669,0.27504244482173174,3.1052631578947367,0.0,0.0,0.0,0.18166383701188454,0.0,0.0,0.010186757215619695,0.0,0.06621392190152801,0.6689303904923599,0.1494057724957555,0.0,0.0,0.13752122241086587,0.0,13.34295415959253,0.0,2.0186757215619693,0.0,9.446519524617997,2.100169779286927,0.1867572156196944,4.353140916808149,0.0,0.0,0.0,0.013582342954159592,0.0,0.0,11.504244482173174,1.762308998302207,0.0,0.0,0.001697792869269949,0.0,0.7521222410865874,0.44482173174872663,0.0,0.059422750424448216,0.35144312393887944
1183,798,4,0.5012406947890818,0.06947890818858561,0.8436724565756824,3.3126550868486353,0.0,0.07692307692307693,0.0,0.6426799007444168,0.0,0.0,0.0,0.0,0.0,0.3225806451612903,0.1141439205955335,0.0,0.022332506203473945,0.08188585607940446,0.0,11.47394540942928,0.0,2.498759305210918,0.0,7.511166253101737,2.339950372208437,0.02481389578163772,3.898263027295285,0.0,0.0,0.019851116625310174,0.0,0.0,0.0,12.627791563275434,1.8660049627791564,0.0,0.1488833746898263,0.08188585607940446,0.0,0.6823821339950372,0.5483870967741935,0.0,0.017369727047146403,0.4267990074441687
1191,929,4,0.7528344671201814,0.11564625850340136,0.6666666666666666,4.476190476190476,0.0,0.0,0.0,0.0,0.0,0.0,0.0,0.0,0.0,0.0045351473922902496,0.0,0.0,0.0,0.0,0.0,12.258503401360544,0.0,2.2653061224489797,0.0,8.335600907029479,2.7029478458049887,0.3242630385487528,3.5918367346938775,0.0,0.0,0.015873015873015872,0.0,0.0,0.0,17.26077097505669,3.142857142857143,0.0,0.1383219954648526,0.049886621315192746,0.0,0.4988662131519274,0.7029478458049887,0.0,0.027210884353741496,0.0
1182,441,12,0.5717916137229987,0.08640406607369759,0.770012706480305,4.054637865311308,0.0,0.0,0.0,0.010165184243964422,0.0,0.0,0.0,0.0,0.0,0.0,0.0,0.0,0.0,0.0,0.0,14.404066073697585,0.03939008894536213,2.573062261753494,0.0,5.10292249047014,1.7979669631512072,0.096569250317662,4.062261753494282,0.0,0.0,0.011435832274459974,0.12452350698856417,0.0,0.0,15.51969504447268,2.363405336721728,0.0,0.20838627700127066,0.048284625158831,0.0,0.3227445997458704,0.590851334180432,0.0,0.036848792884371026,0.0
1198,895,4,0.5042016806722689,0.09663865546218488,0.49159663865546216,3.8445378151260505,0.0,0.0,0.0,0.3277310924369748,0.0,0.0,0.0,0.0,0.0,0.7016806722689075,0.13865546218487396,0.0,0.0,0.3949579831932773,0.0,6.810924369747899,0.0,3.4285714285714284,0.0,4.008403361344538,2.802521008403361,0.6932773109243697,6.949579831932773,0.0,0.0,0.0,0.0,0.0,0.004201680672268907,15.6890756302521,2.630252100840336,0.0,0.0,0.058823529411764705,0.0,0.44537815126050423,0.5084033613445378,0.0,0.06302521008403361,2.495798319327731
1180,1310,4,0.6008771929824561,0.08698830409356725,0.9378654970760234,3.865497076023392,0.0,0.0,0.0,0.017543859649122806,0.0,0.0,0.0,0.0,0.0,0.021198830409356724,0.0021929824561403508,0.0,0.0,0.0,0.0,11.816520467836257,0.016812865497076022,2.364766081871345,0.0,4.2404970760233915,2.0548245614035086,0.13669590643274854,3.8567251461988303,0.0,0.0,0.04678362573099415,0.09868421052631579,0.0,0.0,15.562865497076023,2.5701754385964914,0.0,0.1425438596491228,0.07383040935672515,0.0,0.34649122807017546,0.581140350877193,0.0,0.035818713450292396,0.0
1184,1567,4,0.6170212765957447,0.06855791962174941,0.5059101654846335,4.047281323877068,0.0,0.0,0.0,0.0,0.0,0.0,0.0,0.0,0.0,0.0,0.0,0.0,0.0,0.0,0.0,13.22695035460993,0.009456264775413711,2.5011820330969265,0.0,8.74468085106383,2.25531914893617,0.0,4.780141843971631,0.0,0.0,0.1607565011820331,0.0,0.0,0.0,17.12293144208038,2.5437352245862885,0.0,0.0,0.12056737588652482,0.0,0.557919621749409,0.6359338061465721,0.0,0.04728132387706856,0.0
1182,487,6,0.5225464190981433,0.09018567639257294,0.9098143236074271,3.610079575596817,0.0,0.0,0.0,0.0,0.0,0.0,0.0,0.0,0.0,0.0,0.0,0.0,0.07692307692307693,0.0,0.0,15.859416445623342,0.06631299734748011,4.259946949602122,0.0,9.456233421750664,0.9708222811671088,0.34748010610079577,8.074270557029177,0.0,0.0,0.3713527851458886,0.01856763925729443,0.0,0.0,15.912466843501326,1.8753315649867375,0.0,0.14854111405835543,0.029177718832891247,0.0,0.6604774535809018,0.649867374005305,0.0,0.04509283819628647,0.0
1185,1097,4,0.5416666666666666,0.05952380952380952,0.22321428571428573,2.5148809523809526,0.0,0.23809523809523808,0.0,1.3035714285714286,0.0,0.0,0.7797619047619048,0.0,0.5744047619047619,2.6577380952380953,1.2857142857142858,0.0,0.0,0.020833333333333332,0.10714285714285714,2.7083333333333335,0.0,4.711309523809524,0.0,2.7142857142857144,1.6339285714285714,0.6339285714285714,7.229166666666667,0.03273809523809524,0.0,0.125,0.0,0.0,0.21428571428571427,11.116071428571429,1.5089285714285714,0.0,0.050595238095238096,0.15178571428571427,0.0,0.22023809523809523,0.49404761904761907,0.0,0.1130952380952381,0.16071428571428573
1193,1588,4,0.8031496062992126,0.1141732283464567,0.6771653543307087,5.116141732283465,0.0,0.0,0.0,0.001968503937007874,0.0,0.0,0.09251968503937008,0.0,0.06299212598425197,0.31299212598425197,0.1732283464566929,0.0,0.0,0.0,0.0,16.263779527559056,0.013779527559055118,2.895669291338583,0.003937007874015748,9.474409448818898,4.584645669291339,0.13188976377952755,3.8523622047244093,0.0,0.0,0.0688976377952756,0.28346456692913385,0.0,0.0,20.228346456692915,3.594488188976378,0.0,0.09448818897637795,0.015748031496062992,0.005905511811023622,0.7893700787401575,0.6003937007874016,0.0,0.14173228346456693,0.0
1179,1707,11,0.6686893203883495,0.10436893203883495,0.3907766990291262,4.33252427184466,0.0,0.0,0.0,0.0,0.0,0.0,0.0,0.0,0.0,0.0,0.0,0.0,0.0048543689320388345,0.0,0.0,15.132281553398059,0.04975728155339806,2.7900485436893203,0.0,9.564320388349515,1.8046116504854368,0.3179611650485437,4.033980582524272,0.0,0.0,0.09466019417475728,0.13349514563106796,0.0,0.0,18.964805825242717,2.5861650485436893,0.0,0.03398058252427184,0.04975728155339806,0.0,0.6601941747572816,0.6456310679611651,0.0,0.03640776699029126,0.0
1181,33,8,0.5510204081632653,0.11224489795918367,0.49489795918367346,5.464285714285714,0.0,0.1377551020408163,0.0,0.0,0.0,0.0,0.0,0.0,0.0,1.336734693877551,0.2193877551020408,0.0,0.5153061224489796,0.6530612244897959,0.0,14.25,0.0,2.0255102040816326,0.0,4.086734693877551,4.755102040816326,0.35714285714285715,3.127551020408163,0.0,0.030612244897959183,0.3520408163265306,0.0,0.0,6.561224489795919,23.862244897959183,3.193877551020408,0.0,0.0,0.04081632653061224,0.0,0.7193877551020408,0.7704081632653061,1.0051020408163265,0.05612244897959184,3.8877551020408165
1184,740,4,0.8188405797101449,0.15217391304347827,0.13043478260869565,5.398550724637682,0.0,0.0,0.0,0.0,0.0,0.0,0.08695652173913043,0.0,0.028985507246376812,0.5217391304347826,0.5362318840579711,0.0,0.0,0.0,0.0,18.594202898550726,0.0,1.9855072463768115,0.0,17.3768115942029,5.420289855072464,0.30434782608695654,4.905797101449275,0.0,0.0,0.0,0.0,0.0,0.0,19.666666666666668,3.463768115942029,0.0,0.0,0.0,0.0,1.3333333333333333,0.5434782608695652,0.0,0.13043478260869565,0.0
1197,1017,15,0.7467248908296943,0.048034934497816595,1.8078602620087336,2.9344978165938866,0.0,0.0,0.0,0.0,0.0,0.0,0.0,0.0,0.0,0.0,0.0,0.0,0.0,0.0,0.0,4.021834061135372,0.021834061135371178,2.2096069868995634,0.0,2.873362445414847,1.074235807860262,0.36681222707423583,4.816593886462882,0.0,0.0,0.1965065502183406,0.0,0.0,0.0,13.851528384279476,2.087336244541485,0.0,0.5938864628820961,0.1615720524017467,0.0,0.2925764192139738,0.5851528384279476,0.0,0.021834061135371178,0.0
1186,1037,4,2.5829493087557602,0.09331797235023041,0.6578341013824884,5.09331797235023,0.024193548387096774,0.04723502304147465,0.0,0.3317972350230415,0.0,0.0,0.0,0.0,0.012672811059907835,0.4308755760368664,0.16129032258064516,0.0,0.0,0.029953917050691243,0.024193548387096774,15.434331797235023,0.0,3.4170506912442398,0.0,9.402073732718893,3.0495391705069124,0.2857142857142857,5.288018433179723,0.03571428571428571,0.0,0.08179723502304148,0.16359447004608296,0.0,0.29838709677419356,20.976958525345623,2.736175115207373,0.0,0.2834101382488479,0.055299539170506916,0.0,0.6624423963133641,1.2672811059907834,0.07142857142857142,0.4873271889400922,0.18202764976958524
1196,1131,12,11.957528957528957,0.08494208494208494,0.6216216216216216,7.378378378378378,0.0,0.0,0.0,0.0,0.0,0.0,0.06563706563706563,0.0,0.0,0.05791505791505792,0.05405405405405406,0.0,0.0,0.0,0.0,12.054054054054054,0.0,2.416988416988417,0.0,11.13127413127413,4.953667953667954,0.011583011583011582,3.586872586872587,0.0,0.0,0.0,0.05405405405405406,0.0,0.0,32.76061776061776,2.7027027027027026,0.0,0.0888030888030888,0.0,0.0,0.7644787644787645,2.988416988416988,0.5714285714285714,5.416988416988417,12.150579150579151
1194,305,4,0.5334434351775392,0.08092485549132948,0.3914120561519405,3.7167630057803467,0.0,0.04789430222956235,0.0,0.48307184145334436,0.0,0.0,0.01981833195706028,0.0,0.03220478943022296,0.5284888521882741,0.13625103220478943,0.0,0.0,0.11643270024772914,0.0,10.189099917423617,0.0,2.5161023947151113,0.0,7.123864574731627,1.6820809248554913,0.24277456647398843,3.7134599504541703,0.0,0.0,0.026424442609413706,0.17588769611891,0.0,0.0,15.575557390586292,2.445086705202312,0.0,0.027250206440957887,0.010734929810074319,0.0,0.8026424442609413,0.7151114781172585,0.0,0.08257638315441784,1.8034682080924855
1187,1783,4,0.5201401050788091,0.07530647985989491,0.43782837127845886,2.9868651488616464,0.0,0.0,0.0,0.07355516637478109,0.0,0.0,0.028021015761821366,0.0,0.005253940455341506,0.21015761821366025,0.049912434325744305,0.0,0.0,0.005253940455341506,0.0,11.651488616462347,0.0,2.4203152364273204,0.0,7.280210157618214,1.37215411558669,0.05253940455341506,3.445709281961471,0.0,0.0,0.11996497373029773,0.0,0.0,0.0,12.147985989492119,1.8669001751313485,0.0,0.03765323992994746,0.07005253940455342,0.0,0.5586690017513135,0.4859894921190893,0.0,0.03415061295971979,0.0
1193,815,4,0.4743083003952569,0.03557312252964427,0.8616600790513834,2.758893280632411,0.0,0.007905138339920948,0.0,0.0,0.0,0.0,0.0,0.0,0.0,0.22134387351778656,0.04743083003952569,0.0,0.0,0.0,0.0,5.762845849802371,0.0,4.632411067193676,0.0,2.6956521739130435,0.3359683794466403,0.5928853754940712,8.553359683794467,0.023715415019762844,0.0,0.3557312252964427,0.0,0.0,0.007905138339920948,15.561264822134387,1.1422924901185771,0.0,0.7865612648221344,0.0,0.0,0.13043478260869565,0.6086956521739131,0.0,0.04743083003952569,0.0
1183,775,4,0.7209944751381215,0.08287292817679558,0.5828729281767956,3.9060773480662982,0.0,0.0,0.0,0.0,0.0,0.0,0.0,0.0,0.0,0.0,0.0,0.0,0.0,0.0,0.0,11.37292817679558,0.022099447513812154,2.229281767955801,0.0,8.157458563535911,2.458563535911602,0.1270718232044199,3.834254143646409,0.0,0.0,0.019337016574585635,0.0,0.0,0.0,15.839779005524862,2.707182320441989,0.0,0.03314917127071823,0.2265193370165746,0.0,0.45027624309392267,0.5939226519337016,0.0,0.022099447513812154,0.6685082872928176
1188,1235,4,0.7290322580645161,0.12258064516129032,0.6774193548387096,4.341935483870968,0.0,0.0,0.0,0.0,0.0,0.0,0.0,0.0,0.0,0.0,0.0,0.0,0.0,0.0,0.0,14.993548387096775,0.0,2.7161290322580647,0.0,10.858064516129032,2.458064516129032,0.3096774193548387,4.051612903225807,0.0,0.0,0.0,0.0,0.0,0.0,16.174193548387098,3.2838709677419353,0.0,0.01935483870967742,0.25806451612903225,0.0,0.7548387096774194,0.535483870967742,0.0,0.025806451612903226,0.0
1194,120,4,0.5386740331491713,0.04696132596685083,1.298342541436464,2.6353591160220993,0.0,0.0,0.0,0.0,0.0,0.0,0.0,0.0,0.0,0.0,0.0,0.0,0.019337016574585635,0.0,0.0,3.1906077348066297,0.0055248618784530384,1.9834254143646408,0.0,1.5303867403314917,0.6160220994475138,0.019337016574585635,5.7292817679558015,0.0,0.0,0.04143646408839779,0.0,0.0,0.0,13.149171270718233,1.701657458563536,0.0,0.0,0.011049723756906077,0.0,0.7320441988950276,0.5773480662983426,0.0,0.024861878453038673,0.0
1196,1049,4,0.7514792899408284,0.06903353057199212,1.1025641025641026,2.7297830374753453,0.0,0.01972386587771203,0.0,0.10256410256410256,0.0,0.0,0.0,0.0,0.0,0.03550295857988166,0.0,0.0,0.0,0.0,0.0,4.134122287968442,0.0,1.9053254437869822,0.0,4.441814595660749,0.9566074950690335,0.28402366863905326,4.942800788954635,0.0,0.0,0.0,0.23865877712031558,0.0,0.0,12.408284023668639,1.7435897435897436,0.0,0.1755424063116371,0.04142011834319527,0.0,1.3570019723865878,0.5680473372781065,0.0,0.03353057199211045,0.0
1198,1179,4,7.849765258215962,0.09859154929577464,0.4154929577464789,4.535211267605634,0.0,0.004694835680751174,0.0,0.09859154929577464,0.0,0.0,0.03755868544600939,0.09389671361502347,0.0,0.12441314553990611,0.08685446009389672,0.0,0.0,0.0,0.004694835680751174,9.906103286384976,0.0,2.251173708920188,0.0,8.065727699530516,3.676056338028169,0.08450704225352113,3.5868544600938965,0.0,0.0,0.09624413145539906,0.0,0.0,0.17370892018779344,18.218309859154928,2.016431924882629,0.0,0.17136150234741784,0.0,0.0,0.5422535211267606,1.812206572769953,1.5305164319248827,3.1502347417840375,20.1056338028169
1188,1629,11,0.5326586936522539,0.10763569457221711,1.3385464581416744,4.6007359705611774,0.0,0.0,0.0,0.16375344986200552,0.0,0.0,0.0,0.0,0.0027598896044158236,0.19503219871205152,0.034958601655933765,0.0,0.0009199632014719411,0.029438822447102116,0.0,16.10855565777369,0.0027598896044158236,3.216191352345906,0.0,7.010119595216191,2.7792088316467343,0.43238270469181234,5.599816007359705,0.0,0.0,0.09475620975160993,0.0,0.0,0.0,17.911683532658692,2.4425022999080035,0.0,0.4296228150873965,0.11223551057957681,0.0,0.44986200551977923,0.8031278748850046,0.0,0.04967801287948482,1.4747010119595216
1194,865,4,0.5390334572490706,0.09665427509293681,0.9739776951672863,3.9182156133828996,0.0,0.0,0.0,0.3903345724907063,0.0,0.0,0.0,0.0,0.0,0.5092936802973977,0.16728624535315986,0.0,0.08921933085501858,0.0,0.0,11.342007434944238,0.011152416356877323,2.003717472118959,0.0,3.553903345724907,2.6951672862453533,0.35687732342007433,6.241635687732342,0.11895910780669144,0.01486988847583643,0.4052044609665427,0.0,0.0,0.5762081784386617,17.256505576208177,2.070631970260223,0.0,0.3643122676579926,0.07063197026022305,0.0,0.24907063197026022,0.6505576208178439,0.0,0.07063197026022305,6.695167286245353
1201,1609,4,0.6666666666666666,0.07317073170731707,0.7669376693766937,4.010840108401084,0.0,0.0,0.0,0.0,0.0,0.0,0.0,0.0,0.0,0.0,0.0,0.0,0.0,0.0,0.0,7.813008130081301,0.01084010840108401,2.2249322493224932,0.0,3.086720867208672,1.8943089430894309,0.16802168021680217,4.512195121951219,0.0,0.0,0.11653116531165311,0.0,0.0,0.0,16.943089430894307,3.043360433604336,0.0,0.14634146341463414,0.17344173441734417,0.0,0.04336043360433604,0.5609756097560976,0.0,0.02710027100271003,0.0
1202,257,4,0.7420634920634921,0.09126984126984126,0.9947089947089947,3.798941798941799,0.0,0.0,0.0,0.0,0.0,0.0,0.0,0.0,0.031746031746031744,0.26322751322751325,0.08068783068783068,0.0,0.0,0.0,0.0,12.044973544973544,0.08994708994708994,2.9060846560846563,0.0,9.165343915343914,1.8042328042328042,0.8333333333333334,7.445767195767195,0.0,0.0,0.7619047619047619,0.0,0.0,0.0,16.52910052910053,2.0264550264550265,0.0,0.167989417989418,0.06349206349206349,0.0,0.7037037037037037,0.6362433862433863,0.0,0.08333333333333333,0.6415343915343915
1190,1741,4,0.49469964664310956,0.08833922261484099,0.4549469964664311,3.4169611307420493,0.0,0.0,0.0,0.05653710247349823,0.0,0.0,0.0,0.0,0.0,0.15106007067137808,0.029151943462897525,0.0,0.0,0.018551236749116608,0.0,13.798586572438163,0.0008833922261484099,2.4319787985865724,0.0,5.693462897526501,1.7190812720848057,0.15371024734982333,4.198763250883392,0.0,0.0,0.0636042402826855,0.07685512367491167,0.0,0.0,12.123674911660778,1.892226148409894,0.0,0.007950530035335688,0.046819787985865724,0.0,0.42579505300353354,0.4991166077738516,0.0,0.0353356890459364,0.24734982332155478
1189,1835,12,0.4935897435897436,0.0641025641025641,1.3782051282051282,2.4038461538461537,0.0,0.01282051282051282,0.0,0.07051282051282051,0.0,0.0,0.0,0.0,0.0,0.14743589743589744,0.0,0.0,0.0,0.0,0.0,4.564102564102564,0.19230769230769232,3.4871794871794872,0.0,1.5064102564102564,0.019230769230769232,1.1346153846153846,9.487179487179487,0.0,0.1987179487179487,0.6858974358974359,0.0,0.0,0.0,12.66025641025641,0.8910256410256411,0.0,0.5448717948717948,0.42948717948717946,0.0,0.0,0.6153846153846154,0.0,0.03205128205128205,0.7884615384615384
1201,661,15,0.6090225563909775,0.09022556390977443,0.09022556390977443,3.962406015037594,0.09022556390977443,0.06015037593984962,0.0,0.5864661654135338,0.0,0.0,0.0,0.0,0.0,0.5789473684210527,0.05263157894736842,0.0,0.09022556390977443,0.09022556390977443,0.0,11.691729323308271,0.0,3.300751879699248,0.0,15.721804511278195,3.481203007518797,0.39097744360902253,4.2406015037593985,0.007518796992481203,0.0,0.0,0.06015037593984962,0.0,0.0,19.172932330827066,2.263157894736842,0.0,0.0,0.03759398496240601,0.0,1.218045112781955,0.6766917293233082,0.0,0.03007518796992481,2.18796992481203
1205,963,4,0.5945945945945946,0.06685633001422475,0.8563300142247511,3.007112375533428,0.0,0.02275960170697013,0.0,0.38975817923186346,0.0,0.0,0.0,0.0,0.0,0.12660028449502134,0.017069701280227598,0.0,0.0,0.007112375533428165,0.0,5.615931721194879,0.0,2.4366998577524894,0.0,2.953058321479374,1.2532005689900427,0.011379800853485065,3.3968705547652918,0.0,0.0,0.08534850640113797,0.0,0.0,0.0,13.725462304409673,2.256045519203414,0.0,0.4039829302987198,0.0,0.0,0.4352773826458037,0.5277382645803699,0.0,0.034139402560455195,0.22190611664295876
1187,1287,4,0.6358131487889274,0.07612456747404844,0.5320069204152249,3.8019031141868513,0.0,0.009515570934256055,0.0,0.10899653979238755,0.0,0.0008650519031141869,0.0017301038062283738,0.0,0.0,0.19896193771626297,0.07612456747404844,0.0,0.0,0.0,0.01384083044982699,10.953287197231834,0.0,2.926470588235294,0.0,8.199826989619377,3.2681660899653977,0.0726643598615917,3.76038062283737,0.0,0.0,0.22058823529411764,0.2828719723183391,0.0,0.0,15.304498269896193,2.5354671280276815,0.0,0.4031141868512111,0.0,0.0,0.5596885813148789,0.5717993079584776,0.0,0.06487889273356401,0.0
1194,1085,5,0.5,0.021739130434782608,1.2391304347826086,2.5434782608695654,0.0,0.0,0.0,0.0,0.0,0.0,0.0,0.0,0.0,0.0,0.0,0.0,0.0,0.0,0.0,1.5217391304347827,0.021739130434782608,2.4347826086956523,0.0,0.8695652173913043,0.6956521739130435,0.0,6.717391304347826,0.0,0.0,0.2826086956521739,0.0,0.0,0.0,12.782608695652174,1.6521739130434783,0.0,0.0,0.3695652173913043,0.0,0.0,0.6086956521739131,0.0,0.0,0.0
1192,1709,11,0.7339449541284404,0.045871559633027525,0.6376146788990825,5.389908256880734,0.0,0.0,0.0,0.06422018348623854,0.0,0.0,0.7798165137614679,0.0,0.3944954128440367,1.7568807339449541,0.8027522935779816,0.0,0.0,0.0,0.0,8.84862385321101,0.0,4.743119266055046,0.38073394495412843,9.188073394495413,5.541284403669724,0.4036697247706422,7.073394495412844,0.0,0.0,0.04128440366972477,0.0045871559633027525,0.0,0.0,21.94495412844037,3.793577981651376,0.0,0.027522935779816515,0.05045871559633028,0.12844036697247707,0.5458715596330275,0.6100917431192661,0.0,0.16972477064220184,0.0
1199,1844,12,0.4733893557422969,0.08123249299719888,0.6610644257703081,4.669467787114846,0.0,0.16806722689075632,0.0,0.0,0.0,0.0,0.014005602240896359,0.0,0.06162464985994398,1.4565826330532212,0.30532212885154064,0.0,0.05322128851540616,0.13165266106442577,0.0,12.607843137254902,0.0056022408963585435,2.2521008403361344,0.0,2.638655462184874,2.3641456582633054,0.33053221288515405,5.372549019607843,0.008403361344537815,0.0896358543417367,0.2689075630252101,0.0,0.0,1.5854341736694677,19.798319327731093,2.238095238095238,0.0,0.07563025210084033,0.028011204481792718,0.0,0.6078431372549019,1.0336134453781514,3.7478991596638656,0.056022408963585436,7.69187675070028
1195,1888,4,0.5909090909090909,0.07575757575757576,0.8409090909090909,3.772727272727273,0.026515151515151516,0.125,0.0,0.9128787878787878,0.0,0.0,0.0,0.0,0.0,0.9848484848484849,0.3333333333333333,0.0,0.01893939393939394,0.10227272727272728,0.0,9.234848484848484,0.0,3.5265151515151514,0.0,12.719696969696969,2.2992424242424243,1.196969696969697,9.43560606060606,0.026515151515151516,0.0,0.10606060606060606,0.23863636363636365,0.0,0.13636363636363635,20.227272727272727,2.140151515151515,0.0,0.045454545454545456,0.17424242424242425,0.0,0.875,0.6136363636363636,0.0,0.07954545454545454,1.4431818181818181
1203,1805,6,0.6425,0.11,0.485,4.31,0.0,0.0125,0.0,0.0,0.0,0.0,0.0,0.0,0.0,0.0575,0.0,0.0,0.0,0.0,0.0,11.8925,0.0,3.805,0.0,13.75,3.07,0.535,4.5125,0.0,0.0,0.0825,0.0,0.0,0.07,19.8675,2.4575,0.0,0.0,0.0525,0.0,0.9375,0.6375,0.0,0.045,0.0
1191,749,4,0.5833333333333334,0.1,0.7833333333333333,5.10625,0.0,0.0,0.0,0.027083333333333334,0.0,0.0,0.15,0.0,0.11875,1.0708333333333333,0.44166666666666665,0.0,0.20208333333333334,0.23958333333333334,0.0,14.520833333333334,0.0,5.002083333333333,0.0,7.010416666666667,4.172916666666667,0.6020833333333333,7.64375,0.0,0.17916666666666667,0.7229166666666667,0.0,0.0,0.1625,22.75,2.5208333333333335,0.0,0.4625,0.07708333333333334,0.0,0.5229166666666667,0.6791666666666667,0.0,0.07083333333333333,4.747916666666667
1213,1066,4,0.7282608695652174,0.07608695652173914,2.130434782608696,2.8152173913043477,0.0,0.0,0.0,0.0,0.0,0.0,0.0,0.0,0.0,0.0,0.0,0.0,0.0,0.0,0.0,3.369565217391304,0.0,2.1956521739130435,0.0,1.9673913043478262,0.9347826086956522,0.5543478260869565,6.054347826086956,0.0,0.0,0.1956521739130435,0.0,0.0,0.0,11.98913043478261,1.4782608695652173,0.0,0.5760869565217391,0.17391304347826086,0.0,0.03260869565217391,0.5,0.0,0.06521739130434782,0.0
1190,494,6,1.1982300884955752,0.0831858407079646,0.5876106194690266,4.289380530973451,0.0,0.007964601769911504,0.0,0.12389380530973451,0.0,0.0,0.002654867256637168,0.0,0.0008849557522123894,0.11504424778761062,0.07256637168141593,0.0,0.0,0.0,0.016814159292035398,11.693805309734513,0.011504424778761062,2.7672566371681415,0.0,5.143362831858407,2.3150442477876108,0.20442477876106194,4.030973451327434,0.0,0.0,0.04070796460176991,0.1902654867256637,0.0,0.0415929203539823,17.571681415929202,2.8601769911504427,0.0,0.28053097345132744,0.03185840707964602,0.0,0.34690265486725663,0.5831858407079646,0.1486725663716814,0.15575221238938053,2.1380530973451326
1195,1304,4,0.7317073170731707,0.07317073170731707,0.04878048780487805,3.5121951219512195,0.0,0.0975609756097561,0.0,1.4390243902439024,0.0,0.0,0.7073170731707317,0.0,0.3170731707317073,1.951219512195122,0.7073170731707317,0.0,0.12195121951219512,0.14634146341463414,0.12195121951219512,4.121951219512195,0.0,5.097560975609756,0.0,3.1951219512195124,2.682926829268293,0.4146341463414634,4.902439024390244,0.14634146341463414,0.0,0.2682926829268293,0.0,0.0,0.3170731707317073,16.390243902439025,2.097560975609756,0.0,0.0,0.17073170731707318,0.0,0.36585365853658536,0.5609756097560976,0.0,0.07317073170731707,0.0
1191,1491,4,0.6013745704467354,0.08247422680412371,0.6804123711340206,3.8281786941580758,0.0,0.0,0.0,0.0,0.0,0.0,0.0,0.0,0.0,0.0,0.0,0.0,0.0,0.0,0.0,12.601374570446735,0.010309278350515464,2.4398625429553267,0.0,7.865979381443299,2.1443298969072164,0.0,4.9553264604811,0.0,0.044673539518900345,0.4742268041237113,0.0,0.0,0.0,16.59450171821306,2.3333333333333335,0.0,0.0,0.027491408934707903,0.0,0.5738831615120275,0.6460481099656358,0.0,0.037800687285223365,0.0
1199,502,7,0.6075949367088608,0.06329113924050633,0.5949367088607594,2.670886075949367,0.0,0.0,0.0,0.0,0.0,0.0,0.0,0.0,0.0,0.0,0.0,0.0,0.0,0.0,0.0,7.8354430379746836,0.012658227848101266,2.8987341772151898,0.0,2.367088607594937,0.5443037974683544,0.17721518987341772,6.341772151898734,0.0,0.0,0.379746835443038,0.0,0.0,0.0,13.632911392405063,1.2278481012658229,0.0,0.0,0.11392405063291139,0.0,0.6329113924050633,0.6075949367088608,0.0,0.11392405063291139,0.0
1196,576,4,0.7620481927710844,0.11144578313253012,0.24397590361445784,4.647590361445783,0.0,0.12048192771084337,0.0,0.6234939759036144,0.0,0.0,0.22590361445783133,0.0,0.04819277108433735,1.4819277108433735,0.3674698795180723,0.0,0.02710843373493976,0.07228915662650602,0.6024096385542169,11.614457831325302,0.02108433734939759,3.286144578313253,0.0,9.367469879518072,4.548192771084337,0.5391566265060241,5.409638554216867,0.08132530120481928,0.0,0.0,0.0,0.0,0.10240963855421686,17.337349397590362,3.1957831325301207,0.0,0.0,0.0572289156626506,0.0,0.6626506024096386,0.4578313253012048,0.0,0.15060240963855423,3.11144578313253
1201,682,4,0.5424242424242425,0.07272727272727272,0.34545454545454546,3.6151515151515152,0.0,0.0,0.0,0.0,0.0,0.0,0.0,0.0,0.0,0.06666666666666667,0.0,0.0,0.0,0.0,0.0,11.903030303030302,0.0,2.1363636363636362,0.0,9.263636363636364,1.9424242424242424,0.0030303030303030303,2.978787878787879,0.0,0.0,0.07878787878787878,0.08787878787878788,0.0,0.0,13.56060606060606,2.290909090909091,0.0,0.0030303030303030303,0.012121212121212121,0.0,0.7121212121212122,0.6454545454545455,0.0,0.0696969696969697,0.0
1197,701,4,0.7265625,0.08854166666666667,0.5651041666666666,4.1171875,0.0,0.0,0.0,0.0,0.0,0.0,0.0,0.0,0.0,0.0,0.0,0.0,0.0,0.0,0.0,14.270833333333334,0.0,2.2604166666666665,0.0,6.236979166666667,2.5989583333333335,0.0,3.359375,0.0,0.0,0.057291666666666664,0.12760416666666666,0.0,0.0,16.114583333333332,2.8723958333333335,0.0,0.10677083333333333,0.14322916666666666,0.0,0.4635416666666667,0.5078125,0.0,0.03125,0.0
1194,768,4,0.8158730158730159,0.08888888888888889,0.326984126984127,4.803174603174603,0.0,0.0,0.0,0.0,0.0,0.0,0.0,0.0,0.0,0.0,0.0,0.0,0.0,0.0,0.0,11.619047619047619,0.0,2.323809523809524,0.0,11.384126984126985,3.765079365079365,0.0,3.0095238095238095,0.0,0.03492063492063492,0.13333333333333333,0.18412698412698414,0.0,0.0,17.984126984126984,3.4571428571428573,0.0,0.26666666666666666,0.009523809523809525,0.0,0.8571428571428571,0.5333333333333333,0.0,0.031746031746031744,0.0
1205,1323,4,0.6666666666666666,0.09053497942386832,0.8724279835390947,2.7242798353909463,0.0,0.0,0.0,0.0,0.0,0.0,0.0,0.0,0.0,0.0,0.0,0.0,0.0,0.0,0.0,9.477366255144032,0.0,2.3621399176954734,0.0,3.0534979423868314,1.0781893004115226,0.27983539094650206,5.185185185185185,0.0,0.0,0.0,0.0,0.0,0.0,11.094650205761317,1.3415637860082306,0.0,0.0,0.01646090534979424,0.0,0.13168724279835392,0.46502057613168724,0.0,0.0411522633744856,0.0
1198,335,4,0.6073059360730594,0.0958904109589041,0.5920852359208524,4.675799086757991,0.0,0.0091324200913242,0.0,0.0289193302891933,0.0,0.0,0.0,0.0,0.0,0.0289193302891933,0.0076103500761035,0.0,0.0,0.0030441400304414,0.0,16.312024353120243,0.0197869101978691,2.1095890410958904,0.0,7.410958904109589,2.4246575342465753,0.0441400304414003,4.036529680365297,0.0,0.060882800608828,0.0,0.3013698630136986,0.0,0.0,19.56773211567732,3.050228310502283,0.0,0.0060882800608828,0.0060882800608828,0.0,0.5464231354642314,0.5646879756468798,0.0,0.0319634703196347,0.0
1199,604,4,0.5,0.09022556390977443,0.32706766917293234,3.2593984962406015,0.0,0.0,0.0,0.07518796992481203,0.0,0.0,0.08270676691729323,0.0,0.0,0.2706766917293233,0.12781954887218044,0.0,0.0,0.0,0.0,11.481203007518797,0.0,2.56390977443609,0.0,10.338345864661655,1.1203007518796992,0.2518796992481203,4.977443609022556,0.0,0.0,0.0,0.0,0.0,0.0,12.338345864661655,1.6428571428571428,0.0,0.23308270676691728,0.02631578947368421,0.0,0.48120300751879697,0.42105263157894735,0.0,0.02631578947368421,0.0
1201,1373,4,0.56,0.08533333333333333,0.872,3.016,0.0,0.0,0.0,0.0,0.0,0.0,0.0,0.0,0.0,0.0,0.0,0.0,0.0,0.0,0.0,7.874666666666666,0.04,2.0453333333333332,0.0,3.872,1.5173333333333334,0.128,3.904,0.0,0.0,0.04533333333333334,0.0,0.0,0.0,12.229333333333333,2.016,0.0,0.16,0.21866666666666668,0.0,0.20533333333333334,0.4826666666666667,0.0,0.032,0.0
1202,1557,4,0.7601626016260162,0.19715447154471544,0.5894308943089431,10.34959349593496,0.0,0.1443089430894309,0.0,0.23780487804878048,0.0,0.0,0.0,0.0,0.0,0.4695121951219512,0.10772357723577236,0.0,0.0,0.0020325203252032522,0.0,22.65650406504065,0.018292682926829267,1.3739837398373984,0.0,21.776422764227643,4.58130081300813,0.5548780487804879,4.337398373983739,0.0,0.0,0.04878048780487805,0.0,0.0,0.0,40.88008130081301,6.914634146341464,0.0,0.3617886178861789,0.006097560975609756,0.0,1.6178861788617886,0.5914634146341463,0.0,0.07317073170731707,1.2886178861788617
1200,31,16,0.6227272727272727,0.07272727272727272,0.6045454545454545,3.8227272727272728,0.0,0.0,0.0,0.056818181818181816,0.0,0.0,0.0,0.0,0.0,0.0659090909090909,0.00909090909090909,0.0,0.0,0.0,0.0,13.145454545454545,0.07045454545454545,2.743181818181818,0.0,12.195454545454545,1.575,0.35,5.6863636363636365,0.0,0.0,0.4,0.0,0.0,0.0,17.056818181818183,2.2590909090909093,0.0,0.18181818181818182,0.04318181818181818,0.0,0.7704545454545455,0.6295454545454545,0.0,0.022727272727272728,0.0
1205,95,4,0.550561797752809,0.0449438202247191,0.056179775280898875,3.449438202247191,0.0,0.0,0.0,0.0,0.0,0.0,0.0,0.0,0.0,0.3595505617977528,0.11235955056179775,0.0,0.0,0.0,0.0,19.01123595505618,0.0,2.348314606741573,0.0,12.842696629213483,2.3820224719101124,0.12359550561797752,3.8202247191011236,0.0,0.0,0.0,0.0,0.0,0.0,12.370786516853933,1.8426966292134832,0.0,0.0,0.0,0.0,0.9550561797752809,0.5842696629213483,0.0,0.033707865168539325,0.0
1195,1289,4,0.8410404624277457,0.06213872832369942,0.9335260115606936,2.9927745664739884,0.0,0.0,0.0,0.11849710982658959,0.0,0.0,0.0,0.0,0.0,0.0,0.0,0.0,0.0,0.0,0.0,6.619942196531792,0.0,2.2153179190751446,0.0,5.791907514450867,1.2153179190751444,0.16473988439306358,3.8554913294797686,0.0,0.0,0.0,0.2398843930635838,0.0,0.0,12.835260115606937,1.8713872832369942,0.0,0.13872832369942195,0.02745664739884393,0.0,1.5881502890173411,0.5289017341040463,0.0,0.06647398843930635,0.0
1202,167,4,0.5316455696202531,0.0759493670886076,1.0253164556962024,3.240506329113924,0.0,0.0,0.0,0.0,0.0,0.0,0.0,0.0,0.0,0.0,0.0,0.0,0.0,0.0,0.0,2.1772151898734178,0.0,2.329113924050633,0.0,1.4050632911392404,0.9493670886075949,0.0,7.924050632911392,0.0,0.0,0.20253164556962025,0.0,0.0,0.0,13.60759493670886,1.6962025316455696,0.0,0.0,0.5316455696202531,0.0,0.0,0.810126582278481,0.0,0.0379746835443038,0.0
1197,719,4,0.536723163841808,0.0480225988700565,1.002824858757062,2.121468926553672,0.0,0.0,0.0,0.014124293785310734,0.0,0.0,0.0,0.0,0.0,0.0,0.0,0.0,0.0,0.0,0.0,5.2259887005649714,0.07062146892655367,2.053672316384181,0.0,1.076271186440678,0.3813559322033898,0.005649717514124294,5.138418079096045,0.0,0.0,0.0,0.0,0.0,0.0,9.135593220338983,0.9180790960451978,0.0,0.031073446327683617,0.05649717514124294,0.0,0.0,0.5451977401129944,0.0,0.03389830508474576,0.0
1210,795,4,0.7046632124352331,0.11398963730569948,0.35751295336787564,3.94300518134715,0.0,0.0,0.0,0.0,0.0,0.0,0.0,0.0,0.0,0.0,0.0,0.0,0.0,0.0,0.0,13.968911917098445,0.0051813471502590676,2.0259067357512954,0.0,7.849740932642487,2.8134715025906734,0.0,3.3575129533678756,0.0,0.32124352331606215,0.24352331606217617,0.11398963730569948,0.0,0.0,16.088082901554404,2.5854922279792745,0.0,0.7253886010362695,0.0,0.0,0.5958549222797928,0.6217616580310881,0.0,0.05181347150259067,0.0
1203,482,11,0.704239917269907,0.10031023784901758,0.5584281282316442,4.963805584281283,0.0,0.0,0.0,0.0,0.0,0.0,0.0,0.0,0.0,0.13029989658738367,0.0,0.0,0.0,0.0,0.0,13.463288521199587,0.0,2.184074457083764,0.0,6.734229576008273,3.1168562564632887,0.0703205791106515,2.7476732161323683,0.0,0.0,0.0,0.03722854188210962,0.0,0.0,18.05894519131334,3.1178903826266806,0.0,0.0827300930713547,0.04136504653567735,0.0,0.5284384694932782,0.5770423991726991,0.0,0.03619441571871768,0.0
1208,1507,4,0.4817073170731707,0.0975609756097561,0.06097560975609756,3.0304878048780486,0.0,0.3323170731707317,0.0,1.0182926829268293,0.0,0.0,0.03048780487804878,0.0,0.012195121951219513,1.9359756097560976,0.801829268292683,0.0,0.9908536585365854,1.478658536585366,0.06402439024390244,13.945121951219512,0.0,2.5365853658536586,0.0,2.9390243902439024,2.4786585365853657,0.32926829268292684,4.570121951219512,0.3353658536585366,0.0,0.20426829268292682,0.0,0.0,5.826219512195122,13.064024390243903,1.5152439024390243,0.0,0.0,0.1676829268292683,0.0,1.0304878048780488,0.6036585365853658,0.0,0.08536585365853659,13.067073170731707
1206,1823,4,0.5434027777777778,0.10416666666666667,0.9010416666666666,5.067708333333333,0.0,0.0,0.0,0.013888888888888888,0.0,0.0,0.0,0.0,0.0,0.03298611111111111,0.010416666666666666,0.0,0.0,0.0,0.0,14.022569444444445,0.041666666666666664,2.8038194444444446,0.0,11.45138888888889,2.404513888888889,0.296875,5.581597222222222,0.0,0.1284722222222222,0.4375,0.0,0.0,0.0,20.81423611111111,2.751736111111111,0.0,0.25,0.015625,0.0,0.875,0.6684027777777778,0.0,0.03819444444444445,0.0
1203,208,4,0.5289079229122056,0.0835117773019272,0.20985010706638116,4.411134903640257,0.0,0.0,0.0,0.0,0.0,0.0,0.0,0.0,0.0,0.044967880085653104,0.006423982869379015,0.0,0.0021413276231263384,0.12205567451820129,0.0,12.0813704496788,0.0,2.805139186295503,0.0,17.899357601713064,3.182012847965739,0.23126338329764454,4.325481798715203,0.0,0.15417558886509636,0.25267665952890794,0.17558886509635974,0.0,0.0,20.595289079229122,2.7044967880085653,0.0,0.21841541755888652,0.0,0.0,1.2805139186295502,0.5717344753747323,0.0,0.032119914346895075,0.11991434689507495
1207,1900,4,0.5372460496613995,0.06320541760722348,0.6320541760722348,3.539503386004515,0.0,0.1489841986455982,0.0,0.20090293453724606,0.0,0.0,0.0,0.0,0.0,1.234762979683973,0.1963882618510158,0.0,0.0,0.0,0.0,13.209932279909706,0.01805869074492099,1.3950338600451466,0.0,3.891647855530474,2.781038374717833,0.16930022573363432,4.573363431151241,0.0,0.0,0.0,0.0,0.0,0.17155756207674944,12.503386004514672,1.9774266365688487,0.0,0.01580135440180587,0.03160270880361174,0.0,0.45146726862302483,0.49435665914221216,0.0,0.05191873589164785,0.8148984198645598
1206,464,15,0.6240409207161125,0.08695652173913043,0.690537084398977,3.0869565217391304,0.0,0.03836317135549872,0.0,0.0,0.0,0.0,0.0,0.0,0.0,0.0,0.0,0.0,0.0,0.0,0.0,10.07928388746803,0.0,3.7698209718670075,0.0,8.882352941176471,1.2404092071611252,0.37084398976982097,7.452685421994885,0.0,0.0,0.4424552429667519,0.0,0.0,0.0,15.253196930946292,1.4680306905370843,0.0,0.0,0.319693094629156,0.0,0.5754475703324808,0.5882352941176471,0.0,0.017902813299232736,0.0
1207,920,4,0.5446685878962536,0.069164265129683,0.276657060518732,3.1873198847262247,0.0,0.069164265129683,0.0,0.23919308357348704,0.0,0.0,0.09798270893371758,0.0,0.0,0.8155619596541787,0.27089337175792505,0.0,0.0,0.03170028818443804,0.12680115273775217,14.953890489913544,0.0,3.729106628242075,0.0,11.585014409221902,1.9135446685878963,0.4697406340057637,5.126801152737752,0.06628242074927954,0.0,0.2132564841498559,0.0,0.0,0.11527377521613832,12.717579250720462,1.8530259365994237,0.0,0.002881844380403458,0.02881844380403458,0.0,0.8530259365994236,0.4956772334293948,0.0,0.05475504322766571,0.23631123919308358
1199,1278,4,0.5753012048192772,0.0783132530120482,1.25,3.36144578313253,0.0,0.0,0.0,0.0,0.0,0.0,0.0,0.0,0.0,0.0,0.0,0.0,0.0,0.0,0.0,7.280120481927711,0.0,2.5933734939759034,0.0,5.780120481927711,1.7891566265060241,0.2469879518072289,5.843373493975903,0.0,0.0,0.05421686746987952,0.0,0.0,0.0,14.484939759036145,2.1506024096385543,0.0,0.37349397590361444,0.0,0.0,0.30120481927710846,0.5090361445783133,0.0,0.03313253012048193,0.0
1212,560,4,0.6763005780346821,0.057803468208092484,0.6647398843930635,3.2658959537572256,0.0,0.0,0.0,0.0,0.0,0.0,0.0,0.0,0.0,0.0,0.0,0.0,0.0,0.0,0.0,2.8728323699421967,0.0,2.346820809248555,0.0,1.9479768786127167,1.2369942196531791,0.0,4.786127167630058,0.0,0.0,0.005780346820809248,0.0,0.0,0.0,15.277456647398845,1.9190751445086704,0.0,0.0,0.08670520231213873,0.0,0.0,0.5433526011560693,0.0,0.06358381502890173,0.0
1214,858,4,0.5388535031847134,0.0840764331210191,0.44713375796178345,3.8394904458598726,0.0,0.0,0.0,0.0,0.0,0.0,0.062420382165605096,0.0,0.0,0.19490445859872613,0.050955414012738856,0.0,0.014012738853503185,0.0,0.16178343949044585,13.03312101910828,0.0,2.6853503184713374,0.0,9.612738853503185,2.2,0.02802547770700637,3.3171974522292995,0.0,0.0,0.1337579617834395,0.19363057324840766,0.0,0.0,14.636942675159236,2.578343949044586,0.0,0.13885350318471337,0.0,0.0,0.7885350318471338,0.5439490445859873,0.0,0.048407643312101914,0.0
1208,1446,4,0.6196473551637279,0.09193954659949623,0.5831234256926953,4.2015113350125946,0.0,0.0,0.0,0.0,0.0,0.0,0.0,0.0,0.0,0.0,0.0818639798488665,0.0,0.0,0.0,0.0,13.397984886649875,0.003778337531486146,2.110831234256927,0.0,6.550377833753148,2.6662468513853903,0.0906801007556675,3.0503778337531484,0.0,0.0,0.08564231738035265,0.11083123425692695,0.0,0.0,15.983627204030226,2.7493702770780857,0.0,0.15869017632241814,0.05289672544080604,0.0,0.4672544080604534,0.570528967254408,1.070528967254408,0.020151133501259445,4.7455919395466
1212,1671,5,1.150273224043716,0.10382513661202186,0.6174863387978142,4.081967213114754,0.0,0.0,0.0,0.0,0.0,0.0,0.0,0.0,0.0,0.0,0.0,0.0,0.0,0.0,0.0,11.084699453551913,0.00273224043715847,2.691256830601093,0.0,4.163934426229508,1.644808743169399,0.0,4.89344262295082,0.0,0.0,0.27049180327868855,0.0546448087431694,0.0,0.0,19.05464480874317,2.581967213114754,0.0,0.030054644808743168,0.01366120218579235,0.0,0.2677595628415301,0.7158469945355191,0.0,0.2650273224043716,0.0
1210,1695,6,0.5970350404312669,0.12533692722371967,1.0377358490566038,5.347708894878706,0.0,0.0026954177897574125,0.0,0.0660377358490566,0.0,0.0,0.4797843665768194,0.009433962264150943,0.27088948787061995,1.6913746630727762,1.101078167115903,0.0,0.0,0.0,0.0,13.19811320754717,0.11455525606469003,3.6334231805929917,0.4353099730458221,9.925876010781671,6.413746630727763,0.4420485175202156,7.973045822102426,0.0,0.04177897574123989,0.7035040431266847,0.0,0.0,0.0,24.0188679245283,3.0768194070080863,0.0,0.6118598382749326,0.09164420485175202,0.03369272237196765,0.8611859838274932,0.6954177897574124,0.07412398921832884,0.07547169811320754,0.9986522911051213
1206,319,4,0.4945945945945946,0.12702702702702703,0.25675675675675674,6.65945945945946,0.0,0.0,0.0,0.02702702702702703,0.0,0.0,0.5702702702702702,0.043243243243243246,0.3945945945945946,2.116216216216216,1.2378378378378379,0.0,0.024324324324324326,0.08108108108108109,0.02702702702702703,15.143243243243242,0.0,1.572972972972973,0.0,10.732432432432432,5.254054054054054,0.043243243243243246,5.281081081081081,0.0,0.0,0.13783783783783785,0.0,0.0,0.20540540540540542,27.481081081081083,3.82972972972973,0.0,0.0,0.0,0.013513513513513514,0.6945945945945946,0.6270270270270271,2.327027027027027,0.11081081081081082,12.175675675675675
1210,519,7,0.5275590551181102,0.06692913385826772,0.2677165354330709,3.216535433070866,0.0,0.0,0.0,0.007874015748031496,0.0,0.0,0.03937007874015748,0.0,0.0,0.1377952755905512,0.011811023622047244,0.0,0.0,0.0,0.0,12.791338582677165,0.0,2.2874015748031495,0.0,6.834645669291339,1.2677165354330708,0.0,3.0236220472440944,0.0,0.0,0.07874015748031496,0.0,0.0,0.0,12.21259842519685,1.8818897637795275,0.0,0.0,0.0,0.0,0.6181102362204725,0.421259842519685,0.0,0.011811023622047244,0.0
1209,1466,4,0.6081081081081081,0.13243243243243244,0.2810810810810811,5.608108108108108,0.0,0.0,0.0,0.07567567567567568,0.0,0.0,0.2972972972972973,0.0,0.0,1.2648648648648648,0.4918918918918919,0.0,0.0,0.0,0.6513513513513514,17.02972972972973,0.008108108108108109,3.5432432432432432,0.0,15.762162162162163,4.927027027027027,0.7027027027027027,6.383783783783784,0.0,0.0,0.008108108108108109,0.0,0.016216216216216217,0.0,19.962162162162162,3.581081081081081,0.0,0.32432432432432434,0.013513513513513514,0.0,0.9513513513513514,0.5837837837837838,0.0,0.08378378378378379,0.8567567567567568
1208,2012,4,0.6881091617933723,0.08187134502923976,0.6237816764132553,4.473684210526316,0.0,0.0,0.0,0.0,0.0,0.0,0.0,0.0,0.0,0.0,0.0,0.0,0.0,0.0,0.0,8.146198830409357,0.015594541910331383,3.1189083820662766,0.0,4.481481481481482,1.6237816764132553,0.0,4.255360623781677,0.0,0.0,0.2982456140350877,0.08576998050682261,0.0,0.0,19.896686159844055,2.7816764132553606,0.0,0.0,0.017543859649122806,0.0,0.3235867446393762,0.7017543859649122,0.0,0.021442495126705652,0.0
1209,51,4,0.6868327402135231,0.11387900355871886,0.302491103202847,3.583629893238434,0.0,0.0,0.0,0.0,0.0,0.0,0.0,0.0,0.0,0.0,0.0,0.0,0.0,0.0,0.0,5.2562277580071175,0.0,3.5231316725978647,0.0,2.494661921708185,1.0213523131672597,0.1494661921708185,5.658362989323844,0.0,0.0,0.0,0.0,0.0,0.0,19.818505338078293,2.3416370106761564,0.0,0.0,0.0,0.0,0.0,0.6263345195729537,0.0,0.046263345195729534,0.0
1209,620,4,0.6215722120658135,0.1316270566727605,0.4351005484460695,4.385740402193784,0.0,0.0,0.0,0.0,0.0,0.0,0.19926873857404023,0.0,0.0,0.8354661791590493,0.40950639853747717,0.0,0.0,0.0,0.0,17.40585009140768,0.02010968921389397,1.9780621572212065,0.0,9.6709323583181,3.272394881170018,0.453382084095064,4.76599634369287,0.0,0.0,0.0,0.26508226691042047,0.0,0.0,14.50091407678245,2.259597806215722,0.0,0.0,0.005484460694698354,0.0,0.6691042047531993,0.42047531992687387,0.0,0.056672760511883,0.0
1218,827,4,0.5789473684210527,0.039473684210526314,1.9912280701754386,2.2017543859649122,0.0,0.0,0.0,0.0,0.0,0.0,0.0,0.0,0.0,0.0043859649122807015,0.0,0.0,0.0,0.0,0.0,6.631578947368421,0.09210526315789473,1.8114035087719298,0.0,1.5833333333333333,0.17105263157894737,0.2149122807017544,8.508771929824562,0.0,0.0,0.3157894736842105,0.0,0.0,0.0,8.960526315789474,1.0701754385964912,0.0,0.7192982456140351,0.08771929824561403,0.0,0.2719298245614035,0.5219298245614035,0.0,0.05263157894736842,0.0
1209,879,4,0.710412147505423,0.12581344902386118,0.6453362255965293,4.365509761388286,0.0,0.0,0.0,0.0,0.0,0.0,0.0,0.0,0.0,0.0,0.0650759219088937,0.0,0.0,0.0,0.0,11.150759219088938,0.0,2.071583514099783,0.0,9.585683297180044,3.6052060737527114,0.08893709327548807,2.7635574837310197,0.0,0.0,0.08026030368763558,0.1963123644251627,0.0,0.0,16.648590021691973,2.9088937093275486,0.0,0.08351409978308026,0.026030368763557483,0.0,0.6789587852494577,0.5162689804772235,0.38177874186550975,0.03470715835140998,4.552060737527115
1216,1543,4,0.5850340136054422,0.034013605442176874,1.9727891156462585,3.1904761904761907,0.0,0.0,0.0,0.0,0.0,0.0,0.0,0.0,0.0,0.0,0.0,0.0,0.0,0.0,0.0,2.8299319727891157,0.061224489795918366,2.0476190476190474,0.0,1.748299319727891,1.2380952380952381,0.4217687074829932,9.666666666666666,0.0,0.0,0.23129251700680273,0.0,0.0,0.0,15.197278911564625,2.3401360544217686,0.0,0.7278911564625851,0.08843537414965986,0.0,0.0,0.5714285714285714,0.0,0.027210884353741496,0.0
1205,1630,4,0.5063291139240507,0.05485232067510549,1.5506329113924051,3.20042194092827,0.0,0.0,0.0,0.43037974683544306,0.0,0.0,0.0,0.0,0.0,0.24050632911392406,0.12447257383966245,0.0,0.0,0.0,0.0,5.70464135021097,0.18354430379746836,3.050632911392405,0.0,3.128691983122363,1.2763713080168777,1.1898734177215189,7.506329113924051,0.0,0.7742616033755274,0.8016877637130801,0.0,0.0,0.0,16.063291139240505,1.9409282700421941,0.0,0.7236286919831224,0.16877637130801687,0.0,0.18354430379746836,0.5907172995780591,0.0,0.03375527426160337,0.0
1210,1919,4,0.42613636363636365,0.06818181818181818,2.335227272727273,2.6193181818181817,0.0,0.0,0.0,0.05113636363636364,0.0,0.0,0.0,0.1875,0.06818181818181818,0.3693181818181818,0.16477272727272727,0.0,0.0,0.0,0.0,8.204545454545455,0.10795454545454546,2.477272727272727,0.0,2.75,0.5681818181818182,0.7102272727272727,9.261363636363637,0.0,0.0,0.2784090909090909,0.0,0.0,0.0,14.352272727272727,1.1534090909090908,0.0,0.05113636363636364,0.18181818181818182,0.0,0.125,0.7045454545454546,0.0,0.045454545454545456,12.528409090909092
1216,1993,4,0.6323529411764706,0.12009803921568628,0.39215686274509803,3.375,0.0,0.0,0.0,0.0,0.0,0.0,0.06862745098039216,0.0,0.06862745098039216,0.25980392156862747,0.11519607843137254,0.0,0.0,0.0,0.0,10.247549019607844,0.0,5.046568627450981,0.0,11.698529411764707,1.7083333333333333,0.31862745098039214,4.598039215686274,0.0,0.0,0.0196078431372549,0.0,0.0,0.0,18.142156862745097,2.0220588235294117,0.0,0.0,0.06372549019607843,0.00980392156862745,0.7990196078431373,0.6004901960784313,0.0,0.07598039215686274,0.0857843137254902
1209,280,12,0.6471337579617834,0.12229299363057325,0.6878980891719745,3.3554140127388536,0.0,0.0,0.0,0.0,0.0,0.0,0.0,0.0,0.0,0.0,0.0,0.0,0.0,0.0,0.0,11.68407643312102,0.06624203821656051,3.87515923566879,0.0,6.397452229299363,1.6356687898089173,0.3375796178343949,5.442038216560509,0.0,0.0,0.08280254777070063,0.0,0.0,0.0,16.84203821656051,1.7222929936305733,0.0,0.16560509554140126,0.030573248407643312,0.0,0.4063694267515924,0.6917197452229299,0.0,0.045859872611464965,0.044585987261146494
1213,391,7,0.4624277456647399,0.09826589595375723,0.5606936416184971,2.7572254335260116,0.0,0.0,0.0,0.45664739884393063,0.0,0.0,0.0,0.0,0.0,0.884393063583815,0.3063583815028902,0.0,0.12138728323699421,0.7341040462427746,0.0,10.578034682080926,0.0,4.832369942196531,0.0,6.988439306358382,1.4797687861271676,0.37572254335260113,5.959537572254336,0.0,0.0,0.0,0.0,0.0,0.0,11.132947976878613,1.4739884393063585,0.0,0.0,0.23699421965317918,0.0,0.5375722543352601,0.4624277456647399,0.0,0.046242774566473986,7.907514450867052
1209,1097,8,0.46595744680851064,0.08085106382978724,0.16808510638297872,3.576595744680851,0.0,0.010638297872340425,0.027659574468085105,0.37872340425531914,0.0,0.0,0.5659574468085107,0.0,0.0,1.4382978723404256,0.574468085106383,0.0,0.0,0.0,1.372340425531915,8.653191489361703,0.0,3.0063829787234044,0.0,6.491489361702127,1.8553191489361702,0.5957446808510638,5.940425531914894,0.0,0.0,0.0,0.0,0.0,0.0,14.176595744680851,2.3957446808510636,0.0,0.22127659574468084,0.01276595744680851,0.0,0.43617021276595747,0.4531914893617021,0.0,0.04680851063829787,5.0638297872340425
1214,1359,12,0.6691358024691358,0.09876543209876543,0.6987654320987654,4.397530864197531,0.0,0.0,0.0,0.044444444444444446,0.0,0.0,0.2271604938271605,0.0,0.05432098765432099,0.5777777777777777,0.18765432098765433,0.0,0.0,0.0,0.0,12.839506172839506,0.0,2.782716049382716,0.0,8.034567901234569,2.68641975308642,0.056790123456790124,4.498765432098765,0.0,0.0,0.18765432098765433,0.0,0.0,0.0,18.293827160493827,2.9358024691358025,0.0,0.18765432098765433,0.0,0.009876543209876543,0.5012345679012346,0.6370370370370371,0.0,0.07160493827160494,0.0
1213,538,11,0.6179245283018868,0.07311320754716981,0.3466981132075472,3.339622641509434,0.0,0.17688679245283018,0.0,0.5306603773584906,0.0,0.0,0.0,0.0,0.0,0.7806603773584906,0.16273584905660377,0.0,0.9363207547169812,0.7924528301886793,0.0,9.096698113207546,0.007075471698113208,2.1391509433962264,0.0,4.683962264150943,1.7264150943396226,1.1981132075471699,4.886792452830188,0.0,0.0,0.18632075471698112,0.0,0.0,0.0,15.55188679245283,2.0283018867924527,0.0,0.04009433962264151,0.07311320754716981,0.0,1.4339622641509433,0.5778301886792453,0.0,0.07075471698113207,7.139150943396227
1210,1401,12,0.5831062670299727,0.09264305177111716,0.5340599455040872,4.76566757493188,0.0,0.14168937329700274,0.0,0.28065395095367845,0.0,0.0,0.27520435967302453,0.0,0.0,1.2888283378746594,0.659400544959128,0.0,0.0,0.0,0.6049046321525886,13.790190735694823,0.010899182561307902,4.692098092643052,0.0,16.940054495912808,4.03542234332425,0.5504087193460491,6.536784741144414,0.0,0.0,0.2098092643051771,0.3133514986376022,0.10626702997275204,1.1716621253405994,18.245231607629428,3.008174386920981,0.0,0.3896457765667575,0.06267029972752043,0.010899182561307902,0.9291553133514986,0.5367847411444142,0.0,0.05722070844686648,0.0
1212,1576,4,2.7458432304038003,0.09501187648456057,0.8978622327790974,5.066508313539193,0.0,0.021377672209026127,0.0,0.14489311163895488,0.0,0.0,0.007125890736342043,0.0,0.14489311163895488,0.7885985748218527,0.04513064133016627,0.0,0.0,0.3087885985748218,0.035629453681710214,9.453681710213777,0.011876484560570071,2.508313539192399,0.0,8.370546318289787,3.8978622327790973,0.3657957244655582,6.809976247030879,0.0,0.0,0.2327790973871734,0.0,0.0,0.0,22.47980997624703,3.192399049881235,0.0,0.0,0.04275534441805225,0.0,0.684085510688836,0.6532066508313539,0.0,1.6365795724465557,0.7220902612826603
1220,1789,4,0.5555555555555556,0.0718954248366013,0.4444444444444444,3.915032679738562,0.0,0.0,0.0,0.0,0.0,0.0,0.0,0.0,0.0,0.026143790849673203,0.0,0.0,0.0,0.0,0.0,10.183006535947712,0.09803921568627451,3.588235294117647,0.0,9.03921568627451,1.2810457516339868,0.6143790849673203,4.862745098039215,0.0,0.0,0.41830065359477125,0.0,0.0,0.0,17.18954248366013,2.196078431372549,0.0,0.0196078431372549,0.0457516339869281,0.0,0.46405228758169936,0.6078431372549019,0.0,0.0457516339869281,0.0
1210,1936,6,0.5599078341013825,0.0771889400921659,0.5506912442396313,3.8214285714285716,0.0,0.0,0.0,0.0,0.0,0.0,0.012672811059907835,0.0,0.010368663594470046,0.19930875576036866,0.07603686635944701,0.0,0.0,0.0,0.026497695852534562,11.882488479262673,0.0,3.3191244239631335,0.0,11.90552995391705,2.3179723502304146,0.2523041474654378,5.767281105990784,0.0,0.0,0.3052995391705069,0.0,0.0,0.0,19.682027649769584,2.5023041474654377,0.0,0.3617511520737327,0.001152073732718894,0.0,0.7465437788018433,0.5887096774193549,0.0,0.03456221198156682,0.0069124423963133645
1212,588,4,0.6885245901639344,0.09289617486338798,0.273224043715847,4.5683060109289615,0.0,0.0,0.0,0.0,0.0,0.0,0.32786885245901637,0.0,0.25136612021857924,1.1475409836065573,0.639344262295082,0.0,0.0,0.0,0.0273224043715847,3.9508196721311477,0.0,6.939890710382514,0.0,4.191256830601093,2.879781420765027,0.30601092896174864,5.666666666666667,0.0,0.0,0.0,0.0,0.0,0.0,25.327868852459016,3.3551912568306013,0.0,0.0,0.0,0.13114754098360656,0.2786885245901639,0.5846994535519126,0.0,0.08196721311475409,0.6885245901639344
1217,1713,4,0.5743944636678201,0.04498269896193772,0.4083044982698962,3.4325259515570936,0.0,0.0,0.0,0.0,0.0,0.0,0.0,0.0,0.0,0.05190311418685121,0.0,0.0,0.0,0.0,0.0,10.56401384083045,0.0,2.2491349480968856,0.0,7.813148788927336,1.8304498269896194,0.07958477508650519,3.6782006920415227,0.0,0.0,0.010380622837370242,0.14878892733564014,0.0,0.0,12.982698961937716,2.162629757785467,0.0,0.07958477508650519,0.01730103806228374,0.0,0.5259515570934256,0.47750865051903113,0.0,0.02422145328719723,0.0
1220,773,4,0.6449399656946827,0.09090909090909091,1.0463121783876501,3.8524871355060033,0.0,0.00686106346483705,0.0,0.0,0.0,0.0,0.07718696397941681,0.04631217838765009,0.04974271012006861,0.5197255574614065,0.2727272727272727,0.0,0.0,0.0,0.0,8.58319039451115,0.0686106346483705,2.0823327615780447,0.0,8.533447684391081,2.7152658662092626,0.18867924528301888,6.125214408233276,0.2830188679245283,0.11663807890222985,0.26758147512864494,0.0,0.0,0.051457975986277875,18.71355060034305,2.204116638078902,0.0,0.058319039451114926,0.022298456260720412,0.0,0.5797598627787307,0.6003430531732419,7.133790737564323,0.029159519725557463,7.174957118353345
1216,1528,15,0.6822916666666666,0.11328125,0.5013020833333334,4.0078125,0.0,0.0,0.0,0.0,0.0,0.0,0.0,0.0,0.0,0.005208333333333333,0.0,0.0,0.020833333333333332,0.0,0.0,11.419270833333334,0.0,1.9244791666666667,0.0,8.537760416666666,2.70703125,0.08984375,2.6770833333333335,0.0,0.0,0.0,0.0,0.0,0.0,16.484375,3.0494791666666665,0.0,0.14453125,0.08984375,0.0,0.6067708333333334,0.5963541666666666,0.0,0.028645833333333332,0.0
1212,719,4,0.45161290322580644,0.06774193548387097,0.6064516129032258,4.370967741935484,0.0,0.01935483870967742,0.0,0.4806451612903226,0.0,0.0,0.0,0.0,0.0,0.7806451612903226,0.22258064516129034,0.0,0.0,0.0,0.0,14.46774193548387,0.07419354838709677,3.0903225806451613,0.0,3.225806451612903,1.429032258064516,0.8193548387096774,6.035483870967742,0.0,0.3096774193548387,0.6935483870967742,0.0,0.0,0.0,18.983870967741936,2.3129032258064517,0.0,0.16129032258064516,0.1774193548387097,0.0,0.15806451612903225,0.6225806451612903,0.0,0.04516129032258064,0.0
1222,746,4,0.6618705035971223,0.07553956834532374,0.5863309352517986,3.2661870503597124,0.0,0.0,0.0,0.08633093525179857,0.0,0.0,0.0,0.0,0.0,0.025179856115107913,0.0,0.0,0.0,0.0,0.0,9.467625899280575,0.014388489208633094,2.1690647482014387,0.0,5.262589928057554,1.5215827338129497,0.04316546762589928,3.352517985611511,0.0,0.0,0.42805755395683454,0.0,0.0,0.0,13.931654676258994,2.1510791366906474,0.0,0.7589928057553957,0.12949640287769784,0.0,0.3776978417266187,0.5683453237410072,0.0,0.03597122302158273,0.0
1211,294,3,0.6342105263157894,0.09736842105263158,1.2092105263157895,3.6881578947368423,0.0,0.02368421052631579,0.0,0.18552631578947368,0.0,0.002631578947368421,0.0,0.0,0.021052631578947368,0.17894736842105263,0.05263157894736842,0.0,0.0,0.005263157894736842,0.0,15.657894736842104,0.0,2.294736842105263,0.0,5.738157894736842,1.8526315789473684,0.25263157894736843,4.7894736842105265,0.0,0.0,0.22236842105263158,0.21578947368421053,0.0,0.0,14.739473684210527,2.343421052631579,0.0,0.31842105263157894,0.11710526315789474,0.0,0.36973684210526314,0.5513157894736842,0.0,0.04736842105263158,0.0
1218,693,4,0.5319148936170213,0.07092198581560284,0.3617021276595745,2.6099290780141846,0.0,0.0,0.0,0.16312056737588654,0.0,0.0,0.0,0.0,0.0,0.3475177304964539,0.10638297872340426,0.0,0.0,0.0070921985815602835,0.0,7.794326241134752,0.0,2.6879432624113475,0.0,5.531914893617022,1.3687943262411348,0.16312056737588654,3.7943262411347516,0.0,0.0,0.0,0.0,0.0,0.0,11.212765957446809,1.6950354609929077,0.0,0.0,0.2978723404255319,0.0,0.3262411347517731,0.45390070921985815,0.0,0.02127659574468085,0.2765957446808511
1215,1875,11,0.746615087040619,0.11218568665377177,0.437137330754352,4.578336557059961,0.0,0.0,0.0,0.0019342359767891683,0.0,0.0,0.0,0.0,0.0,0.1644100580270793,0.0,0.0,0.0,0.05222437137330754,0.0,16.686653771760156,0.0,2.711798839458414,0.0,8.62669245647969,3.6054158607350097,0.025145067698259187,3.481624758220503,0.0,0.0,0.11218568665377177,0.29980657640232106,0.0,0.0,17.572533849129595,3.114119922630561,0.0,0.02127659574468085,0.0,0.0,0.7040618955512572,0.5589941972920697,0.0,0.05222437137330754,0.6247582205029013
1221,196,15,0.4664179104477612,0.07462686567164178,0.4216417910447761,3.6082089552238807,0.13805970149253732,0.21641791044776118,0.0,0.26119402985074625,0.0,0.0,0.0,0.0,0.0,1.1791044776119404,0.19776119402985073,0.0,1.085820895522388,0.3246268656716418,0.0,12.055970149253731,0.0,3.7761194029850746,0.0,2.8917910447761193,1.6567164179104477,3.3097014925373136,4.899253731343284,0.8134328358208955,0.0,0.21641791044776118,0.0,0.0,5.858208955223881,16.645522388059703,1.3880597014925373,0.0,0.2798507462686567,0.09328358208955224,0.0,1.4253731343283582,0.5335820895522388,0.0,0.1044776119402985,7.753731343283582
1220,1493,4,0.5201698513800425,0.11677282377919321,0.5265392781316348,3.7494692144373674,0.0,0.3078556263269639,0.0,0.5774946921443737,0.0,0.0,0.0,0.0,0.0,1.3099787685774946,0.25902335456475584,0.0,0.0,0.0,0.0,14.091295116772823,0.0,1.5392781316348196,0.0,4.528662420382165,3.261146496815287,0.012738853503184714,5.81104033970276,0.0,0.0,0.01910828025477707,0.0,0.0,0.0,14.152866242038217,2.218683651804671,0.0,0.0,0.0870488322717622,0.0,0.39065817409766457,0.4692144373673036,0.0,0.08280254777070063,0.3821656050955414
1222,445,11,0.5032967032967033,0.09230769230769231,0.2549450549450549,4.375824175824176,0.0,0.0,0.0,0.0,0.0,0.0,0.0,0.0,0.0,0.0,0.0,0.0,0.0,0.0,0.0,12.516483516483516,0.013186813186813187,2.635164835164835,0.0,9.131868131868131,1.9912087912087912,0.03076923076923077,4.371428571428571,0.0,0.05054945054945055,0.4087912087912088,0.0,0.0,0.0,19.540659340659342,2.5802197802197804,0.0,0.2703296703296703,0.01978021978021978,0.0,0.6747252747252748,0.6241758241758242,0.0,0.046153846153846156,0.0
1224,997,4,0.4855403348554033,0.076103500761035,0.0867579908675799,3.547945205479452,0.0,0.1735159817351598,0.0,0.8447488584474886,0.0,0.0,0.0,0.0,0.0,1.3668188736681888,0.2678843226788432,0.0,0.2998477929984779,0.1019786910197869,0.0060882800608828,10.120243531202435,0.0,3.610350076103501,0.0,3.835616438356164,2.832572298325723,0.4140030441400304,4.824961948249619,0.0,0.0,0.0,0.0,0.0,1.0700152207001523,13.990867579908675,2.0654490106544903,0.0,0.3835616438356164,0.1111111111111111,0.0,0.471841704718417,0.5449010654490106,0.0,0.045662100456621,3.4855403348554033
1221,35,4,0.6524741081703107,0.09090909090909091,0.9367088607594937,4.176064441887227,0.03682393555811277,0.05983889528193326,0.0,0.29228998849252014,0.0,0.0,0.0,0.0,0.004602991944764097,0.42577675489067895,0.09781357882623705,0.0,0.0,0.006904487917146145,0.00805523590333717,13.843498273878021,0.0,3.186421173762946,0.0,11.649021864211738,2.4177215189873418,0.25316455696202533,4.012658227848101,0.0667433831990794,0.11737629459148446,0.13118527042577677,0.0,0.0,0.42002301495972383,15.918296892980438,2.4948216340621405,0.0,0.3440736478711162,0.09666283084004602,0.0,0.807825086306099,0.5822784810126582,0.0,0.07364787111622555,0.17836593785960875
1217,497,7,0.5253164556962026,0.09177215189873418,0.8670886075949367,2.5632911392405062,0.0,0.0,0.0,0.0,0.0,0.0,0.006329113924050633,0.0,0.0,0.0759493670886076,0.015822784810126583,0.0,0.0,0.0,0.0,11.439873417721518,0.0,1.9398734177215189,0.0,3.5253164556962027,1.1329113924050633,0.24050632911392406,7.541139240506329,0.0,0.0,0.0,0.0,0.0,0.0,9.284810126582279,1.1803797468354431,0.0,0.05063291139240506,0.2689873417721519,0.0,0.12025316455696203,0.4873417721518987,0.0,0.028481012658227847,0.0
1220,1419,7,0.5868852459016394,0.08524590163934426,0.03278688524590164,5.616393442622951,0.0,0.01639344262295082,0.0,0.09836065573770492,0.0,0.0,0.03278688524590164,0.0,0.0,0.6491803278688525,0.17049180327868851,0.0,0.0,0.006557377049180328,0.3377049180327869,11.38688524590164,0.0,2.498360655737705,0.0,11.570491803278689,2.3934426229508197,0.18688524590163935,3.9901639344262296,0.0,0.0,0.0,0.0,0.0,0.003278688524590164,21.557377049180328,3.9934426229508198,0.0,0.0,0.022950819672131147,0.0,0.6655737704918033,0.4786885245901639,0.0,0.029508196721311476,0.036065573770491806
1217,1564,4,0.7244897959183674,0.15306122448979592,2.4464285714285716,5.033163265306122,0.0,0.0,0.0,0.0,0.0,0.0,0.3647959183673469,0.0,0.012755102040816327,0.8214285714285714,0.29591836734693877,0.0,0.30357142857142855,0.00510204081632653,1.1403061224489797,13.974489795918368,0.13010204081632654,2.7193877551020407,0.0,10.862244897959183,4.596938775510204,0.15051020408163265,9.096938775510203,0.0,0.0,0.08163265306122448,0.0,0.0,0.0,20.482142857142858,2.8903061224489797,0.0,0.2066326530612245,0.1096938775510204,0.0,0.7551020408163265,0.8469387755102041,0.0,0.08418367346938775,0.0
1234,1839,4,0.47878787878787876,0.11515151515151516,0.34545454545454546,3.412121212121212,0.0,0.0,0.0,0.07272727272727272,0.0,0.0,0.0,0.0,0.0,0.20606060606060606,0.0,0.0,0.0,0.0,0.0,9.957575757575757,0.0,4.1878787878787875,0.0,8.921212121212122,1.0484848484848486,0.46060606060606063,4.533333333333333,0.0,0.0,0.45454545454545453,0.0,0.0,0.0,15.76969696969697,2.3212121212121213,0.0,0.0,0.2727272727272727,0.0,0.5757575757575758,0.6484848484848484,0.0,0.030303030303030304,0.0
1217,136,15,0.5911949685534591,0.1096136567834681,0.7115902964959568,4.195867026055705,0.0,0.0,0.0,0.0,0.0,0.0,0.0,0.0,0.0,0.04851752021563342,0.0,0.0,0.0,0.0,0.0,12.746630727762803,0.0,3.2398921832884096,0.0,13.504941599281223,1.6774483378256964,0.4788858939802336,6.9155435759209345,0.0,0.8849955076370171,0.2551662174303684,0.0,0.0,0.013477088948787063,19.67295597484277,2.214734950584007,0.0,0.14016172506738545,0.0017969451931716084,0.0,0.8921832884097035,0.6361185983827493,0.0,0.03234501347708895,0.12309074573225516
1226,217,15,0.7213114754098361,0.06557377049180328,1.1639344262295082,2.1147540983606556,0.0,0.0,0.0,0.45901639344262296,0.0,0.0,0.0,0.0,0.0,0.5163934426229508,0.32786885245901637,0.0,0.0,0.0,0.0,4.852459016393443,0.0,4.827868852459017,0.0,1.3032786885245902,0.1885245901639344,0.2540983606557377,10.647540983606557,0.0,0.0,0.0,0.0,0.0,0.0,8.60655737704918,0.8278688524590164,0.0,0.07377049180327869,0.22131147540983606,0.0,0.0,0.5901639344262295,0.0,0.12295081967213115,0.0
1217,1126,12,0.455535390199637,0.1088929219600726,0.33575317604355714,3.2032667876588024,0.0,0.056261343012704176,0.0,0.22686025408348456,0.0,0.0,0.0,0.0,0.0,0.32849364791288566,0.07441016333938294,0.0,0.0,0.007259528130671506,0.0,16.762250453720508,0.0,1.7386569872958257,0.0,5.192377495462795,1.7568058076225046,0.019963702359346643,4.791288566243194,0.0,0.0,0.0,0.0544464609800363,0.0,0.0,11.874773139745917,1.7731397459165155,0.0,0.0,0.15245009074410162,0.0,0.33575317604355714,0.4664246823956443,0.0,0.036297640653357534,0.0
1224,1109,4,0.5616438356164384,0.0958904109589041,0.7031963470319634,3.1598173515981736,0.0,0.1598173515981735,0.0,1.3470319634703196,0.0,0.0,0.0,0.0,0.1095890410958904,1.0319634703196348,0.3744292237442922,0.0,0.0,0.8904109589041096,0.0,11.091324200913242,0.0,2.65296803652968,0.0,5.69406392694064,1.82648401826484,0.3059360730593607,6.073059360730594,0.0,0.0,0.0502283105022831,0.1780821917808219,0.0,0.0,13.141552511415526,1.6575342465753424,0.0,0.1187214611872146,0.0365296803652968,0.0,1.726027397260274,0.5296803652968036,0.0,0.091324200913242,13.360730593607306
1225,365,12,0.5243445692883895,0.0599250936329588,1.0112359550561798,3.805243445692884,0.0,0.0,0.0,0.20599250936329588,0.0,0.0,0.00749063670411985,0.0,0.026217228464419477,0.24719101123595505,0.0449438202247191,0.0,0.0,0.052434456928838954,0.0,9.52059925093633,0.0,2.3258426966292136,0.0,8.322097378277153,2.1385767790262173,0.011235955056179775,2.9887640449438204,0.0,0.0,0.12734082397003746,0.20224719101123595,0.0,0.0,16.681647940074907,2.749063670411985,0.0,0.33707865168539325,0.0,0.0,0.6816479400749064,0.5842696629213483,0.0,0.09363295880149813,0.7490636704119851
1221,1255,12,0.558303886925795,0.053003533568904596,0.038869257950530034,3.049469964664311,0.0,0.06713780918727916,0.0,1.6325088339222615,0.0,0.0,0.0,0.0,0.0,0.8833922261484098,0.10954063604240283,0.0,0.0,0.6113074204946997,0.0035335689045936395,7.597173144876325,0.0,1.9081272084805654,0.0,4.561837455830389,2.3392226148409896,0.254416961130742,2.8975265017667846,0.0706713780918728,0.0,0.0,0.0,0.0,0.0,11.703180212014134,1.9505300353356891,0.0,0.0176678445229682,0.04240282685512368,0.0,1.1201413427561837,0.5017667844522968,0.0,0.053003533568904596,11.614840989399294
1226,1332,4,0.5245901639344263,0.06557377049180328,0.7049180327868853,3.109289617486339,0.0,0.26229508196721313,0.0,2.6666666666666665,0.0,0.0,0.0,0.0,0.18032786885245902,1.5136612021857923,0.6174863387978142,0.0,0.4918032786885246,1.3989071038251366,0.01092896174863388,3.808743169398907,0.02185792349726776,3.9672131147540983,0.0,1.4262295081967213,1.5245901639344261,0.25136612021857924,6.672131147540983,0.0,0.0,0.30601092896174864,0.0,0.0,0.0,15.245901639344263,1.907103825136612,0.0,0.01639344262295082,0.15846994535519127,0.0,1.0327868852459017,0.7868852459016393,2.431693989071038,0.11475409836065574,20.97814207650273
1225,1387,12,0.5196232339089482,0.11930926216640503,0.6232339089481946,4.069073783359498,0.0,0.007849293563579277,0.0,0.02197802197802198,0.0,0.0,0.0,0.0,0.0,0.02040816326530612,0.0015698587127158557,0.0,0.015698587127158554,0.0,0.0,14.485086342229199,0.009419152276295133,2.3014128728414445,0.0,6.153846153846154,1.9591836734693877,0.04866562009419152,4.762951334379906,0.0,0.07221350078492936,0.06436420722135008,0.19309262166405022,0.0,0.0,17.285714285714285,2.6138147566718994,0.0,0.02197802197802198,0.054945054945054944,0.0,0.5635792778649922,0.6216640502354788,0.0,0.04395604395604396,0.0
1227,328,12,2.450171821305842,0.09278350515463918,0.39862542955326463,4.130584192439863,0.0,0.16151202749140894,0.0,0.47079037800687284,0.0,0.0,0.0,0.0,0.0,0.4020618556701031,0.23367697594501718,0.0,0.0,0.23024054982817868,0.0,12.116838487972508,0.0,2.281786941580756,0.0,11.625429553264604,2.859106529209622,0.49140893470790376,4.9965635738831615,0.0,0.0,0.28865979381443296,0.0,0.0,0.0,18.20274914089347,2.759450171821306,0.0,0.0,0.0,0.0,0.979381443298969,0.570446735395189,0.0,1.288659793814433,0.05154639175257732
1227,377,12,0.47121535181236673,0.07462686567164178,0.17697228144989338,2.5543710021321964,0.0,0.0,0.0,1.5991471215351811,0.0,0.0,0.0,0.0,0.0,1.208955223880597,0.3773987206823028,0.0,0.0,0.31343283582089554,0.0,3.9168443496801704,0.0,3.5010660980810235,0.0,1.5735607675906182,1.138592750533049,0.35394456289978676,6.0575692963752665,0.0,0.0,0.0,0.0,0.0,0.0,10.982942430703625,1.396588486140725,0.0,0.04477611940298507,0.010660980810234541,0.0,0.720682302771855,0.5266524520255863,0.0,0.03837953091684435,4.164179104477612
1231,482,15,0.543859649122807,0.11403508771929824,0.06578947368421052,4.385964912280702,0.08333333333333333,0.12280701754385964,0.0,1.469298245614035,0.0,0.0,0.22807017543859648,0.0,0.0,1.9429824561403508,0.4868421052631579,0.0,0.0,0.5087719298245614,0.618421052631579,12.899122807017545,0.0,4.276315789473684,0.0,5.802631578947368,3.587719298245614,0.5964912280701754,4.916666666666667,0.0,0.0,0.0,0.0,0.0,0.0,15.175438596491228,2.68859649122807,0.0,0.02631578947368421,0.11842105263157894,0.0,0.6622807017543859,0.4649122807017544,0.0,0.07456140350877193,3.3859649122807016
1227,1304,4,0.5442329227323628,0.09966405375139978,0.06270996640537514,3.3348264277715565,0.0,0.011198208286674132,0.0,0.14109742441209405,0.0,0.0,0.03135498320268757,0.0,0.0,0.4916013437849944,0.13213885778275475,0.0,0.0,0.011198208286674132,0.051511758118701005,11.811870100783874,0.0,3.184770436730123,0.0,8.499440089585667,1.2777155655095185,0.3258678611422172,4.0279955207166855,0.0,0.0,0.0,0.0,0.0,0.0,13.686450167973124,2.003359462486002,0.0,0.060470324748040316,0.040313549832026875,0.0,0.5139977603583427,0.522956326987682,0.0,0.03919372900335946,0.010078387458006719
1223,1613,4,0.5616740088105727,0.05947136563876652,1.894273127753304,3.8259911894273126,0.0,0.011013215859030838,0.0,0.05506607929515418,0.0,0.0,0.0,0.0,0.028634361233480177,0.1828193832599119,0.046255506607929514,0.0,0.0,0.0,0.0,6.156387665198238,0.022026431718061675,2.0704845814977975,0.0,2.89647577092511,1.7841409691629957,0.06387665198237885,7.746696035242291,0.0,0.037444933920704845,0.11674008810572688,0.0,0.0,0.0,17.277533039647576,2.5726872246696035,0.0,0.16519823788546256,0.20704845814977973,0.0,0.3656387665198238,0.6607929515418502,0.0,0.037444933920704845,0.0
1238,1033,4,0.5741626794258373,0.08133971291866028,1.0382775119617225,3.952153110047847,0.0,0.0,0.0,0.0,0.0,0.0,0.0,0.0,0.0,0.06698564593301436,0.0,0.0,0.0,0.0,0.0,14.516746411483254,0.1291866028708134,4.023923444976076,0.0,8.75598086124402,1.7464114832535884,1.2392344497607655,8.626794258373206,0.0,0.0,0.2535885167464115,0.0,0.0,0.0,17.770334928229666,2.2822966507177034,0.0,0.019138755980861243,0.14832535885167464,0.0,0.5741626794258373,1.0287081339712918,0.0,0.07655502392344497,0.0
1238,1086,4,1.6579129232895646,0.09398756046993781,0.6468555632342778,4.331720801658604,0.0,0.023496890117484452,0.0,0.0691085003455425,0.0,0.0,0.0,0.0,0.0,0.10850034554250172,0.03178991015894955,0.0,0.0,0.0,0.00138217000691085,11.411886662059434,0.03455425017277125,3.2204561161022807,0.0,4.468555632342778,1.9965445749827229,0.16793365583966827,3.4740843123704215,0.0,0.0,0.0,0.19212163096060816,0.0,0.0048375950241879755,17.773324118866622,2.4692467173462336,0.0,0.41810642709053214,0.0055286800276434,0.0,0.46786454733932276,0.8147892190739461,0.0,0.24948168624740844,0.0
1229,74,4,0.5443510737628384,0.10364145658263306,0.7871148459383753,4.784313725490196,0.0,0.0,0.0,0.0,0.0,0.0,0.0,0.0,0.0,0.028944911297852476,0.0056022408963585435,0.0,0.0,0.0,0.0,16.404295051353873,0.028011204481792718,2.242763772175537,0.0,8.510737628384687,3.292250233426704,0.012138188608776844,3.365079365079365,0.0,0.0,0.06255835667600373,0.23902894491129786,0.0,0.0,18.719887955182074,3.1437908496732025,0.0,0.08496732026143791,0.02334267040149393,0.0,0.6619981325863679,0.5901027077497666,0.0,0.05788982259570495,0.0
1226,293,12,0.9889705882352942,0.08272058823529412,0.59375,2.860294117647059,0.0,0.0,0.0,0.0,0.0,0.0,0.0,0.0,0.0,0.0,0.0,0.0,0.0,0.0,0.0,11.378676470588236,0.027573529411764705,2.235294117647059,0.0,6.119485294117647,2.136029411764706,0.12867647058823528,4.03125,0.0,0.0,0.034926470588235295,0.05698529411764706,0.0,0.0,10.806985294117647,1.4761029411764706,0.0,0.1488970588235294,0.09375,0.0,0.6544117647058824,0.4577205882352941,0.0,0.1801470588235294,0.0
1227,1168,12,0.48502994011976047,0.0688622754491018,0.39221556886227543,2.811377245508982,0.0,0.0,0.0,0.7065868263473054,0.0,0.0,0.014970059880239521,0.0,0.017964071856287425,0.8383233532934131,0.3083832335329341,0.0,0.218562874251497,0.8233532934131736,0.0,8.62874251497006,0.0,4.877245508982036,0.0,8.059880239520957,2.032934131736527,0.2754491017964072,5.541916167664671,0.0,0.0,0.0,0.0,0.0,0.0,12.02694610778443,1.6377245508982037,0.0,0.0,0.1467065868263473,0.0,0.9431137724550899,0.5479041916167665,0.0,0.0718562874251497,13.461077844311378
1224,1182,12,0.47186147186147187,0.047619047619047616,1.7316017316017316,2.8917748917748916,0.0,0.0,0.0,1.3766233766233766,0.0,0.0,0.0,0.0,0.0735930735930736,1.0432900432900434,0.2943722943722944,0.0,0.14285714285714285,0.4458874458874459,0.0,3.4718614718614718,0.0,3.5238095238095237,0.0,2.619047619047619,1.0822510822510822,0.4025974025974026,8.311688311688311,0.0,0.0,0.35064935064935066,0.0,0.0,0.0,13.41991341991342,1.7575757575757576,0.0,0.36796536796536794,0.03896103896103896,0.0,0.33766233766233766,0.5714285714285714,0.0,0.09090909090909091,1.9610389610389611
1226,1374,15,0.49214659685863876,0.06282722513089005,0.14136125654450263,2.18848167539267,0.0,0.0,0.0,1.2094240837696335,0.0,0.0,0.0,0.0,0.08376963350785341,0.6230366492146597,0.18324607329842932,0.0,0.03664921465968586,0.41361256544502617,0.0,5.696335078534031,0.02617801047120419,3.931937172774869,0.0,2.413612565445026,0.8743455497382199,0.3403141361256545,5.2356020942408374,0.0,0.0,0.13612565445026178,0.0,0.0,0.0,11.863874345549739,1.225130890052356,0.0,0.005235602094240838,0.06806282722513089,0.0,0.4397905759162304,0.5602094240837696,0.0,0.03664921465968586,19.2565445026178
1233,1591,4,0.6015037593984962,0.08270676691729323,0.2781954887218045,4.533834586466165,0.0,0.15789473684210525,0.0,0.23308270676691728,0.0,0.0,0.0,0.0,0.0,0.38345864661654133,0.24060150375939848,0.0,0.0,0.015037593984962405,0.0,14.676691729323307,0.0,2.7593984962406015,0.0,12.285714285714286,2.3233082706766917,0.5789473684210527,4.796992481203008,0.0,0.0,0.14285714285714285,0.0,0.0,0.0,21.022556390977442,3.0225563909774436,0.0,0.0,0.22556390977443608,0.0,1.0225563909774436,0.6240601503759399,0.0,0.03759398496240601,0.05263157894736842
1235,1653,4,0.5480895915678524,0.07378129117259552,0.49670619235836627,4.47167325428195,0.0,0.0,0.0,0.0,0.0,0.0,0.0,0.0,0.0,0.0,0.0,0.0,0.007905138339920948,0.0,0.0,13.279314888010541,0.04084321475625823,2.9288537549407114,0.0,7.040843214756258,1.5744400527009224,0.41106719367588934,4.725955204216074,0.0,0.0,0.12121212121212122,0.21870882740447958,0.0,0.0,19.63372859025033,2.5480895915678525,0.0,0.0,0.06455862977602109,0.0,0.463768115942029,0.7127799736495388,0.0,0.05006587615283267,0.034255599472990776
1227,579,4,0.5161290322580645,0.02903225806451613,1.038709677419355,1.929032258064516,0.0,0.0,0.0,0.0,0.0,0.0,0.0,0.01935483870967742,0.0,0.05161290322580645,0.0,0.0,0.0,0.0,0.0,1.961290322580645,0.03225806451612903,2.2129032258064516,0.0,0.16129032258064516,0.1,0.4064516129032258,6.451612903225806,0.0,0.0,0.567741935483871,0.0,0.0,0.0,11.40967741935484,0.8,0.0,0.08709677419354839,0.535483870967742,0.0,0.0,2.206451612903226,0.0,0.00967741935483871,0.0
1230,669,4,0.8597560975609756,0.10060975609756098,0.24390243902439024,2.8689024390243905,0.0,0.0,0.0,0.0,0.0,0.0,0.0,0.0,0.0,0.20426829268292682,0.021341463414634148,0.0,0.09146341463414634,0.0,0.024390243902439025,9.478658536585366,0.0,3.1951219512195124,0.0,5.234756097560975,1.1280487804878048,0.19207317073170732,3.9878048780487805,0.0,0.0,0.0,0.13109756097560976,0.0,0.0,11.13109756097561,1.5548780487804879,0.0,0.2530487804878049,0.0701219512195122,0.0,0.3018292682926829,0.4695121951219512,0.0,0.021341463414634148,0.0
1228,530,5,0.6040462427745664,0.08670520231213873,0.6271676300578035,3.647398843930636,0.0,0.0,0.0,0.0,0.0,0.0,0.0,0.0,0.0,0.023121387283236993,0.0,0.0,0.008670520231213872,0.0,0.0,10.38728323699422,0.0,2.4364161849710984,0.0,5.809248554913295,1.6734104046242775,0.09826589595375723,3.5260115606936417,0.0,0.0,0.06647398843930635,0.08670520231213873,0.0,0.0,15.61271676300578,2.6734104046242773,0.0,0.14450867052023122,0.0,0.0,0.42485549132947975,0.5260115606936416,0.0,0.02601156069364162,0.0
1230,706,12,0.507537688442211,0.1658291457286432,0.16080402010050251,5.678391959798995,0.0,0.0,0.0,0.0,0.0,0.0,0.5125628140703518,0.0,0.1457286432160804,1.693467336683417,0.9246231155778895,0.0,0.0,0.0,0.5728643216080402,20.306532663316585,0.0,3.2462311557788945,0.2914572864321608,12.532663316582914,5.21608040201005,0.49246231155778897,5.542713567839196,0.0,0.0,0.0,0.0,0.17587939698492464,0.0,20.025125628140703,3.3969849246231156,0.0,0.19597989949748743,0.02512562814070352,0.09045226130653267,0.7688442211055276,0.5175879396984925,0.0,0.07537688442211055,0.7788944723618091
1234,1444,4,0.5939597315436241,0.06040268456375839,0.46308724832214765,2.651006711409396,0.0,0.0,0.0,0.7785234899328859,0.0,0.053691275167785234,0.0,0.0,0.06040268456375839,0.3859060402684564,0.09731543624161074,0.0,0.03691275167785235,0.802013422818792,0.0,4.610738255033557,0.0,5.308724832214765,0.0,3.0067114093959733,1.5838926174496644,0.3221476510067114,4.124161073825503,0.0,0.0,0.04697986577181208,0.0,0.0,0.0,11.986577181208053,1.5369127516778522,0.0,0.2651006711409396,0.003355704697986577,0.0,0.7516778523489933,0.5738255033557047,0.0,0.050335570469798654,14.63758389261745
1235,931,4,0.7120211360634082,0.09247027741083223,0.7410832232496698,4.17437252311757,0.0,0.011889035667107,0.0,0.0,0.0,0.0,0.0,0.0,0.0,0.23513870541611626,0.0845442536327609,0.0,0.0,0.0,0.0,12.380449141347425,0.010568031704095112,3.010568031704095,0.0,9.924702774108322,1.3289299867899604,0.02906208718626156,5.764861294583884,0.0,0.05416116248348745,0.6261558784676354,0.017173051519154558,0.0,0.0,17.923381770145312,2.155878467635403,0.2655217965653897,0.0,0.05151915455746367,0.0,0.7305151915455746,0.8665785997357992,0.0,0.07529722589167767,0.0
1231,1401,4,0.5778985507246377,0.06521739130434782,0.8478260869565217,3.135869565217391,0.0,0.0,0.0,0.07427536231884058,0.0,0.0,0.0,0.0,0.0,0.21557971014492755,0.0,0.0,0.0,0.012681159420289856,0.0,11.144927536231885,0.0,3.068840579710145,0.0,6.668478260869565,1.0344202898550725,0.2608695652173913,4.992753623188406,0.0,0.0,0.1068840579710145,0.0,0.0,0.0,11.83695652173913,1.7047101449275361,0.0,0.22826086956521738,0.08876811594202899,0.0,0.46195652173913043,0.572463768115942,0.0,0.050724637681159424,0.3858695652173913
1232,93,4,0.8266666666666667,0.07,1.48,4.203333333333333,0.0,0.0,0.0,0.0,0.0,0.0,0.06666666666666667,0.0,0.016666666666666666,0.30333333333333334,0.14666666666666667,0.0,0.0,0.0,0.21666666666666667,13.923333333333334,0.056666666666666664,2.89,0.0,5.5633333333333335,1.5833333333333333,0.02,8.266666666666667,0.0,0.0,0.10666666666666667,0.0,0.0,0.0,16.71,2.1133333333333333,0.0,0.0,0.05333333333333334,0.0,0.46,0.7,0.0,0.14,0.0
1234,125,12,1.183168316831683,0.09405940594059406,1.7128712871287128,3.103960396039604,0.0,0.0,0.0,0.09900990099009901,0.0,0.0,0.0,0.0,0.0,0.034653465346534656,0.01485148514851485,0.0,0.0,0.0,0.0,9.633663366336634,0.09900990099009901,2.51980198019802,0.0,6.193069306930693,1.8663366336633664,0.48514851485148514,8.425742574257425,0.0,0.0,0.0,0.0,0.0,0.0,10.698019801980198,1.183168316831683,0.0,0.49504950495049505,0.034653465346534656,0.0,0.9504950495049505,0.599009900990099,0.0,0.29207920792079206,0.0
1235,515,7,0.6245733788395904,0.08532423208191127,0.3174061433447099,2.863481228668942,0.0,0.011945392491467578,0.0,0.6416382252559727,0.0,0.0,0.0,0.0,0.0,0.8395904436860068,0.37372013651877134,0.0,0.0,0.30716723549488056,0.0,12.909556313993175,0.0,10.658703071672354,0.0,9.373720136518772,1.9863481228668942,0.3174061433447099,5.808873720136519,0.0,0.0,0.0,0.0,0.0,0.0,10.815699658703071,1.3686006825938566,0.0,0.013651877133105802,0.051194539249146756,0.0,1.0580204778156996,0.5187713310580204,0.33447098976109213,0.03924914675767918,12.750853242320819
1233,1695,12,0.4957081545064378,0.12446351931330472,0.0,6.186695278969957,0.0,0.0,0.0,0.0,0.0,0.0,0.18025751072961374,0.0,0.0,0.5643776824034334,0.2296137339055794,0.0,0.0,0.008583690987124463,0.33047210300429186,16.369098712446352,0.0,2.53862660944206,0.0,14.225321888412017,5.081545064377682,0.4291845493562232,3.2618025751072963,0.0,0.0,0.0,0.0,0.12446351931330472,0.0,22.44206008583691,4.364806866952789,0.0,0.13948497854077252,0.0,0.0,0.8154506437768241,0.5128755364806867,0.0,0.04935622317596566,1.6416309012875536
1230,272,12,0.5129533678756477,0.13989637305699482,0.6761658031088082,4.533678756476684,0.0051813471502590676,0.18393782383419688,0.0,0.810880829015544,0.0,0.0,0.08031088082901554,0.10880829015544041,0.12694300518134716,1.4922279792746114,0.5751295336787565,0.0,0.2927461139896373,0.6813471502590673,0.025906735751295335,16.10880829015544,0.04404145077720207,2.577720207253886,0.0,4.432642487046632,2.9507772020725387,0.2616580310880829,6.5025906735751295,0.08290155440414508,0.0,0.266839378238342,0.0,0.0,0.7590673575129534,20.797927461139896,2.243523316062176,0.0,0.0,0.038860103626943004,0.0,0.5025906735751295,0.582901554404145,1.9248704663212435,0.08031088082901554,15.150259067357513
1240,1664,4,0.473015873015873,0.06349206349206349,0.22857142857142856,2.552380952380952,0.0,0.0,0.0,0.08253968253968254,0.0,0.0,0.0,0.0,0.0,0.13333333333333333,0.0,0.0,0.08888888888888889,0.3142857142857143,0.0,11.250793650793652,0.0,2.6126984126984127,0.0,7.193650793650794,1.1936507936507936,0.0031746031746031746,3.3555555555555556,0.0,0.0,0.0,0.0,0.0,0.0,9.914285714285715,1.2158730158730158,0.0,0.0,0.022222222222222223,0.0,0.6031746031746031,0.49523809523809526,0.0,0.047619047619047616,3.5714285714285716
1233,1132,4,0.5488505747126436,0.06609195402298851,1.75,2.2614942528735633,0.0,0.0,0.0,0.0,0.0,0.0,0.022988505747126436,0.0,0.0,0.13505747126436782,0.031609195402298854,0.0,0.0,0.0,0.0,1.4626436781609196,0.15229885057471265,3.1867816091954024,0.0,0.8275862068965517,0.5402298850574713,0.5459770114942529,10.28735632183908,0.0,0.25,1.2298850574712643,0.0,0.0,0.0,11.844827586206897,0.9597701149425287,0.0,0.7528735632183908,0.42528735632183906,0.0,0.27586206896551724,1.5344827586206897,0.0,0.03735632183908046,0.014367816091954023
1244,1943,4,0.54,0.06571428571428571,1.24,3.54,0.0,0.0,0.0,0.037142857142857144,0.0,0.0,0.0,0.0,0.0,0.16285714285714287,0.014285714285714285,0.0,0.0,0.0,0.0,14.14,0.0,2.6228571428571428,0.0,4.945714285714286,1.7514285714285713,0.32857142857142857,5.98,0.0,0.0,0.002857142857142857,0.02857142857142857,0.0,0.0,13.76,2.0342857142857143,0.0,0.20285714285714285,0.045714285714285714,0.0,0.4257142857142857,0.56,0.0,0.02857142857142857,0.13142857142857142
1243,399,12,0.6864813039309684,0.10546500479386385,0.7018216682646213,3.2550335570469797,0.0,0.0,0.0,0.0,0.0,0.0,0.0,0.0,0.0,0.003835091083413231,0.023969319271332695,0.0,0.0,0.0,0.0,11.38255033557047,0.014381591562799617,5.199424736337488,0.0,14.166826462128476,2.444870565675935,0.37392138063279,5.926174496644295,0.0,0.0,0.12080536912751678,0.0,0.0,0.0,16.899328859060404,1.8485139022051773,0.0,0.10450623202301054,0.10067114093959731,0.0,0.9837008628954937,0.638542665388303,0.0,0.037392138063279005,0.0
1242,888,4,0.5134370579915134,0.09335219236209336,0.12871287128712872,4.026874115983027,0.12164073550212164,0.21216407355021216,0.0,1.5148514851485149,0.0,0.0,0.036775106082036775,0.0,0.0,1.9123055162659124,0.5954738330975955,0.0,0.28005657708628007,0.4695898161244696,0.20084865629420084,11.482319660537483,0.0,3.4144271570014144,0.0,4.42998585572843,3.1895332390381896,1.5176803394625178,5.28995756718529,0.2376237623762376,0.0,0.07637906647807638,0.0,0.0,0.45403111739745405,15.541725601131542,2.4115983026874117,0.0,0.014144271570014143,0.10183875530410184,0.0,0.3507779349363508,0.5134370579915134,0.0,0.06506364922206506,3.485148514851485
1238,1117,4,0.6227897838899804,0.0550098231827112,1.424361493123772,3.369351669941061,0.0,0.0,0.0,0.10609037328094302,0.0,0.0,0.0,0.0,0.0,0.08840864440078586,0.007858546168958742,0.0,0.0,0.003929273084479371,0.0,12.461689587426326,0.0412573673870334,2.294695481335953,0.0,5.903732809430255,1.5599214145383105,0.48722986247544203,7.911591355599215,0.0,0.0,0.03339882121807466,0.0,0.0,0.0,13.204322200392927,1.799607072691552,0.0,0.5127701375245579,0.14931237721021612,0.0,0.38703339882121807,0.5147347740667977,0.0,0.0550098231827112,0.08447937131630648
1231,1470,7,0.5859872611464968,0.06369426751592357,0.2356687898089172,5.10828025477707,0.0,0.0,0.0,0.0,0.0,0.0,0.0,0.0,0.0,0.012738853503184714,0.0,0.0,0.0,0.0,0.0,15.528662420382165,0.0,2.5414012738853504,0.0,13.796178343949045,3.910828025477707,0.0,1.5031847133757963,0.0,0.0,0.012738853503184714,0.2802547770700637,0.0,0.0,20.29936305732484,3.4140127388535033,0.0,0.28662420382165604,0.0,0.0,1.1146496815286624,0.6496815286624203,0.0,0.07643312101910828,0.0
1244,1913,4,0.621301775147929,0.2603550295857988,1.9881656804733727,7.461538461538462,0.0,0.0,0.0,0.0,0.0,0.0,0.26627218934911245,0.0,0.0,0.9349112426035503,0.01775147928994083,0.0,0.0,0.0,0.8047337278106509,7.538461538461538,0.03550295857988166,6.195266272189349,0.0,2.301775147928994,0.35502958579881655,0.13609467455621302,10.420118343195266,0.0,0.011834319526627219,0.40236686390532544,0.0,0.03550295857988166,0.0,16.071005917159763,1.3609467455621302,0.0,0.40828402366863903,0.3254437869822485,0.0,0.11242603550295859,10.449704142011834,0.0,0.03550295857988166,0.17159763313609466
1235,762,4,0.6782522343594836,0.08937437934458789,0.579940417080437,3.9404170804369416,0.0,0.0,0.0,0.013902681231380337,0.0,0.0,0.0,0.0,0.0,0.010923535253227408,0.0,0.0,0.0,0.0,0.0,10.17775571002979,0.0,4.17279046673287,0.0,10.217477656405164,2.2929493545183712,0.38232373386295926,5.091360476663357,0.0,0.0,0.21747765640516387,0.0,0.0,0.0,19.501489572989076,2.23038728897716,0.0,0.2512413108242304,0.06951340615690169,0.0,0.6832174776564052,0.6852035749751738,0.0,0.038728897715988087,0.011916583912611719
1232,841,4,0.7025316455696202,0.08860759493670886,0.9113924050632911,4.620253164556962,0.0,0.0,0.0,0.0,0.0,0.0,0.0,0.0,0.0,0.0,0.0,0.0,0.0,0.0,0.0,15.556962025316455,0.0,1.4936708860759493,0.0,8.240506329113924,2.651898734177215,0.25949367088607594,3.4873417721518987,0.0,0.0,0.0,0.14556962025316456,0.0,0.0,17.025316455696203,2.8987341772151898,0.0,0.08860759493670886,0.012658227848101266,0.0,0.43670886075949367,0.6012658227848101,0.0,0.02531645569620253,0.0
1238,908,12,0.7077922077922078,0.09090909090909091,1.2922077922077921,3.2142857142857144,0.0,0.0,0.0,0.0,0.0,0.0,0.0,0.0,0.0,0.0,0.0,0.0,0.0,0.0,0.0,9.279220779220779,0.0,2.357142857142857,0.0,7.558441558441558,1.7662337662337662,0.2792207792207792,4.3441558441558445,0.0,0.0,0.025974025974025976,0.0,0.0,0.0,13.62987012987013,2.0,0.0,0.2662337662337662,0.06493506493506493,0.0,0.3961038961038961,0.6688311688311688,0.0,0.025974025974025976,0.0
1236,1509,4,0.5941499085923218,0.09872029250457039,0.7714808043875686,3.5009140767824496,0.0,0.0,0.0,0.3802559414990859,0.0,0.0,0.0,0.0,0.0,0.603290676416819,0.12797074954296161,0.0,0.0,0.16453382084095064,0.0,10.09689213893967,0.0,3.1956124314442413,0.0,9.464351005484462,2.96526508226691,0.24862888482632542,5.010968921389397,0.0,0.0,0.021937842778793418,0.0,0.0,0.0,13.718464351005485,2.1755027422303472,0.0,0.15722120658135283,0.1206581352833638,0.0,0.6928702010968921,0.5813528336380256,0.0,0.043875685557586835,3.8756855575868374
1244,146,12,0.5454545454545454,0.10606060606060606,0.24025974025974026,4.478354978354979,0.0,0.021645021645021644,0.0,0.1645021645021645,0.0,0.0,0.0,0.0,0.0,0.4090909090909091,0.047619047619047616,0.0,0.0,0.0,0.0,12.703463203463203,0.0021645021645021645,2.7554112554112553,0.0,8.48917748917749,1.878787878787879,0.2619047619047619,4.428571428571429,0.0,0.16666666666666666,0.7445887445887446,0.0,0.0,0.0,18.645021645021647,2.6623376623376624,0.0,0.41125541125541126,0.2077922077922078,0.0,0.6601731601731602,0.6060606060606061,0.0,0.032467532467532464,1.0346320346320346
1240,546,7,0.5379188712522046,0.08818342151675485,0.48324514991181655,2.6631393298059964,0.0,0.0,0.0,0.5238095238095238,0.0,0.0,0.0,0.0,0.0,0.6790123456790124,0.37566137566137564,0.0,0.0,0.07054673721340388,0.0,10.324514991181658,0.007054673721340388,9.174603174603174,0.0,8.4673721340388,2.0388007054673722,0.26278659611992944,5.897707231040564,0.0,0.0,0.0,0.0,0.0,0.0,10.610229276895943,1.4038800705467371,0.0,0.07407407407407407,0.024691358024691357,0.0,0.8871252204585538,0.48853615520282184,0.10934744268077601,0.05291005291005291,6.114638447971782
1245,1460,11,0.5288065843621399,0.10493827160493827,0.07818930041152264,5.148148148148148,0.0,0.0,0.0,0.0,0.0,0.0,0.4567901234567901,0.0,0.05555555555555555,1.3991769547325104,0.48148148148148145,0.0,0.0,0.0,0.3374485596707819,15.654320987654321,0.0,2.5699588477366255,0.0,10.627572016460906,5.816872427983539,0.24691358024691357,4.421810699588478,0.0,0.0,0.0,0.0,0.16049382716049382,0.0,19.45679012345679,3.7181069958847734,0.0,0.13168724279835392,0.07407407407407407,0.03497942386831276,0.8600823045267489,0.5185185185185185,0.0,0.06995884773662552,1.617283950617284
1245,255,4,0.6554878048780488,0.1798780487804878,0.3170731707317073,7.649390243902439,0.0,0.0,0.0,0.21646341463414634,0.0,0.0,0.0,0.0,0.0,0.3445121951219512,0.0,0.0,0.0,0.0,0.003048780487804878,10.829268292682928,0.018292682926829267,3.6371951219512195,0.0,8.890243902439025,1.475609756097561,0.04573170731707317,5.307926829268292,0.0,0.14634146341463414,0.34146341463414637,0.07317073170731707,0.0,0.3475609756097561,17.61890243902439,2.1859756097560976,0.0,0.039634146341463415,0.2225609756097561,0.0,0.6798780487804879,3.5365853658536586,0.0,0.04573170731707317,0.04878048780487805
1236,866,4,0.5,0.06402439024390244,0.5152439024390244,2.408536585365854,0.0,0.0,0.0,0.0,0.0,0.0,0.0,0.0,0.0,0.010670731707317074,0.0,0.0,0.0,0.0,0.0,10.294207317073171,0.0,2.236280487804878,0.0,3.1783536585365852,1.3003048780487805,0.0,4.202743902439025,0.0,0.0,0.10365853658536585,0.0,0.0,0.0,10.176829268292684,1.3140243902439024,0.0,0.0,0.1875,0.0,0.18597560975609756,0.4740853658536585,0.0,0.028963414634146343,0.0
1242,609,12,0.6498800959232613,0.1079136690647482,0.7194244604316546,4.45083932853717,0.0,0.0,0.0,0.0,0.0,0.0,0.0,0.0,0.0,0.0,0.0,0.0,0.0,0.0,0.0,14.640287769784173,0.002398081534772182,2.393285371702638,0.0,10.11031175059952,3.1079136690647484,0.2446043165467626,4.424460431654676,0.0,0.0,0.11031175059952038,0.21103117505995203,0.0,0.0,16.520383693045563,2.800959232613909,0.0,0.03357314148681055,0.016786570743405275,0.0,0.6618705035971223,0.5899280575539568,0.0,0.03597122302158273,0.0
1244,1759,4,0.7413127413127413,0.07915057915057915,0.3359073359073359,4.22972972972973,0.0,0.06756756756756757,0.0,0.18725868725868725,0.0,0.0,0.10424710424710425,0.0,0.0,1.0347490347490347,0.39575289575289574,0.0,0.0,0.4247104247104247,0.27606177606177607,9.903474903474903,0.0,3.5212355212355213,0.0,7.461389961389961,3.0849420849420848,0.6061776061776062,6.5,0.16023166023166024,0.0,0.0,0.0,0.0,0.0,16.486486486486488,2.8552123552123554,0.0,0.5984555984555985,0.10617760617760617,0.0019305019305019305,0.48455598455598453,0.6003861003861004,0.0,0.11196911196911197,0.859073359073359
1237,1882,15,0.5315712187958884,0.07782672540381791,0.6916299559471366,3.444933920704846,0.0,0.0,0.0,0.0,0.0,0.0,0.042584434654919234,0.0,0.0,0.28928046989721,0.14684287812041116,0.0,0.0,0.0,0.0,12.129221732745961,0.0,3.5212922173274595,0.0,9.415565345080763,1.4419970631424377,0.5110132158590308,6.4375917767988255,0.0,0.17914831130690162,0.28046989720998533,0.0,0.0,0.0,16.13509544787078,1.671071953010279,0.0,0.10425844346549193,0.0,0.0,0.5961820851688693,0.6916299559471366,0.0,0.05873715124816446,0.0
1239,229,4,0.5097087378640777,0.05825242718446602,0.2524271844660194,3.2135922330097086,0.0,0.0,0.0,0.20388349514563106,0.0,0.0,0.0,0.0,0.0,0.05825242718446602,0.0,0.0,0.0,0.0,0.0,2.8349514563106797,0.0,6.470873786407767,0.0,1.3883495145631068,1.0436893203883495,0.22330097087378642,3.5679611650485437,0.0,0.0,0.0,0.0,0.0,0.0,19.160194174757283,2.2135922330097086,0.0,0.0,0.0,0.0,0.06796116504854369,0.5533980582524272,0.0,0.014563106796116505,0.0
1243,959,12,0.5616045845272206,0.08882521489971347,0.5329512893982808,2.979942693409742,0.0,0.0,0.0,0.0,0.0,0.0,0.0,0.0,0.0,0.14326647564469913,0.0,0.0,0.0,0.0,0.0,7.541547277936963,0.0,2.28080229226361,0.0,4.30945558739255,2.0916905444126073,0.0,3.991404011461318,0.0,0.0,0.0,0.06303724928366762,0.0,0.0,12.6189111747851,1.997134670487106,0.0,0.0,0.12607449856733524,0.0,0.3753581661891118,0.4785100286532951,0.0,0.04297994269340974,0.0
1242,1376,4,0.614,0.076,0.332,4.35,0.0,0.002,0.0,0.188,0.0,0.006,0.058,0.0,0.0,0.278,0.106,0.0,0.03,0.048,0.106,13.758,0.0,2.932,0.0,8.396,3.694,0.054,4.032,0.0,0.0,0.046,0.108,0.0,0.0,18.092,3.284,0.0,0.074,0.0,0.002,0.676,0.554,0.0,0.056,1.858
1247,1558,4,0.7676537585421412,0.06150341685649203,0.3439635535307517,3.7904328018223237,0.0,0.0,0.0,0.0,0.0,0.0,0.011389521640091117,0.0,0.0,0.04555808656036447,0.002277904328018223,0.0,0.0,0.0,0.09567198177676538,11.601366742596811,0.0,2.4646924829157175,0.0,8.676537585421412,1.9908883826879271,0.16856492027334852,4.667425968109339,0.0,0.0,0.12984054669703873,0.00683371298405467,0.0,0.0,16.378132118451024,2.407744874715262,0.0,0.0,0.03189066059225513,0.0,0.621867881548975,0.6287015945330297,0.0,0.06605922551252848,0.0
1241,2005,4,0.5118898623279099,0.08135168961201501,1.1714643304130163,4.0638297872340425,0.0,0.0,0.0,0.15018773466833543,0.0,0.0,0.0,0.13642052565707133,0.0,0.18523153942428036,0.07634543178973717,0.0,0.08886107634543179,0.01376720901126408,0.0,9.425531914893616,0.058823529411764705,4.454317897371714,0.0,4.9123904881101375,1.4518147684605758,0.574468085106383,7.336670838548185,0.0,0.15143929912390489,0.3742177722152691,0.0,0.0,0.0,18.05006257822278,1.9874843554443054,0.0,0.25782227784730916,0.23404255319148937,0.0,0.40801001251564456,3.2227784730913642,0.025031289111389236,0.04505632040050062,7.396745932415519
1244,810,12,0.6918238993710691,0.11949685534591195,1.1383647798742138,4.1928721174004195,0.0,0.0,0.0,0.0,0.0,0.0,0.0,0.0,0.0,0.0,0.0,0.0,0.0,0.0,0.0,14.727463312368974,0.04612159329140461,3.511530398322851,0.0,8.945492662473795,2.5786163522012577,0.27253668763102723,5.071278825995807,0.0,0.0,0.22431865828092243,0.0,0.0,0.0,20.343815513626833,2.3186582809224316,0.0,0.2431865828092243,0.0,0.0,0.5639412997903563,0.6121593291404612,0.0,0.0440251572327044,0.0
1243,1279,12,0.7420560747663552,0.09719626168224299,0.34953271028037386,3.274766355140187,0.0,0.0,0.0,0.44672897196261685,0.0,0.0,0.0,0.0,0.0,0.2841121495327103,0.05046728971962617,0.0,0.12897196261682242,0.30093457943925234,0.0,6.885981308411215,0.0,2.566355140186916,0.0,4.370093457943925,1.3663551401869158,0.19065420560747665,3.2467289719626167,0.0,0.0,0.04672897196261682,0.0,0.0,0.0,14.106542056074767,2.338317757009346,0.0,0.0,0.09158878504672897,0.0,0.5719626168224299,0.6130841121495327,0.0,0.03364485981308411,4.093457943925234
1252,1359,4,0.5792682926829268,0.10365853658536585,0.5853658536585366,2.7398373983739837,0.03861788617886179,0.15040650406504066,0.0,0.9451219512195121,0.0,0.0,0.0,0.13821138211382114,0.06300813008130081,0.8414634146341463,0.29065040650406504,0.0,0.11991869918699187,0.3130081300813008,0.0020325203252032522,12.453252032520325,0.02032520325203252,2.430894308943089,0.0,3.1747967479674797,1.4308943089430894,0.14227642276422764,6.75,0.0,0.0,0.06910569105691057,0.0,0.0,0.0,14.040650406504065,1.3495934959349594,0.0,0.0,0.08333333333333333,0.0,0.5630081300813008,0.6178861788617886,4.975609756097561,0.054878048780487805,15.518292682926829
1236,30,4,0.7624565469293163,0.07531865585168018,0.884125144843569,4.323290845886443,0.0,0.0,0.0,0.0011587485515643105,0.0,0.0,0.0,0.0,0.0,0.011587485515643106,0.0,0.0,0.006952491309385863,0.0,0.004634994206257242,12.745075318655852,0.008111239860950173,2.8516801853997684,0.0,6.505214368482039,2.339513325608343,0.11935110081112399,6.009269988412514,0.0,0.0,0.15990730011587487,0.12282734646581692,0.0,0.0,19.108922363847046,2.653534183082271,0.0,0.028968713789107765,0.039397450753186555,0.0,0.47740440324449596,0.6465816917728853,0.0,0.07184241019698726,0.0
1249,1252,4,0.5365853658536586,0.04878048780487805,1.6341463414634145,1.5609756097560976,0.0,0.0,0.0,0.0,0.0,0.0,0.0,0.0,0.0,0.0,0.0,0.0,0.0,0.0,0.0,2.8292682926829267,0.0,1.5121951219512195,0.0,0.6829268292682927,0.024390243902439025,0.36585365853658536,8.365853658536585,0.0,0.0,0.0,0.0,0.0,0.0,7.780487804878049,0.6585365853658537,0.0,0.0975609756097561,0.4878048780487805,0.0,0.0,0.5609756097560976,0.0,0.07317073170731707,0.0
1260,113,4,1.7664359861591696,0.04844290657439446,0.6955017301038062,3.102076124567474,0.0,0.0328719723183391,0.0,0.1453287197231834,0.0,0.005190311418685121,0.0,0.23875432525951557,0.0,0.12283737024221453,0.006920415224913495,0.0,0.0034602076124567475,0.00865051903114187,0.0,5.467128027681661,0.0,1.7958477508650519,0.0,2.140138408304498,1.9826989619377162,0.15916955017301038,6.465397923875432,0.0,0.0,0.21107266435986158,0.0,0.0,0.0,15.503460207612457,1.980968858131488,0.0,0.04325259515570934,0.031141868512110725,0.0,0.12802768166089964,0.828719723183391,2.5242214532871974,0.9083044982698962,16.980968858131487
1242,683,15,0.6034712950600801,0.08210947930574099,0.5600801068090788,2.9265687583444593,0.0,0.0006675567423230974,0.0,0.1081441922563418,0.0,0.0,0.0,0.0,0.0,0.17890520694259013,0.09879839786381843,0.0,0.0,0.02870493991989319,0.0,12.971295060080108,0.0,3.7823765020026703,0.0,6.6882510013351135,2.1261682242990654,0.12750333778371162,5.549399198931909,0.0,0.044058744993324434,0.0,0.0,0.0,0.0,11.01268357810414,1.5534045393858478,0.0,0.04138851802403204,0.04539385847797063,0.0,0.49732977303070763,0.49732977303070763,0.006008010680907877,0.03137516688918558,0.43324432576769023
1240,1178,4,0.5114942528735632,0.08333333333333333,0.5804597701149425,3.2586206896551726,0.0,0.04597701149425287,0.0,0.46839080459770116,0.0,0.0,0.008620689655172414,0.0,0.031609195402298854,0.4540229885057471,0.10344827586206896,0.0,0.0,0.0,0.0028735632183908046,8.221264367816092,0.0,2.971264367816092,0.0,4.790229885057471,1.5402298850574712,0.1925287356321839,4.7155172413793105,0.0,0.0,0.0,0.10057471264367816,0.0,0.0,13.600574712643677,2.0977011494252875,0.0,0.07471264367816093,0.05747126436781609,0.0,0.41379310344827586,0.5977011494252874,0.0,0.031609195402298854,0.0
1248,282,15,0.5330396475770925,0.039647577092511016,1.171806167400881,2.907488986784141,0.0,0.0,0.0,0.1013215859030837,0.0,0.0,0.0,0.0,0.013215859030837005,0.21585903083700442,0.048458149779735685,0.0,0.0,0.03524229074889868,0.0,7.766519823788546,0.05286343612334802,2.2775330396475773,0.0,2.995594713656388,1.0969162995594715,0.07488986784140969,5.73568281938326,0.0,0.0,0.2643171806167401,0.0,0.0,0.0,13.740088105726873,1.8061674008810573,0.0,0.22466960352422907,0.08370044052863436,0.0,0.15418502202643172,0.5638766519823789,0.0,0.06167400881057269,0.19383259911894274
1241,567,4,0.44756554307116103,0.09550561797752809,0.2958801498127341,2.7940074906367043,0.0,0.0299625468164794,0.0,0.34831460674157305,0.0,0.0,0.0,0.0,0.011235955056179775,0.7696629213483146,0.18164794007490637,0.0,0.0,0.0056179775280898875,0.0,9.897003745318353,0.0,2.932584269662921,0.0,7.507490636704119,1.402621722846442,0.22284644194756553,4.895131086142322,0.0,0.0,0.0,0.0,0.0,0.0,10.891385767790263,1.5636704119850187,0.0,0.0,0.05056179775280899,0.0,0.6385767790262172,0.5093632958801498,0.0,0.05056179775280899,1.9868913857677903
1245,1159,4,0.6941176470588235,0.09411764705882353,0.054901960784313725,3.5058823529411764,0.0,0.0,0.0,0.0,0.0,0.0,0.023529411764705882,0.0,0.0,0.18823529411764706,0.03137254901960784,0.0,0.0,0.0,0.06666666666666667,8.760784313725491,0.0,2.4862745098039216,0.0,17.478431372549018,2.4352941176470586,0.17254901960784313,3.6627450980392156,0.0,0.0,0.0,0.0,0.0,0.0,15.831372549019608,2.4156862745098038,0.0,0.30196078431372547,0.00784313725490196,0.0,0.984313725490196,0.5882352941176471,0.0,0.047058823529411764,0.0
1257,1864,4,0.7393939393939394,0.030303030303030304,0.8666666666666667,2.2545454545454544,0.0,0.024242424242424242,0.0,0.5,0.0,0.0,0.0,0.0,0.0,0.4,0.07575757575757576,0.0,0.10606060606060606,0.030303030303030304,0.0,3.3727272727272726,0.0,2.7484848484848485,0.0,1.893939393939394,0.6878787878787879,0.3,6.181818181818182,0.0,0.1484848484848485,0.0030303030303030303,0.0,0.0,0.18787878787878787,12.454545454545455,1.3212121212121213,0.0,6.13030303030303,0.006060606060606061,0.0,0.11212121212121212,0.5606060606060606,0.0,0.03333333333333333,0.01818181818181818
1240,348,15,0.6268796992481203,0.11842105263157894,0.7941729323308271,5.029135338345864,0.0,0.0018796992481203006,0.0,0.012218045112781954,0.0,0.0,0.0,0.0,0.0,0.03759398496240601,0.0,0.0,0.0,0.0,0.0,14.881578947368421,0.016917293233082706,4.234022556390977,0.0,14.765977443609023,3.9661654135338344,0.7772556390977443,7.363721804511278,0.0,0.0,0.0009398496240601503,0.0,0.0,0.03477443609022556,23.854323308270676,2.851503759398496,0.0,0.13909774436090225,0.07048872180451128,0.0,0.9135338345864662,1.7650375939849625,0.0,0.03571428571428571,0.25469924812030076
1243,587,6,0.4247787610619469,0.04424778761061947,0.8230088495575221,2.3628318584070795,0.0,0.0,0.0,0.5221238938053098,0.0,0.0,0.0,0.0,0.0,0.34513274336283184,0.07079646017699115,0.0,0.0,0.0,0.0,2.5486725663716814,0.0,2.3805309734513274,0.0,1.5486725663716814,0.6548672566371682,0.415929203539823,5.823008849557522,0.0,0.0,0.0,0.0,0.0,0.0,10.026548672566372,1.3274336283185841,0.0,0.11504424778761062,0.39823008849557523,0.0,0.02654867256637168,0.5575221238938053,0.0,0.02654867256637168,0.07964601769911504
1241,1800,4,1.0355555555555556,0.10222222222222223,0.2577777777777778,2.7777777777777777,0.0,0.1288888888888889,0.0,0.28888888888888886,0.0,0.0,0.2311111111111111,0.0,0.3244444444444444,1.6311111111111112,0.76,0.0,0.0,0.06222222222222222,0.20444444444444446,10.32,0.0,3.6222222222222222,0.0,7.2844444444444445,2.066666666666667,1.0,9.137777777777778,0.0,0.0,0.0,0.0,0.0,0.0,12.444444444444445,1.4933333333333334,0.0,0.8133333333333334,0.21333333333333335,0.0,0.5333333333333333,0.5555555555555556,0.0,0.28888888888888886,0.0
1244,467,7,0.6058823529411764,0.052941176470588235,0.5,3.052941176470588,0.0,0.052941176470588235,0.0,0.052941176470588235,0.0,0.0,0.0,0.0,0.0,0.047058823529411764,0.0,0.0,0.0,0.0,0.0,3.9705882352941178,0.0,3.0,0.0,4.3352941176470585,0.788235294117647,0.23529411764705882,7.811764705882353,0.0,0.0,0.13529411764705881,0.0,0.0,0.0,16.305882352941175,1.6764705882352942,0.0,0.27647058823529413,0.01764705882352941,0.0,0.2,0.7176470588235294,0.0,0.01764705882352941,0.0
1252,779,4,0.4935897435897436,0.0641025641025641,0.02564102564102564,3.2435897435897436,0.0,0.0,0.0,0.6923076923076923,0.0,0.0,0.4358974358974359,0.0,0.0,1.2435897435897436,0.14102564102564102,0.0,0.0,0.038461538461538464,0.5705128205128205,2.948717948717949,0.0,3.41025641025641,0.0,2.7115384615384617,2.0705128205128207,0.3717948717948718,4.352564102564102,0.0,0.0,0.0,0.0,0.0,0.0,13.243589743589743,2.16025641025641,0.0,0.5384615384615384,0.0,0.0,0.14102564102564102,0.5256410256410257,0.0,0.09615384615384616,2.4615384615384617
1245,832,4,0.6772867420349434,0.11202466598150052,1.0483042137718397,4.137718396711202,0.0,0.0,0.0,0.13052415210688592,0.0,0.0,0.0,0.0,0.0,0.11510791366906475,0.03391572456320658,0.0,0.20452209660842754,0.007194244604316547,0.0,13.981500513874614,0.0,2.040082219938335,0.0,12.083247687564235,4.44912641315519,0.3227132579650565,3.645426515930113,0.0,0.0,0.0421377183967112,0.0,0.0,0.0,15.241521068859198,2.4110996916752314,0.0,0.5580678314491264,0.09969167523124357,0.0,0.7821171634121274,0.5775950668036999,0.0,0.03391572456320658,0.1079136690647482
1246,1105,4,0.7426470588235294,0.1323529411764706,0.6139705882352942,3.9375,0.0,0.0,0.0,0.21323529411764705,0.0,0.0,0.0,0.0,0.0,0.22058823529411764,0.0,0.0,0.0,0.01838235294117647,0.0,12.095588235294118,0.0,2.4080882352941178,0.0,8.959558823529411,2.3125,0.12867647058823528,4.055147058823529,0.0,0.0,0.1323529411764706,0.0,0.0,0.0,15.051470588235293,2.6176470588235294,0.0,0.0,0.0,0.0,0.6323529411764706,0.5110294117647058,0.0,0.022058823529411766,0.6139705882352942
1249,1479,7,0.589041095890411,0.0547945205479452,0.3561643835616438,4.095890410958904,0.0,0.0,0.0,0.0,0.0,0.0,0.0,0.0,0.0,0.0273972602739726,0.0136986301369863,0.0,0.0,0.0,0.0,11.876712328767123,0.0,2.006849315068493,0.0,8.965753424657533,2.5342465753424657,0.0,2.3219178082191783,0.0,0.0,0.0136986301369863,0.19863013698630136,0.0,0.0,17.767123287671232,2.6986301369863015,0.0,0.0684931506849315,0.04794520547945205,0.0,0.5821917808219178,0.4452054794520548,0.0,0.0547945205479452,0.0
1245,1618,4,0.5069252077562327,0.11911357340720222,1.1717451523545706,4.011080332409972,0.0,0.0,0.0,0.04155124653739612,0.0,0.0,0.4903047091412742,0.0,0.0,1.1689750692520775,0.002770083102493075,0.0,0.0,0.0,1.6731301939058172,13.32409972299169,0.0110803324099723,2.6204986149584486,0.0,4.728531855955679,0.9224376731301939,0.45706371191135736,8.285318559556787,0.0,0.0,0.5429362880886427,0.0,0.14127423822714683,0.019390581717451522,16.764542936288088,1.6620498614958448,0.0,0.3961218836565097,0.07756232686980609,0.0,0.3047091412742382,0.8033240997229917,0.0,0.0664819944598338,4.595567867036011
1247,1985,4,0.5545454545454546,0.05909090909090909,0.6863636363636364,4.3,0.0,0.0,0.0,0.05454545454545454,0.0,0.0,0.0,0.0,0.0,0.004545454545454545,0.0,0.0,0.0,0.0,0.0,8.836363636363636,0.07727272727272727,3.6636363636363636,0.0,3.590909090909091,1.25,0.37727272727272726,5.659090909090909,0.0,0.0,0.29545454545454547,0.24545454545454545,0.0,0.0,20.477272727272727,2.5863636363636364,0.0,0.0,0.14545454545454545,0.0,0.1590909090909091,1.3363636363636364,0.0,0.03636363636363636,0.0
1249,377,7,1.014336917562724,0.07526881720430108,0.9605734767025089,3.706093189964158,0.0,0.0,0.0,0.010752688172043012,0.0,0.0,0.0,0.0,0.0,0.08243727598566308,0.0,0.0,0.0,0.0,0.0,7.100358422939068,0.0,5.888888888888889,0.0,4.870967741935484,1.6164874551971327,0.34767025089605735,5.541218637992832,0.0,0.0,0.12903225806451613,0.0,0.0,0.0,19.99283154121864,2.017921146953405,0.0,0.23655913978494625,0.0,0.0,0.27956989247311825,0.6415770609318996,0.0,0.0967741935483871,0.0
1254,432,15,0.5483028720626631,0.13577023498694518,0.22715404699738903,4.253263707571802,0.02610966057441253,0.04699738903394256,0.0,0.7389033942558747,0.0,0.0,0.34203655352480417,0.0,0.0,2.174934725848564,0.6997389033942559,0.0,0.0,0.19843342036553524,1.433420365535248,15.830287206266318,0.0,5.258485639686684,0.0,4.7911227154047,2.681462140992167,0.7154046997389034,6.493472584856397,0.0026109660574412533,0.0,0.0,0.0,0.0,0.0,14.091383812010443,2.2193211488250655,0.0,0.005221932114882507,0.11488250652741515,0.0,0.34203655352480417,0.5013054830287206,0.0,0.0731070496083551,3.3107049608355092
1262,974,12,0.5652173913043478,0.050434782608695654,0.21565217391304348,2.2730434782608695,0.0,0.09217391304347826,0.0,0.8678260869565217,0.0,0.0,0.04,0.0,0.0,1.4504347826086956,0.27652173913043476,0.0,0.0,0.0,0.17739130434782607,3.262608695652174,0.0,4.18608695652174,0.0,2.8904347826086956,0.9808695652173913,0.9026086956521739,8.459130434782608,0.0,0.0,0.1617391304347826,0.0,0.0,0.0,11.121739130434783,1.3043478260869565,0.0,0.9130434782608695,0.26608695652173914,0.0,0.12173913043478261,0.5026086956521739,0.0,0.06782608695652174,0.01217391304347826
1247,65,4,0.5595794392523364,0.08644859813084112,0.352803738317757,4.1577102803738315,0.0,0.036214953271028034,0.0,0.29439252336448596,0.0,0.0011682242990654205,0.08177570093457943,0.0,0.035046728971962614,0.5876168224299065,0.2780373831775701,0.0,0.0794392523364486,0.16705607476635514,0.12733644859813084,13.105140186915888,0.0,3.892523364485981,0.0,8.551401869158878,3.6799065420560746,0.18341121495327103,3.869158878504673,0.0,0.0,0.10981308411214953,0.169392523364486,0.0,0.054906542056074766,16.921728971962615,2.883177570093458,0.0,0.11799065420560748,0.0,0.028037383177570093,0.7394859813084113,0.5630841121495327,0.0,0.04906542056074766,1.5011682242990654
1245,337,12,0.5179856115107914,0.08633093525179857,0.2446043165467626,2.9388489208633093,0.0,0.0,0.0,0.0,0.0,0.0,0.0,0.0,0.0,0.0,0.0,0.0,0.0,0.0,0.0,13.158273381294965,0.0,2.2338129496402876,0.0,7.496402877697841,2.172661870503597,0.09352517985611511,3.884892086330935,0.0,0.0,0.007194244604316547,0.0,0.0,0.0,11.276978417266188,1.776978417266187,0.0,0.014388489208633094,0.0035971223021582736,0.0,0.4748201438848921,0.4172661870503597,0.0,0.04316546762589928,0.0
1246,83,4,0.452991452991453,0.03418803418803419,1.0427350427350428,1.8803418803418803,0.0,0.0,0.0,1.4188034188034189,0.0,0.0,0.0,0.0,0.0,0.8547008547008547,0.3076923076923077,0.0,0.0,0.2222222222222222,0.0,2.376068376068376,0.0,2.7264957264957266,0.0,1.2478632478632479,0.6495726495726496,0.26495726495726496,5.846153846153846,0.0,0.0,0.0,0.0,0.0,0.0,8.572649572649572,1.017094017094017,0.0,0.0,0.0,0.0,0.27350427350427353,0.4444444444444444,0.0,0.06837606837606838,0.7350427350427351
1252,327,12,1.0078125,0.109375,0.21875,3.296875,0.0,0.0,0.0,0.0,0.0,0.0,0.0,0.0,0.0,0.0,0.0,0.0,0.0,0.0,0.0,12.578125,0.0,2.46875,0.0,10.5078125,3.609375,0.0,2.3984375,0.0,0.0,0.0,0.0,0.0,0.0,11.6328125,2.015625,0.0,0.0,0.0,0.0,0.703125,0.453125,0.0,0.1953125,0.0
1259,526,4,0.5921450151057401,0.07250755287009064,0.8338368580060423,2.43202416918429,0.0,0.0,0.0,0.8036253776435045,0.0,0.0,0.0,0.0,0.0,0.6555891238670695,0.23867069486404835,0.0,0.0,0.09063444108761329,0.0,4.259818731117825,0.04229607250755287,3.120845921450151,0.0,2.187311178247734,0.879154078549849,0.38368580060422963,7.598187311178248,0.0,0.0,0.0,0.0,0.0,0.0,10.939577039274925,1.5075528700906344,0.0,0.0,0.0755287009063444,0.0,0.5740181268882175,0.5709969788519638,0.0,0.03323262839879154,2.598187311178248
1259,851,4,0.5170340681362725,0.08016032064128256,0.0,3.8196392785571143,0.0,0.0,0.0,0.01002004008016032,0.0,0.0,0.006012024048096192,0.0,0.0,0.37074148296593185,0.09018036072144289,0.0,0.0,0.03807615230460922,0.07615230460921844,9.086172344689379,0.0,2.529058116232465,0.0,10.783567134268537,2.190380761523046,0.3847695390781563,3.428857715430862,0.0,0.0,0.0,0.0,0.0,0.0,14.94188376753507,2.19438877755511,0.0,0.4188376753507014,0.03206412825651302,0.0,0.6392785571142284,0.6112224448897795,0.0,0.03206412825651302,0.0
1252,212,4,0.8576687116564418,0.10920245398773006,0.5226993865030675,5.008588957055215,0.0,0.0,0.0,0.006134969325153374,0.0,0.0,0.0,0.0,0.0,0.08098159509202454,0.0,0.0,0.0,0.006134969325153374,0.0,19.099386503067485,0.0,2.5300613496932516,0.0,8.229447852760735,3.9337423312883435,0.18404907975460122,4.338650306748466,0.0,0.0,0.0049079754601227,0.19754601226993865,0.0,0.0,19.23926380368098,3.414723926380368,0.0,0.09202453987730061,0.1423312883435583,0.0,0.5656441717791411,0.6061349693251534,0.0,0.03803680981595092,0.0
1256,658,6,0.5577889447236181,0.06281407035175879,0.39195979899497485,3.4824120603015074,0.0,0.0,0.0,0.07537688442211055,0.0,0.0,0.0,0.0,0.0,0.04522613065326633,0.0,0.0,0.0,0.0,0.0,12.032663316582914,0.04020100502512563,2.630653266331658,0.0,5.1959798994974875,2.3618090452261304,0.0,3.78643216080402,0.0,0.0,0.0,0.1457286432160804,0.0,0.0,13.022613065326633,2.090452261306533,0.0,0.005025125628140704,0.09296482412060302,0.0,0.36683417085427134,0.42462311557788945,0.0,0.04020100502512563,0.0
1258,946,7,0.5671641791044776,0.0955223880597015,0.32686567164179103,4.447761194029851,0.0,0.020895522388059702,0.0,0.08656716417910448,0.0,0.0,0.2955223880597015,0.0,0.3208955223880597,1.5925373134328358,0.11940298507462686,0.0,0.0,0.0,0.034328358208955224,14.452238805970149,0.0,1.864179104477612,0.0,9.8,3.3358208955223883,0.34626865671641793,5.602985074626866,0.0,0.0,0.06567164179104477,0.0,0.07313432835820896,0.0,16.247761194029852,2.8238805970149254,0.0,0.14477611940298507,0.008955223880597015,0.0029850746268656717,0.5850746268656717,0.5567164179104478,0.0,0.0791044776119403,3.2701492537313435
1256,1600,4,0.573394495412844,0.08027522935779817,0.4541284403669725,3.31651376146789,0.022935779816513763,0.03211009174311927,0.0,0.46788990825688076,0.0,0.0,0.2958715596330275,0.0,0.04357798165137615,1.0756880733944953,0.42201834862385323,0.0,0.13073394495412843,0.24311926605504589,0.48394495412844035,10.197247706422019,0.0,3.123853211009174,0.0,9.438073394495413,1.8371559633027523,0.17889908256880735,4.527522935779817,0.0,0.0,0.13761467889908258,0.0,0.0,0.24311926605504589,14.626146788990825,2.227064220183486,0.0,0.25229357798165136,0.0,0.07339449541284404,0.7155963302752294,0.6238532110091743,0.0,0.0871559633027523,3.7155963302752295
1250,1128,15,0.5,0.14347826086956522,0.6978260869565217,5.456521739130435,0.0,0.006521739130434782,0.0,0.04565217391304348,0.0,0.0,0.0,0.0,0.0,0.18695652173913044,0.002173913043478261,0.0,0.04565217391304348,0.0,0.1956521739130435,11.906521739130435,0.11956521739130435,20.963043478260868,0.0,5.723913043478261,1.4086956521739131,0.5478260869565217,5.756521739130434,0.0,0.0,0.21521739130434783,0.03695652173913044,0.0,0.0,19.071739130434782,2.2695652173913046,0.0,0.02391304347826087,0.06304347826086956,0.0,0.3521739130434783,17.832608695652173,0.0,0.041304347826086954,0.18695652173913044
1261,623,7,0.6830601092896175,0.11475409836065574,0.8907103825136612,4.387978142076503,0.0,0.08743169398907104,0.0,0.6065573770491803,0.0,0.0,0.0546448087431694,0.0,0.0,0.819672131147541,0.34972677595628415,0.0,0.3879781420765027,0.0,0.0273224043715847,13.295081967213115,0.0,3.721311475409836,0.0,8.775956284153006,2.557377049180328,0.41530054644808745,5.284153005464481,0.0,0.0,0.20218579234972678,0.0,0.0,0.0,16.9672131147541,2.092896174863388,0.0,0.28415300546448086,0.060109289617486336,0.01092896174863388,0.6612021857923497,0.726775956284153,0.0,0.07103825136612021,0.03825136612021858
1256,1532,12,0.6194444444444445,0.10277777777777777,0.4513888888888889,4.002777777777778,0.022222222222222223,0.17083333333333334,0.0,0.7722222222222223,0.0,0.0,0.42777777777777776,0.0,0.006944444444444444,1.8652777777777778,0.7402777777777778,0.0,0.0,0.06944444444444445,1.1916666666666667,14.22638888888889,0.029166666666666667,4.0569444444444445,0.0,14.27361111111111,3.433333333333333,1.2208333333333334,8.969444444444445,0.0,0.0,0.059722222222222225,0.0,0.0,0.0,15.386111111111111,2.3777777777777778,0.0,0.37083333333333335,0.24444444444444444,0.31527777777777777,0.9097222222222222,0.525,0.0,0.08333333333333333,3.0708333333333333
1255,305,15,0.5333333333333333,0.10256410256410256,1.0205128205128204,4.138461538461539,0.0,0.01282051282051282,0.0,0.12051282051282051,0.0,0.0,0.0,0.0,0.0,0.441025641025641,0.16666666666666666,0.0,0.0,0.764102564102564,0.0,15.843589743589744,0.04871794871794872,11.11025641025641,0.0,6.441025641025641,1.817948717948718,0.7461538461538462,5.8820512820512825,0.0,0.0,0.43846153846153846,0.0,0.0,0.0,18.335897435897436,2.0025641025641026,0.0,0.36666666666666664,0.37435897435897436,0.0,0.5666666666666667,1.6743589743589744,0.0,0.08205128205128205,8.484615384615385
1255,872,4,0.58994708994709,0.05555555555555555,0.6534391534391535,2.693121693121693,0.0,0.0,0.0,0.4894179894179894,0.0,0.0,0.0,0.0,0.1164021164021164,1.1719576719576719,0.14814814814814814,0.0,0.0,0.0,0.0,4.14021164021164,0.015873015873015872,2.248677248677249,0.0,3.1005291005291005,1.6322751322751323,0.3492063492063492,4.761904761904762,0.0,0.0,0.0,0.0,0.0,0.0,11.214285714285714,1.58994708994709,0.0,0.0,0.03439153439153439,0.0,0.6693121693121693,0.47883597883597884,0.0,0.042328042328042326,3.1904761904761907
1256,1701,12,0.6467236467236467,0.08831908831908832,0.21652421652421652,5.39031339031339,0.0,0.0,0.0,0.0,0.0,0.0,0.0,0.0,0.0,0.0,0.0,0.0,0.0,0.0,0.0,17.672364672364672,0.0,2.339031339031339,0.0,9.957264957264957,4.361823361823362,0.1339031339031339,2.5128205128205128,0.0,0.0,0.0,0.2621082621082621,0.0,0.0,20.296296296296298,3.8176638176638176,0.0,0.03133903133903134,0.09686609686609686,0.0,0.6410256410256411,0.5897435897435898,0.0,0.022792022792022793,0.0
1253,925,12,0.5521885521885522,0.09090909090909091,0.4797979797979798,3.621212121212121,0.1531986531986532,0.3164983164983165,0.0,2.323232323232323,0.0,0.0,0.1447811447811448,0.04882154882154882,0.03198653198653199,2.6414141414141414,0.32491582491582494,0.0,0.0,0.26262626262626265,0.21885521885521886,5.306397306397306,0.07407407407407407,3.0437710437710437,0.0,1.8215488215488216,1.9191919191919191,0.8468013468013468,5.811447811447811,0.2609427609427609,0.0,0.25084175084175087,0.0,0.0,0.7895622895622896,17.44107744107744,1.771043771043771,0.0,0.0723905723905724,0.14814814814814814,0.0,0.2474747474747475,0.7390572390572391,0.0,0.09090909090909091,4.161616161616162
1262,235,4,0.47619047619047616,0.13333333333333333,0.047619047619047616,3.4857142857142858,0.0,0.0,0.0,0.18095238095238095,0.0,0.0,0.0,0.0,0.0,0.3904761904761905,0.0,0.0,0.5333333333333333,1.2380952380952381,0.0,10.476190476190476,0.0,3.3333333333333335,0.0,9.219047619047618,2.3142857142857145,0.26666666666666666,2.638095238095238,0.0,0.0,0.009523809523809525,0.0,0.0,0.0,13.99047619047619,1.9904761904761905,0.0,0.0,0.0,0.0,1.3333333333333333,0.6476190476190476,0.0,0.047619047619047616,8.8
1251,1116,4,0.515625,0.119140625,0.646484375,3.1796875,0.0,0.0,0.0,0.0078125,0.0,0.0,0.0,0.0,0.0,0.060546875,0.0,0.0,0.0,0.0,0.0,12.8984375,0.0,2.392578125,0.0,4.474609375,2.375,0.0,3.486328125,0.0,0.0,0.0,0.033203125,0.0,0.0,12.55078125,2.134765625,0.0,0.0390625,0.10546875,0.0,0.310546875,0.43359375,0.0,0.0234375,0.0
1260,1507,4,0.5,0.08536585365853659,0.08536585365853659,5.7439024390243905,0.0,0.0,0.0,0.0,0.0,0.0,0.23170731707317074,0.0,0.036585365853658534,0.4146341463414634,0.35365853658536583,0.0,0.0,0.0,0.0975609756097561,15.646341463414634,0.0,2.5121951219512195,0.0,15.207317073170731,4.2560975609756095,0.12195121951219512,2.3902439024390243,0.0,0.0,0.5,0.24390243902439024,0.0,0.0,20.29268292682927,3.7439024390243905,0.0,0.47560975609756095,0.024390243902439025,0.04878048780487805,1.146341463414634,0.524390243902439,0.0,0.04878048780487805,1.2439024390243902
1258,1229,4,0.5254730713245997,0.09170305676855896,0.950509461426492,4.097525473071324,0.0,0.0,0.0,0.010189228529839884,0.0,0.0,0.0,0.0,0.0,0.10043668122270742,0.002911208151382824,0.0,0.0,0.001455604075691412,0.0,12.43377001455604,0.036390101892285295,3.2037845705967976,0.0,9.87772925764192,1.420669577874818,0.6229985443959243,7.122270742358078,0.0,0.24745269286754004,0.611353711790393,0.0,0.0,0.0,17.53711790393013,2.1615720524017465,0.0,0.46142649199417757,0.0611353711790393,0.0,0.7016011644832606,0.6229985443959243,0.0,0.048034934497816595,0.11353711790393013
1261,555,4,0.6091476091476091,0.07276507276507277,1.0997920997920998,4.108108108108108,0.0,0.0,0.0,0.04365904365904366,0.0,0.0,0.0,0.0,0.0,0.012474012474012475,0.0,0.0,0.0,0.0,0.0,16.22869022869023,0.006237006237006237,2.365904365904366,0.0,8.457380457380458,1.4199584199584199,0.49480249480249483,7.355509355509356,0.0,0.24740124740124741,0.22661122661122662,0.3700623700623701,0.0,0.0,17.06237006237006,2.4698544698544698,0.0,0.37422037422037424,0.06652806652806653,0.0,0.6715176715176715,0.6091476091476091,0.0,0.058212058212058215,0.0
1257,566,4,0.5,0.10091743119266056,0.0,4.669724770642202,0.0,0.0,0.0,0.0,0.0,0.0,0.05045871559633028,0.0,0.0,0.22935779816513763,0.013761467889908258,0.0,0.0,0.0,0.0,8.646788990825687,0.0,2.2247706422018347,0.0,21.908256880733944,3.86697247706422,0.1651376146788991,4.298165137614679,0.0,0.0,0.0,0.0,0.0,0.0,19.922018348623855,3.408256880733945,0.0,0.18807339449541285,0.05504587155963303,0.0,1.1788990825688073,0.5596330275229358,0.0,0.05045871559633028,0.0
1258,598,7,0.6561085972850679,0.06787330316742081,0.0,5.6289592760181,0.0,0.0,0.0,0.0,0.0,0.0,0.0,0.0,0.0,0.0,0.0,0.0,0.0,0.0,0.0,12.809954751131222,0.0,2.072398190045249,0.0,26.615384615384617,4.117647058823529,0.1085972850678733,3.1040723981900453,0.0,0.0,0.0,0.0,0.0,0.0,22.968325791855204,4.3122171945701355,0.0,0.3438914027149321,0.0,0.0,1.3981900452488687,0.6380090497737556,0.0,0.03167420814479638,0.0
1268,744,4,0.7606177606177607,0.0888030888030888,0.1776061776061776,3.6023166023166024,0.015444015444015444,0.0888030888030888,0.0,0.1776061776061776,0.0,0.0,0.4594594594594595,0.0,0.0,1.528957528957529,0.3667953667953668,0.0,0.0,0.11969111969111969,0.9227799227799228,15.312741312741313,0.0,4.042471042471043,0.0,9.424710424710424,3.4324324324324325,0.5714285714285714,6.061776061776062,0.0,0.0,0.0,0.0,0.0,0.0,15.494208494208495,2.0694980694980694,0.0,0.04247104247104247,0.13513513513513514,0.015444015444015444,0.6602316602316602,0.4594594594594595,0.0,0.15444015444015444,1.4247104247104247
1254,1194,4,0.6549413735343383,0.09631490787269682,0.6314907872696818,3.966499162479062,0.0,0.0,0.0,0.11055276381909548,0.0,0.0,0.0,0.0,0.0,0.1306532663316583,0.031825795644891124,0.0,0.0033500837520938024,0.022613065326633167,0.0,15.364321608040202,0.0016750418760469012,2.7889447236180906,0.0,6.285594639865996,2.57035175879397,0.08961474036850921,4.015075376884422,0.0,0.0,0.11641541038525963,0.15829145728643215,0.0,0.0,14.71608040201005,2.4991624790619764,0.0,0.07202680067001675,0.010050251256281407,0.0,0.4983249581239531,0.5971524288107203,0.0,0.024288107202680067,0.15159128978224456
1269,185,4,0.63,0.1,2.09,2.85,0.0,0.0,0.0,0.0,0.0,0.0,0.0,0.0,0.0,0.0,0.0,0.0,0.0,0.0,0.0,2.3,0.21,2.27,0.0,1.78,0.75,0.78,7.8,0.0,0.17,0.07,0.0,0.0,0.0,12.98,1.67,0.0,0.32,0.01,0.0,0.0,0.59,0.0,0.07,0.45
1265,578,4,0.5036166365280289,0.0867992766726944,0.8770343580470162,3.1889692585895117,0.0,0.0,0.0,0.0,0.0,0.0,0.012658227848101266,0.0,0.0,0.13200723327305605,0.012658227848101266,0.0,0.0,0.0,0.054249547920433995,13.618444846292947,0.0045207956600361665,2.0045207956600364,0.0,4.886980108499096,2.5397830018083183,0.048824593128390596,4.179927667269439,0.0,0.0,0.14556962025316456,0.08770343580470162,0.0,0.0,12.519891500904158,1.9439421338155516,0.0,0.3291139240506329,0.024412296564195298,0.0,0.3074141048824593,0.4819168173598553,0.0,0.023508137432188065,0.0
1260,1776,4,0.6759259259259259,0.04861111111111111,0.06481481481481481,4.3032407407407405,0.0,0.0,0.0,0.0,0.0,0.0,0.0,0.0,0.0,0.09953703703703703,0.009259259259259259,0.0,0.0,0.0,0.020833333333333332,7.972222222222222,0.0,2.113425925925926,0.0,18.025462962962962,2.7337962962962963,0.2361111111111111,5.157407407407407,0.0,0.0,0.0,0.0,0.0,0.0,18.25,3.064814814814815,0.0,0.46296296296296297,0.10648148148148148,0.0,1.1041666666666667,0.5694444444444444,0.0,0.03935185185185185,0.0
1267,75,4,0.46484375,0.0625,0.9296875,3.578125,0.0,0.0,0.0,0.0625,0.0,0.0,0.0,0.0,0.0,0.0234375,0.0,0.0,0.0,0.0,0.0,10.1015625,0.05859375,3.3984375,0.0,9.015625,1.22265625,0.55859375,6.578125,0.0,0.0546875,0.37890625,0.0,0.0,0.0,16.80859375,1.7109375,0.0,0.24609375,0.19921875,0.0,0.6015625,0.6875,0.0,0.03125,0.0
1264,1623,4,0.5809334657398213,0.08639523336643495,0.5054617676266137,2.899702085402185,0.0,0.0,0.0,0.0,0.0,0.0,0.0,0.0,0.0,0.016881827209533268,0.0,0.0,0.0,0.0,0.012909632571996028,11.874875868917577,0.0,2.1360476663356502,0.0,8.533267130089374,1.458788480635551,0.19960278053624628,3.831181727904667,0.0,0.0,0.04865938430983118,0.0,0.0,0.0,10.740814299900695,1.5372393247269116,0.0,0.16782522343594836,0.03574975173783516,0.0,0.548162859980139,0.49354518371400197,0.0,0.039721946375372394,0.0
1261,1998,4,0.5338645418326693,0.0796812749003984,1.0617529880478087,3.9362549800796813,0.0,0.0,0.0,0.0,0.0,0.0,0.0,0.0,0.0,0.0,0.0,0.0,0.0,0.0,0.0,9.705179282868526,0.11155378486055777,3.189243027888446,0.0,3.444223107569721,1.197211155378486,0.545816733067729,6.364541832669323,0.0,0.0,0.3386454183266932,0.0099601593625498,0.0,0.0,17.625498007968126,2.2151394422310755,0.0,0.12350597609561753,0.2749003984063745,0.0,0.13745019920318724,0.749003984063745,0.0,0.035856573705179286,0.0
1267,918,12,0.717391304347826,0.11413043478260869,0.9157608695652174,4.605978260869565,0.0,0.0,0.0,0.0,0.0,0.0,0.0,0.0,0.0,0.043478260869565216,0.0,0.0,0.0,0.0,0.0,14.005434782608695,0.0,3.8614130434782608,0.0,10.625,3.0027173913043477,0.3342391304347826,4.804347826086956,0.0,0.0,0.19021739130434784,0.057065217391304345,0.0,0.0,22.69836956521739,2.6793478260869565,0.0,0.13858695652173914,0.04619565217391304,0.0,0.779891304347826,0.6711956521739131,0.0,0.051630434782608696,0.0
1268,416,12,0.5281207133058985,0.07407407407407407,0.3401920438957476,3.599451303155007,0.010973936899862825,0.012345679012345678,0.0,0.4074074074074074,0.0,0.0644718792866941,0.0,0.0,0.015089163237311385,0.5075445816186557,0.09327846364883402,0.0,0.09190672153635117,0.2085048010973937,0.0,8.004115226337449,0.0,3.3017832647462275,0.0,3.1632373113854597,1.9314128943758573,0.262002743484225,4.854595336076818,0.0,0.0,0.0,0.0,0.0,0.0,15.353909465020577,2.5377229080932784,0.0,0.02194787379972565,0.03155006858710562,0.0,0.29766803840877915,0.5843621399176955,0.0,0.05486968449931413,2.0795610425240056
1264,510,12,0.5085034013605442,0.07482993197278912,0.20238095238095238,2.931972789115646,0.0,0.07482993197278912,0.0,0.7585034013605442,0.0,0.0,0.04251700680272109,0.0,0.0017006802721088435,1.163265306122449,0.42346938775510207,0.0,0.1377551020408163,0.8061224489795918,0.22789115646258504,7.469387755102041,0.0,5.462585034013605,0.0,6.6853741496598635,2.673469387755102,0.5935374149659864,6.142857142857143,0.0,0.0,0.0,0.0,0.0,0.0,11.930272108843537,1.7227891156462585,0.0,0.017006802721088437,0.09523809523809523,0.0,0.7397959183673469,0.4931972789115646,0.0,0.05612244897959184,6.134353741496598
1264,542,8,0.576271186440678,0.04406779661016949,0.030508474576271188,2.31864406779661,0.0,0.0,0.0,0.28135593220338984,0.0,0.0,0.0,0.0,0.0,0.3423728813559322,0.09152542372881356,0.0,0.0,0.16610169491525423,0.02711864406779661,7.213559322033898,0.0,3.1016949152542375,0.0,5.83728813559322,1.0949152542372882,0.7084745762711865,5.288135593220339,0.0,0.0,0.0,0.0,0.0,0.0,11.115254237288136,1.2271186440677966,0.0,0.12203389830508475,0.0,0.0,0.31186440677966104,0.5627118644067797,0.0,0.04406779661016949,0.0
1265,991,6,0.6324110671936759,0.1067193675889328,0.015810276679841896,5.209486166007905,0.0,0.0,0.0,0.003952569169960474,0.0,0.0,0.25691699604743085,0.0,0.0,1.3952569169960474,0.007905138339920948,0.0,0.0,0.0,0.0,16.106719367588934,0.0,1.6521739130434783,0.0,9.557312252964428,4.4189723320158105,0.1225296442687747,4.691699604743083,0.0,0.0,0.0,0.0,0.0,0.0,20.691699604743082,4.086956521739131,0.0,0.09486166007905138,0.019762845849802372,0.0,0.5731225296442688,0.5968379446640316,0.0,0.05138339920948617,0.0
1268,1209,4,0.5393258426966292,0.09363295880149813,0.27715355805243447,3.1235955056179776,0.0,0.25842696629213485,0.0,1.2921348314606742,0.0,0.149812734082397,0.5580524344569289,0.0,0.2696629213483146,3.700374531835206,1.6179775280898876,0.0,0.1760299625468165,0.31835205992509363,0.6329588014981273,12.183520599250937,0.0,4.745318352059925,0.0,5.546816479400749,1.6292134831460674,0.4756554307116105,6.947565543071161,0.0,0.0,0.0,0.0,0.0,0.0,12.932584269662922,1.599250936329588,0.0,0.0,0.0,0.3895131086142322,0.5767790262172284,0.46441947565543074,0.0,0.11610486891385768,4.677902621722846
1264,1450,4,0.6132723112128147,0.07551487414187644,0.8466819221967964,4.004576659038902,0.0,0.0,0.0,0.0,0.0,0.0,0.0,0.0,0.0,0.043478260869565216,0.0,0.0,0.0,0.0,0.013729977116704805,14.473684210526315,0.029748283752860413,1.9610983981693364,0.0,6.839816933638444,1.208237986270023,0.6086956521739131,7.148741418764302,0.0,0.15560640732265446,0.4073226544622426,0.30663615560640733,0.0,0.0,15.99771167048055,2.3157894736842106,0.0,0.09382151029748284,0.12356979405034325,0.0,0.5423340961098398,0.5743707093821511,0.0,0.029748283752860413,0.4805491990846682
1269,1549,12,0.7282850779510023,0.062360801781737196,0.7060133630289532,4.583518930957684,0.0,0.0,0.0,0.06904231625835189,0.0,0.0,0.0,0.0,0.0,0.062360801781737196,0.0,0.0,0.0,0.0,0.0,10.167037861915368,0.013363028953229399,2.599109131403118,0.0,6.603563474387528,2.291759465478842,0.13140311804008908,5.434298440979956,0.0,0.0,0.16926503340757237,0.07126948775055679,0.0,0.0066815144766146995,20.90423162583519,2.937639198218263,0.0,0.08685968819599109,0.1447661469933185,0.0,0.3986636971046771,0.6570155902004454,0.0,0.0334075723830735,0.0
1270,344,4,0.48283261802575106,0.10944206008583691,0.13733905579399142,5.105150214592275,0.0,0.06223175965665236,0.0,0.5257510729613734,0.0,0.0,0.0,0.05150214592274678,0.0,0.5836909871244635,0.34334763948497854,0.0,0.3669527896995708,0.9206008583690987,0.002145922746781116,17.21459227467811,0.004291845493562232,7.036480686695279,0.0,4.1781115879828326,2.607296137339056,0.1223175965665236,3.7660944206008584,0.0,0.0,0.09871244635193133,0.0,0.0,0.5257510729613734,21.72961373390558,2.5858369098712446,0.0,0.0,0.21030042918454936,0.0,0.4270386266094421,1.0622317596566524,0.07939914163090128,0.05793991416309013,11.63519313304721
1262,1185,4,0.39626168224299063,0.11775700934579439,1.1682242990654206,3.1588785046728973,0.0,0.0,0.0,0.08224299065420561,0.0,0.0,0.0,0.0,0.0,0.14392523364485982,0.0,0.0,0.0,0.005607476635514018,0.0,17.54392523364486,0.005607476635514018,2.542056074766355,0.0,3.721495327102804,0.7906542056074767,0.10093457943925234,5.5233644859813085,0.0,0.0,0.0,0.15140186915887852,0.0,0.0,11.570093457943925,1.6149532710280374,0.0,0.056074766355140186,0.018691588785046728,0.0,0.45794392523364486,0.44299065420560746,0.0,0.024299065420560748,0.0
1266,1270,12,0.5255102040816326,0.05102040816326531,1.3571428571428572,2.826530612244898,0.0,0.0,0.0,0.0,0.0,0.0,0.0,0.0,0.0,0.07142857142857142,0.0,0.0,0.0,0.0,0.01020408163265306,2.642857142857143,0.1836734693877551,2.3316326530612246,0.0,2.1377551020408165,0.8163265306122449,0.40816326530612246,7.23469387755102,0.0,0.07142857142857142,0.02040816326530612,0.0,0.0,0.0,12.61734693877551,1.7653061224489797,0.0,0.19387755102040816,0.07142857142857142,0.0,0.0,0.6020408163265306,0.0,0.04591836734693878,0.3520408163265306
1265,1119,7,1.5918367346938775,0.10884353741496598,0.5487528344671202,3.5850340136054424,0.0,0.027210884353741496,0.0,0.6077097505668935,0.0,0.0,0.0,0.08843537414965986,0.02040816326530612,0.4126984126984127,0.21315192743764172,0.0,0.0,0.06575963718820861,0.0,11.854875283446711,0.0045351473922902496,2.2675736961451247,0.0,7.054421768707483,2.421768707482993,0.13378684807256236,4.931972789115647,0.0,0.006802721088435374,0.16780045351473924,0.0,0.0,0.0,16.643990929705215,1.8276643990929706,0.0,0.022675736961451247,0.036281179138321996,0.0,0.5192743764172335,0.6439909297052154,5.91156462585034,0.873015873015873,20.37641723356009
1270,694,4,0.6596858638743456,0.14136125654450263,0.468586387434555,6.460732984293194,0.0,0.0,0.0,0.12303664921465969,0.0,0.0,0.8455497382198953,0.0,0.2879581151832461,1.712041884816754,0.9293193717277487,0.0,0.31151832460732987,0.0,1.0104712041884816,16.028795811518325,0.0,3.230366492146597,0.0,23.782722513089006,9.895287958115183,0.3036649214659686,5.19109947643979,0.0,0.0,0.4083769633507853,0.0,0.0,0.0,24.848167539267017,4.439790575916231,0.0,0.856020942408377,0.15968586387434555,0.39267015706806285,1.630890052356021,0.581151832460733,0.06544502617801047,0.1099476439790576,6.774869109947644
1266,824,12,0.5764705882352941,0.08366013071895424,0.734640522875817,3.696732026143791,0.0,0.00784313725490196,0.0,0.02875816993464052,0.0,0.0,0.0,0.0,0.0,0.11895424836601307,0.01699346405228758,0.0,0.0,0.0,0.06666666666666667,12.147712418300653,0.040522875816993466,2.675816993464052,0.0,7.98562091503268,2.592156862745098,0.18823529411764706,3.869281045751634,0.0,0.0,0.0,0.0,0.0,0.0,15.233986928104574,2.603921568627451,0.0,0.06535947712418301,0.036601307189542485,0.0,0.5045751633986928,0.5568627450980392,0.0,0.022222222222222223,0.0
1272,462,4,0.6442307692307693,0.07692307692307693,0.3717948717948718,2.2275641025641026,0.0,0.0,0.0,0.8012820512820513,0.0,0.0,0.0,0.0,0.0,0.4551282051282051,0.060897435897435896,0.0,1.0320512820512822,1.4230769230769231,0.0,5.560897435897436,0.0,3.5384615384615383,0.0,2.698717948717949,0.7596153846153846,0.5096153846153846,4.522435897435898,0.0,0.0,0.09935897435897435,0.0,0.0,0.0,11.153846153846153,1.0288461538461537,0.0,0.15384615384615385,0.00641025641025641,0.0,1.5064102564102564,0.5256410256410257,0.0,0.04487179487179487,7.884615384615385
1267,1104,7,0.6023688663282571,0.06937394247038917,0.38747884940778343,2.883248730964467,0.0,0.0,0.0,0.03553299492385787,0.0,0.0,0.00338409475465313,0.0,0.0,0.24196277495769883,0.021996615905245348,0.011844331641285956,0.0,0.0,0.0,10.38409475465313,0.0,2.460236886632826,0.0,8.346869712351946,1.2538071065989849,0.08798646362098139,3.7021996615905244,0.0,0.0,0.038917089678511,0.07106598984771574,0.0,0.0,10.988155668358713,1.700507614213198,0.0,1.2233502538071066,0.05922165820642978,0.0,0.5414551607445008,0.467005076142132,0.0,0.03722504230118443,0.12013536379018612
1272,1815,4,0.4429530201342282,0.11409395973154363,1.3221476510067114,3.8859060402684564,0.0,0.0,0.0,0.0,0.0,0.0,0.6375838926174496,0.0,0.2348993288590604,1.5503355704697988,0.8523489932885906,0.0,0.0,0.0,1.0067114093959733,15.496644295302014,0.09395973154362416,1.9060402684563758,0.0,10.181208053691275,1.9395973154362416,0.28187919463087246,5.76510067114094,0.0,0.0,0.3288590604026846,0.0,0.0,0.0,15.630872483221477,2.4563758389261743,0.0,0.5503355704697986,0.040268456375838924,0.3087248322147651,0.6442953020134228,0.5369127516778524,1.0134228187919463,0.087248322147651,12.46979865771812
1269,290,15,0.5575959933222037,0.06844741235392321,0.994991652754591,3.7629382303839733,0.0,0.0,0.0,0.0,0.0,0.0,0.0,0.0,0.0,0.035058430717863104,0.001669449081803005,0.0,0.0,0.0,0.0,7.706176961602671,0.02003338898163606,2.8530884808013357,0.0,4.998330550918197,1.7195325542570952,0.5709515859766278,7.06677796327212,0.0,0.0,0.5075125208681135,0.0,0.0,0.0,19.33889816360601,2.2036727879799667,0.0,0.3973288814691152,0.10517529215358931,0.0,0.3055091819699499,0.6010016694490818,0.0,0.038397328881469114,0.0
1275,487,4,0.5360230547550432,0.10662824207492795,0.3285302593659942,3.435158501440922,0.0,0.03170028818443804,0.0,0.19020172910662825,0.0,0.0,0.0,0.0,0.023054755043227664,0.6023054755043228,0.17579250720461095,0.0,0.0,0.002881844380403458,0.0,13.55043227665706,0.0,2.9020172910662825,0.0,7.835734870317003,2.048991354466859,0.040345821325648415,3.824207492795389,0.0,0.0,0.0,0.21613832853025935,0.0,0.0,13.0835734870317,2.0201729106628243,0.0,0.07204610951008646,0.02881844380403458,0.0,0.6858789625360231,0.4755043227665706,0.0,0.0345821325648415,1.0201729106628241
1273,1073,4,0.5225409836065574,0.08401639344262295,0.3709016393442623,3.471311475409836,0.0,0.0,0.0,0.36270491803278687,0.0,0.0,0.0,0.0,0.0,0.10655737704918032,0.010245901639344262,0.0942622950819672,0.0,0.014344262295081968,0.0,12.436475409836065,0.0,3.0204918032786887,0.0,8.182377049180328,1.2110655737704918,0.19262295081967212,3.9815573770491803,0.0,0.0,0.0,0.05327868852459016,0.0,0.0,11.450819672131148,1.6475409836065573,0.0,1.3032786885245902,0.01639344262295082,0.0,0.48360655737704916,0.6065573770491803,0.0,0.0389344262295082,0.0
1273,1315,4,0.49032258064516127,0.08,0.8503225806451613,5.1896774193548385,0.0,0.0,0.0,0.0,0.0,0.0,0.0,0.0,0.0,0.02193548387096774,0.0064516129032258064,0.0,0.0,0.0,0.0,14.891612903225807,0.06064516129032258,2.166451612903226,0.0,9.147096774193548,1.9625806451612904,0.24129032258064517,5.365161290322581,0.0,0.0,0.06838709677419355,0.30838709677419357,0.0,0.0,20.93032258064516,3.474838709677419,0.0,0.1625806451612903,0.10064516129032258,0.0,0.6503225806451612,0.6154838709677419,0.0,0.03354838709677419,0.0
1273,1746,15,0.5695364238410596,0.08388520971302428,1.0264900662251655,3.437086092715232,0.0,0.0,0.0,0.0,0.0,0.0,0.026490066225165563,0.0,0.0,0.2097130242825607,0.04194260485651214,0.0,0.0,0.0,0.1368653421633554,14.474613686534216,0.0,1.7637969094922736,0.0,7.08167770419426,1.5077262693156732,0.08167770419426049,3.772626931567329,0.0,0.0,0.4856512141280353,0.0,0.024282560706401765,0.0,15.086092715231787,1.9823399558498895,0.0,0.2052980132450331,0.3708609271523179,0.0,0.4768211920529801,0.6335540838852097,0.0,0.019867549668874173,0.0
1268,1839,12,0.5204081632653061,0.1,0.3295918367346939,4.9459183673469385,0.0,0.03979591836734694,0.0,0.2724489795918367,0.0,0.0,0.06020408163265306,0.0,0.0663265306122449,0.6683673469387755,0.2163265306122449,0.0,0.0,0.0,0.04897959183673469,13.693877551020408,0.0,2.6520408163265308,0.0,10.089795918367347,2.526530612244898,0.20204081632653062,4.139795918367347,0.04081632653061224,0.32551020408163267,0.23877551020408164,0.2642857142857143,0.0,0.0,22.53061224489796,3.139795918367347,0.0,0.0836734693877551,0.03775510204081633,0.030612244897959183,0.6510204081632653,0.6163265306122448,0.0,0.05,0.0
1269,254,4,0.4704370179948586,0.10539845758354756,1.8637532133676094,3.7814910025706943,0.0,0.32390745501285345,0.0,0.922879177377892,0.0,0.0,0.0,0.0,0.0,1.3778920308483291,0.2442159383033419,0.0,0.0,0.11568123393316196,0.0,11.755784061696659,0.15167095115681234,3.5475578406169666,0.0,3.5861182519280206,2.2570694087403598,1.0488431876606683,12.077120822622108,0.0,0.36503856041131105,0.480719794344473,0.0,0.0,0.0,19.60925449871465,1.7043701799485862,0.0,0.4370179948586118,0.32390745501285345,0.0,0.41645244215938304,0.6401028277634961,0.0,0.04627249357326478,4.32133676092545
1277,1953,4,0.4758364312267658,0.06319702602230483,0.3754646840148699,2.862453531598513,0.0,0.0,0.0,0.0037174721189591076,0.0,0.0,0.0,0.0,0.0,0.026022304832713755,0.0,0.0,0.0,0.0,0.0,4.713754646840148,0.0,2.5055762081784385,0.0,2.197026022304833,1.5910780669144982,0.0,3.620817843866171,0.0,0.0,0.0,0.0,0.0,0.0,11.895910780669144,1.7732342007434945,0.0,0.0,0.1449814126394052,0.0,0.09665427509293681,0.516728624535316,0.0,0.02973977695167286,0.0
1285,2007,4,0.7288801571709234,0.11984282907662082,0.674852652259332,3.5265225933202355,0.0,0.0,0.0,0.05893909626719057,0.0,0.0,0.0,0.0,0.0,0.09724950884086445,0.022593320235756387,0.0,0.0,0.0,0.0,9.672888015717092,0.010805500982318271,5.592337917485265,0.0,14.237721021611002,2.3772102161100195,0.3840864440078585,6.18762278978389,0.0,0.0,0.23477406679764243,0.0,0.0,0.0,17.828094302554028,1.9479371316306484,0.0,0.003929273084479371,0.0,0.0,1.006876227897839,0.6394891944990176,0.0,0.06679764243614932,0.0
1271,1296,12,0.656989247311828,0.11397849462365592,0.3032258064516129,4.58494623655914,0.0,0.0,0.0,0.1086021505376344,0.0,0.0,0.0,0.03763440860215054,0.0,0.267741935483871,0.06236559139784946,0.0,0.0,0.0,0.0,11.261290322580646,0.001075268817204301,3.1408602150537632,0.0,9.835483870967742,3.141935483870968,0.09462365591397849,4.165591397849463,0.0,0.05913978494623656,0.3225806451612903,0.1053763440860215,0.0,0.0,21.2247311827957,2.478494623655914,0.0,0.06666666666666667,0.07419354838709677,0.0,0.8193548387096774,0.589247311827957,0.0,0.04838709677419355,3.990322580645161
1274,1246,4,0.5271317829457365,0.06976744186046512,1.193798449612403,2.996124031007752,0.0,0.0,0.0,0.6007751937984496,0.0,0.0,0.0,0.0,0.0,0.4108527131782946,0.12403100775193798,0.0,0.0,0.13178294573643412,0.0,7.534883720930233,0.015503875968992248,1.9612403100775193,0.0,4.996124031007752,1.2325581395348837,0.050387596899224806,6.313953488372093,0.0,0.0,0.007751937984496124,0.0,0.0,0.0,15.178294573643411,2.011627906976744,0.0,0.22868217054263565,0.003875968992248062,0.0,0.5852713178294574,0.624031007751938,0.0,0.031007751937984496,0.0
1282,305,4,1.3732718894009217,0.08986175115207373,0.7626728110599078,3.3087557603686637,0.0,0.0,0.0,0.0,0.0,0.0,0.0,0.0,0.0,0.0,0.0,0.0,0.0,0.0,0.0,15.09216589861751,0.020737327188940093,1.8732718894009217,0.0,5.28110599078341,0.988479262672811,0.619815668202765,6.857142857142857,0.0,0.29493087557603687,0.10599078341013825,0.3087557603686636,0.0,0.0,14.043778801843319,1.762672811059908,0.0,0.2995391705069124,0.0944700460829493,0.0,0.47465437788018433,0.6474654377880185,0.03225806451612903,0.6336405529953917,0.7442396313364056
1281,880,4,0.523109243697479,0.0661764705882353,0.42331932773109243,2.686974789915966,0.0,0.01995798319327731,0.0,0.05567226890756303,0.0,0.0,0.0,0.0,0.0,0.20588235294117646,0.009453781512605041,0.0,0.0,0.0,0.0021008403361344537,12.752100840336135,0.0021008403361344537,1.9023109243697478,0.0,6.777310924369748,1.2258403361344539,0.06512605042016807,4.350840336134453,0.0,0.0,0.0,0.0,0.0,0.0,11.013655462184873,1.5430672268907564,0.0,0.07247899159663866,0.008403361344537815,0.0,0.8067226890756303,0.48739495798319327,0.0,0.0430672268907563,0.42331932773109243
1278,271,12,0.5650793650793651,0.07830687830687831,0.9629629629629629,3.691005291005291,0.0,0.013756613756613757,0.0,0.1037037037037037,0.0,0.0,0.0,0.0,0.013756613756613757,0.33015873015873015,0.04021164021164021,0.0,0.008465608465608466,0.1037037037037037,0.0,14.334391534391534,0.0,3.1333333333333333,0.0,4.7597883597883595,1.980952380952381,0.28359788359788357,5.861375661375662,0.0,0.0,0.0328042328042328,0.2698412698412698,0.0,0.0,14.456084656084656,2.3417989417989418,0.0,0.06772486772486773,0.06031746031746032,0.0,0.39365079365079364,0.6010582010582011,0.0,0.03492063492063492,0.15661375661375662
1275,1040,4,0.4674698795180723,0.060240963855421686,0.15903614457831325,2.8265060240963855,0.0,0.004819277108433735,0.0,0.5373493975903615,0.0,0.0,0.09397590361445783,0.0,0.0,0.8626506024096385,0.3132530120481928,0.0,0.0,0.5397590361445783,0.0,9.062650602409638,0.0,4.183132530120482,0.0,5.539759036144578,2.1373493975903615,0.02891566265060241,4.180722891566265,0.0,0.0,0.0,0.0,0.0,0.0,11.566265060240964,1.5036144578313253,0.0,0.0,0.26265060240963856,0.0,1.1927710843373494,0.5060240963855421,0.0,0.043373493975903614,11.479518072289157
1282,1177,4,0.8273972602739726,0.0547945205479452,0.31232876712328766,3.3589041095890413,0.0,0.07945205479452055,0.0,0.2273972602739726,0.0,0.0,0.0,0.0,0.0,0.27671232876712326,0.16164383561643836,0.09863013698630137,0.0,0.0,0.019178082191780823,11.202739726027398,0.0,2.8684931506849316,0.0,8.208219178082192,0.9123287671232877,0.34794520547945207,4.8712328767123285,0.0,0.0,0.0958904109589041,0.0027397260273972603,0.0,0.2547945205479452,15.663013698630136,2.0904109589041098,0.0,1.9232876712328768,0.07123287671232877,0.0,0.5643835616438356,0.5698630136986301,0.0,0.08767123287671233,0.0
1276,54,7,0.5524017467248908,0.10262008733624454,0.7816593886462883,4.5174672489082965,0.0,0.017467248908296942,0.0,0.07423580786026202,0.0,0.0,0.017467248908296942,0.0,0.0,0.3646288209606987,0.08078602620087336,0.0,0.0,0.0,0.10043668122270742,12.578602620087336,0.024017467248908297,2.7074235807860263,0.0,6.707423580786026,1.8427947598253276,0.259825327510917,6.572052401746725,0.0,0.0,0.05895196506550218,0.08733624454148471,0.0,0.07860262008733625,16.04366812227074,2.3231441048034935,0.0,0.07205240174672489,0.11572052401746726,0.0,0.4606986899563319,0.8493449781659389,0.0,0.0611353711790393,0.05895196506550218
1282,779,4,0.6578947368421053,0.06140350877192982,0.47368421052631576,2.7850877192982457,0.0,0.0,0.0,0.0,0.0,0.0,0.22807017543859648,0.0,0.0,0.618421052631579,0.16666666666666666,0.0,0.0,0.0,0.6973684210526315,3.732456140350877,0.0,1.837719298245614,0.0,2.526315789473684,1.1754385964912282,0.9254385964912281,6.0394736842105265,0.0,0.0,0.11842105263157894,0.0,0.0,0.0,11.899122807017545,1.780701754385965,0.0,0.7368421052631579,0.0,0.0,0.0,0.4517543859649123,0.0,0.04824561403508772,0.0
1273,1223,4,0.607728337236534,0.07611241217798595,0.8817330210772834,3.0421545667447307,0.0,0.0,0.0,0.04332552693208431,0.0,0.0,0.0,0.0,0.0,0.26346604215456676,0.00936768149882904,0.0,0.0,0.0,0.0,12.131147540983607,0.0,2.439110070257611,0.0,3.996487119437939,1.4836065573770492,0.0702576112412178,5.565573770491803,0.0,0.0,0.0,0.0,0.0,0.0,11.97423887587822,1.7201405152224825,0.0,0.08313817330210772,0.026932084309133488,0.0,0.23536299765807964,0.5409836065573771,0.0,0.02927400468384075,0.0
1284,395,12,0.6355140186915887,0.08411214953271028,0.7476635514018691,4.514018691588785,0.0,0.0,0.0,0.0,0.0,0.0,0.0,0.0,0.0,0.0,0.0,0.0,0.0,0.0,0.0,13.74766355140187,0.0,2.046728971962617,0.0,10.439252336448599,1.794392523364486,0.5420560747663551,4.906542056074766,0.0,0.8411214953271028,0.2523364485981308,0.3177570093457944,0.0,0.0,18.009345794392523,2.7850467289719627,0.0,0.32710280373831774,0.2616822429906542,0.0,0.6074766355140186,0.5607476635514018,0.0,0.037383177570093455,0.8504672897196262
1284,1141,11,0.6190476190476191,0.0873015873015873,0.10052910052910052,3.64021164021164,0.1984126984126984,0.32671957671957674,0.0,0.5079365079365079,0.0,0.0,0.0,0.0,0.042328042328042326,1.2896825396825398,0.30423280423280424,0.0,0.0,0.12037037037037036,0.08994708994708994,10.64153439153439,0.0,3.193121693121693,0.0,5.685185185185185,3.0806878306878307,4.288359788359788,3.914021164021164,0.0,0.0,0.0,0.0,0.0,0.0,14.03968253968254,2.291005291005291,0.0,0.0,0.04497354497354497,0.0,0.8492063492063492,0.5066137566137566,0.0,0.08597883597883597,4.022486772486772
1281,1194,7,0.7228381374722838,0.1419068736141907,0.6607538802660754,6.831485587583148,0.015521064301552107,0.0,0.0,0.11529933481152993,0.0,0.0,0.0,0.0,0.0,0.623059866962306,0.25277161862527714,0.0,0.11086474501108648,0.17738359201773837,0.0,19.687361419068736,0.0,1.8558758314855877,0.0,38.63414634146341,2.5920177383592016,0.5454545454545454,4.880266075388026,0.0,0.0,0.08869179600886919,0.0,0.0,1.6407982261640799,26.8470066518847,4.416851441241685,0.0,0.647450110864745,0.06430155210643015,0.0,2.5521064301552108,0.5964523281596452,1.4279379157427938,0.07317073170731707,2.620842572062084
1275,1437,4,0.5648351648351648,0.13626373626373625,0.6307692307692307,6.650549450549451,0.0,0.0,0.0,0.0,0.0,0.0,0.2021978021978022,0.0,0.0,0.6681318681318681,0.0,0.0,0.0,0.0,0.589010989010989,17.389010989010988,0.002197802197802198,1.778021978021978,0.0,14.751648351648353,6.775824175824176,0.4901098901098901,6.725274725274725,0.0,0.14505494505494507,0.02857142857142857,0.002197802197802198,0.0,0.0,23.96923076923077,4.208791208791209,0.0,0.12087912087912088,0.03736263736263736,0.0,0.8593406593406593,0.6593406593406593,0.0,0.04835164835164835,2.38021978021978
1279,595,15,0.7907801418439716,0.10638297872340426,0.5177304964539007,4.74468085106383,0.0,0.0,0.0,0.0,0.0,0.0,0.0,0.0,0.0,0.0,0.0,0.0,0.0,0.0,0.0,12.47163120567376,0.0,3.872340425531915,0.0,6.6063829787234045,2.152482269503546,0.06382978723404255,4.173758865248227,0.0,0.1099290780141844,0.15602836879432624,0.0425531914893617,0.0,0.0,19.581560283687942,2.7943262411347516,0.0,0.4432624113475177,0.0070921985815602835,0.0,0.4326241134751773,8.26241134751773,0.0,0.06028368794326241,0.0
1275,657,12,0.6442307692307693,0.13942307692307693,0.09134615384615384,5.40625,0.0,0.01201923076923077,0.0,0.19230769230769232,0.0,0.0,0.09134615384615384,0.0,0.0,0.90625,0.1466346153846154,0.0,0.0,0.02403846153846154,0.1658653846153846,14.802884615384615,0.0,2.7788461538461537,0.0,13.35576923076923,5.288461538461538,0.2956730769230769,4.646634615384615,0.0,0.0,0.0,0.0,0.0,0.0,20.44951923076923,3.6634615384615383,0.0,0.04807692307692308,0.07211538461538461,0.004807692307692308,0.8629807692307693,0.5745192307692307,0.0,0.07932692307692307,5.014423076923077
1291,939,11,0.5357142857142857,0.06746031746031746,0.4801587301587302,2.5873015873015874,0.0,0.15079365079365079,0.0,0.6428571428571429,0.0,0.0,0.03968253968253968,0.0,0.007936507936507936,0.9761904761904762,0.35714285714285715,0.0,0.0,0.1865079365079365,0.17063492063492064,4.059523809523809,0.0,2.869047619047619,0.0,2.9444444444444446,1.0396825396825398,0.36904761904761907,6.880952380952381,0.0,0.0,0.0,0.0,0.0,0.0,11.095238095238095,1.3015873015873016,0.0,0.4166666666666667,0.09523809523809523,0.0,0.26587301587301587,0.5912698412698413,0.0,0.06746031746031746,3.6706349206349205
1279,1157,11,0.4988738738738739,0.0990990990990991,0.3490990990990991,3.6396396396396398,0.12162162162162163,0.22409909909909909,0.0,0.4132882882882883,0.0,0.04279279279279279,0.028153153153153154,0.0,0.02702702702702703,1.25,0.3119369369369369,0.0,0.40765765765765766,0.12612612612612611,0.0731981981981982,12.68918918918919,0.0,3.2916666666666665,0.0,9.89864864864865,2.168918918918919,0.8423423423423423,4.623873873873874,0.0,0.0,0.06531531531531531,0.0,0.0,1.4076576576576576,14.646396396396396,2.28490990990991,0.0,0.015765765765765764,0.0472972972972973,0.0045045045045045045,0.7128378378378378,0.536036036036036,0.0,0.060810810810810814,1.1835585585585586
1278,1492,4,0.5481171548117155,0.07531380753138076,0.100418410041841,3.8953974895397487,0.0,0.2510460251046025,0.0,0.5648535564853556,0.0,0.0,0.0,0.0,0.0,1.9288702928870294,0.2719665271966527,0.0,0.3514644351464435,0.502092050209205,0.0,3.916317991631799,0.0,2.489539748953975,0.0,2.225941422594142,2.690376569037657,1.209205020920502,4.079497907949791,0.0,0.0,0.38493723849372385,0.0,0.0,6.794979079497908,17.598326359832637,2.594142259414226,0.0,0.18410041841004185,0.0,0.0,0.8410041841004184,0.6527196652719666,0.0,0.07112970711297072,6.665271966527197
1289,135,4,0.7017543859649122,0.08771929824561403,1.881578947368421,3.4780701754385963,0.0,0.0,0.0,0.0,0.0,0.0,0.0,0.0,0.0,0.013157894736842105,0.0,0.0,0.0,0.0,0.0,3.973684210526316,0.05701754385964912,2.543859649122807,0.0,2.25,0.8464912280701754,1.0614035087719298,8.12719298245614,0.0,0.0,1.0482456140350878,0.0,0.0,0.0,17.55701754385965,2.074561403508772,0.0,1.486842105263158,0.0,0.0,0.0,0.6535087719298246,0.0,0.05701754385964912,0.0
1277,1525,4,0.5364647713226205,0.08034610630407911,1.0395550061804697,2.580964153275649,0.0,0.0,0.0,0.006180469715698393,0.0,0.0,0.0,0.0,0.0,0.034610630407911,0.0,0.0,0.0,0.0,0.0,10.668726823238567,0.04697156983930779,2.2669962917181707,0.0,5.126081582200247,1.400494437577256,0.27935723114956734,5.090234857849197,0.0,0.0,0.0,0.0,0.0,0.0,10.428924598269468,1.3658838071693449,0.0,0.16563658838071693,0.032138442521631644,0.0,0.29171817058096416,0.41903584672435107,0.0,0.023485784919653894,0.0
1298,1708,4,0.4976958525345622,0.08294930875576037,0.5852534562211982,3.7096774193548385,0.0,0.0,0.0,0.2304147465437788,0.0,0.0,0.0,0.0,0.0,0.2672811059907834,0.1336405529953917,0.0,0.0,0.055299539170506916,0.0,12.493087557603687,0.059907834101382486,5.875576036866359,0.0,10.133640552995391,1.5898617511520738,1.1981566820276497,7.889400921658986,0.0,0.0,0.2903225806451613,0.0,0.0,0.0,16.447004608294932,2.0,0.0,0.16129032258064516,0.16589861751152074,0.0,0.7603686635944701,0.6036866359447005,0.0,0.04608294930875576,0.6036866359447005
1283,1100,7,0.6741130091984231,0.11498028909329829,0.9356110381077529,5.59395532194481,0.0,0.013140604467805518,0.0,0.13469119579500657,0.0,0.009198423127463863,0.0,0.0,0.0,0.2483574244415243,0.030223390275952694,0.0,0.0,0.0,0.0,17.542706964520367,0.06044678055190539,2.8344283837056503,0.0,12.773324572930354,3.5459921156373193,0.20565045992115638,4.519710906701708,0.011826544021024968,0.0,0.42575558475689884,0.31274638633377133,0.0,0.0,24.658344283837057,3.2273324572930355,0.0,0.442838370565046,0.059789750328515114,0.0,0.8396846254927727,0.6386333771353482,0.0,0.047963206307490146,0.005256241787122208
1294,1609,4,0.5600858369098712,0.10300429184549356,1.9334763948497855,4.17381974248927,0.0,0.0,0.0,0.0,0.0,0.0,0.5987124463519313,0.0,0.002145922746781116,1.5236051502145922,0.6781115879828327,0.0,0.0,0.0,1.2446351931330473,16.281115879828327,0.12446351931330472,2.203862660944206,0.0,12.1137339055794,2.8218884120171674,0.5515021459227468,7.214592274678112,0.0,0.0,0.3240343347639485,0.0,0.0,0.0,18.218884120171673,2.6609442060085837,0.0,0.8283261802575107,0.19527896995708155,0.2575107296137339,0.8454935622317596,0.6244635193133047,0.1759656652360515,0.09656652360515021,3.551502145922747
1294,1786,4,0.49015151515151517,0.1159090909090909,0.5204545454545455,7.037121212121212,0.0,0.015909090909090907,0.0,0.09772727272727273,0.0,0.0,0.0,0.0,0.0,0.17424242424242425,0.07878787878787878,0.0,0.0,0.0030303030303030303,0.11969696969696969,14.93030303030303,0.07803030303030303,9.518181818181818,0.0,7.41969696969697,1.275,0.31136363636363634,6.03560606060606,0.0,0.0,0.49015151515151517,0.05909090909090909,0.0,0.0,17.808333333333334,2.0893939393939394,0.0,0.46060606060606063,0.026515151515151516,0.0,0.47954545454545455,9.927272727272728,0.0,0.025757575757575757,0.12803030303030302
1281,538,4,0.550763701707098,0.0862533692722372,0.8454627133872417,4.028751123090745,0.0,0.0,0.0,0.06019766397124888,0.0,0.0,0.0,0.0,0.0,0.07457322551662174,0.017070979335130278,0.0,0.029649595687331536,0.0,0.0,12.74752920035939,0.07187780772686433,2.6720575022461817,0.0,15.421383647798741,1.8221024258760108,0.6127583108715184,5.633423180592992,0.0,0.6819407008086253,0.4950584007187781,0.0,0.0,0.0,19.12398921832884,2.202156334231806,0.0,0.3728661275831087,0.0440251572327044,0.0,1.008984725965858,0.6118598382749326,0.0,0.039532794249775384,0.30098831985624436
1289,210,4,0.5075528700906344,0.08761329305135952,0.03625377643504532,3.5468277945619335,0.0,0.0,0.0,0.027190332326283987,0.0,0.0,0.0,0.0,0.0,0.2537764350453172,0.0,0.0,0.0,0.0,0.10574018126888217,4.483383685800605,0.0,2.1601208459214503,0.0,5.471299093655589,1.3232628398791542,0.229607250755287,4.498489425981873,0.0,0.0,0.0,0.0,0.0,0.0,14.507552870090635,2.0181268882175227,0.0,0.8398791540785498,0.015105740181268883,0.0,0.27492447129909364,0.5830815709969789,0.0,0.04833836858006042,0.0
1280,446,4,0.5017006802721088,0.0935374149659864,0.6513605442176871,3.3656462585034013,0.0,0.0,0.0,0.0,0.0,0.0,0.0,0.0,0.0,0.0,0.0,0.0,0.0,0.0,0.0,14.86734693877551,0.0,2.141156462585034,0.0,5.704081632653061,1.9795918367346939,0.0,4.77891156462585,0.0,0.0,0.0017006802721088435,0.2108843537414966,0.0,0.0,13.040816326530612,1.903061224489796,0.0,0.07142857142857142,0.18537414965986396,0.0,0.45918367346938777,0.5102040816326531,0.0,0.03231292517006803,0.0
1285,1126,4,0.5142857142857142,0.04285714285714286,0.42857142857142855,2.9714285714285715,0.0,0.0,0.0,0.25,0.0,0.0,0.0,0.0,0.0,0.7857142857142857,0.1357142857142857,0.0,0.0,0.02142857142857143,0.0,6.578571428571428,0.0,3.2714285714285714,0.0,4.828571428571428,1.1071428571428572,0.7857142857142857,7.0928571428571425,0.0,0.0,0.0,0.0,0.0,0.0,12.564285714285715,1.7857142857142858,0.0,1.5928571428571427,0.22142857142857142,0.0,0.7928571428571428,0.5642857142857143,0.0,0.07142857142857142,0.7
1280,1510,4,0.6073619631901841,0.05214723926380368,1.2269938650306749,4.049079754601227,0.0,0.0,0.0,0.0,0.0,0.0,0.05828220858895705,0.0,0.03374233128834356,0.2883435582822086,0.35276073619631904,0.0,0.0,0.0,0.046012269938650305,12.401840490797547,0.03374233128834356,2.561349693251534,0.0,22.613496932515336,1.5766871165644172,0.18098159509202455,4.355828220858895,0.0,0.0,0.13190184049079753,0.0,0.0,0.13190184049079753,16.742331288343557,2.03680981595092,0.0,0.5766871165644172,0.13496932515337423,0.015337423312883436,1.3987730061349692,0.49693251533742333,1.49079754601227,0.03680981595092025,0.0950920245398773
1281,1329,7,0.4852941176470588,0.10294117647058823,0.2867647058823529,4.794117647058823,0.0,0.0,0.0,0.0,0.0,0.0,0.0,0.0,0.0,0.0,0.0,0.0,0.0,0.0,0.0,12.213235294117647,0.0,2.9338235294117645,0.0,13.786764705882353,1.8970588235294117,0.2426470588235294,4.294117647058823,0.0,0.0,0.29411764705882354,0.0,0.0,0.0,19.794117647058822,2.6470588235294117,0.0,0.23529411764705882,0.0,0.0,0.9411764705882353,0.6911764705882353,0.0,0.03676470588235294,0.0
1283,1408,4,0.5042016806722689,0.03361344537815126,1.1764705882352942,2.504201680672269,0.0,0.0,0.0,0.0,0.0,0.0,0.9411764705882353,0.0,0.0,1.6218487394957983,0.5882352941176471,0.0,0.0,0.0,2.0756302521008405,7.394957983193278,0.0,1.8235294117647058,0.0,2.6554621848739495,0.5126050420168067,0.20168067226890757,7.34453781512605,0.0,0.0,0.23529411764705882,0.0,0.6218487394957983,0.0,12.008403361344538,1.26890756302521,0.0,0.23529411764705882,0.07563025210084033,0.16806722689075632,0.6890756302521008,0.46218487394957986,0.0,0.09243697478991597,0.0
1280,474,4,0.4838709677419355,0.041935483870967745,2.4516129032258065,2.6483870967741936,0.0,0.041935483870967745,0.0,0.3419354838709677,0.0,0.08064516129032258,0.0,0.0,0.0,0.22580645161290322,0.04838709677419355,0.0,0.4290322580645161,0.2064516129032258,0.0,10.129032258064516,0.16451612903225807,2.7483870967741937,0.0,3.0451612903225804,0.8516129032258064,0.3064516129032258,11.987096774193548,0.0,0.0,0.1774193548387097,0.0,0.0,0.0,13.95483870967742,1.1483870967741936,0.0,0.0,0.03225806451612903,0.0,0.4870967741935484,0.6096774193548387,0.06129032258064516,0.05161290322580645,3.5709677419354837
1281,1274,12,0.73,0.1,0.49,2.87,0.0,0.0,0.0,0.0,0.0,0.0,0.0,0.0,0.0,0.12,0.0,0.0,0.0,0.0,0.0,5.14,0.0,3.02,0.0,6.61,1.4,0.0,2.06,0.0,0.0,0.0,0.22,0.0,0.0,9.26,1.2,0.0,0.97,0.0,0.0,0.5,0.47,0.0,0.03,0.0
1294,1459,4,0.6436170212765957,0.03723404255319149,0.4734042553191489,2.5797872340425534,0.0,0.15425531914893617,0.0,1.824468085106383,0.0,0.0,0.0,0.0,0.0,1.0904255319148937,0.42021276595744683,0.0,0.17553191489361702,0.425531914893617,0.0,7.457446808510638,0.07446808510638298,2.3882978723404253,0.0,2.148936170212766,1.0851063829787233,0.5053191489361702,5.654255319148936,0.0,0.005319148936170213,0.0425531914893617,0.0,0.0,0.0,11.75,1.053191489361702,0.0,0.031914893617021274,0.2978723404255319,0.0,1.1117021276595744,0.6117021276595744,0.0,0.10106382978723404,3.627659574468085
1294,372,12,0.5476923076923077,0.0882051282051282,0.8338461538461538,4.4625641025641025,0.0,0.0,0.0,0.0,0.0,0.0,0.0,0.0,0.0,0.03487179487179487,0.0,0.0,0.0,0.0,0.006153846153846154,14.895384615384616,0.06769230769230769,2.0235897435897434,0.0,7.1528205128205125,2.046153846153846,0.38358974358974357,7.795897435897436,0.0,0.050256410256410255,0.2635897435897436,0.38358974358974357,0.0,0.0,18.348717948717947,2.395897435897436,0.0,0.1671794871794872,0.022564102564102566,0.0,0.4307692307692308,0.5856410256410256,0.0,0.035897435897435895,0.0
1289,566,15,0.5093833780160858,0.045576407506702415,0.35254691689008044,3.03887399463807,0.0,0.0013404825737265416,0.0,0.9276139410187667,0.0,0.0,0.0,0.0,0.0,0.900804289544236,0.39946380697050937,0.0,0.0,0.08042895442359249,0.04423592493297587,12.175603217158177,0.0,3.1246648793565686,0.0,6.2962466487935655,2.3378016085790883,0.5402144772117963,5.399463806970509,0.0,0.0,0.0,0.0,0.0,0.0,12.02278820375335,1.675603217158177,0.0,0.04423592493297587,0.0,0.0,1.160857908847185,0.5067024128686327,0.0,0.049597855227882036,5.434316353887399
1294,914,12,0.4909560723514212,0.07751937984496124,0.09560723514211886,3.102067183462532,0.0,0.0,0.0,0.13953488372093023,0.05167958656330749,0.0,0.0,0.0,0.0,0.3953488372093023,0.10594315245478036,0.0,0.0,0.0,0.021963824289405683,9.744186046511627,0.0,4.158914728682171,0.0,9.882428940568476,1.4160206718346253,0.6072351421188631,6.202842377260982,0.0,0.0,0.11498708010335917,0.0,0.0,0.0,13.222222222222221,1.9625322997416021,0.0,0.22997416020671835,0.09948320413436693,0.0,0.6046511627906976,0.5297157622739018,0.0,0.025839793281653745,0.06330749354005168
1286,1300,4,0.55,0.09375,0.753125,3.5734375,0.165625,0.1484375,0.0,0.790625,0.0,0.0046875,0.0,0.0,0.05,1.6328125,0.1453125,0.0,0.2453125,0.215625,0.0,12.5484375,0.0,2.5875,0.0,3.5828125,2.9828125,2.278125,5.7890625,0.0,0.00625,0.10625,0.0,0.0,0.3359375,14.4890625,2.16875,0.0,0.2578125,0.0140625,0.0,0.7453125,0.590625,0.0,0.053125,5.965625
1297,1878,4,0.6505576208178439,0.11895910780669144,0.8513011152416357,4.988847583643123,0.0,0.0,0.0,0.2936802973977695,0.0,0.0,0.0037174721189591076,0.0,0.0,0.2936802973977695,0.12639405204460966,0.0,0.0,0.08921933085501858,0.01486988847583643,15.349442379182156,0.022304832713754646,2.2304832713754648,0.0,11.654275092936803,2.5353159851301115,0.02973977695167286,4.5353159851301115,0.0,0.0,0.137546468401487,0.0,0.0,0.0,20.263940520446095,3.4052044609665426,0.0,0.10780669144981413,0.11152416356877323,0.0,0.9814126394052045,0.6356877323420075,0.0,0.02973977695167286,0.0
1298,1378,12,0.5573883161512028,0.09278350515463918,0.9986254295532646,3.5656357388316153,0.0,0.0,0.0,0.04673539518900344,0.0,0.0,0.0,0.0,0.0,0.0831615120274914,0.006872852233676976,0.0,0.0,0.0,0.0,8.872164948453609,0.07972508591065292,3.2151202749140895,0.0,5.552577319587629,2.265979381443299,1.083848797250859,9.664604810996563,0.0,0.0,0.281786941580756,0.0,0.0,0.0,18.917525773195877,2.1553264604810995,0.0,0.17800687285223368,0.04879725085910653,0.0,0.35532646048109967,0.6378006872852233,0.0,0.03573883161512027,0.0
1291,1654,12,0.5757946210268948,0.11246943765281174,1.0354523227383863,4.458435207823961,0.0,0.04767726161369193,0.0,0.4180929095354523,0.0,0.0,0.0,0.0,0.0,0.5831295843520783,0.17359413202933985,0.0,0.10757946210268948,0.6992665036674817,0.0,13.419315403422983,0.061124694376528114,3.643031784841076,0.0,6.5733496332518335,2.7359413202933984,0.09535452322738386,6.452322738386308,0.0,0.0,0.5880195599022005,0.0,0.0,0.20537897310513448,19.163814180929094,2.663814180929095,0.0,0.061124694376528114,0.1356968215158924,0.0,0.8814180929095354,0.6491442542787286,0.008557457212713936,0.0550122249388753,4.786063569682152
1291,437,12,0.4644268774703557,0.07905138339920949,0.7984189723320159,3.6383399209486167,0.0,0.25691699604743085,0.0,1.209486166007905,0.0,0.0,0.0,0.0,0.12648221343873517,1.5375494071146245,0.3359683794466403,0.0,0.04743083003952569,0.0,0.0,12.895256916996047,0.05731225296442688,3.4624505928853755,0.0,2.650197628458498,1.2964426877470356,1.1541501976284585,7.553359683794467,0.0,0.0,0.37351778656126483,0.0,0.0,0.0,16.606719367588934,1.6719367588932805,0.0,0.1976284584980237,0.04743083003952569,0.0,0.20553359683794467,0.7786561264822134,0.0,0.07114624505928854,4.183794466403162
1297,960,11,0.6606060606060606,0.05757575757575758,0.24848484848484848,2.4272727272727272,0.0,0.0,0.0,0.4727272727272727,0.0,0.0,0.0,0.0,0.0,0.7484848484848485,0.26666666666666666,0.0,0.10606060606060606,0.36666666666666664,0.0,10.112121212121211,0.0,4.16969696969697,0.0,3.5606060606060606,0.9696969696969697,0.8484848484848485,6.966666666666667,0.0,0.0,0.0,0.0,0.0,0.0,10.878787878787879,1.2878787878787878,0.0,0.296969696969697,0.22727272727272727,0.0,0.5393939393939394,0.5424242424242425,0.0,0.021212121212121213,1.121212121212121
1284,969,11,0.4724689165186501,0.11545293072824156,0.07460035523978685,4.644760213143872,0.14742451154529307,0.28596802841918295,0.0,0.17584369449378331,0.0,0.0,0.021314387211367674,0.0,0.02664298401420959,1.6003552397868561,0.23623445825932504,0.0,0.7548845470692718,0.46536412078152756,0.03197158081705151,11.813499111900533,0.0,1.596802841918295,0.0,5.452930728241563,4.095914742451154,0.4404973357015986,2.4067495559502663,0.0,0.0,0.32149200710479575,0.0,0.0,5.1154529307282415,18.072824156305508,3.30550621669627,0.0,0.08880994671403197,0.0,0.0,0.6021314387211367,0.5506216696269982,0.0,0.07104795737122557,4.463587921847247
1285,1232,4,0.4329896907216495,0.14432989690721648,1.3608247422680413,3.752577319587629,0.041237113402061855,0.030927835051546393,0.0,0.061855670103092786,0.0,0.0,0.0,0.0,0.0,0.9587628865979382,0.23711340206185566,0.0,0.10309278350515463,0.13402061855670103,0.0,14.969072164948454,0.0,2.3711340206185567,0.0,5.958762886597938,2.1752577319587627,0.4948453608247423,3.6804123711340204,0.0,0.0,0.10309278350515463,0.0,0.0,0.845360824742268,13.628865979381443,2.3092783505154637,0.0,0.4020618556701031,0.0,0.0,0.4948453608247423,0.31958762886597936,0.0,0.07216494845360824,1.3298969072164948
1290,1758,4,0.5816993464052288,0.032679738562091505,0.9150326797385621,2.679738562091503,0.0,0.0,0.0,0.0,0.0,0.0,0.0,0.0,0.0,0.0,0.0,0.0,0.0,0.0,0.0,10.738562091503267,0.05228758169934641,1.9607843137254901,0.0,2.522875816993464,0.46405228758169936,0.8496732026143791,8.38562091503268,0.0,0.5032679738562091,0.1111111111111111,0.0,0.0,0.0,12.235294117647058,1.4901960784313726,0.0,0.09803921568627451,0.21568627450980393,0.0,0.20915032679738563,0.6535947712418301,0.0,0.0196078431372549,1.8758169934640523
1295,167,4,0.5711462450592886,0.12055335968379446,1.2944664031620554,5.106719367588933,0.0,0.0,0.0,0.0,0.0,0.0,0.001976284584980237,0.0,0.01383399209486166,0.09881422924901186,0.037549407114624504,0.0,0.0,0.0,0.0,14.820158102766799,0.08893280632411067,2.466403162055336,0.0,11.391304347826088,2.7233201581027666,0.40711462450592883,4.681818181818182,0.0,0.808300395256917,0.45652173913043476,0.3201581027667984,0.0,0.0,24.782608695652176,3.156126482213439,0.0,0.5335968379446641,0.0,0.01383399209486166,0.7984189723320159,0.5909090909090909,0.0,0.04743083003952569,0.17193675889328064
1299,1054,4,0.5114613180515759,0.0659025787965616,0.7965616045845272,2.2449856733524354,0.0,0.0,0.0,0.0,0.0,0.0,0.0,0.0,0.0,0.0,0.0,0.0,0.0,0.0,0.0,3.7177650429799427,0.022922636103151862,2.0659025787965617,0.0,2.340974212034384,0.8882521489971347,0.16332378223495703,4.851002865329513,0.0,0.0,0.01002865329512894,0.0,0.0,0.0,9.902578796561604,1.2951289398280803,0.0,0.12750716332378223,0.09312320916905444,0.0,0.06160458452722063,0.4699140401146132,0.0,0.02005730659025788,0.0
1287,1429,4,0.6465863453815262,0.07630522088353414,0.2289156626506024,3.7389558232931726,0.0,0.030120481927710843,0.006024096385542169,0.1927710843373494,0.0,0.0,0.0,0.0,0.0,0.3373493975903614,0.15261044176706828,0.0,0.0,0.01606425702811245,0.03815261044176707,9.993975903614459,0.0,3.140562248995984,0.0,10.15863453815261,0.8353413654618473,0.6445783132530121,5.329317269076305,0.0,0.0,0.21686746987951808,0.03413654618473896,0.0,0.0,15.905622489959839,2.459839357429719,0.0,1.395582329317269,0.10240963855421686,0.0,0.642570281124498,0.570281124497992,0.0,0.05823293172690763,0.0
1288,1839,11,0.6025641025641025,0.0811965811965812,0.6581196581196581,3.965811965811966,0.0,0.0,0.0,0.0,0.0,0.0,0.0,0.0,0.0,0.0,0.0,0.0,0.0,0.0,0.0,9.44017094017094,0.05555555555555555,2.9871794871794872,0.0,9.034188034188034,1.7777777777777777,0.24358974358974358,6.1239316239316235,0.0,0.04700854700854701,0.41452991452991456,0.0,0.0,0.0,16.623931623931625,2.0683760683760686,0.0,0.0,0.14102564102564102,0.0,0.6709401709401709,0.6111111111111112,0.0,0.05982905982905983,0.0
1296,607,12,0.5731225296442688,0.07114624505928854,0.6758893280632411,3.7865612648221343,0.44664031620553357,0.31225296442687744,0.0,0.0,0.0,0.0,0.0,0.0,0.0,2.1620553359683794,0.6442687747035574,0.0,0.8695652173913043,0.5019762845849802,0.0,3.616600790513834,0.007905138339920948,1.9802371541501975,0.0,1.8458498023715415,2.367588932806324,0.3557312252964427,3.9881422924901186,0.43478260869565216,0.03557312252964427,0.42292490118577075,0.0,0.0,5.134387351778656,18.442687747035574,1.9881422924901186,0.0,0.11462450592885376,0.0,0.0,0.20553359683794467,0.6205533596837944,0.0,0.08695652173913043,4.209486166007905
1292,1567,12,0.4807692307692308,0.08916083916083917,0.09965034965034965,3.6923076923076925,0.06468531468531469,0.07867132867132867,0.0,2.013986013986014,0.0,0.0,0.0017482517482517483,0.0,0.01048951048951049,1.7272727272727273,0.5052447552447552,0.0,0.0,0.11013986013986014,0.11538461538461539,13.181818181818182,0.0,3.4615384615384617,0.0,6.4423076923076925,3.1975524475524475,0.3723776223776224,5.164335664335664,0.0,0.0,0.06643356643356643,0.0,0.0,0.0,14.935314685314685,2.272727272727273,0.0,0.033216783216783216,0.3688811188811189,0.0,0.8024475524475524,0.5454545454545454,0.0,0.07692307692307693,2.9667832167832167
1290,689,4,0.45426829268292684,0.06707317073170732,0.1798780487804878,3.3780487804878048,0.10975609756097561,0.2926829268292683,0.0,1.771341463414634,0.0,0.0,0.0,0.0,0.0,1.6189024390243902,0.4634146341463415,0.0,0.18597560975609756,2.106707317073171,0.0,12.926829268292684,0.012195121951219513,12.527439024390244,0.0,2.4695121951219514,1.1585365853658536,0.13109756097560976,4.865853658536586,0.0,0.0,0.19207317073170732,0.0,0.0,0.0,15.375,1.3140243902439024,0.0,0.01524390243902439,0.21951219512195122,0.0,0.49390243902439024,0.6432926829268293,0.0,0.08231707317073171,12.88109756097561
1298,751,4,0.5831663326653307,0.0841683366733467,0.3967935871743487,3.9398797595190382,0.0,0.0,0.0,0.0,0.0,0.0,0.0,0.0,0.0,0.0,0.0,0.0,0.0,0.0,0.0,10.831663326653306,0.0,2.2745490981963927,0.0,6.424849699398798,1.9178356713426854,0.012024048096192385,3.5210420841683367,0.0,0.0,0.0,0.0,0.0,0.0,15.364729458917836,2.6693386773547094,0.0,0.0,0.09218436873747494,0.0,0.4168336673346693,0.5270541082164328,0.0,0.02004008016032064,0.0
1298,1636,4,0.6096491228070176,0.08771929824561403,0.7631578947368421,3.2982456140350878,0.0,0.0,0.0,0.0,0.0,0.0,0.0,0.0,0.0,0.26169590643274854,0.008771929824561403,0.0,0.0,0.0,0.0,13.774853801169591,0.0,2.6915204678362574,0.0,6.6988304093567255,1.236842105263158,0.03508771929824561,4.133040935672515,0.0,0.0,0.06140350877192982,0.0,0.0,0.0,11.836257309941521,1.7616959064327486,0.0,0.0804093567251462,0.0,0.0,0.43859649122807015,0.5292397660818714,0.0,0.038011695906432746,0.0
1291,1039,4,0.5241545893719807,0.06280193236714976,0.7101449275362319,3.318840579710145,0.0,0.021739130434782608,0.0,0.0748792270531401,0.0,0.0,0.0,0.0,0.0,0.03140096618357488,0.0024154589371980675,0.0,0.08695652173913043,0.0,0.0,4.393719806763285,0.08695652173913043,3.178743961352657,0.0,2.8381642512077296,0.8888888888888888,0.48792270531400966,8.297101449275363,0.0,0.0,0.45652173913043476,0.0,0.0,0.0,16.695652173913043,1.9927536231884058,0.0,0.21497584541062803,0.10628019323671498,0.0,0.0024154589371980675,0.6859903381642513,0.0,0.024154589371980676,0.0
1294,1167,11,0.6890243902439024,0.10060975609756098,0.5091463414634146,3.8292682926829267,0.0,0.0,0.0,0.03048780487804878,0.0,0.0,0.0,0.0,0.0,0.09451219512195122,0.027439024390243903,0.0,0.0,0.0,0.0,10.36890243902439,0.0,3.6341463414634148,0.0,10.649390243902438,0.9390243902439024,0.16463414634146342,3.2804878048780486,0.0,0.0,0.03353658536585366,0.021341463414634148,0.0,0.0,15.231707317073171,2.402439024390244,0.0,2.6463414634146343,0.018292682926829267,0.0,0.7164634146341463,0.5609756097560976,0.0,0.06097560975609756,0.0
1290,1252,4,0.5515463917525774,0.07731958762886598,0.3917525773195876,3.9381443298969074,0.03608247422680412,0.041237113402061855,0.0,0.04639175257731959,0.0,0.0,0.0,0.0,0.0,0.9278350515463918,0.06701030927835051,0.0,0.12886597938144329,0.14948453608247422,0.12886597938144329,18.04639175257732,0.0,3.948453608247423,0.0,10.603092783505154,2.804123711340206,0.5721649484536082,5.046391752577319,0.0,0.0,0.26288659793814434,0.0,0.0,2.7989690721649483,16.97422680412371,2.783505154639175,0.0,0.02577319587628866,0.0,0.0,0.9432989690721649,1.4278350515463918,0.0,0.07731958762886598,1.8814432989690721
1296,1513,4,0.5652173913043478,0.05434782608695652,0.8206521739130435,3.7880434782608696,0.0,0.0,0.0,0.0,0.0,0.0,0.0,0.0,0.0,0.0,0.0,0.0,0.0,0.0,0.0,10.831521739130435,0.03260869565217391,1.858695652173913,0.0,8.755434782608695,1.826086956521739,0.40217391304347827,5.5978260869565215,0.0,0.28804347826086957,0.0,0.0,0.0,0.0,16.891304347826086,2.5652173913043477,0.0,0.03804347826086957,0.0,0.0,0.4782608695652174,0.6521739130434783,0.0,0.04891304347826087,0.5434782608695652
1299,71,4,0.4910979228486647,0.0830860534124629,0.42433234421364985,4.2195845697329375,0.0,0.0,0.0,0.0,0.0,0.0,0.0,0.0,0.0,0.028189910979228485,0.0,0.0,0.0,0.0,0.0,14.393175074183976,0.01483679525222552,2.7759643916913945,0.0,10.707715133531158,1.4614243323442135,0.4020771513353116,7.455489614243324,0.0,0.0,0.5311572700296736,0.0,0.0,0.04154302670623145,17.551928783382788,2.235905044510386,0.0,0.4658753709198813,0.050445103857566766,0.0,0.6394658753709199,0.5919881305637982,0.0,0.032640949554896145,0.0
1305,1255,4,0.5891238670694864,0.1042296072507553,0.6782477341389728,3.1601208459214503,0.0,0.0,0.0,0.0,0.0,0.0,0.012084592145015106,0.0,0.0,0.021148036253776436,0.0030211480362537764,0.0,0.0,0.0,0.013595166163141994,14.08308157099698,0.0,1.9290030211480362,0.0,10.632930513595166,2.6812688821752264,0.3459214501510574,4.356495468277946,0.0,0.061933534743202415,0.37462235649546827,0.0,0.0,0.0,12.326283987915408,1.8595166163141994,0.0,0.3821752265861027,0.006042296072507553,0.0,0.6525679758308157,0.5120845921450151,0.2719033232628399,0.03323262839879154,0.9924471299093656
1301,1819,11,0.5681818181818182,0.08080808080808081,0.6262626262626263,3.774410774410774,0.0,0.0016835016835016834,0.0,0.04882154882154882,0.0,0.0,0.0008417508417508417,0.0,0.0,0.05218855218855219,0.010942760942760943,0.0,0.0,0.0008417508417508417,0.0008417508417508417,11.760942760942761,0.022727272727272728,2.0555555555555554,0.0,10.655723905723907,2.686026936026936,0.5370370370370371,4.543771043771044,0.0,0.34175084175084175,0.06313131313131314,0.0,0.0,0.0,16.235690235690235,2.669191919191919,0.0,0.10101010101010101,0.0008417508417508417,0.0,0.7457912457912458,0.6111111111111112,0.0,0.037037037037037035,1.6717171717171717
1301,1400,4,0.5442875481386393,0.10012836970474968,1.1668806161745828,4.512195121951219,0.06161745827984596,0.03080872913992298,0.0,0.10911424903722722,0.0,0.0,0.0,0.0,0.0,0.7689345314505777,0.1797175866495507,0.0,0.21694480102695765,0.0693196405648267,0.0,13.571245186136071,0.07830551989730423,2.993581514762516,0.0,12.75609756097561,2.79204107830552,1.3812580231065468,7.295250320924262,0.03594351732991014,0.06803594351732992,0.1951219512195122,0.10269576379974327,0.0,0.5198973042362003,20.833119383825416,2.514762516046213,0.0,0.09114249037227215,0.0,0.0,0.8883183568677792,0.7073170731707317,0.0,0.057766367137355584,0.5365853658536586
1295,478,4,0.5873015873015873,0.08843537414965986,1.2222222222222223,3.7369614512471654,0.0,0.0022675736961451248,0.0,0.011337868480725623,0.0,0.0,0.0,0.0,0.0,0.08390022675736962,0.024943310657596373,0.0,0.0,0.0022675736961451248,0.0,14.022675736961451,0.05215419501133787,2.4489795918367347,0.0,7.197278911564626,2.0634920634920637,0.10884353741496598,8.086167800453515,0.0,0.0,0.5963718820861678,0.0,0.0,0.0,16.467120181405896,2.133786848072562,0.0,0.0,0.013605442176870748,0.0,0.691609977324263,0.6213151927437641,0.0,0.047619047619047616,0.10430839002267574
1298,515,4,1.0946502057613168,0.05761316872427984,0.5020576131687243,4.032921810699588,0.0,0.0,0.0,0.012345679012345678,0.0,0.0,0.012345679012345678,0.0,0.0,0.43209876543209874,0.01646090534979424,0.11934156378600823,0.0,0.0,0.0,9.930041152263374,0.0,3.5185185185185186,0.0,11.905349794238683,1.7119341563786008,0.1728395061728395,4.460905349794238,0.0,0.0,0.00411522633744856,0.2674897119341564,0.0,0.0,14.7119341563786,2.168724279835391,0.0,1.6131687242798354,0.09053497942386832,0.0,0.7654320987654321,0.5473251028806584,0.0,0.04938271604938271,0.0
1296,463,4,0.5835866261398176,0.08814589665653495,0.0,3.6322188449848025,0.0,0.0,0.0,0.0,0.0,0.0,0.0,0.0,0.0,0.0,0.0,0.0,0.0,0.0,0.0,13.46808510638298,0.0,2.7325227963525838,0.0,17.194528875379937,1.5288753799392096,0.09422492401215805,3.762917933130699,0.0,0.0,0.0486322188449848,0.0,0.0,0.0,14.282674772036474,2.139817629179331,0.0,1.8814589665653496,0.12462006079027356,0.0,0.9696048632218845,0.48024316109422494,0.0,0.030395136778115502,0.0
1300,821,12,1.2643171806167401,0.04405286343612335,0.6387665198237885,3.5814977973568283,0.0,0.0,0.0,0.41409691629955947,0.0,0.0,0.07488986784140969,0.0,0.00881057268722467,0.6563876651982379,0.23348017621145375,0.11894273127753303,0.0,0.0,0.14096916299559473,7.674008810572687,0.0,3.7797356828193833,0.0,10.911894273127754,1.7092511013215859,0.4052863436123348,5.977973568281938,0.0,0.0,0.5110132158590308,0.14096916299559473,0.0,0.0,14.035242290748899,2.1365638766519823,0.0,1.86784140969163,0.07488986784140969,0.0,0.9427312775330396,0.5903083700440529,0.0,0.0881057268722467,0.0
1305,226,4,0.5844875346260388,0.06371191135734072,1.1911357340720221,2.227146814404432,0.0,0.09695290858725762,0.0,1.1689750692520775,0.0,0.0,0.00554016620498615,0.0,0.08310249307479224,0.6454293628808865,0.1329639889196676,0.0,0.060941828254847646,0.0997229916897507,0.07479224376731301,7.8171745152354575,0.05817174515235457,2.667590027700831,0.0,1.4653739612188366,0.45706371191135736,0.6121883656509696,8.573407202216066,0.0,0.0,0.0,0.0,0.0,0.0,10.138504155124654,0.9335180055401662,0.0,0.13019390581717452,0.22714681440443213,0.0,0.13850415512465375,0.5623268698060941,0.0,0.05263157894736842,0.024930747922437674
1297,1154,11,0.543171114599686,0.0847723704866562,0.6577708006279435,3.8241758241758244,0.0,0.0,0.0,0.0,0.0,0.0,0.0,0.0,0.0,0.0706436420722135,0.0,0.0,0.0,0.0,0.0,13.987441130298274,0.0,2.260596546310832,0.0,7.24646781789639,2.427001569858713,0.05023547880690738,3.5667189952904237,0.0,0.0,0.0,0.30612244897959184,0.0,0.0,13.40502354788069,2.2103610675039245,0.0,0.0847723704866562,0.0015698587127158557,0.0,0.5698587127158555,0.47095761381475665,0.0,0.03453689167974882,0.0
1300,1330,4,0.6530612244897959,0.08843537414965986,0.564625850340136,5.7687074829931975,0.17687074829931973,0.0,0.0,0.0,0.0,0.0,0.0,0.0,0.0,1.653061224489796,0.32653061224489793,0.0,0.5238095238095238,0.4217687074829932,0.10884353741496598,6.8979591836734695,0.0,2.8843537414965987,0.0,4.578231292517007,5.666666666666667,1.401360544217687,7.387755102040816,0.0,0.0,0.19047619047619047,0.0,0.0,5.095238095238095,22.73469387755102,3.6054421768707483,0.0,0.013605442176870748,0.0,0.0,0.7074829931972789,0.564625850340136,0.16326530612244897,0.10204081632653061,2.8299319727891157
1297,190,4,0.5408163265306123,0.08163265306122448,1.586734693877551,4.076530612244898,0.0,0.0,0.0,0.0,0.0,0.0,0.1377551020408163,0.0,0.0,0.46598639455782315,0.21768707482993196,0.0,0.0,0.0,0.54421768707483,6.73469387755102,0.0663265306122449,2.1462585034013606,0.0,4.105442176870748,1.836734693877551,0.0663265306122449,6.7976190476190474,0.0,0.0,0.18537414965986396,0.0,0.008503401360544218,0.0,19.416666666666668,2.933673469387755,0.0,0.17006802721088435,0.11054421768707483,0.07142857142857142,0.39965986394557823,0.6020408163265306,0.0,0.0391156462585034,0.26360544217687076
1299,351,4,0.527027027027027,0.05405405405405406,0.22972972972972974,2.0135135135135136,0.0,0.0,0.0,0.0,0.0,0.0,0.0,0.0,0.0,0.0,0.0,0.0,0.0,0.0,0.0,3.4662162162162162,0.0,1.864864864864865,0.0,1.4662162162162162,0.2702702702702703,0.0,4.162162162162162,0.0,0.0,0.2972972972972973,0.0,0.0,0.0,8.567567567567568,0.9662162162162162,0.0,0.34459459459459457,0.04054054054054054,0.0,0.20270270270270271,0.47297297297297297,0.0,0.02027027027027027,0.0
1312,533,4,0.44673539518900346,0.06872852233676977,1.034364261168385,3.0240549828178693,0.0,0.0,0.0,0.05154639175257732,0.0,0.0,0.0,0.0,0.0,0.12371134020618557,0.030927835051546393,0.0,0.0,0.0,0.0,8.666666666666666,0.037800687285223365,2.120274914089347,0.0,2.88659793814433,1.2061855670103092,0.27147766323024053,6.759450171821306,0.0,0.0,0.0,0.0,0.0,0.0,11.77319587628866,1.9140893470790379,0.0,0.22336769759450173,0.030927835051546393,0.0,0.3642611683848797,0.4879725085910653,0.0,0.024054982817869417,0.0
1302,1290,7,0.6708860759493671,0.10689170182841069,0.0,4.039381153305204,0.0,0.0,0.0,0.0,0.0,0.0,0.0,0.0,0.0,0.005625879043600563,0.0,0.0,0.0,0.0,0.0,15.30098452883263,0.0,3.3417721518987342,0.0,17.060478199718705,1.5147679324894514,0.07313642756680731,3.780590717299578,0.0,0.0,0.0,0.0,0.0,0.0,15.39240506329114,2.486638537271449,0.0,1.9437412095639943,0.0,0.0,0.9760900140646976,0.5007032348804501,0.0,0.052039381153305204,0.0
1301,1432,4,0.56973293768546,0.0830860534124629,1.1572700296735905,4.213649851632048,0.0,0.09495548961424333,0.0,0.9673590504451038,0.0,0.0,0.6468842729970327,0.0,0.0,2.2255192878338277,0.6943620178041543,0.0,0.11572700296735905,0.1543026706231454,1.2017804154302671,11.658753709198812,0.04451038575667656,1.943620178041543,0.0,13.148367952522255,3.1394658753709197,0.7655786350148368,6.400593471810089,0.0,0.07418397626112759,0.3086053412462908,0.0,0.2433234421364985,0.0,17.744807121661722,2.376854599406528,0.0,0.13056379821958458,0.18694362017804153,0.0,1.6053412462908012,0.5934718100890207,0.0,0.0830860534124629,10.065281899109792
1301,500,4,0.5359477124183006,0.0718954248366013,0.43790849673202614,3.5381263616557734,0.0,0.0,0.0,0.0,0.0,0.0,0.017429193899782137,0.0,0.0,0.08061002178649238,0.017429193899782137,0.0,0.0,0.0,0.058823529411764705,10.542483660130719,0.0196078431372549,2.4074074074074074,0.0,10.59041394335512,2.150326797385621,0.3093681917211329,4.224400871459695,0.0,0.0,0.40522875816993464,0.0,0.0,0.0,16.167755991285404,1.9673202614379084,0.0,0.1394335511982571,0.004357298474945534,0.0,0.8126361655773421,0.5315904139433552,0.0,0.032679738562091505,0.43137254901960786
1303,583,16,0.7136929460580913,0.0912863070539419,0.1078838174273859,3.3858921161825726,0.0,0.0,0.0,0.0,0.0,0.0,0.0,0.0,0.0,0.08298755186721991,0.0,0.024896265560165973,0.0,0.0,0.0,9.614107883817427,0.0,3.3775933609958506,0.0,15.485477178423237,1.2365145228215768,0.1991701244813278,4.062240663900415,0.0,0.0,0.3983402489626556,0.0,0.0,0.0,14.16597510373444,2.132780082987552,0.0,2.020746887966805,0.008298755186721992,0.0,0.8174273858921162,0.46887966804979253,0.0,0.04149377593360996,0.0
1303,637,15,0.5261437908496732,0.042483660130718956,0.058823529411764705,2.888888888888889,0.0,0.0,0.0,0.00980392156862745,0.016339869281045753,0.0,0.0196078431372549,0.0,0.0,0.2581699346405229,0.06209150326797386,0.0,0.0,0.0,0.0,8.947712418300654,0.0,2.3594771241830066,0.0,7.73202614379085,0.9509803921568627,0.2222222222222222,3.8398692810457518,0.0,0.0,0.0,0.0,0.0,0.0,12.068627450980392,1.6633986928104576,0.0,0.0,0.029411764705882353,0.0,0.5784313725490197,0.5392156862745098,0.0,0.0457516339869281,0.0
1303,1309,7,0.5858310626702997,0.08991825613079019,0.3896457765667575,3.0653950953678475,0.05722070844686648,0.07356948228882834,0.0,0.3869209809264305,0.0,0.0,0.08174386920980926,0.0,0.0,0.8174386920980926,0.2561307901907357,0.0,0.0,0.0,0.08174386920980926,11.163487738419619,0.0,3.6321525885558583,0.0,6.092643051771117,2.2779291553133514,1.1444141689373297,7.782016348773842,0.0,0.0,0.25340599455040874,0.10899182561307902,0.0,0.0,12.8283378746594,2.209809264305177,0.0,0.4196185286103542,0.01634877384196185,0.0,0.3978201634877384,0.5286103542234333,0.0,0.04632152588555858,0.0
1304,1731,12,0.5775075987841946,0.14285714285714285,0.5653495440729484,6.334346504559271,0.0,0.0,0.0,0.0,0.0,0.0,0.3556231003039514,0.0,0.0,0.5015197568389058,0.04559270516717325,0.0,0.0,0.0,0.5531914893617021,16.103343465045594,0.0,2.0395136778115504,0.0,17.37082066869301,4.379939209726444,0.21580547112462006,4.057750759878419,0.0,0.0,0.060790273556231005,0.0,0.0,0.0,25.069908814589667,4.060790273556231,0.0,0.1519756838905775,0.0,0.0,1.2401215805471124,0.5927051671732523,0.0,0.05167173252279635,0.9665653495440729
1309,450,6,0.5366430260047281,0.0851063829787234,0.49645390070921985,3.921985815602837,0.0,0.05673758865248227,0.0,1.2293144208037825,0.0,0.1702127659574468,0.0,0.0,0.0,1.0260047281323876,0.3215130023640662,0.0,0.0,0.0,0.0,7.60047281323877,0.0425531914893617,2.8463356973995273,0.0,3.1796690307328603,2.1560283687943262,0.34515366430260047,4.078014184397163,0.11347517730496454,0.0,0.13947990543735225,0.0,0.0,0.0,17.789598108747043,2.111111111111111,0.0,0.08747044917257683,0.0,0.0,0.3049645390070922,0.574468085106383,0.0,0.04491725768321513,2.1465721040189125
1311,1116,4,0.5821256038647343,0.06521739130434782,0.17632850241545894,3.0845410628019323,0.0,0.0,0.0,0.19082125603864733,0.0,0.0,0.533816425120773,0.0,0.1570048309178744,1.1642512077294687,0.3357487922705314,0.0,0.10628019323671498,0.2318840579710145,0.0,10.884057971014492,0.0,3.2657004830917873,0.0,6.166666666666667,1.8743961352657006,0.5555555555555556,5.219806763285024,0.0,0.0,0.0,0.0,1.0169082125603865,0.0,12.009661835748792,1.789855072463768,0.0,0.19082125603864733,0.0893719806763285,0.0,0.7536231884057971,0.5217391304347826,0.0,0.08695652173913043,2.9589371980676327
1306,46,4,0.5479876160990712,0.0804953560371517,1.001547987616099,3.4891640866873064,0.0,0.0,0.0,0.0,0.0,0.0,0.0,0.0,0.0,0.02631578947368421,0.0,0.0,0.0,0.0,0.0,10.496904024767803,0.0046439628482972135,1.86687306501548,0.0,8.5015479876161,2.3947368421052633,0.0913312693498452,4.634674922600619,0.0,0.0,0.2755417956656347,0.0,0.0,0.0,15.532507739938081,1.9953560371517027,0.0,0.34365325077399383,0.09597523219814241,0.0,0.6749226006191951,0.5619195046439629,7.020123839009288,0.06346749226006192,5.8808049535603715
1304,655,7,0.6420581655480985,0.09843400447427293,0.45861297539149887,2.9082774049217,0.0,0.0,0.0,0.13646532438478748,0.0,0.042505592841163314,0.0,0.0,0.0,0.31096196868008946,0.09172259507829977,0.0,0.0,0.08501118568232663,0.0,9.841163310961969,0.0,3.3266219239373602,0.0,9.642058165548098,2.4295302013422817,0.16778523489932887,4.5480984340044746,0.0,0.011185682326621925,0.0447427293064877,0.0,0.0,0.0,11.170022371364654,1.4340044742729305,0.0,0.1610738255033557,0.020134228187919462,0.0,0.7807606263982103,0.4809843400447427,1.8478747203579418,0.042505592841163314,2.0067114093959733
1304,1199,4,0.5776173285198556,0.10830324909747292,0.23465703971119134,4.050541516245487,0.0,0.0,0.0,0.17689530685920576,0.0,0.0,0.2924187725631769,0.0,0.0,1.3682310469314078,0.33935018050541516,0.0,0.0,0.0,0.49097472924187724,16.642599277978338,0.0,2.046931407942238,0.0,4.794223826714801,2.642599277978339,0.4368231046931408,6.169675090252707,0.0,0.0,0.11552346570397112,0.007220216606498195,0.0,0.0,14.555956678700362,2.1227436823104693,0.0,0.3104693140794224,0.0,0.0,0.2996389891696751,0.5415162454873647,0.0,0.06859205776173286,6.259927797833935
1307,102,4,0.5840220385674931,0.0743801652892562,0.6033057851239669,4.534435261707989,0.0,0.0,0.0,0.0,0.0,0.0,0.005509641873278237,0.0,0.0,0.06887052341597796,0.0,0.0,0.0,0.0,0.011019283746556474,11.292011019283747,0.0,1.9504132231404958,0.0,7.245179063360881,2.7410468319559227,0.3140495867768595,4.630853994490358,0.0,0.0881542699724518,0.0,0.0,0.0,0.0,18.37741046831956,3.118457300275482,0.0,0.01928374655647383,0.0,0.0,0.4765840220385675,0.6225895316804407,0.0,0.027548209366391185,0.12121212121212122
1306,1847,11,0.6312741312741312,0.10617760617760617,0.8532818532818532,3.388030888030888,0.0,0.0,0.0,0.0,0.0,0.0,0.0,0.0,0.0,0.0,0.0,0.0,0.0,0.0,0.0,12.988416988416988,0.005791505791505791,2.3185328185328187,0.0,8.972972972972974,2.563706563706564,0.15444015444015444,4.455598455598456,0.0,0.0,0.34555984555984554,0.0,0.0,0.0,13.857142857142858,2.1563706563706564,0.0,0.45366795366795365,0.0,0.0,0.5598455598455598,0.45366795366795365,0.0,0.025096525096525095,0.0
1305,687,4,0.6092233009708737,0.07281553398058252,0.3276699029126214,4.822815533980583,0.220873786407767,0.21601941747572814,0.0,0.3640776699029126,0.0,0.0,0.0,0.0,0.0,1.6237864077669903,0.4441747572815534,0.0,0.9514563106796117,0.3106796116504854,0.0,11.478155339805825,0.0,3.436893203883495,0.0,3.5024271844660193,3.400485436893204,1.0533980582524272,6.95873786407767,0.1820388349514563,0.0,0.1650485436893204,0.0,0.0,3.9927184466019416,23.521844660194176,2.691747572815534,0.0,0.0,0.0,0.0,0.44660194174757284,0.7694174757281553,0.0,0.07766990291262135,3.2257281553398056
1308,298,7,0.5502392344497608,0.09330143540669857,1.0430622009569377,3.1961722488038276,0.0,0.0,0.0,0.0,0.0,0.0,0.0,0.0,0.0,0.0,0.0,0.0,0.0,0.0,0.0,8.665071770334928,0.028708133971291867,2.3803827751196174,0.0,3.284688995215311,1.0741626794258374,0.0215311004784689,3.8205741626794256,0.0,0.0,0.019138755980861243,0.0,0.0,0.0,12.875598086124402,2.1220095693779903,0.0,0.09808612440191387,0.0023923444976076554,0.0,0.23444976076555024,0.47368421052631576,0.0,0.019138755980861243,0.0
1308,768,15,0.5223577235772358,0.07113821138211382,0.6626016260162602,3.796747967479675,0.0,0.0,0.0,0.018292682926829267,0.0,0.0,0.25609756097560976,0.0,0.0,1.2520325203252032,0.11178861788617886,0.0,0.0,0.0,1.1239837398373984,8.83739837398374,0.022357723577235773,1.766260162601626,0.0,6.060975609756097,3.0934959349593494,0.036585365853658534,5.934959349593496,0.0,0.0,0.08739837398373984,0.0,0.0,0.0,14.967479674796747,2.3678861788617884,0.0,0.08943089430894309,0.06707317073170732,0.008130081300813009,0.6178861788617886,0.4796747967479675,0.0,0.042682926829268296,1.25
1316,1922,4,0.6864406779661016,0.0903954802259887,0.5621468926553672,3.6016949152542375,0.0,0.07627118644067797,0.0,0.3163841807909605,0.0,0.0,0.0,0.0,0.05084745762711865,0.6101694915254238,0.1864406779661017,0.0,0.0,0.0423728813559322,0.0,13.525423728813559,0.0,3.638418079096045,0.0,7.375706214689266,1.6073446327683616,0.03672316384180791,4.612994350282486,0.0,0.0,0.0,0.0,0.0,0.0,14.887005649717514,2.1779661016949152,0.0,0.0,0.10734463276836158,0.0,0.6892655367231638,0.6101694915254238,0.0,0.04519774011299435,0.21468926553672316
1321,1174,4,0.5704607046070461,0.08401084010840108,1.6747967479674797,2.424119241192412,0.0,0.016260162601626018,0.0,0.3008130081300813,0.0,0.0,0.0,0.0,0.0,0.24390243902439024,0.03116531165311653,0.0,0.0,0.0,0.0,2.415989159891599,0.09349593495934959,5.098915989159892,0.0,1.6219512195121952,0.6544715447154471,1.7100271002710028,11.142276422764228,0.009485094850948509,0.0,0.3428184281842818,0.0,0.0,0.04200542005420054,14.432249322493226,1.2384823848238482,0.0,0.2046070460704607,0.21002710027100271,0.0,0.051490514905149054,0.6165311653116531,0.0,0.028455284552845527,0.497289972899729
1315,1993,4,0.5439698492462312,0.08668341708542714,0.3479899497487437,3.601758793969849,0.0,0.0,0.0,0.0,0.0,0.0,0.0,0.013819095477386936,0.0,0.0,0.0,0.0,0.0,0.0,0.0,13.404522613065327,0.0,2.270100502512563,0.0,10.155778894472363,2.4158291457286434,0.10301507537688442,3.3165829145728645,0.0,0.0,0.008793969849246231,0.0,0.0,0.0,14.81281407035176,2.314070351758794,0.0,0.10427135678391959,0.002512562814070352,0.0,0.7537688442211056,0.5979899497487438,0.0,0.05527638190954774,0.7675879396984925
1310,488,4,0.6846361185983828,0.10107816711590296,0.761455525606469,3.4797843665768196,0.0,0.0,0.0,0.006738544474393531,0.0,0.0,0.0,0.0,0.0,0.014824797843665768,0.0,0.0,0.0,0.0,0.02830188679245283,8.584905660377359,0.03099730458221024,3.8787061994609164,0.0,5.789757412398922,1.5309973045822103,0.24797843665768193,4.432614555256064,0.0,0.0,0.09433962264150944,0.06334231805929919,0.0,0.0,17.13342318059299,1.7708894878706198,0.0,0.15633423180592992,0.0,0.0,0.4164420485175202,0.5876010781671159,0.0,0.0431266846361186,0.03773584905660377
1316,1950,11,0.48130841121495327,0.06542056074766354,0.10747663551401869,3.4953271028037385,0.0,0.0,0.0,0.09813084112149532,0.0,0.0,0.018691588785046728,0.0,0.0,0.2757009345794392,0.102803738317757,0.0,0.0,0.0,0.0,11.92056074766355,0.0,2.5654205607476634,0.0,12.411214953271028,1.2897196261682242,0.4158878504672897,4.635514018691588,0.0,0.0,0.0,0.0,0.0,0.0,13.051401869158878,1.9158878504672898,0.0,1.2383177570093458,0.028037383177570093,0.0,0.8271028037383178,0.45794392523364486,0.0,0.04205607476635514,0.0
1318,563,10,0.6486902927580893,0.1140215716486903,0.6563944530046225,4.975346687211094,0.06779661016949153,0.13097072419106318,0.0,0.0,0.0,0.0,0.029275808936825885,0.0,0.0,1.4252696456086287,0.46687211093990755,0.0,0.5192604006163328,0.1448382126348228,0.0,13.272727272727273,0.02465331278890601,3.352850539291217,0.0,3.741140215716487,4.220338983050848,0.9306625577812019,6.138674884437596,0.28043143297380585,0.0,0.16640986132511557,0.0,0.0,5.144838212634823,22.32819722650231,2.500770416024653,0.0,0.0015408320493066256,0.01386748844375963,0.0,0.46687211093990755,0.6440677966101694,0.0,0.04930662557781202,7.664098613251156
1311,1161,4,0.5448275862068965,0.11206896551724138,0.1706896551724138,4.1931034482758625,0.0,0.0,0.0,0.06724137931034482,0.6344827586206897,0.0,0.034482758620689655,0.0,0.0,0.9689655172413794,0.21379310344827587,0.0,0.0,0.0,0.07586206896551724,15.125862068965517,0.0,3.353448275862069,0.0,15.818965517241379,3.386206896551724,0.9379310344827586,5.401724137931034,0.0,0.0,0.0,0.0,0.0,0.0,15.86896551724138,2.6948275862068964,0.0,0.55,0.03793103448275862,0.0,1.0379310344827586,0.5,0.0,0.05862068965517241,1.6672413793103449
1313,1562,4,0.6307692307692307,0.08076923076923077,0.8615384615384616,3.876923076923077,0.0,0.0,0.0,0.0,0.0,0.0,0.0,0.0,0.0,0.11923076923076924,0.0,0.0,0.038461538461538464,0.0,0.0,13.134615384615385,0.0,2.7615384615384615,0.0,10.76923076923077,2.8846153846153846,0.23846153846153847,4.561538461538461,0.0,0.0,0.0,0.0,0.0,0.007692307692307693,15.35,2.3346153846153848,0.0,0.0,0.0,0.0,0.75,0.5384615384615384,0.0,0.038461538461538464,0.06153846153846154
1320,205,4,0.4899135446685879,0.037463976945244955,1.0230547550432276,2.792507204610951,0.0,0.0,0.0,0.08645533141210375,0.0,0.0,0.0,0.0,0.0,0.06051873198847262,0.0,0.0,0.0,0.05763688760806916,0.0,3.835734870317003,0.10951008645533142,4.017291066282421,0.0,1.8760806916426513,0.3861671469740634,0.3515850144092219,8.703170028818445,0.0,0.0,0.31988472622478387,0.0,0.0,0.0,14.32564841498559,1.5821325648414986,0.0,0.12680115273775217,0.29971181556195964,0.0,0.0,0.6484149855907781,0.0,0.025936599423631124,0.9596541786743515
1317,258,5,0.5343915343915344,0.07231040564373897,0.3315696649029982,3.291005291005291,0.0,0.0,0.0,0.0,0.0,0.0,0.0,0.0,0.0,0.0,0.0,0.0,0.0,0.0,0.0,11.701940035273369,0.0,1.7777777777777777,0.0,12.481481481481481,2.144620811287478,0.08112874779541446,3.017636684303351,0.0,0.0,0.014109347442680775,0.18694885361552027,0.0,0.0,12.432098765432098,1.9417989417989419,0.0,0.09700176366843033,0.021164021164021163,0.0,0.7372134038800705,0.4620811287477954,0.0,0.024691358024691357,0.0
1323,1596,12,0.4993252361673414,0.08906882591093117,0.38866396761133604,4.194331983805668,0.0,0.07152496626180836,0.0,0.3319838056680162,0.0,0.0,0.2591093117408907,0.0,0.1902834008097166,1.8394062078272604,1.105263157894737,0.0,0.0,0.06072874493927125,0.05398110661268556,13.49527665317139,0.0,3.145748987854251,0.2078272604588394,10.744939271255062,5.156545209176788,0.6842105263157895,5.3117408906882595,0.10121457489878542,0.0,0.03508771929824561,0.0,0.0,0.0,15.357624831309042,2.573549257759784,0.0,0.04183535762483131,0.0310391363022942,0.0,0.8623481781376519,0.49122807017543857,0.0,0.09851551956815115,0.8960863697705803
1322,353,4,0.4991212653778559,0.10896309314586995,0.4973637961335677,5.216168717047451,0.0,0.1827768014059754,0.0,1.196836555360281,0.0,0.0,0.0,0.0,0.0,1.179261862917399,0.4305799648506151,0.0,0.0,0.21616871704745166,0.0,12.70298769771529,0.050966608084358524,4.463971880492092,0.0,4.919156414762742,2.9191564147627416,0.3462214411247803,6.715289982425308,0.0,0.0,0.2530755711775044,0.0,0.0,0.0,22.655536028119506,2.8488576449912126,0.0,0.1546572934973638,0.050966608084358524,0.0,0.4130052724077329,0.8629173989455184,0.0,0.033391915641476276,5.9086115992970125
1326,1215,4,0.49029754204398446,0.0724450194049159,0.5666235446313066,3.073738680465718,0.0,0.0,0.0,0.0258732212160414,0.0,0.0,0.0,0.0,0.0,0.17335058214747737,0.00129366106080207,0.0,0.0,0.0,0.0,11.66882276843467,0.0,2.1267787839586028,0.0,4.29366106080207,1.4954721862871927,0.12419146183699871,4.927554980595084,0.0,0.0,0.0,0.0646830530401035,0.0,0.0,12.42561448900388,1.9689521345407504,0.0,0.018111254851228976,0.040103492884864166,0.0,0.6377749029754204,0.47477360931435963,0.0,0.016817593790426907,0.0
1318,88,4,0.5389784946236559,0.0793010752688172,0.7150537634408602,4.401881720430108,0.0,0.0,0.0,0.0,0.0,0.0,0.0,0.0,0.0,0.0013440860215053765,0.0,0.0,0.0,0.0,0.0,13.875,0.002688172043010753,1.9543010752688172,0.0,8.720430107526882,2.271505376344086,0.5,6.200268817204301,0.0,0.051075268817204304,0.1881720430107527,0.0,0.0,0.0,17.846774193548388,2.817204301075269,0.0,0.010752688172043012,0.01478494623655914,0.0,0.5685483870967742,0.6303763440860215,0.0,0.051075268817204304,0.16263440860215053
1332,186,4,0.6157635467980296,0.14285714285714285,0.2512315270935961,4.152709359605911,0.0,0.0,0.0,0.0,0.0,0.0,0.0,0.0,0.0,0.0,0.0,0.0,0.0,0.0,0.0,18.192118226600986,0.0,2.2364532019704435,0.0,20.339901477832512,3.6157635467980294,0.054187192118226604,3.206896551724138,0.0,0.0,0.41379310344827586,0.0,0.0,0.0,14.931034482758621,2.4532019704433496,0.0,0.33004926108374383,0.0,0.0,1.2364532019704433,0.4482758620689655,0.8768472906403941,0.059113300492610835,2.9655172413793105
1312,520,4,0.549172346640701,0.08860759493670886,0.6017526777020448,3.0175267770204477,0.0,0.0,0.0,0.0,0.0,0.0,0.0,0.0,0.0,0.0,0.0,0.0,0.0,0.0,0.0,10.487828627069133,0.0019474196689386564,2.278481012658228,0.0,6.517039922103213,2.1548198636806233,0.03894839337877313,3.804284323271665,0.0,0.0,0.006815968841285297,0.0,0.0,0.0,11.88510223953262,1.7702044790652385,0.0,0.053554040895813046,0.022395326192794548,0.0,0.4810126582278481,0.47127555988315484,0.0,0.029211295034079845,0.0
1318,612,12,0.4142857142857143,0.08571428571428572,0.0,4.628571428571429,0.0,0.0,0.0,0.0,0.0,0.0,0.0,0.0,0.0,0.0,0.0,0.0,0.0,0.0,0.0,12.614285714285714,0.0,2.4285714285714284,0.0,20.542857142857144,1.8,0.0,1.0,0.0,0.0,0.0,0.0,0.0,0.0,18.7,3.1714285714285713,0.0,1.3428571428571427,0.0,0.0,1.1428571428571428,0.42857142857142855,0.0,0.02857142857142857,0.0
1318,1413,4,0.6511194029850746,0.08022388059701492,0.08208955223880597,2.658582089552239,0.0,0.08955223880597014,0.0,0.8041044776119403,0.0,0.0,0.024253731343283583,0.0,0.14925373134328357,0.792910447761194,0.2947761194029851,0.0,0.0,0.22201492537313433,0.061567164179104475,2.701492537313433,0.0,3.5111940298507465,0.0,1.873134328358209,1.1791044776119404,0.7574626865671642,7.529850746268656,0.0,0.0,0.0,0.0,0.0,0.0,12.229477611940299,1.6585820895522387,0.0,0.06343283582089553,0.03544776119402985,0.0,0.20522388059701493,0.47761194029850745,0.0,0.08208955223880597,1.1492537313432836
1332,1133,4,0.5086206896551724,0.10344827586206896,1.1752873563218391,4.011494252873563,0.0,0.0,0.0,0.0,0.0,0.0,0.12931034482758622,0.0,0.0,0.28735632183908044,0.07183908045977011,0.0,0.0,0.0,0.4166666666666667,14.198275862068966,0.08908045977011494,2.3448275862068964,0.0,10.64367816091954,2.4798850574712645,0.3275862068965517,8.152298850574713,0.0,0.0,0.1235632183908046,0.0,0.0,0.0,17.439655172413794,2.336206896551724,0.0,0.08045977011494253,0.09195402298850575,0.0,0.646551724137931,0.632183908045977,0.0,0.05172413793103448,0.13505747126436782
1316,1838,11,1.1256781193490055,0.07685352622061482,0.4864376130198915,3.235985533453888,0.0,0.0018083182640144665,0.012658227848101266,0.11392405063291139,0.0,0.0,0.0,0.17811934900542495,0.0,0.11301989150090416,0.07775768535262206,0.0,0.0108499095840868,0.0,0.0,8.4376130198915,0.0,1.7513562386980108,0.0,7.632911392405063,3.4710669077757683,0.17450271247739602,5.975587703435805,0.0,0.0,0.09764918625678119,0.0,0.0,0.0,15.665461121157323,2.0714285714285716,0.20162748643761302,0.09403254972875226,0.0,0.0,0.5515370705244123,0.5732368896925859,0.47377938517179025,0.1546112115732369,11.724231464737795
1323,68,4,0.6392405063291139,0.06329113924050633,0.4936708860759494,4.708860759493671,0.0,0.03164556962025317,0.0,0.0,0.0,0.0,0.0,0.0,0.0,0.2468354430379747,0.0189873417721519,0.0,0.0,0.0,0.0,11.018987341772151,0.0,2.8164556962025316,0.0,13.082278481012658,3.6772151898734178,0.5189873417721519,4.158227848101266,0.0,0.04430379746835443,0.17088607594936708,0.10759493670886076,0.0,0.36075949367088606,21.810126582278482,2.911392405063291,0.0,0.0,0.0,0.0,0.9367088607594937,0.5949367088607594,0.0,0.0189873417721519,0.0379746835443038
1325,1022,11,0.5246913580246914,0.08847736625514403,0.21810699588477367,2.9588477366255144,0.0,0.0,0.0,0.0,0.0,0.0,0.0,0.03292181069958848,0.0,0.0,0.0,0.0,0.0,0.0,0.0,11.415637860082304,0.0,1.2613168724279835,0.0,8.34156378600823,2.5082304526748973,0.0,2.325102880658436,0.0,0.0,0.00411522633744856,0.0,0.0,0.0,11.325102880658436,1.5967078189300412,0.0,0.0,0.0,0.0,0.9382716049382716,0.42386831275720166,6.919753086419753,0.03497942386831276,19.555555555555557
1323,1649,4,0.45391061452513964,0.09217877094972067,0.3435754189944134,4.4804469273743015,0.07681564245810056,0.24720670391061453,0.0,0.5279329608938548,0.0,0.0,0.009776536312849162,0.0,0.018156424581005588,1.9874301675977655,0.5069832402234636,0.0,0.17318435754189945,0.6354748603351955,0.05446927374301676,12.655027932960893,0.0,3.2374301675977653,0.0,3.7290502793296088,3.53072625698324,1.3268156424581006,6.307262569832402,0.5544692737430168,0.0,0.16899441340782123,0.0,0.0,3.233240223463687,17.991620111731844,2.804469273743017,0.0,0.00558659217877095,0.18435754189944134,0.0,0.9217877094972067,0.5726256983240223,0.0,0.0712290502793296,2.8114525139664805
1323,1776,4,0.457002457002457,0.05405405405405406,1.5626535626535627,2.864864864864865,0.0,0.0,0.0,0.05405405405405406,0.0,0.0,0.0,0.0,0.0,0.13267813267813267,0.004914004914004914,0.0,0.0,0.0,0.0,8.326781326781326,0.21375921375921375,3.213759213759214,0.0,1.1572481572481572,0.16953316953316952,0.8894348894348895,11.552825552825553,0.0,0.0,0.7321867321867321,0.0,0.0,0.0,14.734643734643734,1.0343980343980343,0.0,0.601965601965602,0.02457002457002457,0.0,0.0,0.7346437346437347,0.0,0.0343980343980344,0.0
1320,506,4,0.5815217391304348,0.08152173913043478,0.6385869565217391,3.748641304347826,0.0,0.0,0.0,0.009510869565217392,0.0,0.0,0.0,0.0,0.0,0.07065217391304347,0.025815217391304348,0.0,0.0,0.0,0.029891304347826088,11.63179347826087,0.04619565217391304,2.8029891304347827,0.0,9.035326086956522,1.9103260869565217,0.4904891304347826,4.945652173913044,0.0,0.13043478260869565,0.501358695652174,0.0,0.0,0.0,17.345108695652176,2.0407608695652173,0.0,0.36820652173913043,0.19429347826086957,0.0,0.6766304347826086,0.6073369565217391,0.0,0.036684782608695655,0.19972826086956522
1333,782,12,0.7473684210526316,0.13157894736842105,0.0,6.110526315789474,0.0,0.0,0.0,0.0,0.0,0.0,0.0,0.0,0.0,0.0,0.0,0.0,0.0,0.0,0.0,16.010526315789473,0.0,3.1736842105263157,0.0,27.33684210526316,2.889473684210526,0.0,2.031578947368421,0.0,0.0,0.0,0.0,0.0,0.0,22.86315789473684,4.342105263157895,0.0,1.8526315789473684,0.0,0.0,1.6368421052631579,0.47368421052631576,0.0,0.021052631578947368,0.0
1323,1430,7,0.6439828080229226,0.09742120343839542,0.3438395415472779,4.207020057306591,0.0,0.08595988538681948,0.0,0.45487106017191975,0.0,0.0,0.0,0.0,0.02363896848137536,0.40114613180515757,0.14255014326647564,0.0,0.012893982808022923,0.0659025787965616,0.0,12.8445558739255,0.010744985673352435,3.2220630372492836,0.0,7.625358166189112,2.8202005730659025,0.06876790830945559,2.9484240687679084,0.0,0.0,0.004297994269340974,0.2600286532951289,0.0,0.0,15.951289398280803,2.7220630372492836,0.0,0.058022922636103154,0.02148997134670487,0.0,0.7277936962750716,0.5322349570200573,0.0,0.04083094555873926,0.66189111747851
1320,1340,7,0.568922305764411,0.10526315789473684,0.3433583959899749,6.829573934837093,0.0,0.0,0.0,0.0,0.0,0.0,0.3283208020050125,0.0,0.0,0.8345864661654135,0.3007518796992481,0.0,0.0,0.0,0.9223057644110275,14.070175438596491,0.012531328320802004,2.172932330827068,0.0,17.461152882205514,6.614035087719298,0.15037593984962405,4.56140350877193,0.0,0.0,0.21303258145363407,0.05513784461152882,0.0,0.0,27.56140350877193,4.290726817042606,0.0,0.010025062656641603,0.0,0.0,1.2030075187969924,0.5739348370927319,0.0,0.06516290726817042,3.531328320802005
1318,1000,4,0.6085011185682326,0.1185682326621924,0.8501118568232662,5.449664429530201,0.0,0.0,0.0,0.0,0.0,0.0,0.4697986577181208,0.0,0.0,1.1834451901565997,0.6062639821029083,0.0,0.0,0.0,1.1006711409395973,12.914988814317674,0.008948545861297539,1.8478747203579418,0.0,12.407158836689039,4.47427293064877,0.0044742729306487695,3.70917225950783,0.0,0.0,0.0894854586129754,0.011185682326621925,0.0,0.0,23.595078299776286,3.7874720357941833,0.0,0.02237136465324385,0.04697986577181208,0.15436241610738255,0.7337807606263982,0.5346756152125279,0.8501118568232662,0.06935123042505593,11.78076062639821
1322,1396,4,0.45161290322580644,0.043010752688172046,0.9139784946236559,2.7204301075268815,0.0,0.0,0.0,0.24731182795698925,0.0,0.0,0.0,0.0,0.0,0.1827956989247312,0.08602150537634409,0.0,0.0,0.0,0.0,4.591397849462366,0.0,2.817204301075269,0.0,1.2795698924731183,0.13978494623655913,0.23655913978494625,8.978494623655914,0.0,0.0,0.06451612903225806,0.0,0.0,0.0,10.720430107526882,0.9247311827956989,0.0,0.03225806451612903,0.043010752688172046,0.0,0.9247311827956989,0.5698924731182796,0.0,0.03225806451612903,0.0
1325,1451,11,0.5261324041811847,0.08362369337979095,1.1010452961672474,4.857142857142857,0.0,0.0,0.0,0.0,0.0,0.0,0.42857142857142855,0.0,0.0,1.8153310104529616,0.7212543554006968,0.0,0.0,0.0,0.0,17.303135888501743,0.17073170731707318,2.1114982578397212,0.0,8.895470383275262,2.773519163763066,0.14634146341463414,9.59233449477352,0.0,0.0,0.04878048780487805,0.0,0.0,0.0,19.320557491289197,2.6271777003484322,0.0,0.0,0.041811846689895474,0.0,0.7491289198606271,0.6341463414634146,0.0,0.07317073170731707,8.240418118466899
1331,1968,11,0.5024630541871922,0.10837438423645321,0.8275862068965517,5.204433497536946,0.0,0.0812807881773399,0.0,0.3522167487684729,0.0,0.0,0.024630541871921183,0.0,0.0,1.125615763546798,0.07389162561576355,0.0,0.24630541871921183,0.0,0.08866995073891626,13.317733990147783,0.16995073891625614,2.189655172413793,0.0,4.958128078817734,3.123152709359606,0.9532019704433498,7.431034482758621,0.0,0.0,0.21182266009852216,0.0,0.0,1.2216748768472907,20.458128078817733,2.7635467980295565,0.0,0.007389162561576354,0.017241379310344827,0.0,0.41379310344827586,0.6157635467980296,0.0,0.07389162561576355,3.2438423645320196
1323,463,8,0.9307228915662651,0.1355421686746988,0.9593373493975904,6.38855421686747,0.0,0.04969879518072289,0.0,0.0,0.0,0.0,0.35240963855421686,0.0,0.0,1.0180722891566265,0.1852409638554217,0.0,0.09186746987951808,0.0,0.07379518072289157,16.83433734939759,0.0391566265060241,3.6460843373493974,0.0,13.355421686746988,4.631024096385542,0.9006024096385542,7.332831325301205,0.010542168674698794,0.0,0.13253012048192772,0.18674698795180722,0.08433734939759036,0.48343373493975905,26.787650602409638,3.0647590361445785,0.0,0.19578313253012047,0.0,0.0015060240963855422,0.8855421686746988,0.6626506024096386,0.0,0.07680722891566265,3.602409638554217
1329,647,4,0.710455764075067,0.08042895442359249,0.09651474530831099,3.4101876675603218,0.0,0.0,0.0,0.0,0.0,0.0,0.16085790884718498,0.0,0.029490616621983913,0.517426273458445,0.1581769436997319,0.0,0.0,0.0,0.0,17.2171581769437,0.0,2.7828418230563003,0.0,25.037533512064343,1.520107238605898,0.30294906166219837,4.160857908847185,0.0,0.0,0.0,0.0,0.11796246648793565,0.0,13.873994638069705,2.0884718498659516,0.0,0.30294906166219837,0.0,0.0,1.5093833780160857,0.4691689008042895,0.0,0.08042895442359249,0.0
1329,1303,4,0.5775950668036999,0.065775950668037,0.32476875642343267,3.3854059609455294,0.0,0.018499486125385406,0.0,0.14902363823227133,0.0,0.0,0.0328879753340185,0.0,0.0,0.29804727646454265,0.05755395683453238,0.0,0.0,0.0,0.040082219938335044,11.439876670092497,0.0,2.603288797533402,0.0,6.405960945529291,2.486125385405961,0.15313463514902365,3.935251798561151,0.0,0.0,0.0,0.07913669064748201,0.0,0.0,14.37410071942446,2.4008221993833505,0.0,0.006166495375128468,0.007194244604316547,0.0,0.4892086330935252,0.566289825282631,0.0,0.03186022610483042,0.07399794450154162
1324,1469,4,0.5570539419087137,0.0954356846473029,0.7966804979253111,4.300829875518672,0.0,0.0,0.0,0.0,0.0,0.0,0.007261410788381743,0.0,0.0,0.03941908713692946,0.004149377593360996,0.0,0.0,0.0,0.0508298755186722,12.771784232365146,0.005186721991701245,2.1026970954356847,0.0,10.79564315352697,2.5446058091286305,0.17116182572614108,4.227178423236515,0.0,0.04564315352697095,0.032157676348547715,0.0,0.0,0.0,17.866182572614107,2.8215767634854774,0.0,0.01037344398340249,0.0,0.0,0.7717842323651453,0.6473029045643154,0.0,0.038381742738589214,0.15871369294605808
1327,1508,4,0.4794520547945205,0.0410958904109589,1.821917808219178,2.589041095890411,0.0,0.0136986301369863,0.0,0.023972602739726026,0.0,0.0,0.0,0.0,0.0,0.17123287671232876,0.02054794520547945,0.0,0.0,0.0,0.0,6.513698630136986,0.07191780821917808,1.5616438356164384,0.0,1.9246575342465753,0.4041095890410959,0.6232876712328768,11.047945205479452,0.0,0.0,0.3082191780821918,0.0,0.0,0.017123287671232876,12.907534246575343,1.1472602739726028,0.0,0.22602739726027396,0.0410958904109589,0.0,0.03767123287671233,0.660958904109589,0.0,0.03424657534246575,0.11986301369863013
1324,231,4,0.4792176039119804,0.07090464547677261,1.1026894865525672,3.1491442542787285,0.0,0.0024449877750611247,0.0,0.0,0.0,0.0,0.0,0.0,0.0,0.02689486552567237,0.004889975550122249,0.0,0.0,0.0,0.0,14.251833740831296,0.0,1.8508557457212713,0.0,8.58679706601467,1.1931540342298288,0.8410757946210269,8.244498777506113,0.0,0.0,0.6552567237163814,0.0,0.0,0.007334963325183374,14.334963325183374,1.5794621026894866,0.0,0.78239608801956,0.1491442542787286,0.0,0.5525672371638142,0.6234718826405868,0.0,0.02689486552567237,0.0
1330,1053,12,0.5,0.06375838926174497,0.47651006711409394,3.1543624161073827,0.0,0.0,0.0,0.0,0.0,0.0,0.0,0.0,0.0,0.030201342281879196,0.0,0.0,0.0,0.0,0.0,12.51006711409396,0.0,1.9060402684563758,0.0,5.214765100671141,1.7516778523489933,0.0,3.9395973154362416,0.0,0.0,0.0,0.013422818791946308,0.0,0.0,11.815436241610739,1.8825503355704698,0.0,0.0,0.11409395973154363,0.0,0.4697986577181208,0.47651006711409394,0.0,0.030201342281879196,0.0
1329,1728,4,0.462033462033462,0.06692406692406692,0.22651222651222652,3.854568854568855,0.10296010296010295,0.25997425997426,0.0,1.6126126126126126,0.0,0.0,0.014157014157014158,0.0,0.06563706563706563,1.725868725868726,0.5997425997425997,0.0,0.0,0.8326898326898327,0.1583011583011583,11.011583011583012,0.0,3.7812097812097814,0.0,7.248391248391249,2.815958815958816,0.9935649935649936,6.420849420849421,0.0489060489060489,0.0,0.19047619047619047,0.0,0.0,0.006435006435006435,16.500643500643502,2.4826254826254828,0.0,0.31145431145431146,0.17117117117117117,0.0,0.5765765765765766,0.5585585585585585,0.0,0.09137709137709138,3.853281853281853
1322,516,4,0.5225694444444444,0.10243055555555555,0.8055555555555556,4.885416666666667,0.0,0.0,0.0,0.041666666666666664,0.0,0.0,0.0,0.0,0.0,0.08680555555555555,0.036458333333333336,0.0,0.0,0.0,0.0,14.237847222222221,0.07465277777777778,2.78125,0.0,11.644097222222221,2.720486111111111,0.3923611111111111,5.361111111111111,0.3923611111111111,0.0,0.4895833333333333,0.0,0.0,0.0,21.52951388888889,2.796875,0.0,0.2378472222222222,0.026041666666666668,0.0,0.796875,0.6440972222222222,0.0,0.03993055555555555,0.09027777777777778
1334,1083,4,0.7311827956989247,0.13978494623655913,0.0,7.78494623655914,0.0,0.0,0.0,0.0,0.0,0.0,0.0,0.0,0.0,0.0,0.0,0.0,0.0,0.0,0.0,21.849462365591396,0.0,2.870967741935484,0.0,32.16129032258065,3.064516129032258,0.0,2.4301075268817205,0.0,0.0,0.0,0.0,0.0,0.0,27.64516129032258,5.268817204301075,0.0,1.7096774193548387,0.0,0.0,1.7741935483870968,0.5806451612903226,0.0,0.021505376344086023,0.0
1324,1195,4,0.5464025026068822,0.09384775808133472,1.4045881126173096,3.7914494264859226,0.0,0.051094890510948905,0.0,0.24713242961418144,0.0,0.0,0.07716371220020855,0.0,0.049009384775808136,0.6068821689259646,0.27007299270072993,0.0,0.0,0.01564129301355579,0.11574556830031282,11.315954118873828,0.03336809176225235,2.9165797705943692,0.0,7.624608967674661,2.102189781021898,0.7893639207507821,7.6152241918665275,0.0,0.0,0.13451511991657977,0.0,0.0,0.0,16.392075078206464,2.449426485922836,0.0,0.32429614181439,0.13451511991657977,0.0,0.4754953076120959,0.5787278415015641,0.0,0.043795620437956206,0.5484880083420229
1327,1243,4,0.5617021276595745,0.10212765957446808,0.4553191489361702,4.357446808510638,0.0,0.0,0.0,0.0,0.0,0.0,0.0,0.0,0.0,0.0,0.0,0.0,0.0,0.0,0.0,9.187234042553191,0.0,2.0382978723404257,0.0,6.604255319148936,2.7872340425531914,0.10212765957446808,4.791489361702127,0.0,0.0,0.14042553191489363,0.0,0.0,0.0,18.03404255319149,2.974468085106383,0.0,0.04680851063829787,0.3617021276595745,0.0,0.3659574468085106,0.625531914893617,0.0,0.02127659574468085,0.0
1331,398,4,0.5595667870036101,0.07581227436823104,0.2490974729241877,4.129963898916968,0.0,0.0,0.0,0.0,0.0,0.0,0.0,0.0,0.0,0.0,0.0,0.0,0.0,0.0,0.0,12.438628158844764,0.0036101083032490976,2.259927797833935,0.0,14.471119133574007,2.944043321299639,0.44584837545126355,5.09927797833935,0.0,0.2111913357400722,0.18953068592057762,0.0,0.0,0.0,17.061371841155236,2.788808664259928,0.0,0.07220216606498195,0.0,0.0,0.9350180505415162,0.631768953068592,0.0,0.05054151624548736,0.20938628158844766
1326,419,16,0.4722222222222222,0.06837606837606838,0.39316239316239315,3.0213675213675213,0.0,0.0,0.0,0.04487179487179487,0.0,0.0,0.0,0.0,0.0,0.1581196581196581,0.023504273504273504,0.0,0.0,0.0,0.0,11.2008547008547,0.0,2.4166666666666665,0.0,6.487179487179487,1.626068376068376,0.11752136752136752,4.269230769230769,0.0,0.0,0.0,0.017094017094017096,0.0,0.0,11.805555555555555,1.8418803418803418,0.0,0.0,0.021367521367521368,0.0,0.4807692307692308,0.532051282051282,0.0,0.042735042735042736,0.0
1326,295,7,2.147632311977716,0.0947075208913649,0.10027855153203342,3.247910863509749,0.0,0.0,0.0,0.033426183844011144,0.0,0.0,0.0,0.0,0.0,0.28690807799442897,0.005571030640668524,0.0,0.0,0.0,0.0,10.557103064066853,0.0,3.2089136490250696,0.0,6.420612813370473,1.1448467966573816,0.32590529247910865,4.064066852367688,0.0,0.0,0.0,0.0,0.0,0.0,12.504178272980502,1.4958217270194987,0.0,0.025069637883008356,0.033426183844011144,0.0,0.5153203342618384,0.5515320334261838,0.0,0.2479108635097493,0.0
1324,925,4,0.6467065868263473,0.0688622754491018,1.2035928143712575,2.434131736526946,0.0,0.0,0.0,0.8832335329341318,0.0,0.0,0.33532934131736525,0.0,0.0,2.0119760479041915,0.9101796407185628,0.0,0.0,0.0029940119760479044,1.3922155688622755,1.9520958083832336,0.0718562874251497,2.410179640718563,0.0,2.4790419161676644,1.4161676646706587,0.38922155688622756,9.60179640718563,0.0,0.0,0.08982035928143713,0.0,0.0,0.0,11.634730538922156,1.5149700598802396,0.0,0.1407185628742515,0.26047904191616766,0.625748502994012,0.6107784431137725,0.4431137724550898,0.0,0.059880239520958084,0.5778443113772455
1324,491,4,0.6,0.07272727272727272,2.0090909090909093,1.9636363636363636,0.0,0.0,0.0,0.19090909090909092,0.0,0.0,0.05454545454545454,0.0,0.0,0.39090909090909093,0.02727272727272727,0.0,0.0,0.0,0.07272727272727272,4.554545454545455,0.0,2.118181818181818,0.0,1.509090909090909,0.23636363636363636,1.0727272727272728,6.1454545454545455,0.0,0.38181818181818183,0.0,0.0,0.0,0.0,9.418181818181818,0.8363636363636363,0.0,0.16363636363636364,0.33636363636363636,0.03636363636363636,0.0,0.5,0.0,0.01818181818181818,5.2727272727272725
1327,829,4,0.5960591133004927,0.1477832512315271,0.0,5.8817733990147785,0.0,0.0,0.0,0.0,0.0,0.0,0.024630541871921183,0.0,0.024630541871921183,0.2019704433497537,0.029556650246305417,0.0,0.0,0.0,0.0,15.47783251231527,0.0,3.1625615763546797,0.0,25.896551724137932,2.6798029556650245,0.2413793103448276,3.857142857142857,0.0,0.0,0.0,0.0,0.0,0.0,20.817733990147783,3.5960591133004924,0.0,1.5714285714285714,0.0,0.0,1.4137931034482758,0.5320197044334976,0.0,0.054187192118226604,0.0
1326,1488,4,0.6696035242290749,0.08590308370044053,0.6762114537444934,3.4801762114537445,0.0,0.0,0.0,0.1013215859030837,0.0,0.0,0.0,0.0,0.0,0.17841409691629956,0.05506607929515418,0.0,0.0,0.0,0.0,13.077092511013216,0.0,4.255506607929515,0.0,8.427312775330396,1.7643171806167401,0.44273127753303965,4.077092511013216,0.0,0.0,0.0,0.0,0.0,0.0,14.588105726872246,2.303964757709251,0.0,0.024229074889867842,0.21806167400881057,0.0,0.5440528634361234,0.5704845814977973,0.0,0.030837004405286344,0.0
1339,1795,4,0.4803921568627451,0.06372549019607843,0.6470588235294118,2.6666666666666665,0.0,0.0,0.0,0.0,0.0,0.0,0.0,0.0,0.0,0.0,0.0,0.0,0.0,0.0,0.0,8.754901960784315,0.0,1.6862745098039216,0.0,7.5588235294117645,1.2401960784313726,0.25980392156862747,6.416666666666667,0.0,0.0,0.6078431372549019,0.0,0.0,0.0,13.916666666666666,1.7843137254901962,0.0,0.6519607843137255,0.12745098039215685,0.0,0.4166666666666667,0.6519607843137255,0.0,0.04411764705882353,0.0
1326,108,4,0.537261698440208,0.09185441941074524,0.5909878682842288,3.8700173310225305,0.0,0.0,0.0,0.025996533795493933,0.0,0.0,0.012131715771230503,0.0,0.0017331022530329288,0.12305025996533796,0.03466204506065858,0.0,0.0,0.0,0.0,10.608318890814559,0.04679376083188908,3.032928942807626,0.0,8.752166377816291,2.0,0.48353552859618715,4.412478336221837,0.0,0.292894280762565,0.3344887348353553,0.0,0.0,0.0,17.75736568457539,2.072790294627383,0.0,0.30849220103986136,0.08492201039861352,0.0,0.5545927209705372,1.731369150779896,0.0,0.045060658578856154,0.0
1337,136,4,0.6762295081967213,0.0860655737704918,0.48360655737704916,3.3975409836065573,0.0,0.0,0.0,0.0,0.0,0.0,0.0,0.0,0.0,0.0,0.0,0.0,0.0,0.0,0.0,13.639344262295081,0.0,2.627049180327869,0.0,13.364754098360656,2.30327868852459,0.24180327868852458,4.942622950819672,0.0,0.0,0.21721311475409835,0.0,0.0,0.0,12.950819672131148,2.040983606557377,0.0,0.4426229508196721,0.0,0.0,0.8483606557377049,0.47540983606557374,0.0,0.045081967213114756,0.1762295081967213
1338,730,4,0.7963917525773195,0.10051546391752578,0.5927835051546392,3.2538659793814433,0.0,0.0,0.0,0.0,0.0,0.0,0.028350515463917526,0.0,0.0,0.0,0.0,0.0,0.0,0.0,0.08505154639175258,11.833762886597938,0.0,2.6623711340206184,0.0,6.077319587628866,1.6894329896907216,0.13144329896907217,3.747422680412371,0.0,0.0,0.40463917525773196,0.14304123711340205,0.0,0.0,13.592783505154639,1.9845360824742269,0.0,0.5193298969072165,0.0,0.0,0.3582474226804124,0.47036082474226804,0.0,0.04768041237113402,0.0
1330,938,7,0.5753052917232022,0.08819538670284939,0.6797829036635007,3.3310719131614652,0.0,0.0,0.0,0.017639077340569877,0.0,0.0,0.013568521031207599,0.0,0.0,0.13297150610583447,0.029850746268656716,0.0,0.0,0.0,0.06377204884667571,13.637720488466757,0.018995929443690638,2.55359565807327,0.0,6.578018995929444,1.4776119402985075,0.13297150610583447,4.090909090909091,0.0,0.0,0.021709633649932156,0.0,0.0,0.0,12.401628222523746,1.8344640434192674,0.0,0.0773405698778833,0.08683853459972862,0.0,0.4056987788331072,0.5603799185888738,0.0,0.032564450474898234,0.0067842605156037995
1334,1832,4,0.49572649572649574,0.07692307692307693,0.6951566951566952,3.1766381766381766,0.0,0.0,0.0,0.03133903133903134,0.0,0.0,0.7407407407407407,0.0,0.0,2.8746438746438745,0.811965811965812,0.0,0.0,0.0,0.9914529914529915,2.438746438746439,0.0,1.8575498575498575,0.0,1.8717948717948718,1.415954415954416,0.5213675213675214,5.145299145299146,0.0,0.0,0.0,0.0,0.07407407407407407,0.0,14.074074074074074,2.2336182336182335,0.0,0.0,0.21367521367521367,0.31054131054131057,0.2022792022792023,0.5356125356125356,0.0,0.07407407407407407,2.0484330484330484
1334,330,4,0.5725806451612904,0.10023041474654378,0.8582949308755761,5.285714285714286,0.0,0.0,0.0,0.027649769585253458,0.0,0.0,0.019585253456221197,0.0,0.020737327188940093,0.10829493087557604,0.0771889400921659,0.0,0.0,0.0,0.0,15.497695852534562,0.05069124423963134,3.1808755760368665,0.0,8.382488479262673,2.358294930875576,0.6382488479262672,5.0195852534562215,0.0,0.0,0.4815668202764977,0.1175115207373272,0.00576036866359447,0.020737327188940093,19.26036866359447,2.2269585253456223,0.0,0.22119815668202766,0.0069124423963133645,0.0,0.5518433179723502,0.8571428571428571,0.0,0.041474654377880185,0.03341013824884793
1343,1678,4,0.6317907444668008,0.060362173038229376,0.6156941649899397,2.3038229376257546,0.0,0.0,0.0,0.0,0.0,0.0,0.0,0.0,0.0,0.2152917505030181,0.0,0.0,0.0,0.0,0.0,10.140845070422536,0.0,2.261569416498994,0.0,1.6619718309859155,0.5392354124748491,0.0,5.309859154929577,0.0,0.0,0.018108651911468814,0.0,0.0,0.0,9.394366197183098,1.0583501006036218,0.0,0.0,0.2796780684104628,0.0,1.5754527162977867,0.4386317907444668,0.0,0.03621730382293763,0.0
1334,477,4,0.4958275382475661,0.07927677329624479,0.5904033379694019,3.601529902642559,0.0,0.0,0.0,0.014603616133518776,0.0,0.0,0.0,0.0,0.0,0.055632823365785816,0.0,0.0,0.0,0.0,0.0,13.230876216968012,0.06258692628650904,3.086230876216968,0.0,12.025034770514603,1.317107093184979,0.4916550764951321,5.257301808066759,0.0,0.0,0.4054242002781641,0.0,0.0,0.0,16.301112656467314,1.8963838664812238,0.0,0.26425591098748263,0.04033379694019471,0.0,0.8108484005563282,0.5973574408901252,0.0,0.031988873435326845,0.0
1336,277,12,0.62882096069869,0.08296943231441048,0.18340611353711792,2.7292576419213974,0.0,0.0,0.0,0.0,0.0,0.0,0.11353711790393013,0.0,0.039301310043668124,0.25327510917030566,0.1222707423580786,0.0,0.0,0.0,0.0,13.0,0.0,2.550218340611354,0.0,24.58515283842795,1.2183406113537119,0.2576419213973799,4.148471615720524,0.0,0.0,0.0,0.0,0.0,0.0,11.93886462882096,1.3711790393013101,0.0,0.4192139737991266,0.004366812227074236,0.0,1.3842794759825328,0.5895196506550219,0.0,0.034934497816593885,0.0
1336,810,4,0.504739336492891,0.08056872037914692,0.7582938388625592,2.5971563981042656,0.0,0.0,0.0,0.6824644549763034,0.0,0.0,0.026066350710900472,0.0,0.02132701421800948,0.9383886255924171,0.3933649289099526,0.0,0.0,0.6303317535545023,0.052132701421800945,7.170616113744076,0.0071090047393364926,2.7393364928909953,0.0,4.936018957345971,1.9241706161137442,0.2677725118483412,5.656398104265403,0.0,0.0,0.0071090047393364926,0.0,0.0,0.0,11.954976303317535,1.5876777251184835,0.0,0.04265402843601896,0.17061611374407584,0.004739336492890996,0.8222748815165877,0.41232227488151657,0.0,0.05687203791469194,3.2298578199052135
1343,1271,4,0.6282420749279539,0.09798270893371758,0.14985590778097982,4.70893371757925,0.0,0.0,0.0,0.01729106628242075,0.0,0.0,0.0,0.0,0.0,0.008645533141210375,0.0,0.0,0.0,0.0,0.0,13.527377521613833,0.0,2.585014409221902,0.0,10.60806916426513,3.4870317002881843,0.069164265129683,2.1815561959654177,0.0,0.0,0.0,0.26512968299711814,0.0,0.0,17.59365994236311,3.325648414985591,0.0,0.0,0.08357348703170028,0.0,0.8328530259365994,0.5994236311239193,0.0,0.01729106628242075,0.0
1334,1328,4,0.7152,0.0688,0.4448,3.4656,0.0,0.0,0.0,0.0,0.0,0.0,0.0,0.0,0.0,0.0,0.0,0.0,0.0,0.0,0.0,10.4592,0.0048,2.0016,0.0,11.368,2.2672,0.3248,4.2608,0.0,0.2128,0.1888,0.0,0.0,0.0,15.0688,2.2544,0.0,0.0432,0.0736,0.0,0.6768,0.6416,0.0,0.0448,0.0688
1339,241,4,0.5697674418604651,0.09302325581395349,0.29651162790697677,6.174418604651163,0.0,0.0,0.0,0.0,0.0,0.0,0.01744186046511628,0.0,0.0,0.29651162790697677,0.03488372093023256,0.0,0.0,0.0,0.029069767441860465,15.13953488372093,0.0,2.2906976744186047,0.0,15.924418604651162,4.883720930232558,0.0,1.802325581395349,0.0,0.0,0.023255813953488372,0.36046511627906974,0.0,0.0,25.337209302325583,4.4186046511627906,0.0,0.0,0.0,0.0,1.3313953488372092,0.8255813953488372,0.0,0.05232558139534884,0.0
1339,1372,4,0.5739795918367347,0.0663265306122449,0.576530612244898,2.0051020408163267,0.0,0.0,0.0,0.002551020408163265,0.0,0.0,0.002551020408163265,0.0,0.0,0.04846938775510204,0.017857142857142856,0.0,0.0,0.0,0.0,4.566326530612245,0.0,2.3214285714285716,0.0,3.25,0.9005102040816326,0.17346938775510204,4.375,0.0,0.0,0.0,0.0,0.0,0.0,9.64030612244898,1.346938775510204,0.0,0.05102040816326531,0.28061224489795916,0.0,0.15816326530612246,0.5,0.0,0.025510204081632654,0.0
1342,1636,4,0.5595854922279793,0.09585492227979274,0.8808290155440415,4.151554404145077,0.0,0.0,0.0,0.02461139896373057,0.0,0.0,0.0,0.05958549222797927,0.0,0.08549222797927461,0.133419689119171,0.0,0.3082901554404145,0.0,0.0,11.365284974093264,0.0,1.91580310880829,0.0,6.651554404145077,3.0958549222797926,0.06735751295336788,4.738341968911917,0.0,0.0,0.25906735751295334,0.0,0.0,0.0,17.870466321243523,2.505181347150259,0.0,0.10492227979274611,0.06347150259067358,0.0,0.5544041450777202,0.6075129533678757,0.06088082901554404,0.046632124352331605,8.5
1340,94,4,0.4058641975308642,0.0787037037037037,0.9074074074074074,3.5910493827160495,0.0,0.0,0.0,0.024691358024691357,0.0,0.0,0.0,0.0,0.0,0.0,0.0,0.0,0.0,0.0,0.0,8.699074074074074,0.10339506172839506,2.8472222222222223,0.0,3.1080246913580245,1.0354938271604939,0.4089506172839506,6.25,0.0,0.0,0.5231481481481481,0.0,0.0,0.0,17.078703703703702,1.9027777777777777,0.0,0.3950617283950617,0.0,0.0,0.10030864197530864,1.1635802469135803,0.0,0.026234567901234566,0.010802469135802469
1333,522,4,0.533195020746888,0.10580912863070539,0.11203319502074689,2.5601659751037342,0.0,0.0,0.0,0.0,0.0,0.0,0.0,0.006224066390041493,0.0,0.016597510373443983,0.0,0.0,0.0,0.0,0.0,12.87344398340249,0.0,1.3402489626556016,0.0,8.885892116182573,2.16804979253112,0.0,2.574688796680498,0.0,0.0,0.03941908713692946,0.0,0.0,0.0,10.643153526970954,1.429460580912863,0.0,0.002074688796680498,0.0,0.0,1.2385892116182573,0.4066390041493776,4.6929460580912865,0.03319502074688797,15.815352697095436
1338,1569,12,0.6491228070175439,0.17543859649122806,0.0,5.359649122807017,0.0,0.0,0.0,0.0,0.0,0.0,0.0,0.0,0.0,0.0,0.0,0.0,0.0,0.0,0.0,14.640350877192983,0.0,3.307017543859649,0.0,21.105263157894736,2.1842105263157894,0.14912280701754385,3.0789473684210527,0.0,0.0,0.0,0.0,0.0,0.0,19.50877192982456,3.4473684210526314,0.0,1.7280701754385965,0.017543859649122806,0.0,1.1578947368421053,0.5,0.0,0.02631578947368421,0.0
1336,37,12,0.48623853211009177,0.08868501529051988,0.6391437308868502,3.3394495412844036,0.0,0.6146788990825688,0.0,1.1376146788990826,0.0,0.0,0.0,0.0,0.0,1.2568807339449541,0.5840978593272171,0.0,0.009174311926605505,0.28134556574923547,0.0,11.214067278287462,0.07033639143730887,6.122324159021407,0.0,3.2048929663608563,1.3394495412844036,0.6391437308868502,8.899082568807339,0.0,0.0,0.46788990825688076,0.0,0.0,0.0,15.79816513761468,1.547400611620795,0.0,0.27522935779816515,0.5107033639143731,0.0,0.2782874617737003,0.5382262996941896,0.0,0.0764525993883792,7.819571865443425
1337,162,4,0.5181347150259067,0.05181347150259067,0.5181347150259067,1.6476683937823835,0.0,0.0,0.0,0.7668393782383419,0.0,0.13989637305699482,0.0,0.0,0.0,0.5906735751295337,0.16062176165803108,0.0,0.0,0.5181347150259067,0.0,4.55440414507772,0.0,5.787564766839378,0.0,1.7202072538860103,0.30569948186528495,0.29533678756476683,4.22279792746114,0.0,0.0,0.0,0.0,0.0,0.0,7.248704663212435,0.5025906735751295,0.0,0.0,0.0,0.0,1.0932642487046633,0.46113989637305697,0.18652849740932642,0.05181347150259067,9.994818652849741
1349,856,4,0.5,0.05263157894736842,0.7578947368421053,1.9157894736842105,0.0,0.0,0.0,0.0,0.0,0.0,0.0,0.0,0.0,0.0,0.0,0.0,0.0,0.0,0.0,7.742105263157895,0.0,1.936842105263158,0.0,2.468421052631579,0.7105263157894737,0.12631578947368421,6.573684210526316,0.0,0.0,0.010526315789473684,0.0,0.0,0.0,8.589473684210526,1.0157894736842106,0.0,0.15263157894736842,0.15263157894736842,0.0,0.17894736842105263,0.531578947368421,0.0,0.04736842105263158,0.0
1343,1710,12,0.6563421828908554,0.08259587020648967,0.831858407079646,3.396755162241888,0.0,0.0,0.0,0.0014749262536873156,0.0,0.0,0.0,0.0,0.0,0.007374631268436578,0.0,0.0,0.0,0.0,0.0,7.958702064896755,0.0058997050147492625,2.2772861356932155,0.0,4.887905604719764,1.8657817109144543,0.168141592920354,3.061946902654867,0.0,0.0,0.0,0.0,0.0,0.0,14.374631268436579,2.3746312684365782,0.0,0.0,0.17699115044247787,0.0,0.23893805309734514,0.5589970501474927,0.0,0.017699115044247787,0.0
1346,876,4,0.5,0.0949367088607595,1.3523206751054853,4.829113924050633,0.0,0.0,0.0,1.4493670886075949,0.0,0.0,0.0,0.0,0.0,1.0358649789029535,0.24472573839662448,0.0,0.0,0.0,0.0,6.5928270042194095,0.11392405063291139,3.7468354430379747,0.0,2.9345991561181433,2.647679324894515,0.5759493670886076,7.255274261603375,0.006329113924050633,0.014767932489451477,0.569620253164557,0.0,0.0,0.0,22.76793248945148,2.632911392405063,0.0,0.45147679324894513,0.04430379746835443,0.0,0.42616033755274263,0.6244725738396625,0.0,0.05063291139240506,3.289029535864979
1337,1414,4,0.46314102564102566,0.08974358974358974,0.6121794871794872,3.4903846153846154,0.0,0.0,0.0,0.016025641025641024,0.0,0.0,0.0,0.0,0.0,0.0,0.0,0.0,0.0,0.0,0.0,13.772435897435898,0.00641025641025641,2.519230769230769,0.0,8.115384615384615,1.7980769230769231,0.08333333333333333,3.27724358974359,0.0,0.0,0.20993589743589744,0.0,0.0,0.0,14.054487179487179,2.1875,0.0,0.0,0.1266025641025641,0.0,0.5112179487179487,0.5560897435897436,0.0,0.046474358974358976,0.0
1335,500,4,0.5340909090909091,0.07386363636363637,1.4659090909090908,3.3693181818181817,0.0,0.0,0.0,0.0,0.0,0.0,0.17613636363636365,0.0,0.0,0.625,0.07954545454545454,0.0,0.0,0.0,0.5511363636363636,12.039772727272727,0.11363636363636363,2.1306818181818183,0.0,6.8977272727272725,1.6136363636363635,0.2215909090909091,12.147727272727273,0.0,0.0,0.19886363636363635,0.0,0.0,0.0,14.8125,1.7556818181818181,0.0,0.0,0.10227272727272728,0.0,0.38636363636363635,0.5909090909090909,0.0,0.06818181818181818,0.6590909090909091
1340,677,12,0.6640625,0.15625,0.0,6.703125,0.0,0.0,0.0,0.0,0.0,0.0,0.140625,0.0,0.03125,0.359375,0.2109375,0.0,0.0,0.0,0.0,19.09375,0.0,2.75,0.0390625,29.2421875,3.421875,0.0,3.0,0.0,0.0,0.0,0.0,0.0,0.0,24.2265625,4.484375,0.0,1.4609375,0.0,0.0,1.6953125,0.6796875,0.0,0.0234375,0.0
1341,1346,4,0.5946843853820598,0.08970099667774087,0.2026578073089701,2.3056478405315612,0.0,0.15946843853820597,0.0,0.8737541528239202,0.0,0.0,0.0,0.0,0.0,1.2325581395348837,0.4850498338870432,0.0,0.0,0.3222591362126246,0.026578073089700997,7.794019933554817,0.0,2.4186046511627906,0.0,2.3754152823920265,0.48172757475083056,0.1760797342192691,3.5946843853820596,0.0,0.0,0.10963455149501661,0.0,0.0,0.0,10.12624584717608,0.9136212624584718,0.0,0.0,0.07973421926910298,0.0,1.2026578073089702,0.5880398671096345,0.0,0.03986710963455149,17.727574750830566
1342,1478,4,0.5951742627345844,0.10455764075067024,0.8042895442359249,4.769436997319035,0.0,0.0,0.0,0.0,0.0,0.0,0.002680965147453083,0.0,0.0,0.09651474530831099,0.0160857908847185,0.0,0.0,0.0,0.04289544235924933,13.276139410187668,0.0,2.214477211796247,0.0,9.88739946380697,3.3270777479892764,0.013404825737265416,3.991957104557641,0.0,0.0,0.029490616621983913,0.16890080428954424,0.0,0.0,19.873994638069703,2.991957104557641,0.0,0.029490616621983913,0.021447721179624665,0.0,0.900804289544236,0.5549597855227882,0.0,0.04289544235924933,0.4128686327077748
1337,1532,11,0.6073825503355704,0.06711409395973154,0.8221476510067114,3.778523489932886,0.0,0.0,0.0,0.0,0.0,0.0,0.0,0.0,0.0,0.003355704697986577,0.020134228187919462,0.0,0.0,0.0,0.0,9.838926174496644,0.020134228187919462,2.0436241610738257,0.0,12.573825503355705,2.422818791946309,0.47315436241610737,7.530201342281879,0.0,0.030201342281879196,0.23825503355704697,0.0,0.0,0.0,16.761744966442954,2.291946308724832,0.0,0.36577181208053694,0.020134228187919462,0.0,0.7986577181208053,0.5939597315436241,0.0,0.06375838926174497,0.0
1339,59,2,0.4305555555555556,0.08333333333333333,0.4722222222222222,3.4375,0.8541666666666666,0.5347222222222222,0.0,0.0,0.0,0.0,0.0,0.0,0.0,5.020833333333333,0.2986111111111111,0.0,1.375,0.0,0.0,9.70138888888889,0.034722222222222224,3.0277777777777777,0.0,1.0416666666666667,1.125,1.875,9.07638888888889,0.2152777777777778,0.0,0.3333333333333333,0.0,0.0,14.784722222222221,15.972222222222221,1.1875,0.0,0.0,0.0625,0.0,0.5625,0.6805555555555556,0.0,0.10416666666666667,1.5138888888888888
1341,115,4,0.5377777777777778,0.035555555555555556,0.7555555555555555,1.9822222222222223,0.0,0.0,0.0,0.008888888888888889,0.0,0.0,0.0,0.30666666666666664,0.0,0.0,0.0,0.0,0.0,0.0,0.0,2.2222222222222223,0.0,1.2577777777777779,0.0,0.8755555555555555,0.5955555555555555,0.008888888888888889,5.346666666666667,0.0,0.0,0.0,0.0,0.0,0.0,9.92,1.1244444444444444,0.0,0.0,0.0,0.0,0.0,0.4311111111111111,0.5955555555555555,0.017777777777777778,17.06222222222222
1347,316,4,0.5267175572519084,0.10687022900763359,0.4389312977099237,3.1297709923664123,0.0,0.0,0.0,0.0,0.0,0.0,0.04961832061068702,0.0,0.0,0.0,0.0,0.0,0.0,0.0,0.0916030534351145,18.095419847328245,0.0,2.7938931297709924,0.0,13.129770992366412,2.2709923664122136,0.06870229007633588,2.7900763358778624,0.0,0.0,0.1946564885496183,0.0,0.0,0.0,12.606870229007633,1.9351145038167938,0.0,0.27099236641221375,0.0,0.0,0.8473282442748091,0.5534351145038168,0.0,0.03435114503816794,0.23282442748091603
1338,460,11,0.5345622119815668,0.08448540706605223,0.6666666666666666,2.8525345622119818,0.0,0.01228878648233487,0.0,0.08602150537634409,0.0,0.0,0.004608294930875576,0.0,0.0,0.2350230414746544,0.09831029185867896,0.0,0.0,0.0,0.06144393241167435,12.632872503840245,0.0,2.1996927803379416,0.0,3.9738863287250386,1.1382488479262673,0.053763440860215055,4.668202764976958,0.0,0.0,0.0,0.010752688172043012,0.0,0.0,11.284178187403993,1.5053763440860215,0.0,0.0,0.0967741935483871,0.01228878648233487,0.7741935483870968,0.5145929339477726,0.0,0.041474654377880185,0.0
1345,514,4,0.5384615384615384,0.0641025641025641,0.3162393162393162,1.9658119658119657,0.0,0.0,0.0,0.0,0.0,0.0,0.0,0.0,0.0,0.688034188034188,0.0,0.0,0.0,0.0,0.0,6.188034188034188,0.0,2.6367521367521367,0.0,10.47008547008547,0.5683760683760684,0.4829059829059829,5.923076923076923,0.0,0.0,0.0,0.0,0.0,0.8418803418803419,9.790598290598291,1.047008547008547,0.0,0.13247863247863248,0.04700854700854701,0.0,0.6452991452991453,0.49145299145299143,0.0,0.02564102564102564,0.0
1338,1492,4,0.8347107438016529,0.09641873278236915,0.09366391184573003,5.258953168044077,0.0,0.0,0.0,0.0,0.0,0.0,0.11294765840220386,0.0,0.0,0.6446280991735537,0.29201101928374656,0.0,0.0,0.0,0.30303030303030304,14.652892561983471,0.0,3.4765840220385673,0.0,21.47658402203857,2.2644628099173554,0.5289256198347108,4.236914600550964,0.0,0.0,0.0,0.0,0.027548209366391185,0.0,20.15702479338843,3.4738292011019283,0.0,1.8071625344352618,0.01928374655647383,0.0,1.3415977961432506,0.4986225895316804,0.0,0.07162534435261708,0.0
1344,491,5,0.6666666666666666,0.1111111111111111,0.020833333333333332,4.402777777777778,0.0,0.0,0.0,0.0,0.0,0.0,0.0,0.0,0.0,0.0,0.1736111111111111,0.0,0.0,0.0,0.0,14.145833333333334,0.0,2.2708333333333335,0.0,18.40277777777778,3.1319444444444446,0.06944444444444445,2.638888888888889,0.0,0.125,0.9027777777777778,0.0,0.0,0.0,19.3125,2.9583333333333335,0.0,0.14583333333333334,0.0,0.0,1.2222222222222223,0.6666666666666666,0.0,0.06944444444444445,0.0
1350,994,12,0.6233766233766234,0.09740259740259741,0.18181818181818182,6.1103896103896105,0.0,0.0,0.0,0.0,0.0,0.0,0.21103896103896103,0.0,0.04220779220779221,0.5681818181818182,0.2532467532467532,0.0,0.0,0.0,0.006493506493506494,15.698051948051948,0.0,2.4805194805194803,0.3538961038961039,22.33116883116883,7.964285714285714,0.12012987012987013,3.314935064935065,0.0,0.0,0.0,0.0,0.0,0.0,20.92207792207792,3.925324675324675,0.0,0.4707792207792208,0.03896103896103896,0.0,1.3214285714285714,0.6233766233766234,0.0,0.09740259740259741,0.0
1345,1432,4,0.44366197183098594,0.08873239436619719,0.5352112676056338,3.3183098591549296,0.07323943661971831,0.28732394366197184,0.0,1.152112676056338,0.0,0.0,0.0,0.0,0.11126760563380282,1.0169014084507042,0.4014084507042254,0.0,0.35352112676056335,1.6887323943661972,0.06056338028169014,11.976056338028169,0.0014084507042253522,3.063380281690141,0.0,7.240845070422536,2.652112676056338,0.5014084507042254,6.136619718309859,0.0,0.0,0.0,0.0,0.0,0.0,14.684507042253522,2.0098591549295777,0.0,0.07042253521126761,0.0647887323943662,0.0,0.6535211267605634,0.5746478873239437,0.0,0.07746478873239436,8.556338028169014
1344,258,4,0.552158273381295,0.08992805755395683,1.0359712230215827,4.223021582733813,0.0,0.0,0.0,0.03597122302158273,0.0,0.0,0.07913669064748201,0.0,0.0,0.25,0.030575539568345324,0.0,0.0,0.0,0.3129496402877698,13.408273381294965,0.13489208633093525,2.670863309352518,0.0,6.8003597122302155,2.5341726618705036,0.40827338129496404,7.931654676258993,0.0,0.0,0.08633093525179857,0.22482014388489208,0.0,0.0,18.890287769784173,2.6870503597122304,0.0,0.0,0.1960431654676259,0.0,0.5863309352517986,0.5863309352517986,0.0,0.039568345323741004,0.17625899280575538
1347,2008,4,0.5512367491166078,0.038869257950530034,0.8692579505300353,2.2720848056537104,0.0,0.0,0.0,0.21908127208480566,0.0,0.0,0.0,0.0,0.0,0.23674911660777384,0.07773851590106007,0.0,0.0,0.0,0.0,6.014134275618375,0.0,2.7137809187279154,0.0,3.1307420494699647,1.0035335689045937,0.0989399293286219,4.5265017667844525,0.0,0.0,0.0,0.0,0.0,0.0,10.720848056537102,1.314487632508834,0.0,0.11307420494699646,0.21554770318021202,0.0,0.26148409893992935,0.4664310954063604,0.0,0.045936395759717315,0.0
1342,1902,4,0.7927350427350427,0.1346153846153846,0.2777777777777778,4.416666666666667,0.0,0.0,0.0,0.0,0.0,0.0,0.03205128205128205,0.0,0.0,0.08333333333333333,0.057692307692307696,0.0,0.0,0.0,0.0,10.179487179487179,0.0,3.52991452991453,0.0,5.662393162393163,1.329059829059829,0.21153846153846154,4.141025641025641,0.0,0.0,0.0641025641025641,0.3803418803418803,0.0,0.0,20.653846153846153,2.2222222222222223,0.0,0.03205128205128205,0.0,0.0,0.4658119658119658,1.5598290598290598,0.0,0.05982905982905983,0.0
1344,1252,4,0.6512820512820513,0.1282051282051282,0.8615384615384616,3.471794871794872,0.0,0.005128205128205128,0.0,0.1076923076923077,0.0,0.0,0.0,0.0,0.0,0.1641025641025641,0.02564102564102564,0.0,0.0,0.0,0.0,10.851282051282052,0.09230769230769231,3.958974358974359,0.0,6.471794871794872,1.087179487179487,0.5538461538461539,6.825641025641025,0.0,0.0,0.41025641025641024,0.0,0.0,0.0,16.27179487179487,1.7487179487179487,0.0,0.1282051282051282,0.3641025641025641,0.0,0.40512820512820513,0.7794871794871795,0.0,0.02564102564102564,0.18461538461538463
1346,411,4,0.6450381679389313,0.09923664122137404,0.3511450381679389,4.0,0.0,0.0,0.0,0.0,0.0,0.0,0.0,0.0,0.0,0.0,0.0,0.0,0.0,0.0,0.0,15.15267175572519,0.0,2.0381679389312977,0.0,17.721374045801525,3.2404580152671754,0.33969465648854963,3.698473282442748,0.0,0.14885496183206107,0.19083969465648856,0.0,0.0,0.0,17.33587786259542,2.5343511450381677,0.0,0.007633587786259542,0.0,0.0,1.1755725190839694,0.6259541984732825,0.0,0.03435114503816794,0.0
1354,1546,11,1.4155405405405406,0.08445945945945946,0.11148648648648649,3.4425675675675675,0.0,0.0,0.0,0.0,0.0,0.0,0.0,0.0,0.0,0.02364864864864865,0.0,0.0,0.0,0.0,0.0,12.760135135135135,0.0,2.1283783783783785,0.0,11.97972972972973,2.864864864864865,0.0,1.8344594594594594,0.0,0.0,0.0,0.006756756756756757,0.0,0.0,13.97635135135135,2.564189189189189,0.0,0.0,0.0,0.0,0.7702702702702703,0.5675675675675675,0.0,0.4594594594594595,0.0
1350,1816,6,0.519650655021834,0.10043668122270742,0.586608442503639,3.5880640465793303,0.018922852983988356,0.048034934497816595,0.0,0.05967976710334789,0.0,0.0,0.08442503639010189,0.0,0.0,0.7205240174672489,0.29694323144104806,0.0,0.023289665211062592,0.048034934497816595,0.0,13.966521106259098,0.055312954876273655,2.561863173216885,0.0,7.442503639010189,1.3842794759825328,1.056768558951965,6.62882096069869,0.008733624454148471,0.0,0.4279475982532751,0.0,0.0,0.5429403202328966,15.940320232896653,1.7307132459970889,0.0,0.09170305676855896,0.10625909752547306,0.0,0.50509461426492,0.6215429403202329,0.0,0.055312954876273655,0.48180494905385735
1352,171,4,0.5432692307692307,0.09615384615384616,1.0264423076923077,3.9326923076923075,0.0,0.0,0.0,0.23317307692307693,0.0,0.0,0.3918269230769231,0.0,0.35336538461538464,1.4615384615384615,0.8485576923076923,0.0,0.0,0.0,0.0,2.8365384615384617,0.038461538461538464,4.71875,0.0,3.125,2.2788461538461537,0.4182692307692308,5.826923076923077,0.0,0.01201923076923077,0.43028846153846156,0.0,0.8870192307692307,0.0,20.295673076923077,2.293269230769231,0.0,0.3317307692307692,0.08413461538461539,0.0,0.18028846153846154,10.117788461538462,0.0,0.06971153846153846,4.543269230769231
1346,833,4,0.4879518072289157,0.0783132530120482,0.3614457831325301,2.9427710843373496,0.0,0.0,0.0,0.0,0.0,0.0,0.0,0.0,0.0,0.0,0.0,0.0,0.0,0.0,0.0,14.539156626506024,0.0,2.38855421686747,0.0,6.551204819277109,1.8674698795180722,0.02108433734939759,3.2048192771084336,0.0,0.0,0.0,0.0,0.0,0.0,11.02710843373494,1.3704819277108433,0.0,0.0,0.04819277108433735,0.0,0.3373493975903614,0.46987951807228917,0.0,0.024096385542168676,0.0
1356,1238,4,0.7040816326530612,0.09693877551020408,0.6377551020408163,4.5229591836734695,0.0,0.0,0.0,0.0,0.0,0.0,0.0,0.0,0.0,0.061224489795918366,0.002551020408163265,0.0,0.0,0.0,0.0,16.176020408163264,0.0,2.75,0.0,14.974489795918368,2.6377551020408165,0.22193877551020408,3.752551020408163,0.0,0.0,0.0,0.00510204081632653,0.0,0.0,17.586734693877553,3.063775510204082,0.0,0.04336734693877551,0.0,0.0,0.9693877551020408,0.6326530612244898,0.0,0.02806122448979592,0.0
1352,1523,11,0.5318840579710145,0.09130434782608696,0.6579710144927536,4.701449275362319,0.0,0.0,0.0,0.0,0.0,0.0,0.0,0.0,0.0,0.0,0.0,0.0,0.0,0.0,0.0,14.447826086956521,0.0,2.0594202898550726,0.0,14.069565217391304,3.8231884057971013,0.22608695652173913,5.036231884057971,0.0,0.0,0.23043478260869565,0.0,0.0,0.0,18.902898550724636,3.0115942028985505,0.0,0.30869565217391304,0.015942028985507246,0.0,0.927536231884058,0.618840579710145,0.0,0.0391304347826087,0.0
1349,1739,4,0.5478036175710594,0.10852713178294573,0.5038759689922481,6.165374677002584,0.0,0.21188630490956073,0.0,0.0,0.0,0.0,0.0,0.0,0.0,1.4082687338501292,0.18863049095607234,0.0,0.0,0.27906976744186046,0.0,11.832041343669252,0.03875968992248062,2.317829457364341,0.0,3.5193798449612403,4.41343669250646,0.661498708010336,4.343669250645995,0.31266149870801035,0.0,0.39276485788113696,0.00516795865633075,0.0,4.439276485788113,25.834625322997415,3.9741602067183464,0.0,0.11886304909560723,0.056847545219638244,0.0,1.1343669250645996,0.661498708010336,0.0,0.06459948320413436,6.147286821705427
1346,1888,4,0.554,0.104,1.524,4.272,0.0,0.0,0.0,0.132,0.0,0.0,0.002,0.0,0.0,0.194,0.006,0.0,0.0,0.0,0.032,15.926,0.138,2.852,0.0,10.816,2.302,0.58,7.234,0.296,0.05,0.632,0.0,0.0,0.0,19.424,2.216,0.0,0.7,0.192,0.0,0.748,0.622,0.0,0.05,1.008
1357,384,4,0.5363636363636364,0.07272727272727272,0.5727272727272728,2.1954545454545453,0.0,0.0,0.0,0.0,0.0,0.0,0.0,0.0,0.0,0.35,0.0,0.0,0.0,0.0,0.0,6.081818181818182,0.0,2.536363636363636,0.0,3.672727272727273,1.1590909090909092,0.2727272727272727,4.163636363636364,0.0,0.0,0.14545454545454545,0.0,0.0,0.0,9.668181818181818,0.8272727272727273,0.0,0.0,0.1409090909090909,0.0,0.24545454545454545,0.4772727272727273,0.0,0.031818181818181815,0.0
1350,748,4,0.4749034749034749,0.09845559845559845,0.862934362934363,3.501930501930502,0.0,0.0,0.0,0.023166023166023165,0.0,0.0,0.0,0.0,0.0,0.02702702702702703,0.013513513513513514,0.0,0.0,0.0019305019305019305,0.0,14.625482625482626,0.0,2.1525096525096523,0.0,5.942084942084942,1.2606177606177607,0.19498069498069498,3.2258687258687258,0.0,0.0,0.0,0.39575289575289574,0.0,0.0,13.872586872586872,2.0926640926640925,0.0,0.0,0.0,0.0,0.36486486486486486,0.4613899613899614,0.0,0.0444015444015444,0.0
1349,897,4,0.6882352941176471,0.07647058823529412,2.2941176470588234,2.776470588235294,0.0,0.0,0.0,0.0,0.0,0.0,0.1411764705882353,0.0,0.0,0.5470588235294118,0.2411764705882353,0.0,0.0,0.0,0.3911764705882353,10.161764705882353,0.12058823529411765,2.511764705882353,0.0,3.485294117647059,0.6176470588235294,0.23529411764705882,7.794117647058823,0.0,0.0,0.11176470588235295,0.0,0.0,0.0,10.670588235294117,1.138235294117647,0.0,0.4294117647058823,0.047058823529411764,0.0,0.15,0.5029411764705882,0.0,0.03823529411764706,0.0
1348,1205,4,0.5570934256055363,0.09342560553633218,0.6920415224913494,3.85121107266436,0.0,0.0,0.0,0.0,0.0,0.0,0.0,0.0,0.0,0.0,0.0,0.0,0.0,0.0,0.0,13.809688581314878,0.006920415224913495,2.878892733564014,0.0,10.314878892733564,2.2595155709342563,0.10034602076124567,3.041522491349481,0.0,0.0,0.3044982698961938,0.0,0.0,0.0,15.512110726643598,2.7024221453287196,0.0,0.0,0.0,0.0,0.671280276816609,0.5017301038062284,0.0,0.04498269896193772,0.0
1349,1310,4,0.5252525252525253,0.0707070707070707,0.8560606060606061,3.54040404040404,0.0,0.0,0.0,0.0,0.0,0.0,0.0,0.0,0.0,0.1388888888888889,0.0,0.0,0.0,0.0,0.0,10.51010101010101,0.04040404040404041,1.9444444444444444,0.0,7.287878787878788,1.9368686868686869,0.1994949494949495,5.588383838383838,0.0,0.0,0.07828282828282829,0.0,0.0,0.0,16.671717171717173,2.4242424242424243,0.0,0.28535353535353536,0.03282828282828283,0.0,0.4696969696969697,0.5757575757575758,0.0,0.027777777777777776,0.0
1345,1504,4,0.5357142857142857,0.09523809523809523,0.2698412698412698,4.976190476190476,0.0,0.0,0.0,0.0,0.0,0.0,0.031746031746031744,0.0,0.0,0.14285714285714285,0.11904761904761904,0.0,0.0,0.0,0.03968253968253968,14.182539682539682,0.0,2.3293650793650795,0.0,13.797619047619047,3.1984126984126986,0.05555555555555555,2.496031746031746,0.0,0.10714285714285714,0.027777777777777776,0.0,0.0,0.0,20.25793650793651,2.8333333333333335,0.0,0.04365079365079365,0.0,0.0,0.996031746031746,0.6468253968253969,0.0,0.04365079365079365,0.1349206349206349
1356,1917,4,0.5742574257425742,0.09405940594059406,1.1782178217821782,4.044554455445544,0.0,0.034653465346534656,0.0,0.0,0.0,0.0,0.0,0.0,0.0,0.2079207920792079,0.039603960396039604,0.0,0.0,0.0,0.0,15.603960396039604,0.0,1.9207920792079207,0.0,12.623762376237623,2.257425742574257,0.8960396039603961,7.534653465346534,0.0,0.0,0.8564356435643564,0.0,0.0,0.19801980198019803,17.519801980198018,2.1683168316831685,0.0,0.9405940594059405,0.22277227722772278,0.0,0.8316831683168316,0.6831683168316832,0.0,0.054455445544554455,0.400990099009901
1362,294,4,0.6075085324232082,0.09783845278725825,0.8043230944254836,3.5369738339021617,0.0,0.0,0.0,0.03299203640500569,0.0,0.0,0.0,0.0,0.0,0.13083048919226395,0.0034129692832764505,0.0,0.0,0.0,0.0,12.036405005688282,0.05688282138794084,2.825938566552901,0.0,11.350398179749716,2.1626848691695106,0.33674630261660976,3.8703071672354947,0.0,0.051194539249146756,0.34584755403868034,0.0,0.0,0.0,16.83617747440273,1.9032992036405005,0.0,0.12514220705346984,0.16723549488054607,0.0,0.7394766780432309,0.571103526734926,0.0,0.02161547212741752,0.0
1350,709,7,0.6073858114674441,0.07871720116618076,0.5685131195335277,3.357628765792031,0.0,0.0,0.0,0.009718172983479106,0.0,0.0,0.0,0.0,0.0,0.10204081632653061,0.019436345966958212,0.0,0.0,0.0,0.0,12.559766763848396,0.0,2.4616132167152576,0.0,6.109815354713314,2.0330417881438287,0.02040816326530612,3.3654033041788143,0.0,0.0,0.0,0.24975704567541301,0.0,0.0,12.912536443148689,2.075801749271137,0.0,0.001943634596695821,0.031098153547133137,0.0,0.5257531584062196,0.4606413994169096,0.0,0.043731778425655975,0.010689990281827016
1349,1018,11,0.5371428571428571,0.06,0.16857142857142857,3.7514285714285713,0.0,0.017142857142857144,0.0,0.08857142857142856,0.0,0.0,0.46,0.0,0.0,1.2914285714285714,0.38857142857142857,0.0,0.0,0.0,0.8971428571428571,10.374285714285714,0.0,2.402857142857143,0.0,7.011428571428572,2.4857142857142858,0.5171428571428571,5.6,0.0,0.0,0.02857142857142857,0.0,0.0,0.0,15.125714285714286,2.4571428571428573,0.0,0.02857142857142857,0.02857142857142857,0.002857142857142857,0.49142857142857144,0.5142857142857142,0.0,0.07714285714285714,2.4285714285714284
1363,149,4,0.4619883040935672,0.09941520467836257,0.4152046783625731,5.023391812865497,0.0029239766081871343,0.049707602339181284,0.0,0.347953216374269,0.0,0.0,0.0,0.0,0.0,0.9327485380116959,0.26900584795321636,0.0,0.03216374269005848,0.07309941520467836,0.005847953216374269,13.657894736842104,0.0,2.6871345029239766,0.0,2.5292397660818713,3.2309941520467835,0.5701754385964912,5.605263157894737,0.008771929824561403,0.0,0.06432748538011696,0.0,0.0,0.8771929824561403,20.014619883040936,2.991228070175439,0.0,0.05263157894736842,0.07017543859649122,0.0,0.7426900584795322,0.6286549707602339,0.0,0.04678362573099415,0.0
1349,583,12,0.5325301204819277,0.0927710843373494,0.39759036144578314,3.2542168674698795,0.0,0.0,0.0,0.0,0.0,0.0,0.0,0.0,0.0,0.0,0.0,0.0,0.0,0.0,0.0,13.340963855421688,0.008433734939759036,1.966265060240964,0.0,7.220481927710844,1.9807228915662651,0.0891566265060241,3.0301204819277108,0.0,0.0,0.07349397590361446,0.05301204819277108,0.0,0.0,12.434939759036144,1.8397590361445784,0.0,0.20481927710843373,0.016867469879518072,0.0,0.4457831325301205,0.4578313253012048,0.0,0.016867469879518072,0.0
1355,972,12,0.5145631067961165,0.07281553398058252,0.13106796116504854,2.0436893203883497,0.0,0.009708737864077669,0.0,0.6844660194174758,0.0,0.0,0.0,0.0,0.0,0.7524271844660194,0.20388349514563106,0.0,0.16019417475728157,0.9320388349514563,0.16019417475728157,7.611650485436893,0.0,4.203883495145631,0.0,0.8932038834951457,0.5048543689320388,0.8883495145631068,5.199029126213592,0.0,0.0,0.0970873786407767,0.0,0.0,0.0,8.660194174757281,0.7621359223300971,0.0,0.03398058252427184,0.4368932038834951,0.0,0.5728155339805825,0.42718446601941745,0.0,0.04854368932038835,7.640776699029126
1353,1035,4,0.5533596837944664,0.07707509881422925,0.6897233201581028,3.1620553359683794,0.005928853754940711,0.18379446640316205,0.0,0.5276679841897233,0.0,0.0,0.0,0.0,0.06126482213438735,0.5928853754940712,0.1541501976284585,0.0,0.03359683794466403,0.5573122529644269,0.07707509881422925,12.051383399209486,0.0,3.5237154150197627,0.0,6.191699604743083,1.5059288537549407,0.24308300395256918,5.600790513833992,0.0,0.0,0.26679841897233203,0.0,0.0,0.0,12.966403162055336,1.8537549407114624,0.0,0.14624505928853754,0.015810276679841896,0.0,0.5612648221343873,0.5177865612648221,0.0,0.08300395256916997,1.733201581027668
1363,957,4,0.7125307125307125,0.08108108108108109,0.10565110565110565,4.837837837837838,0.0,0.019656019656019656,0.0,0.16953316953316952,0.0,0.0,0.0,0.0,0.0,0.35872235872235875,0.14987714987714987,0.0,0.0,0.019656019656019656,0.05405405405405406,9.031941031941033,0.0,2.442260442260442,0.0,20.061425061425062,0.8943488943488943,0.22113022113022113,2.6216216216216215,0.0,0.0,0.05896805896805897,0.0,0.0,0.09828009828009827,22.085995085995087,3.628992628992629,0.0,0.5184275184275184,0.2285012285012285,0.0,1.2260442260442261,0.4864864864864865,0.0,0.08353808353808354,0.0
1347,1327,4,0.4696707105719237,0.06412478336221837,1.1334488734835355,3.5736568457538995,0.0,0.0034662045060658577,0.0,0.02079722703639515,0.0,0.0,0.0,0.0,0.0,0.03466204506065858,0.005199306759098787,0.0,0.0,0.0,0.0,12.509532062391681,0.0,2.3119584055459272,0.0,6.6447140381282495,1.6377816291161178,0.2270363951473137,4.351819757365685,0.0,0.0,0.537261698440208,0.0,0.0,0.0,14.060658578856152,2.053726169844021,0.0,0.36915077989601386,0.02079722703639515,0.0,0.7279029462738301,0.634315424610052,0.0,0.03466204506065858,0.0
1360,616,12,0.68125,0.1125,0.41875,5.9375,0.0,0.0,0.0,0.0,0.0,0.0,0.0,0.0,0.0,0.0,0.0,0.0,0.0,0.0,0.0,16.625,0.0,1.89375,0.0,15.1,4.31875,0.0,2.625,0.0,0.0,0.0125,0.48125,0.0,0.0,24.175,3.74375,0.0,0.0,0.0,0.0,1.1375,0.54375,0.0,0.0625,0.0
1362,910,4,0.5661124307205068,0.07600950118764846,0.14093428345209819,3.258115597783056,0.0,0.10372129849564529,0.0,0.6397466349960411,0.0,0.0,0.006334125098970704,0.0,0.0,0.7783056215360253,0.2850356294536817,0.0,0.03800475059382423,0.7735550277117973,0.12984956452889945,12.381631037212985,0.0,6.1243072050673,0.0,13.779889152810767,2.782264449722882,0.5233570863024545,4.787806809184481,0.0,0.0,0.07759303246239113,0.0,0.0,0.0,13.81076801266825,2.0269200316706253,0.0,0.06492478226444973,0.11718131433095803,0.0,1.0665083135391924,0.569279493269992,0.03721298495645289,0.06730007917656373,6.360253365003959
1360,1574,15,0.5168141592920354,0.07079646017699115,0.9398230088495575,3.47787610619469,0.0,0.0,0.0,0.15575221238938053,0.0,0.0,0.0,0.0,0.0,0.1911504424778761,0.0,0.0,0.0,0.0,0.0,13.242477876106195,0.06017699115044248,2.961061946902655,0.0,8.890265486725664,1.9787610619469027,0.23008849557522124,4.469026548672566,0.0,0.0,0.012389380530973451,0.0,0.0,0.0,13.502654867256638,1.9876106194690266,0.0,0.0,0.023008849557522124,0.0,0.6973451327433628,0.552212389380531,0.0,0.05132743362831858,0.0
1356,799,4,0.42784380305602715,0.06621392190152801,1.0152801358234296,2.960950764006791,0.0,0.07809847198641766,0.0,0.35823429541595925,0.0,0.0,0.0,0.0,0.0,0.2546689303904924,0.09168081494057725,0.0,0.0,0.044142614601018676,0.0,6.1884550084889645,0.07640067911714771,2.8115449915110355,0.0,2.604414261460102,0.8743633276740238,0.7470288624787776,7.67572156196944,0.0,0.0,0.4617996604414261,0.0,0.0,0.0,14.32427843803056,1.6740237691001698,0.0,0.41765704584040747,0.40237691001697795,0.0,0.08149405772495756,0.597623089983022,0.0,0.050933786078098474,0.2920203735144312
1349,1094,12,0.679920477137177,0.11928429423459244,0.3260437375745527,4.63220675944334,0.0,0.0,0.0,0.03578528827037773,0.0,0.0,0.0,0.0,0.0,0.08151093439363817,0.0,0.0,0.0,0.0,0.0,17.37773359840954,0.009940357852882704,2.2027833001988073,0.0,9.304174950298211,3.459244532803181,0.015904572564612324,3.0139165009940356,0.0,0.0,0.007952286282306162,0.25646123260437376,0.0,0.0,17.520874751491053,2.9980119284294235,0.0,0.1272365805168986,0.0,0.0,0.6063618290258449,0.5785288270377733,0.0,0.017892644135188866,0.0
1355,1960,4,0.5569620253164557,0.02531645569620253,2.518987341772152,3.1962025316455698,0.0,0.14556962025316456,0.0,1.018987341772152,0.0,0.0,0.006329113924050633,0.0,0.0,0.9177215189873418,0.23417721518987342,0.0,0.0,0.10126582278481013,0.11392405063291139,3.1202531645569622,0.10126582278481013,5.386075949367089,0.0,3.9177215189873418,1.3860759493670887,1.6898734177215189,11.569620253164556,0.0,0.0,0.15822784810126583,0.0,0.0,0.0,15.094936708860759,1.8481012658227849,0.0,1.0379746835443038,0.17721518987341772,0.0,0.3291139240506329,0.5063291139240507,0.0,0.0379746835443038,0.0
1353,1064,12,0.6360078277886497,0.1095890410958904,1.299412915851272,3.6673189823874757,0.0,0.0,0.0,0.0,0.0,0.0,0.17221135029354206,0.0,0.0,0.6418786692759295,0.2465753424657534,0.0,0.0,0.0,0.45792563600782776,3.853228962818004,0.04892367906066536,3.401174168297456,0.0,4.009784735812133,1.4187866927592956,0.9275929549902152,7.109589041095891,0.0,0.0,0.2974559686888454,0.0,0.0,0.0,19.060665362035223,1.8943248532289627,0.0,0.18395303326810175,0.13111545988258316,0.12915851272015655,0.20939334637964774,0.589041095890411,0.0,0.033268101761252444,0.6673189823874756
1362,483,4,0.4935064935064935,0.06060606060606061,0.36363636363636365,2.865800865800866,0.0,0.0,0.0,1.0562770562770563,0.0,0.0,0.017316017316017316,0.0,0.04329004329004329,1.4848484848484849,0.6017316017316018,0.0,0.3203463203463203,0.8701298701298701,0.008658008658008658,7.147186147186147,0.0,4.588744588744588,0.0,7.298701298701299,2.54978354978355,0.9696969696969697,8.480519480519481,0.0,0.0,0.20346320346320346,0.0,0.0,0.0,15.398268398268398,1.9437229437229437,0.0,0.16883116883116883,0.31601731601731603,0.0,0.5108225108225108,0.5627705627705628,0.0,0.0735930735930736,0.6233766233766234
1352,665,12,0.4990892531876138,0.06739526411657559,0.7941712204007286,2.775045537340619,0.0,0.0,0.0,0.0,0.0,0.0,0.0036429872495446266,0.0,0.0,0.08925318761384335,0.0009107468123861566,0.0,0.0,0.0,0.0,10.422586520947176,0.007285974499089253,2.387978142076503,0.0,4.640255009107468,1.0136612021857923,0.1284153005464481,5.128415300546448,0.0,0.0,0.004553734061930784,0.0,0.0,0.030054644808743168,10.916211293260474,1.3561020036429872,0.0,0.15482695810564662,0.07468123861566485,0.0,0.3123861566484517,0.5255009107468124,0.0,0.029143897996357013,0.0
1359,1990,4,0.5572519083969466,0.061068702290076333,0.2595419847328244,2.8244274809160306,0.0,0.183206106870229,0.0,1.1984732824427482,0.0,0.0,0.08396946564885496,0.0,0.0,1.534351145038168,0.6412213740458015,0.0,0.0916030534351145,0.46564885496183206,0.24427480916030533,3.549618320610687,0.0,3.5343511450381677,0.0,4.427480916030534,0.816793893129771,0.5954198473282443,6.091603053435114,0.0,0.0,0.0,0.0,0.0,0.0,12.198473282442748,1.748091603053435,0.0,0.0,0.0,0.0,0.6717557251908397,0.5343511450381679,0.0,0.10687022900763359,2.0916030534351147
1355,648,7,0.6118421052631579,0.10855263157894737,1.2138157894736843,4.154605263157895,0.0,0.0,0.0,0.0,0.0,0.0,0.0,0.0,0.0,0.0,0.0,0.0,0.0,0.0,0.0,10.858552631578947,0.08223684210526316,3.0,0.0,7.2006578947368425,1.555921052631579,1.319078947368421,8.769736842105264,0.0,0.0,0.3355263157894737,0.20394736842105263,0.0,0.0,20.19078947368421,2.0657894736842106,0.0,0.35855263157894735,0.0,0.0,0.4934210526315789,0.6546052631578947,0.0,0.029605263157894735,0.0
1352,816,4,0.53125,0.13194444444444445,0.2013888888888889,3.3472222222222223,0.0,0.0,0.0,0.20833333333333334,0.0,0.0,0.5659722222222222,0.0,0.0,1.8020833333333333,0.5034722222222222,0.0,0.04861111111111111,0.6388888888888888,1.6354166666666667,19.3125,0.0,4.892361111111111,0.0,7.295138888888889,2.3993055555555554,0.8576388888888888,6.475694444444445,0.0,0.0,0.2638888888888889,0.0,0.013888888888888888,0.0,15.003472222222221,1.8888888888888888,0.0,0.0,0.0,0.0,0.6805555555555556,0.5347222222222222,0.0,0.09027777777777778,8.020833333333334
1355,1344,4,0.632183908045977,0.11494252873563218,0.20689655172413793,5.080459770114943,0.0,0.0,0.0,0.0,0.0,0.0,0.0,0.0,0.0,0.0,0.0,0.0,0.0,0.0,0.0,16.057471264367816,0.0,2.1149425287356323,0.0,11.551724137931034,4.195402298850575,0.022988505747126436,2.0919540229885056,0.0,0.0,0.0,0.06896551724137931,0.0,0.0,18.25287356321839,3.3793103448275863,0.0,0.0,0.0,0.0,0.8735632183908046,0.5172413793103449,0.0,0.04597701149425287,0.0
1354,1490,4,0.508,0.072,0.676,4.212,0.0,0.0,0.0,0.0,0.0,0.0,0.0,0.0,0.0,0.0,0.0,0.0,0.0,0.0,0.0,12.88,0.024,1.972,0.0,9.72,3.096,0.0,3.456,0.0,0.0,0.22,0.12,0.0,0.0,18.956,2.8,0.0,0.0,0.22,0.0,1.024,0.56,0.0,0.02,0.0
1357,1392,12,0.5284552845528455,0.06504065040650407,0.8211382113821138,4.138211382113822,0.0,0.0,0.0,0.0,0.0,0.0,0.0,0.0,0.0,0.0,0.032520325203252036,0.0,0.0,0.0,0.0,10.94308943089431,0.0,2.869918699186992,0.0,15.983739837398375,2.8536585365853657,0.6747967479674797,7.504065040650406,0.0,0.2682926829268293,0.7398373983739838,0.0,0.0,0.0,18.658536585365855,2.4552845528455283,0.0,0.8536585365853658,0.0,0.0,1.1788617886178863,0.7398373983739838,0.0,0.04065040650406504,0.0
1364,1850,4,0.4870848708487085,0.08118081180811808,0.6457564575645757,3.726937269372694,0.0,0.0,0.0,1.2619926199261993,0.0,0.0,0.0,0.0,0.04797047970479705,1.5350553505535056,0.3284132841328413,0.0,0.6678966789667896,0.2693726937269373,0.0,8.682656826568266,0.0,2.2767527675276753,0.0,3.800738007380074,2.309963099630996,0.8560885608856088,6.682656826568266,0.0,0.0,0.5940959409594095,0.0,0.0,0.4059040590405904,16.686346863468636,2.11070110701107,0.0,0.07749077490774908,0.14760147601476015,0.0,0.2767527675276753,0.6531365313653137,0.0,0.08118081180811808,6.800738007380073
1362,36,4,0.588456712672522,0.10915934755332497,0.6060225846925973,5.402760351317441,0.0,0.0,0.0,0.0,0.0,0.0,0.04140526976160602,0.0,0.0,0.6687578419071518,0.11041405269761606,0.0,0.0,0.0,0.0,13.511919698870765,0.04140526976160602,3.749058971141782,0.0,13.782936010037641,4.611041405269762,0.42534504391468003,5.539523212045169,0.0,0.0,0.18695106649937265,0.0,0.0,0.0,23.54077791718946,2.838143036386449,0.0,0.26474278544542035,0.043914680050188205,0.0,0.9209535759096612,0.8983688833124216,0.0,0.05520702634880803,5.040150564617315
1353,1778,4,0.48578811369509045,0.06976744186046512,0.8501291989664083,2.0594315245478034,0.0,0.0,0.0,0.06718346253229975,0.0,0.002583979328165375,0.0,0.0,0.0,0.03875968992248062,0.012919896640826873,0.0,0.0,0.0,0.0,4.338501291989664,0.0,1.950904392764858,0.0,1.6227390180878554,0.7338501291989664,0.10335917312661498,4.868217054263566,0.0,0.0,0.0,0.0,0.0,0.0,9.746770025839794,1.2790697674418605,0.0,0.06718346253229975,0.17571059431524547,0.0,0.03359173126614987,0.4780361757105943,0.0,0.031007751937984496,0.08010335917312661
1361,119,4,0.7391304347826086,0.0,0.7101449275362319,2.1159420289855073,0.0,0.0,0.0,0.0,0.0,0.0,0.0,0.0,0.0,0.5362318840579711,0.0,0.0,0.0,0.0,0.0,3.391304347826087,0.0,2.5217391304347827,0.0,1.5797101449275361,0.37681159420289856,0.5507246376811594,7.811594202898551,0.0,0.0,0.34782608695652173,0.0,0.0,0.0,13.420289855072463,0.9130434782608695,0.0,0.13043478260869565,0.028985507246376812,0.0,0.0,0.6666666666666666,0.0,0.07246376811594203,0.0
1370,422,4,0.5289855072463768,0.08454106280193237,0.4975845410628019,2.4589371980676327,0.0,0.0,0.0,0.04589371980676329,0.0,0.0,0.0,0.0,0.0,0.04589371980676329,0.0024154589371980675,0.0,0.0,0.0,0.0,11.371980676328503,0.016908212560386472,2.603864734299517,0.0,6.524154589371981,1.285024154589372,0.24879227053140096,3.1280193236714977,0.0,0.0,0.391304347826087,0.0,0.0,0.0,10.871980676328503,1.1956521739130435,0.0,0.7028985507246377,0.0,0.0,0.5096618357487923,0.4758454106280193,0.2318840579710145,0.03140096618357488,0.46618357487922707
1364,526,7,0.5079365079365079,0.08390022675736962,0.1927437641723356,3.45578231292517,0.0,0.0,0.0,0.08163265306122448,0.0,0.0,0.0,0.0,0.0,0.2857142857142857,0.08616780045351474,0.0,0.0,0.034013605442176874,0.0,13.619047619047619,0.0,2.6054421768707483,0.0,12.800453514739228,2.6462585034013606,0.045351473922902494,2.3945578231292517,0.0,0.0,0.049886621315192746,0.0,0.0,0.0,13.213151927437641,2.240362811791383,0.0,0.0,0.0,0.0,0.8276643990929705,0.5351473922902494,0.0,0.034013605442176874,0.0
1357,1319,4,0.6116910229645094,0.09812108559498957,0.17536534446764093,3.6555323590814197,0.0,0.07515657620041753,0.0,0.2651356993736952,0.0,0.0,0.3987473903966597,0.0,0.006263048016701462,1.707724425887265,0.6367432150313153,0.0,0.0,0.0,0.8977035490605428,11.693110647181628,0.0,3.720250521920668,0.0,13.227557411273487,3.816283924843424,0.6346555323590815,4.722338204592902,0.0,0.0,0.0,0.0,0.09812108559498957,0.0,15.590814196242171,2.3778705636743216,0.0,0.40292275574112735,0.1022964509394572,0.0,0.7640918580375783,0.5219206680584552,0.09394572025052192,0.081419624217119,0.0918580375782881
1357,398,4,0.45,0.1,0.8166666666666667,5.283333333333333,0.0,0.0,0.0,0.0,0.0,0.0,0.0,0.0,0.0,0.0,0.0,0.0,0.0,0.0,0.016666666666666666,15.933333333333334,0.0,2.1166666666666667,0.0,13.683333333333334,3.3,0.0,4.116666666666666,0.0,0.0,0.2,0.0,0.0,0.0,21.283333333333335,3.3333333333333335,0.0,0.0,0.0,0.0,1.2333333333333334,0.75,0.0,0.03333333333333333,0.0
1366,448,4,0.7040816326530612,0.17346938775510204,0.21428571428571427,4.346938775510204,0.0,0.0,0.0,0.0,0.0,0.0,0.0,0.0,0.0,0.030612244897959183,0.0,0.0,0.0,0.0,0.0,15.826530612244898,0.0,1.5510204081632653,0.0,8.724489795918368,1.9285714285714286,0.0,1.4285714285714286,0.0,0.0,0.0,0.5612244897959183,0.0,0.0,16.285714285714285,2.5918367346938775,0.0,0.0,0.0,0.0,0.6122448979591837,0.6224489795918368,0.0,0.04081632653061224,0.0
1365,1789,11,0.4841040462427746,0.06647398843930635,0.16907514450867053,3.13728323699422,0.0,0.0,0.0,0.0,0.0,0.0,0.0,0.0,0.0,0.014450867052023121,0.0,0.0,0.0,0.0,0.0,14.303468208092486,0.0,2.2947976878612715,0.0,9.463872832369942,1.884393063583815,0.0,2.356936416184971,0.0,0.0,0.001445086705202312,0.0,0.0,0.0,12.40028901734104,2.027456647398844,0.0,0.0,0.04046242774566474,0.0,0.6517341040462428,0.5361271676300579,0.0,0.015895953757225433,0.0
1359,840,4,0.5450381679389313,0.07480916030534351,0.6473282442748092,3.2717557251908396,0.0,0.0,0.0,0.0,0.0,0.0,0.0015267175572519084,0.0,0.0,0.36946564885496186,0.0,0.0,0.0,0.0,0.0,8.952671755725191,0.025954198473282442,3.0076335877862594,0.0,4.854961832061068,1.4702290076335878,0.4259541984732824,3.6274809160305344,0.0,0.0015267175572519084,0.16793893129770993,0.0,0.0,0.47022900763358777,16.410687022900763,1.798473282442748,0.0,0.183206106870229,0.0030534351145038168,0.0,0.35725190839694654,0.8,0.0,0.035114503816793895,0.00916030534351145
1366,1304,7,0.5813953488372093,0.10465116279069768,0.9709302325581395,3.947674418604651,0.0,0.0,0.0,0.0,0.0,0.0,0.0,0.0,0.0,0.0,0.0,0.0,0.0,0.0,0.0,16.63372093023256,0.0,2.7906976744186047,0.0,10.13953488372093,1.8953488372093024,0.29069767441860467,5.058139534883721,0.0,0.0,0.0,0.0,0.0,0.0,15.319767441860465,2.366279069767442,0.0,0.29069767441860467,0.09883720930232558,0.0,0.627906976744186,0.5988372093023255,0.0,0.046511627906976744,0.0
1362,1474,4,0.5446224256292906,0.09610983981693363,1.2448512585812357,4.3752860411899315,0.0,0.0,0.0,0.0,0.0,0.0,0.3890160183066362,0.0,0.0,0.8947368421052632,0.2471395881006865,0.0,0.0,0.0,0.6338672768878718,14.926773455377575,0.020594965675057208,1.9565217391304348,0.0,12.237986270022883,2.601830663615561,0.2585812356979405,4.839816933638444,0.0,0.2608695652173913,0.1853546910755149,0.0,0.0,0.0,16.725400457665906,2.2219679633867275,0.0,0.2700228832951945,0.10526315789473684,0.08009153318077804,0.6979405034324943,0.6956521739130435,0.0,0.06407322654462243,4.254004576659039
1374,1501,11,0.5807291666666666,0.044270833333333336,0.5052083333333334,2.9140625,0.0,0.0,0.0,0.0,0.0,0.0,0.03125,0.0,0.013020833333333334,0.1171875,0.08072916666666667,0.0,0.0,0.0,0.0026041666666666665,3.7526041666666665,0.0,1.7552083333333333,0.0,2.8359375,0.7942708333333334,0.4088541666666667,8.7890625,0.0,0.0,0.4088541666666667,0.0,0.049479166666666664,0.0,15.158854166666666,1.8854166666666667,0.0,0.3802083333333333,0.1796875,0.0,0.15625,0.5833333333333334,0.0,0.028645833333333332,0.0
1359,1710,11,0.5104166666666666,0.08506944444444445,0.6475694444444444,4.659722222222222,0.0,0.0078125,0.0,0.019097222222222224,0.0,0.0,0.06336805555555555,0.0,0.0,0.4470486111111111,0.1111111111111111,0.0,0.0234375,0.008680555555555556,0.3072916666666667,14.30295138888889,0.03125,2.243923611111111,0.0,11.815104166666666,2.2899305555555554,0.5477430555555556,6.1953125,0.0,0.0,0.4670138888888889,0.3411458333333333,0.0,0.4019097222222222,20.515625,2.6979166666666665,0.0,0.3125,0.03125,0.0,0.8168402777777778,0.7421875,0.0,0.035590277777777776,0.5303819444444444
1370,257,4,0.4962962962962963,0.08148148148148149,0.35555555555555557,3.0592592592592593,0.0,0.0,0.0,0.037037037037037035,0.0,0.0,0.0,0.0,0.0,0.6444444444444445,0.24444444444444444,0.0,0.0,0.17777777777777778,0.0,8.503703703703703,0.0,4.933333333333334,0.0,1.0222222222222221,1.2814814814814814,0.22962962962962963,3.037037037037037,0.0,0.0,0.2,0.0,0.0,0.762962962962963,16.28148148148148,0.8444444444444444,0.0,0.0,0.0,0.0,0.1259259259259259,0.48148148148148145,0.0,0.05185185185185185,1.3037037037037038
1367,546,4,0.5569721115537849,0.08366533864541832,0.6701195219123506,3.4884462151394424,0.0,0.0,0.0,0.09561752988047809,0.0,0.0,0.0,0.0,0.0,0.099601593625498,0.04462151394422311,0.0,0.0,0.0,0.0,12.840637450199203,0.0,2.4677290836653385,0.0,6.570517928286852,2.5729083665338646,0.035856573705179286,4.506772908366534,0.0,0.0,0.0,0.14103585657370518,0.0,0.0,14.220717131474103,2.193625498007968,0.0,0.05896414342629482,0.020717131474103586,0.0,0.4709163346613546,0.48685258964143424,0.0,0.0398406374501992,0.0031872509960159364
1365,1046,15,0.5806451612903226,0.08870967741935484,0.5752688172043011,3.002688172043011,0.0,0.016129032258064516,0.0,0.28763440860215056,0.0,0.0,0.024193548387096774,0.056451612903225805,0.08333333333333333,0.8387096774193549,0.16666666666666666,0.11827956989247312,0.0,0.0,0.07526881720430108,8.077956989247312,0.0,4.459677419354839,0.0,5.78494623655914,2.182795698924731,0.6209677419354839,7.002688172043011,0.0,0.0,0.0,0.0,0.0,0.0,12.776881720430108,1.7446236559139785,0.0,1.0564516129032258,0.03494623655913978,0.0,0.3978494623655914,0.44623655913978494,0.3736559139784946,0.0456989247311828,3.1801075268817205
1365,1103,12,0.7480314960629921,0.12073490813648294,0.2073490813648294,5.695538057742782,0.0,0.0,0.0,0.2388451443569554,0.0,0.0,0.0,0.0,0.0,0.2073490813648294,0.047244094488188976,0.0,0.0,0.0,0.0,8.018372703412073,0.0,2.4855643044619424,0.0,22.860892388451443,1.0078740157480315,0.4671916010498688,3.6351706036745406,0.0,0.0,0.07611548556430446,0.0,0.0,0.12598425196850394,24.83727034120735,4.225721784776903,0.0,0.5144356955380578,0.10498687664041995,0.0,1.304461942257218,0.5301837270341208,0.0,0.08136482939632546,0.0
1364,409,4,0.4346846846846847,0.05405405405405406,0.30855855855855857,2.481981981981982,0.0,0.024774774774774775,0.0,0.6486486486486487,0.0,0.0,0.0,0.0,0.0,0.777027027027027,0.27702702702702703,0.0,0.0,0.07657657657657657,0.0,9.002252252252251,0.0,2.565315315315315,0.0,5.218468468468468,1.4842342342342343,0.6328828828828829,4.862612612612613,0.0,0.0,0.006756756756756757,0.0,0.0,0.0,10.79954954954955,1.2747747747747749,0.0,0.0518018018018018,0.08558558558558559,0.0,0.8108108108108109,0.49774774774774777,0.0,0.0518018018018018,6.972972972972973
1376,1228,4,0.6079545454545454,0.10227272727272728,0.2159090909090909,3.875,0.0,0.0,0.0,0.125,0.0,0.0,0.0,0.0,0.0,0.22727272727272727,0.05113636363636364,0.0,0.0,0.017045454545454544,0.0,11.528409090909092,0.0,2.7045454545454546,0.0,11.375,2.3806818181818183,0.03977272727272727,3.090909090909091,0.0,0.0,0.0,0.03977272727272727,0.0,0.0,13.017045454545455,1.9545454545454546,0.0,0.0,0.0,0.0,0.8693181818181818,0.4943181818181818,0.0,0.06818181818181818,0.0
1362,1257,4,0.5030978934324659,0.07434944237918216,1.0681536555142503,3.874845105328377,0.0,0.0,0.0,0.03717472118959108,0.0,0.0,0.0,0.0,0.0,0.06939281288723669,0.0,0.0,0.009913258983890954,0.0,0.0,13.796778190830235,0.0,2.0049566294919456,0.0,7.942998760842627,1.7831474597273853,0.41511771995043373,6.63816604708798,0.0,0.0,0.057001239157372985,0.0,0.0,0.004956629491945477,16.401486988847584,2.3667905824039654,0.0,0.20322180916976457,0.11771995043370508,0.0,0.4684014869888476,0.5687732342007435,0.0,0.040892193308550186,0.22428748451053285
1377,1420,4,0.5307262569832403,0.18994413407821228,0.24022346368715083,3.64804469273743,0.0,0.0,0.0,0.0,0.0,0.0,0.0,0.0,0.0,0.0,0.0,0.0,0.0,0.0,0.0,13.960893854748603,0.0,2.3184357541899443,0.0,11.279329608938548,2.888268156424581,0.05027932960893855,2.7039106145251397,0.0,0.03910614525139665,0.11731843575418995,0.0,0.0,0.0,15.329608938547485,2.2290502793296088,0.0,0.0,0.0,0.0,0.7262569832402235,0.5865921787709497,0.0,0.0446927374301676,0.0
1367,723,7,0.5151515151515151,0.08744588744588745,0.5497835497835498,3.98008658008658,0.0,0.0,0.0,0.01818181818181818,0.0,0.0,0.0,0.0,0.0,0.07965367965367966,0.007792207792207792,0.0,0.0,0.0,0.0,12.287445887445887,0.04415584415584416,2.5142857142857142,0.0,10.710822510822512,3.257142857142857,0.11688311688311688,5.051082251082251,0.0,0.0,0.11255411255411256,0.0,0.0,0.0,17.415584415584416,2.5653679653679653,0.0,0.012987012987012988,0.08311688311688312,0.0,0.7324675324675325,0.6173160173160173,0.0,0.04329004329004329,0.19047619047619047
1365,1328,4,0.5683453237410072,0.10071942446043165,0.36151079136690645,3.9964028776978417,0.0,0.008992805755395683,0.0,0.008992805755395683,0.0,0.0,0.40467625899280574,0.0,0.0,1.5017985611510791,0.670863309352518,0.0,0.0,0.0,1.143884892086331,16.598920863309353,0.0,2.4190647482014387,0.0,10.652877697841726,2.449640287769784,0.5377697841726619,6.321942446043166,0.0,0.0,0.0539568345323741,0.0,0.10071942446043165,0.0,14.838129496402878,2.2841726618705036,0.0,0.18705035971223022,0.048561151079136694,0.2158273381294964,0.6870503597122302,0.5269784172661871,0.0,0.08812949640287769,5.447841726618705
1371,668,12,0.672566371681416,0.07964601769911504,0.3185840707964602,4.486725663716814,0.0,0.0,0.0,0.0,0.0,0.0,0.0,0.0,0.0,0.0,0.1415929203539823,0.0,0.0,0.0,0.0,13.52212389380531,0.0,1.8849557522123894,0.0,18.911504424778762,2.920353982300885,0.0,2.5398230088495577,0.0,0.0,0.21238938053097345,0.008849557522123894,0.0,0.0,19.17699115044248,2.8761061946902653,0.0,0.0,0.0,0.0,1.1592920353982301,0.672566371681416,0.0,0.008849557522123894,0.0
1371,1081,12,0.6324237560192616,0.07865168539325842,0.051364365971107544,3.077046548956661,0.0,0.08828250401284109,0.0,0.28731942215088285,0.0,0.0,0.04012841091492777,0.0,0.019261637239165328,0.5810593900481541,0.27287319422150885,0.0,0.3290529695024077,0.608346709470305,0.1348314606741573,11.062600321027288,0.0,3.879614767255217,0.0,13.354735152487962,2.0256821829855536,0.92776886035313,5.202247191011236,0.0,0.0,0.06581059390048154,0.0,0.04975922953451043,0.0,14.150882825040128,2.0497592295345104,0.0,0.014446227929373997,0.024077046548956663,0.0,1.117174959871589,0.5313001605136437,0.0,0.0593900481540931,2.550561797752809
1371,1123,15,0.5355191256830601,0.08743169398907104,0.38979963570127507,4.367941712204007,0.0,0.04189435336976321,0.0,1.4571948998178506,0.0,0.0,0.03460837887067395,0.0,0.0018214936247723133,1.6120218579234973,0.4553734061930783,0.0,0.0,1.4426229508196722,0.23132969034608378,15.972677595628415,0.0,3.169398907103825,0.0,6.111111111111111,3.109289617486339,0.785063752276867,6.120218579234972,0.0,0.0,0.08561020036429873,0.0,0.0,0.0,17.93624772313297,2.477231329690346,0.0,0.04735883424408015,0.24408014571949,0.0,0.8269581056466302,0.6211293260473588,0.0,0.10564663023679417,9.48816029143898
1366,1204,4,0.6307129798903108,0.054844606946983544,0.7714808043875686,3.6307129798903106,0.0,0.043875685557586835,0.0,0.4954296160877514,0.0,0.0,0.0,0.0,0.0,0.70018281535649,0.25594149908592323,0.0,0.0,0.02010968921389397,0.029250457038391225,8.058500914076783,0.014625228519195612,2.9689213893967095,0.0,6.036563071297989,2.2212065813528334,0.8665447897623401,8.182815356489945,0.0,0.0,0.062157221206581355,0.0,0.0,0.0,17.149908592321754,2.656307129798903,0.0,0.12797074954296161,0.062157221206581355,0.0,0.44972577696526506,0.5740402193784278,0.0,0.06764168190127971,0.07312614259597806
1364,1890,6,0.5950782997762863,0.1029082774049217,0.49217002237136465,3.9060402684563758,0.0,0.0,0.0,0.03355704697986577,0.0,0.0,0.0,0.0,0.0,0.09843400447427293,0.0044742729306487695,0.0,0.0,0.0,0.0,13.149888143176733,0.0,2.178970917225951,0.0,10.060402684563758,2.393736017897092,0.12080536912751678,3.6577181208053693,0.0,0.0,0.21923937360178972,0.0,0.0,0.0,17.630872483221477,2.7941834451901566,0.0,0.7114093959731543,0.2662192393736018,0.0,0.7069351230425056,0.6554809843400448,0.0,0.024608501118568233,0.0
1374,823,4,0.6567656765676567,0.10231023102310231,0.19141914191419143,3.5280528052805282,0.0,0.0,0.0,0.0,0.0,0.0,0.21122112211221122,0.0,0.19471947194719472,0.7920792079207921,0.0,0.0,0.0,0.0,0.0,7.9504950495049505,0.0,2.2046204620462047,0.0,3.6765676567656764,1.6204620462046204,0.0891089108910891,2.5874587458745872,0.0,0.006600660066006601,0.24092409240924093,0.0,0.0,0.0,14.825082508250825,1.66996699669967,0.0,0.0,0.019801980198019802,0.0,0.18811881188118812,0.42574257425742573,0.0,0.066006600660066,0.0
1378,1271,4,0.650561797752809,0.10674157303370786,1.4606741573033708,4.014606741573034,0.0,0.0,0.0,0.0,0.0,0.0,0.0,0.0,0.0,0.046067415730337076,0.0,0.0,0.0,0.0,0.0,15.013483146067415,0.04719101123595506,2.547191011235955,0.0,7.559550561797753,1.8752808988764045,0.14157303370786517,4.367415730337079,0.0,0.0,0.07303370786516854,0.2258426966292135,0.0,0.0,14.81685393258427,2.2213483146067414,0.0,0.5123595505617977,0.06404494382022471,0.0,0.5415730337078651,0.5146067415730337,0.0,0.048314606741573035,0.20898876404494382
1362,2015,4,0.5096700796359499,0.055745164960182024,0.8987485779294653,3.415244596131968,0.0,0.0,0.0,0.0,0.0,0.0,0.0,0.0,0.0,0.0,0.0,0.0,0.022753128555176336,0.0,0.0,12.352673492605232,0.020477815699658702,1.9965870307167235,0.0,8.575654152445962,2.12514220705347,0.12514220705346984,5.113765642775881,0.0,0.022753128555176336,0.18088737201365188,0.0,0.0,0.0,14.574516496018202,1.9624573378839592,0.0,0.1422070534698521,0.015927189988623434,0.0,0.5563139931740614,0.6257110352673493,0.0,0.030716723549488054,0.0
1367,885,4,0.7058823529411765,0.1568627450980392,0.0,5.137254901960785,0.0,0.0,0.0,0.0,0.0,0.0,0.0,0.0,0.0,0.0,0.0,0.0,0.0,0.0,0.0,5.450980392156863,0.0,3.549019607843137,0.0,7.0,2.4901960784313726,0.0,1.8235294117647058,0.0,0.47058823529411764,0.0,0.21568627450980393,0.0,0.0,20.54901960784314,2.4313725490196076,0.0,0.0,0.0,0.0,0.9411764705882353,0.8823529411764706,0.0,0.0,0.0
1369,2007,4,0.5573248407643312,0.0732484076433121,0.5063694267515924,3.6910828025477707,0.0,0.0,0.0,0.0,0.0,0.0,0.0,0.0,0.0,0.12738853503184713,0.041401273885350316,0.0,0.025477707006369428,0.0,0.0,13.990445859872612,0.04777070063694268,2.375796178343949,0.0,11.140127388535031,2.4968152866242037,0.5095541401273885,4.089171974522293,0.0,0.0,0.0031847133757961785,0.0,0.0,0.0,14.780254777070065,2.328025477707006,0.0,0.0,0.07006369426751592,0.0,0.7898089171974523,0.5445859872611465,0.0,0.0732484076433121,0.0
1370,1062,12,0.8403361344537815,0.11764705882352941,0.31092436974789917,5.579831932773109,0.0,0.0,0.0,0.0,0.0,0.0,0.0,0.0,0.0,0.025210084033613446,0.01680672268907563,0.0,0.0,0.0,0.0,11.869747899159664,0.0,2.5588235294117645,0.0,10.046218487394958,2.4327731092436973,0.35294117647058826,4.168067226890757,0.0,0.03361344537815126,0.1638655462184874,0.4411764705882353,0.0,0.0,23.96638655462185,2.8445378151260505,0.0,0.27310924369747897,0.0,0.0,0.7352941176470589,0.5294117647058824,0.0,0.025210084033613446,0.0
1373,1164,11,0.5044642857142857,0.05357142857142857,0.36160714285714285,2.669642857142857,0.0,0.0,0.0,0.53125,0.0,0.0,0.0,0.0,0.0,0.6875,0.23660714285714285,0.0,0.0,0.21875,0.044642857142857144,6.125,0.0,3.3169642857142856,0.0,4.495535714285714,2.1473214285714284,0.8035714285714286,6.21875,0.0,0.0,0.17857142857142858,0.0,0.0,0.0,13.245535714285714,1.8035714285714286,0.0,0.008928571428571428,0.22767857142857142,0.0,0.5044642857142857,0.5892857142857143,0.0,0.044642857142857144,1.4910714285714286
1373,1321,4,0.5232273838630807,0.09290953545232274,0.6112469437652812,3.8117359413202934,0.0,0.0,0.0,0.014669926650366748,0.0,0.0,0.0,0.0,0.0,0.3374083129584352,0.15403422982885084,0.0,0.0,0.10757946210268948,0.0,11.232273838630807,0.0,2.611246943765281,0.0,9.770171149144254,1.119804400977995,0.58679706601467,6.2689486552567235,0.0,0.0,0.08557457212713937,0.0,0.0,0.628361858190709,17.56723716381418,2.332518337408313,0.0,0.589242053789731,0.09290953545232274,0.0,0.6577017114914425,0.5647921760391198,0.0,0.05378973105134474,0.0
1371,1338,4,0.5618556701030928,0.10824742268041238,0.19072164948453607,4.819587628865979,0.0,0.0,0.0,0.0,0.0,0.0,0.12371134020618557,0.0,0.0,0.09278350515463918,0.0979381443298969,0.0,0.0,0.0,0.29381443298969073,11.360824742268042,0.0,1.8350515463917525,0.0,16.829896907216494,3.056701030927835,0.0,3.3917525773195876,0.0,0.0,0.08247422680412371,0.0,0.0,0.0,19.237113402061855,3.0257731958762886,0.0,0.0,0.0,0.015463917525773196,1.1185567010309279,0.6030927835051546,0.0,0.03608247422680412,0.041237113402061855
1372,941,4,0.5919732441471572,0.08361204013377926,0.3110367892976589,4.896321070234114,0.0,0.0,0.0,0.0,0.0,0.0,0.0,0.0,0.0,0.0,0.043478260869565216,0.0,0.0,0.0,0.0,13.933110367892976,0.043478260869565216,2.080267558528428,0.0,18.79933110367893,3.180602006688963,0.0,4.086956521739131,0.0,0.0,1.0535117056856187,0.0,0.0,0.0,20.17391304347826,3.3043478260869565,0.0,0.0,0.0033444816053511705,0.0,1.3177257525083612,0.6053511705685619,0.0,0.023411371237458192,0.0
1373,396,4,0.4327731092436975,0.058823529411764705,1.4621848739495797,2.466386554621849,0.0,0.0,0.0,0.025210084033613446,0.0,0.0,0.0,0.0,0.0,0.0,0.0,0.0,0.0,0.0,0.0,8.991596638655462,0.02100840336134454,2.1218487394957983,0.0,3.764705882352941,0.6596638655462185,0.31932773109243695,5.0210084033613445,0.0,0.0,0.0,0.0,0.0,0.0,10.563025210084033,1.273109243697479,0.0,0.21008403361344538,0.13025210084033614,0.0,0.6386554621848739,0.5126050420168067,0.0,0.029411764705882353,0.0
1374,753,4,0.5280373831775701,0.08878504672897196,0.9439252336448598,3.602803738317757,0.0,0.0,0.0,0.1542056074766355,0.0,0.0,0.0,0.0,0.0,0.24299065420560748,0.08411214953271028,0.0,0.0,0.0794392523364486,0.0,13.074766355140186,0.0,2.4953271028037385,0.0,7.02803738317757,1.5373831775700935,0.07009345794392523,3.6121495327102804,0.0,0.0,0.0,0.5373831775700935,0.0,0.0,14.69626168224299,2.2476635514018692,0.0,0.0,0.14018691588785046,0.0,0.6308411214953271,0.5420560747663551,0.0,0.056074766355140186,0.08878504672897196
1381,1700,7,0.6181818181818182,0.08484848484848485,0.7292929292929293,3.7111111111111112,0.0,0.0,0.0,0.0,0.0,0.0,0.0707070707070707,0.0,0.0,0.45252525252525255,0.08282828282828283,0.0,0.0,0.0,0.2808080808080808,12.987878787878788,0.014141414141414142,2.484848484848485,0.0,8.58989898989899,2.5616161616161617,0.9616161616161616,5.608080808080808,0.0,0.0,0.00404040404040404,0.0,0.0,0.0,14.012121212121212,2.1434343434343432,0.0,0.30707070707070705,0.014141414141414142,0.0,0.6404040404040404,0.5212121212121212,0.0,0.044444444444444446,5.703030303030303
1382,1977,4,0.5314617618586641,0.09970958373668926,0.5111326234269119,4.061955469506293,0.0,0.0,0.0,0.016456921587608905,0.0,0.0,0.10067763794772508,0.0,0.0,0.3727008712487899,0.1181026137463698,0.0,0.0,0.02904162633107454,0.49080348499515974,14.115198451113262,0.060019361084220714,3.270087124878993,0.0,10.73862536302033,1.9215876089060988,0.6234269119070668,6.0251694094869315,0.0,0.0,0.3010648596321394,0.0,0.012584704743465635,0.2787996127783156,18.957405614714425,2.1858664085188773,0.0,0.3659244917715392,0.036786060019361085,0.0,0.7347531461761858,0.6214908034849952,0.0,0.03872216844143272,0.17231364956437561
1370,182,4,0.685546875,0.1142578125,0.94921875,4.248046875,0.0,0.0,0.0,0.0,0.0,0.0,0.0,0.0,0.0,0.0,0.0,0.0,0.0,0.0,0.0,12.6767578125,0.0791015625,3.0009765625,0.0,10.099609375,1.9267578125,0.5830078125,6.1474609375,0.0,0.0810546875,0.24609375,0.0,0.0,0.0,19.033203125,2.087890625,0.0,0.185546875,0.103515625,0.0,0.5732421875,0.646484375,0.0,0.03515625,0.0166015625
1378,1526,4,0.3805309734513274,0.05309734513274336,0.10619469026548672,2.3185840707964602,0.0,0.0,0.0,0.0,0.0,0.0,0.0,0.0,0.0,0.0,0.0,0.0,0.0,0.0,0.0,2.6814159292035398,0.0,1.8761061946902655,0.0,2.2123893805309733,0.9911504424778761,0.0,3.0442477876106193,0.0,0.0,0.0,0.0,0.0,0.0,10.026548672566372,1.1415929203539823,0.0,0.0,0.0,0.0,0.0,0.5309734513274337,0.0,0.05309734513274336,0.0
1375,193,4,0.46530612244897956,0.09591836734693877,0.7326530612244898,4.23469387755102,0.0,0.02040816326530612,0.0,0.0,0.0,0.0,0.0,0.0,0.0,0.24693877551020407,0.06938775510204082,0.0,0.0,0.0163265306122449,0.0,11.46734693877551,0.030612244897959183,2.4653061224489794,0.0,9.036734693877552,1.9836734693877551,0.7755102040816326,5.428571428571429,0.0,0.0,0.4530612244897959,0.0,0.0,0.25918367346938775,17.989795918367346,2.257142857142857,0.0,0.3,0.0,0.0,0.7326530612244898,0.6938775510204082,0.0,0.026530612244897958,0.12448979591836734
1373,1180,4,0.504424778761062,0.0752212389380531,0.5265486725663717,1.920353982300885,0.0,0.0,0.0,0.0,0.0,0.0,0.0,0.0,0.0,0.0,0.0,0.0,0.0,0.0,0.0,2.8053097345132745,0.0,2.1238938053097347,0.0,1.7035398230088497,0.8982300884955752,0.18141592920353983,4.721238938053097,0.0,0.0,0.0,0.0,0.0,0.0,10.004424778761061,1.0442477876106195,0.0,0.0,0.0,0.0,0.05752212389380531,0.5088495575221239,0.0,0.017699115044247787,0.0
1380,1609,4,0.5583333333333333,0.1,0.7416666666666667,4.475,0.0,0.0,0.0,0.025,0.0,0.0,0.0,0.0,0.0,0.20416666666666666,0.008333333333333333,0.0,0.0,0.0,0.0,11.608333333333333,0.0,2.7083333333333335,0.0,12.225,1.1708333333333334,0.6416666666666667,6.329166666666667,0.0,0.0,0.16666666666666666,0.0,0.0,0.0,20.0625,2.9375,0.0,0.9208333333333333,0.21666666666666667,0.0,0.8458333333333333,0.75,0.0,0.07083333333333333,0.0
1376,360,12,0.5400516795865633,0.06330749354005168,1.2545219638242895,3.7713178294573644,0.0,0.0,0.0,0.0,0.0,0.0,0.0,0.0,0.0,0.037467700258397935,0.0,0.0,0.0,0.0,0.0,12.710594315245478,0.12919896640826872,2.558139534883721,0.0,8.108527131782946,1.3682170542635659,0.8333333333333334,6.052971576227391,0.0,0.0,0.5813953488372093,0.0,0.0,0.0,16.614987080103358,1.8746770025839794,0.0,0.6408268733850129,0.14987080103359174,0.0,0.6111111111111112,0.6459948320413437,0.0,0.0710594315245478,0.7312661498708011
1378,1376,7,0.5614849187935035,0.07424593967517401,0.18097447795823665,2.2436194895591646,0.08816705336426914,0.6751740139211136,0.0,0.5614849187935035,0.0,0.0,0.1368909512761021,0.0,0.18329466357308585,1.5614849187935034,0.7865429234338747,0.0,0.05336426914153132,0.23433874709976799,0.15777262180974477,6.139211136890951,0.0,3.5684454756380513,0.0,3.039443155452436,0.9373549883990719,4.877030162412993,4.851508120649652,1.5522041763341068,0.0,0.0,0.0,0.0,0.0,10.361948955916473,1.234338747099768,0.0,0.0,0.0,0.018561484918793503,1.8584686774941996,0.4385150812064965,0.0,0.10672853828306264,8.730858468677495
1376,1394,11,0.5125628140703518,0.09296482412060302,1.170854271356784,3.7889447236180906,0.0,0.0,0.0,0.22110552763819097,0.0,0.0,0.3944723618090452,0.0,0.020100502512562814,1.763819095477387,0.8366834170854272,0.0,0.1658291457286432,0.09798994974874371,0.7939698492462312,13.71356783919598,0.05527638190954774,2.1557788944723617,0.0,7.761306532663316,2.248743718592965,0.9824120603015075,7.592964824120603,0.0,0.0,0.16080402010050251,0.002512562814070352,0.0,0.15577889447236182,15.758793969849247,1.7663316582914572,0.0,0.11055276381909548,0.01256281407035176,0.11809045226130653,0.5251256281407035,0.6080402010050251,0.0,0.08040201005025126,9.160804020100503
1380,566,12,0.548469387755102,0.1377551020408163,0.6147959183673469,4.622448979591836,0.0,0.0,0.0,0.35714285714285715,0.0,0.0,0.007653061224489796,0.0,0.05357142857142857,0.9183673469387755,0.23979591836734693,0.0,0.4744897959183674,0.2576530612244898,0.04591836734693878,13.872448979591837,0.0,1.9744897959183674,0.0,6.535714285714286,3.0306122448979593,0.7627551020408163,4.76530612244898,0.0,0.0,0.21428571428571427,0.0,0.0,0.798469387755102,19.033163265306122,2.686224489795918,0.0,0.0,0.02806122448979592,0.0,0.5,0.6352040816326531,0.0,0.07653061224489796,8.46938775510204
1382,222,4,0.5265151515151515,0.06060606060606061,0.38636363636363635,3.1875,0.017045454545454544,0.003787878787878788,0.0,0.6742424242424242,0.0,0.0,0.045454545454545456,0.05113636363636364,0.0,0.5776515151515151,0.36174242424242425,0.058712121212121215,0.07765151515151515,0.13257575757575757,0.026515151515151516,10.87310606060606,0.0,4.15530303030303,0.0,11.990530303030303,3.231060606060606,0.42045454545454547,5.168560606060606,0.0,0.0,0.12310606060606061,0.0,0.0,0.0,12.458333333333334,1.7007575757575757,0.0,0.7064393939393939,0.03409090909090909,0.0,1.0056818181818181,0.4962121212121212,0.10606060606060606,0.04734848484848485,4.895833333333333
1389,1355,4,0.6173020527859238,0.07771260997067449,0.5806451612903226,2.6730205278592374,0.0,0.0,0.0,0.0,0.0,0.0,0.0,0.0,0.0,0.10850439882697947,0.0,0.0,0.0,0.0,0.0,8.161290322580646,0.0,2.8284457478005867,0.0,5.548387096774194,1.501466275659824,0.16862170087976538,5.045454545454546,0.0,0.0,0.0,0.0,0.0,0.0,11.639296187683284,1.6480938416422288,0.0,0.002932551319648094,0.08064516129032258,0.0,0.3548387096774194,0.47653958944281527,0.0,0.02932551319648094,0.0
1377,1725,7,0.5370370370370371,0.09694989106753812,0.7233115468409586,4.735294117647059,0.0,0.011982570806100218,0.0,0.0,0.0,0.0,0.02287581699346405,0.0,0.0,0.19934640522875818,0.0784313725490196,0.0,0.0,0.0,0.08169934640522876,15.30718954248366,0.02832244008714597,2.3017429193899783,0.0,11.297385620915033,2.7962962962962963,0.16122004357298475,4.507625272331155,0.0,0.0,0.08714596949891068,0.41721132897603486,0.0,0.0,20.278867102396514,3.110021786492375,0.0,0.08714596949891068,0.06318082788671024,0.0,0.809368191721133,0.5980392156862745,0.0,0.05337690631808279,0.3213507625272331
1392,1890,4,0.47257383966244726,0.09282700421940929,0.48945147679324896,2.9957805907172994,0.0,0.0,0.0,0.0,0.0,0.0,0.20675105485232068,0.0,0.0,0.679324894514768,0.11814345991561181,0.0,0.0,0.0,0.5949367088607594,6.248945147679325,0.0,2.320675105485232,0.0,4.341772151898734,1.1012658227848102,0.0759493670886076,4.156118143459915,0.0,0.0,0.22362869198312235,0.0,0.20675105485232068,0.0,15.354430379746836,1.2236286919831223,0.0,0.004219409282700422,0.0,0.0,0.2869198312236287,0.5991561181434599,0.7805907172995781,0.02109704641350211,14.160337552742616
1382,1452,4,0.6473175021987687,0.08970976253298153,0.5716798592788038,4.384344766930519,0.0,0.0,0.0,0.0,0.0,0.0,0.016710642040457344,0.0,0.012313104661389622,0.07299912049252419,0.005277044854881266,0.0,0.0,0.0,0.0,6.113456464379947,0.01759014951627089,2.911169744942832,0.0,3.4881266490765173,1.7440633245382586,0.2928759894459103,3.27792436235708,0.0,0.051011433597185574,0.1468777484608619,0.051011433597185574,0.0,0.0,21.388742304309588,2.7097625329815305,0.0,0.0,0.025505716798592787,0.0,0.16094986807387862,0.635004397537379,0.0,0.0316622691292876,0.014072119613016711
1385,1764,4,0.7538126361655774,0.0457516339869281,0.7930283224400871,2.4161220043572986,0.0,0.0,0.0,0.0,0.0,0.0,0.06753812636165578,0.0,0.010893246187363835,0.30501089324618735,0.10021786492374728,0.0,0.0,0.0,0.0,2.2549019607843137,0.0784313725490196,1.9586056644880174,0.0,1.908496732026144,0.49455337690631807,0.4357298474945534,10.01525054466231,0.0,0.0,0.8148148148148148,0.0,0.008714596949891068,0.0,13.753812636165577,1.3986928104575163,0.0,0.6405228758169934,0.12854030501089325,0.09586056644880174,0.013071895424836602,0.5708061002178649,0.0,0.023965141612200435,0.0
1393,878,4,0.6380090497737556,0.07993966817496229,1.7812971342383108,3.479638009049774,0.0,0.0,0.0,0.004524886877828055,0.0,0.0,0.07390648567119155,0.0,0.03619909502262444,0.23529411764705882,0.08144796380090498,0.0,0.0,0.0,0.030165912518853696,11.242835595776771,0.20060331825037708,3.2895927601809953,0.0,11.687782805429864,1.5490196078431373,0.30618401206636503,7.886877828054299,0.08144796380090498,0.6440422322775264,0.7571644042232277,0.0,0.0,0.0,17.155354449472096,1.7058823529411764,0.0,0.6666666666666666,0.03770739064856712,0.024132730015082957,0.832579185520362,0.6953242835595776,0.0,0.0693815987933635,0.521870286576169
1401,1159,4,0.6070234113712375,0.10618729096989966,0.6061872909698997,4.269230769230769,0.0,0.0,0.0,0.08193979933110368,0.0,0.026755852842809364,0.010033444816053512,0.0,0.016722408026755852,0.225752508361204,0.06438127090301003,0.0,0.0,0.0,0.0,13.310200668896321,0.027591973244147156,3.339464882943144,0.0,8.246655518394649,3.0133779264214047,0.2140468227424749,3.1839464882943145,0.0,0.0,0.023411371237458192,0.21237458193979933,0.0,0.0,16.640468227424748,2.741638795986622,0.0,0.07023411371237458,0.038461538461538464,0.005016722408026756,0.6906354515050167,0.5811036789297659,0.0,0.034280936454849496,0.03177257525083612
1388,173,4,0.5486348122866894,0.08873720136518772,0.4812286689419795,4.9189419795221845,0.0,0.0,0.0,0.023890784982935155,0.0,0.0,0.0,0.0,0.0,0.12627986348122866,0.06911262798634812,0.0,0.0,0.023890784982935155,0.00938566552901024,14.220136518771332,0.004266211604095563,2.2866894197952217,0.0,10.871160409556314,3.832764505119454,0.1689419795221843,3.0972696245733786,0.0,0.0,0.042662116040955635,0.35665529010238906,0.0,0.013651877133105802,20.761092150170647,3.5810580204778155,0.0,0.09982935153583618,0.041808873720136516,0.0,0.7474402730375427,0.5819112627986348,0.0,0.04607508532423208,0.09726962457337884
1388,518,4,0.47128129602356406,0.08100147275405008,0.3475699558173785,2.96759941089838,0.0,0.0,0.0,0.0,0.0,0.0,0.0,0.0,0.0,0.0,0.0,0.0,0.0,0.0,0.0,11.40500736377025,0.0029455081001472753,2.42120765832106,0.0,8.08100147275405,1.5670103092783505,0.11782032400589101,3.540500736377025,0.0,0.0,0.0,0.0,0.0,0.0,12.363770250368189,1.817378497790869,0.0,0.06921944035346098,0.0,0.0,0.5758468335787923,0.47128129602356406,0.0,0.014727540500736377,0.0
1388,980,4,0.46716697936210133,0.07129455909943715,0.7936210131332082,2.7373358348968106,0.0,0.0,0.0,0.0375234521575985,0.0,0.0,0.00375234521575985,0.0,0.0,0.06191369606003752,0.024390243902439025,0.0,0.0,0.0,0.013133208255159476,5.056285178236398,0.0,2.106941838649156,0.0,3.399624765478424,1.0881801125703565,0.1651031894934334,4.039399624765478,0.0,0.0,0.009380863039399626,0.0,0.0,0.0,11.908067542213884,1.774859287054409,0.0,0.11444652908067542,0.08067542213883677,0.0,0.15572232645403378,0.4878048780487805,0.0,0.0225140712945591,0.0
1388,330,15,0.4461942257217848,0.10236220472440945,0.8713910761154856,3.152230971128609,0.0,0.0026246719160104987,0.0,0.05249343832020997,0.0,0.0,0.0,0.0,0.0,0.09448818897637795,0.005249343832020997,0.0,0.0,0.3123359580052493,0.0,12.58005249343832,0.0,2.2230971128608923,0.0,2.6509186351706036,1.4855643044619422,0.30183727034120733,6.364829396325459,0.0,0.0,0.047244094488188976,0.0,0.0,0.0,13.855643044619423,1.952755905511811,0.0,0.023622047244094488,0.17585301837270342,0.0,0.11023622047244094,0.5958005249343832,0.0,0.023622047244094488,0.16272965879265092
1390,702,12,0.4653679653679654,0.06277056277056277,0.683982683982684,2.1471861471861473,0.0,0.20995670995670995,0.0,0.7662337662337663,0.0,0.0,0.0,0.0,0.010822510822510822,0.6991341991341992,0.19264069264069264,0.0,0.0,0.0,0.012987012987012988,3.9761904761904763,0.0,2.2662337662337664,0.0,2.5303030303030303,1.2207792207792207,0.7445887445887446,5.694805194805195,0.10173160173160173,0.0,0.0,0.0,0.0,0.0,10.35064935064935,1.326839826839827,0.0,0.0,0.18614718614718614,0.0,0.23593073593073594,0.46320346320346323,0.0,0.03896103896103896,0.049783549783549784
1393,997,4,0.6141304347826086,0.09510869565217392,0.12092391304347826,3.3355978260869565,0.0,0.18614130434782608,0.0,0.40896739130434784,0.0,0.0,0.0,0.0,0.001358695652173913,1.0271739130434783,0.36141304347826086,0.0,0.0,0.563858695652174,0.059782608695652176,8.297554347826088,0.0,11.379076086956522,0.0,10.10461956521739,3.1127717391304346,0.7282608695652174,5.650815217391305,0.09103260869565218,0.0,0.07744565217391304,0.0,0.0,0.08288043478260869,14.129076086956522,2.2010869565217392,0.0,0.11413043478260869,0.19293478260869565,0.0,0.9809782608695652,0.5516304347826086,0.0,0.06657608695652174,5.438858695652174
1389,1471,7,0.4548440065681445,0.060755336617405585,0.8522167487684729,3.38752052545156,0.0,0.0,0.0,0.019704433497536946,0.0,0.0,0.0,0.0,0.0,0.03776683087027915,0.0,0.0,0.0,0.0016420361247947454,0.0,8.15927750410509,0.0,2.077175697865353,0.0,4.200328407224959,1.6174055829228242,0.2512315270935961,6.517241379310345,0.0,0.0,0.04597701149425287,0.0,0.0,0.0,14.440065681444992,2.2167487684729066,0.0,0.19704433497536947,0.1297208538587849,0.0,0.2561576354679803,0.5829228243021346,0.0,0.022988505747126436,0.0
1397,302,4,0.5024232633279483,0.09693053311793215,0.7689822294022617,4.3715670436187395,0.0,0.0,0.0,0.6090468497576736,0.0,0.0,0.3877221324717286,0.0,0.1825525040387722,2.048465266558966,0.6768982229402262,0.0,0.0,0.0,0.8045234248788369,11.536348949919224,0.046849757673667204,2.4135702746365104,0.0,3.379644588045234,3.0613893376413572,0.4410339256865913,8.390953150242327,0.0,0.0,0.40064620355411956,0.0,0.17932148626817448,0.0,19.365105008077546,2.470113085621971,0.0,0.3376413570274637,0.022617124394184167,0.004846526655896607,0.3505654281098546,0.6720516962843296,0.0,0.09854604200323101,3.6688206785137316
1383,465,4,0.5268656716417911,0.07462686567164178,0.5149253731343284,2.426865671641791,0.0,0.011194029850746268,0.0,0.027611940298507463,0.0,0.0,0.0,0.0,0.0,0.08059701492537313,0.0037313432835820895,0.0,0.0,0.0,0.0,12.036567164179104,0.0029850746268656717,2.7850746268656716,0.0,8.686567164179104,0.991044776119403,0.057462686567164176,3.6970149253731344,0.0,0.0,0.0,0.0,0.0,0.0,9.985074626865671,1.2626865671641792,0.0,0.0052238805970149255,0.029104477611940297,0.0,0.5395522388059701,0.491044776119403,0.0,0.033582089552238806,0.0
1391,926,4,0.43283582089552236,0.029850746268656716,0.6417910447761194,2.557213930348259,0.0,0.0,0.0,0.0,0.0,0.0,0.0,0.0,0.0,0.014925373134328358,0.0,0.0,0.0,0.0,0.0,3.0646766169154227,0.04975124378109453,1.6616915422885572,0.0,2.845771144278607,0.8407960199004975,0.14925373134328357,6.621890547263682,0.0,0.0,0.0,0.0,0.0,0.0,10.472636815920398,1.507462686567164,0.0,0.05970149253731343,0.3034825870646766,0.0,0.0,0.5671641791044776,0.0,0.04477611940298507,0.0
1382,1812,4,0.49206349206349204,0.0757020757020757,1.398046398046398,3.5653235653235655,0.0,0.0,0.0,0.12087912087912088,0.0,0.0,0.0,0.0,0.0,0.44078144078144077,0.04884004884004884,0.0,0.0,0.0,0.0,12.239316239316238,0.031746031746031744,2.122100122100122,0.0,8.902319902319903,1.9963369963369964,0.4358974358974359,5.8901098901098905,0.0,0.0,0.03540903540903541,0.0,0.0,0.08669108669108669,14.86935286935287,2.2051282051282053,0.0,0.32112332112332115,0.05372405372405373,0.0,0.724053724053724,0.5677655677655677,0.0,0.05860805860805861,0.045177045177045176
1392,413,12,0.6149068322981367,0.14906832298136646,0.84472049689441,4.267080745341615,0.0,0.0,0.0,0.0,0.0,0.0,0.037267080745341616,0.0,0.0,0.32298136645962733,0.09316770186335403,0.0,0.0,0.0,0.2795031055900621,12.987577639751553,0.07453416149068323,3.2732919254658386,0.0,11.049689440993788,3.229813664596273,0.32298136645962733,6.304347826086956,0.0,0.0,0.38509316770186336,0.0,0.0,0.0,19.347826086956523,2.2236024844720497,0.0,0.4720496894409938,0.0,0.0,0.7763975155279503,1.4285714285714286,0.0,0.037267080745341616,2.3664596273291925
1383,499,4,0.4870967741935484,0.06774193548387097,0.13870967741935483,3.0193548387096776,0.0,0.0,0.0,0.646774193548387,0.0,0.035483870967741936,0.0,0.0,0.0,1.0290322580645161,0.3967741935483871,0.0,0.0,0.24193548387096775,0.04032258064516129,10.119354838709677,0.0,4.490322580645161,0.0,7.691935483870968,2.411290322580645,0.16129032258064516,4.317741935483871,0.0,0.0,0.0,0.0064516129032258064,0.0,0.0,11.798387096774194,1.5274193548387096,0.0,0.0,0.06612903225806452,0.0,0.8451612903225807,0.5064516129032258,0.0,0.05161290322580645,8.638709677419355
1382,585,12,0.5078740157480315,0.07480314960629922,0.9763779527559056,2.559055118110236,0.0,0.0,0.0,0.0,0.0,0.0,0.0,0.0,0.0,0.031496062992125984,0.0,0.0,0.0,0.0,0.0,4.4921259842519685,0.0,2.405511811023622,0.0,2.7283464566929134,0.7322834645669292,0.031496062992125984,5.102362204724409,0.0,0.0,0.5354330708661418,0.0,0.0,0.0,11.208661417322835,1.4409448818897639,0.0,0.1732283464566929,0.0,0.0,0.03937007874015748,0.5669291338582677,0.0,0.011811023622047244,0.0
1381,626,7,0.5779816513761468,0.06422018348623854,0.03669724770642202,2.0642201834862384,0.0,0.0,0.0,0.5688073394495413,0.0,0.0,0.0,0.0,0.0,1.036697247706422,0.5412844036697247,0.0,0.25688073394495414,0.6055045871559633,0.06422018348623854,5.3119266055045875,0.0,3.669724770642202,0.0,1.1743119266055047,0.42201834862385323,0.9357798165137615,4.669724770642202,0.10091743119266056,0.0,0.0,0.0,0.0,0.0,8.477064220183486,0.8440366972477065,0.0,0.1559633027522936,0.27522935779816515,0.0,0.5229357798165137,0.45871559633027525,0.0,0.045871559633027525,4.302752293577981
1383,899,4,0.6178861788617886,0.07317073170731707,0.13821138211382114,1.3821138211382114,0.0,0.18699186991869918,0.0,0.4146341463414634,0.0,0.0,0.0,0.0,0.0,1.2113821138211383,0.2682926829268293,0.0,0.0,0.4796747967479675,0.6341463414634146,6.544715447154472,0.0,3.4227642276422765,0.0,3.869918699186992,0.45528455284552843,0.8130081300813008,6.7560975609756095,0.0,0.0,0.0,0.0,0.0,0.0,8.682926829268293,0.7560975609756098,0.0,0.0,0.5203252032520326,0.0,0.24390243902439024,0.5772357723577236,0.0,0.11382113821138211,9.951219512195122
1389,1017,4,0.59375,0.0875,0.70625,4.7375,0.0,0.0,0.0,0.00625,0.0,0.0,0.0,0.0,0.0,0.38125,0.15625,0.0,0.80625,0.0,0.0,14.75625,0.03125,1.93125,0.0,8.65625,3.525,2.09375,4.25,0.0,0.0,0.41875,0.29375,0.0,0.0,18.49375,3.25,0.0,0.0,0.06875,0.0,0.65,0.45625,0.0,0.04375,3.575
1394,1542,4,0.431924882629108,0.051643192488262914,0.5187793427230047,3.4812206572769955,0.0,0.0,0.0,0.007042253521126761,0.0,0.0,0.0,0.0,0.0,0.03286384976525822,0.0,0.0,0.0,0.0,0.0,10.31924882629108,0.0,2.443661971830986,0.0,7.403755868544601,1.0328638497652582,0.17370892018779344,4.21830985915493,0.0,0.0,0.0,0.0,0.0,0.0,15.030516431924882,2.3661971830985915,0.0,0.03755868544600939,0.0,0.0,0.5446009389671361,0.6291079812206573,0.0,0.025821596244131457,0.0
1384,1794,7,0.4851351351351351,0.10810810810810811,0.7756756756756756,4.390540540540541,0.0,0.0,0.0,0.0,0.0,0.0,0.0,0.0,0.0,0.002702702702702703,0.0,0.0,0.0,0.0,0.0,12.564864864864864,0.002702702702702703,2.212162162162162,0.0,9.489189189189188,1.9432432432432432,0.518918918918919,6.286486486486487,0.0,0.09324324324324325,0.45135135135135135,0.0,0.0,0.0,18.53108108108108,2.454054054054054,0.0,0.22837837837837838,0.032432432432432434,0.0,0.6567567567567567,0.6324324324324324,0.0,0.031081081081081083,0.1864864864864865
1384,2003,4,0.5895691609977324,0.08616780045351474,0.2199546485260771,4.970521541950113,0.0,0.0,0.0,0.0,0.0,0.0,0.3219954648526077,0.0,0.0,0.6507936507936508,0.3877551020408163,0.0,0.0,0.0,0.5487528344671202,10.18140589569161,0.006802721088435374,2.049886621315193,0.0,17.650793650793652,7.201814058956916,0.015873015873015872,2.5510204081632653,0.0,0.0,0.09070294784580499,0.0,0.0,0.0,22.546485260770975,3.1519274376417235,0.0,0.2585034013605442,0.0,0.0,1.0045351473922903,0.562358276643991,0.0,0.05442176870748299,0.0
1382,2016,8,0.68,0.08,0.696,3.632,0.0,0.0,0.0,0.0,0.0,0.0,0.0,0.0,0.0,0.076,0.028,0.0,0.0,0.0,0.0,8.12,0.04,3.288,0.0,5.236,0.656,0.668,8.04,0.0,0.0,0.064,0.0,0.0,0.0,15.4,1.452,0.0,0.168,0.008,0.0,0.32,0.54,0.0,0.036,0.0
1382,95,2,0.7575757575757576,0.16666666666666666,0.9545454545454546,4.393939393939394,0.0,0.0,0.0,0.0,0.0,0.0,0.3787878787878788,0.0,0.0,0.803030303030303,0.6666666666666666,0.0,0.0,0.0,0.0,11.969696969696969,0.0,3.242424242424242,0.0,6.090909090909091,2.515151515151515,0.8181818181818182,7.606060606060606,0.0,0.0,0.19696969696969696,0.0,0.0,0.0,18.015151515151516,1.9545454545454546,0.0,0.696969696969697,0.0,0.0,0.5151515151515151,0.7424242424242424,0.0,0.06060606060606061,0.0
1389,1061,7,0.5409836065573771,0.08196721311475409,1.3032786885245902,1.9836065573770492,0.0,0.0,0.0,0.0,0.0,0.0,0.0,0.36885245901639346,0.0,0.0,0.0,0.0,0.0,0.0,0.0,6.959016393442623,0.0,0.860655737704918,0.0,1.3114754098360655,0.36065573770491804,0.0,4.5,0.0,0.0,0.0,0.0,0.0,0.0,8.762295081967213,0.5983606557377049,0.0,0.0,0.0,0.0,0.05737704918032787,0.36065573770491804,1.3852459016393444,0.00819672131147541,12.073770491803279
1383,548,4,0.4492753623188406,0.11594202898550725,0.2525879917184265,4.753623188405797,0.014492753623188406,0.10144927536231885,0.0,0.41821946169772256,0.0,0.0,0.17184265010351968,0.0,0.0,1.5175983436853002,0.5838509316770186,0.0,0.0,0.17184265010351968,0.40372670807453415,14.70807453416149,0.0,3.0269151138716355,0.0,11.010351966873706,1.639751552795031,0.8674948240165632,6.917184265010352,0.026915113871635612,0.0,0.028985507246376812,0.0,0.0,0.0,18.074534161490682,2.5238095238095237,0.0,0.0,0.18426501035196688,0.0,0.6728778467908902,0.5859213250517599,0.0,0.060041407867494824,0.22153209109730848
1387,1034,4,0.6884057971014492,0.10144927536231885,0.42028985507246375,4.521739130434782,0.0,0.0,0.0,0.18115942028985507,0.0,0.0,0.07246376811594203,0.21014492753623187,0.0,0.4927536231884058,0.2753623188405797,0.0,0.0,0.18840579710144928,0.0,19.347826086956523,0.0,2.449275362318841,0.0,18.5,5.384057971014493,0.0,5.2898550724637685,0.0,0.0,0.2318840579710145,0.0,0.0,0.0,17.44927536231884,2.4782608695652173,0.0,0.30434782608695654,0.0,0.0,1.2246376811594204,0.5144927536231884,1.855072463768116,0.09420289855072464,14.108695652173912
1392,1822,4,0.47345132743362833,0.061946902654867256,0.22566371681415928,2.9292035398230087,0.0,0.0,0.0,0.09734513274336283,0.0,0.0,0.0,0.0,0.0,0.2920353982300885,0.048672566371681415,0.0,0.0,0.0,0.0,8.336283185840708,0.0,2.6548672566371683,0.0,7.349557522123894,0.8716814159292036,0.5486725663716814,4.115044247787611,0.0,0.0,0.0,0.0,0.0,0.0,14.053097345132743,1.9469026548672566,0.0,0.0,0.0,0.0,0.4690265486725664,0.5221238938053098,0.0,0.08849557522123894,0.0
1392,435,4,0.5432098765432098,0.05864197530864197,0.9382716049382716,4.027777777777778,0.0,0.0,0.0,0.0,0.0,0.0,0.0,0.0,0.0,0.012345679012345678,0.0,0.0,0.0,0.0,0.0,13.0,0.0,3.2777777777777777,0.0,10.691358024691358,1.9876543209876543,0.15432098765432098,4.743827160493828,0.0,0.0,0.5648148148148148,0.0,0.0,0.0,17.367283950617285,2.1882716049382718,0.0,0.4691358024691358,0.043209876543209874,0.0,0.6882716049382716,0.6358024691358025,0.0,0.05555555555555555,0.0
1395,452,4,0.44505494505494503,0.06043956043956044,0.5631868131868132,2.980769230769231,0.0,0.0,0.0,0.08791208791208792,0.0,0.01098901098901099,0.0,0.0,0.0,0.3489010989010989,0.12912087912087913,0.0,0.0,0.008241758241758242,0.013736263736263736,11.884615384615385,0.0,2.291208791208791,0.0,8.192307692307692,1.9505494505494505,0.14285714285714285,4.631868131868132,0.0,0.0,0.02197802197802198,0.0,0.0,0.0,11.445054945054945,1.6428571428571428,0.0,0.0,0.0,0.0,0.510989010989011,0.44505494505494503,0.0,0.04945054945054945,0.0
1389,657,4,0.461864406779661,0.09533898305084745,0.6038135593220338,3.2711864406779663,0.0,0.0,0.0,0.0,0.0,0.0,0.0,0.0,0.0,0.014830508474576272,0.0,0.0,0.0,0.0,0.0,12.629237288135593,0.036016949152542374,2.11228813559322,0.0,9.205508474576272,2.1822033898305087,0.06567796610169492,4.514830508474576,0.0,0.0,0.0,0.0,0.0,0.0,12.741525423728813,2.1652542372881354,0.0,0.15677966101694915,0.0423728813559322,0.0,0.5635593220338984,0.548728813559322,0.0,0.0211864406779661,0.0
1393,1318,4,0.5669781931464174,0.1277258566978193,0.0,3.392523364485981,0.0,0.03115264797507788,0.0,0.16199376947040497,0.0,0.0,0.018691588785046728,0.0,0.037383177570093455,0.43302180685358255,0.17445482866043613,0.0,0.0,0.11526479750778816,0.03115264797507788,14.0,0.0,2.3146417445482865,0.0,10.376947040498443,3.1869158878504673,0.4517133956386293,3.5109034267912773,0.0,0.0,0.0,0.0,0.09345794392523364,0.0,14.73208722741433,2.32398753894081,0.0,0.4766355140186916,0.021806853582554516,0.0,0.7476635514018691,0.5482866043613707,0.0,0.04361370716510903,3.5950155763239877
1390,595,12,0.5608308605341247,0.08902077151335312,0.8427299703264095,4.29673590504451,0.0,0.0,0.0,0.0,0.0,0.0,0.017804154302670624,0.0,0.0,0.03560830860534125,0.0,0.0,0.0,0.0,0.0712166172106825,14.756676557863502,0.05341246290801187,1.8545994065281899,0.0,13.172106824925816,2.394658753709199,0.16913946587537093,7.5222551928783385,0.0,0.0,0.18100890207715134,0.0,0.0,0.0,18.077151335311573,2.4124629080118694,0.0,0.3798219584569733,0.0,0.0,0.7418397626112759,0.5341246290801187,0.0,0.032640949554896145,0.3798219584569733
1393,1129,12,0.5229357798165137,0.06422018348623854,0.15137614678899083,2.334862385321101,0.0,0.2018348623853211,0.0,1.5871559633027523,0.0,0.0,0.0,0.0,0.0,1.9311926605504588,0.5963302752293578,0.0,0.0779816513761468,2.1009174311926606,0.18807339449541285,9.389908256880734,0.0,3.7660550458715596,0.0,2.0642201834862384,0.8440366972477065,0.5321100917431193,6.486238532110092,0.555045871559633,0.0,0.0,0.0,0.0,0.0,9.440366972477063,0.8715596330275229,0.0,0.05504587155963303,0.24770642201834864,0.0,0.7064220183486238,0.573394495412844,0.0,0.0963302752293578,4.298165137614679
1398,1864,4,0.5289256198347108,0.09090909090909091,0.1384297520661157,3.9731404958677685,0.0,0.0,0.0,0.7706611570247934,0.0,0.0,0.0,0.0,0.0,0.8842975206611571,0.3884297520661157,0.0,0.0,0.5578512396694215,0.03925619834710744,12.438016528925619,0.0,2.520661157024793,0.0,10.809917355371901,4.398760330578512,0.18181818181818182,4.332644628099174,0.0,0.0,0.006198347107438017,0.0,0.0,0.0,17.818181818181817,2.605371900826446,0.0,0.008264462809917356,0.026859504132231406,0.0,0.9586776859504132,0.6157024793388429,0.0,0.05165289256198347,5.836776859504132
1400,255,4,0.6029593094944513,0.1060419235511714,0.5400739827373613,4.212083847102343,0.0,0.0,0.0,0.0,0.0,0.0,0.0,0.0,0.0,0.055487053020961775,0.0,0.0,0.0,0.0,0.0,10.299630086313194,0.0,3.9186189889025895,0.0,11.872996300863132,2.3551171393341552,0.18865598027127004,3.5548705302096177,0.0,0.0752157829839704,0.19852034525277434,0.0,0.0,0.0,20.48951911220715,2.5400739827373613,0.0,0.06658446362515413,0.008631319358816275,0.0,0.8027127003699137,0.7533908754623921,0.0,0.036991368680641186,0.0
1396,487,4,0.5388046387154326,0.08296164139161463,0.5771632471008028,3.064228367528992,0.0,0.0,0.0,0.0,0.0,0.0,0.026761819803746655,0.0,0.0,0.16592328278322926,0.031222123104371096,0.0,0.0,0.0,0.043710972346119537,11.565566458519179,0.0053523639607493305,2.36128456735058,0.0,6.385370205173952,1.7743086529884031,0.2711864406779661,5.55842997323818,0.025869759143621766,0.0,0.15254237288135594,0.06155218554861731,0.0,0.0,12.437109723461194,1.8108831400535237,0.0,0.01159678858162355,0.0463871543264942,0.0,0.5236396074933095,0.47992863514719003,0.0,0.05352363960749331,0.8501338090990187
1401,852,4,0.47117794486215536,0.06516290726817042,0.7343358395989975,2.754385964912281,0.0,0.0,0.0,0.0,0.0,0.0,0.0,0.0,0.0,0.15037593984962405,0.0,0.0,0.0,0.0,0.0,11.19548872180451,0.0,1.8295739348370927,0.0,4.56390977443609,2.408521303258145,0.09273182957393483,3.711779448621554,0.0,0.0,0.08771929824561403,0.0,0.0,0.0,11.701754385964913,1.7343358395989974,0.0,0.08270676691729323,0.03508771929824561,0.0,0.3483709273182957,0.42606516290726815,0.0,0.020050125313283207,0.0
1402,1299,4,0.6347708894878706,0.057951482479784364,0.6792452830188679,3.013477088948787,0.0,0.0,0.0,0.10107816711590296,0.0,0.0,0.07277628032345014,0.0,0.09029649595687332,0.3638814016172507,0.13881401617250674,0.0,0.0,0.0,0.0,7.464959568733153,0.018867924528301886,2.4056603773584904,0.0,5.95822102425876,1.5835579514824798,0.4029649595687331,4.448787061994609,0.0,0.0,0.0215633423180593,0.0,0.0,0.0,13.269541778975741,2.1091644204851754,0.0,0.07547169811320754,0.15363881401617252,0.0431266846361186,0.33557951482479786,0.6024258760107817,0.0,0.03773584905660377,0.1738544474393531
1393,1334,4,0.550561797752809,0.09113607990012484,0.6329588014981273,4.903870162297129,0.0,0.0,0.0,0.0,0.0,0.0,0.006242197253433208,0.0,0.0,0.04744069912609238,0.0,0.0,0.0,0.0,0.052434456928838954,14.575530586766542,0.011235955056179775,2.1797752808988764,0.0,11.377028714107366,3.0149812734082397,0.039950062421972535,2.9912609238451937,0.0,0.0,0.14481897627965043,0.299625468164794,0.0,0.0,20.471910112359552,3.244694132334582,0.0,0.1735330836454432,0.0,0.0,0.7265917602996255,0.6229712858926342,0.0,0.05493133583021224,0.05368289637952559
1397,34,4,0.5410447761194029,0.05970149253731343,0.373134328358209,4.425373134328358,0.0,0.0,0.0,0.0,0.0,0.0,0.0,0.0,0.0,0.0,0.0,0.0,0.0,0.0,0.0,13.955223880597014,0.007462686567164179,1.6380597014925373,0.0,12.902985074626866,2.171641791044776,0.05223880597014925,5.947761194029851,0.0,0.0,0.2126865671641791,0.007462686567164179,0.0,0.0,18.436567164179106,2.8358208955223883,0.0,0.31343283582089554,0.0037313432835820895,0.0,0.9253731343283582,0.6082089552238806,0.0,0.014925373134328358,0.0
1395,726,3,0.5294117647058824,0.07612456747404844,0.9134948096885813,2.737024221453287,0.0,0.0,0.0,0.020761245674740483,0.0,0.0,0.0,0.0,0.0,0.0,0.0,0.0,0.0,0.0,0.0,12.408304498269896,0.0,1.9792387543252594,0.0,4.844290657439446,0.8200692041522492,0.11072664359861592,5.567474048442906,0.0,0.0,0.08996539792387544,0.0,0.0,0.0,10.494809688581315,1.3494809688581315,0.0,0.11072664359861592,0.07958477508650519,0.0,0.3494809688581315,0.4186851211072664,0.0,0.02422145328719723,0.0
1390,1176,7,0.5535714285714286,0.061224489795918366,0.3112244897959184,3.395408163265306,0.0,0.03826530612244898,0.0,0.05357142857142857,0.0,0.0,0.0,0.0,0.0,0.673469387755102,0.030612244897959183,0.0,0.0,0.04081632653061224,0.05357142857142857,7.4311224489795915,0.0,2.982142857142857,0.0,4.739795918367347,1.8954081632653061,2.788265306122449,5.344387755102041,0.6198979591836735,0.0,0.0,0.0,0.0,0.0,14.96938775510204,2.377551020408163,0.0,0.0,0.19387755102040816,0.0,0.32142857142857145,0.5280612244897959,0.0,0.04336734693877551,4.239795918367347
1398,96,2,0.4471830985915493,0.09859154929577464,0.18661971830985916,4.119718309859155,0.0,0.0,0.0,0.0,0.0,0.0,0.0,0.0,0.0,0.16901408450704225,0.15492957746478872,0.0,0.0,0.0,0.3908450704225352,14.767605633802816,0.0,1.5633802816901408,0.0,11.827464788732394,1.0316901408450705,0.38380281690140844,3.6267605633802815,0.0,0.0,0.0,0.0,0.0,0.0,17.299295774647888,2.6443661971830985,0.0,0.0,0.02464788732394366,0.0,0.6408450704225352,0.6232394366197183,0.0,0.0528169014084507,0.0
1395,543,12,0.5255198487712666,0.12098298676748583,0.5916824196597353,2.720226843100189,0.0,0.0,0.0,0.003780718336483932,0.0,0.0,0.0,0.11531190926275993,0.0,0.035916824196597356,0.0,0.0,0.0,0.001890359168241966,0.0,10.886578449905482,0.0,1.2287334593572778,0.0,4.909262759924386,1.829867674858223,0.0,2.6389413988657844,0.0,0.0,0.0,0.0,0.0,0.0,12.122873345935728,1.6578449905482042,0.0,0.0,0.0,0.0,0.32892249527410206,0.4007561436672968,2.5841209829867675,0.045368620037807186,17.408317580340263
1391,765,7,0.46204620462046203,0.07590759075907591,0.056105610561056105,2.293729372937294,0.0,0.0,0.0,0.7392739273927392,0.0,0.0,0.0,0.0,0.039603960396039604,0.7062706270627063,0.23432343234323433,0.0,0.18811881188118812,0.6963696369636964,0.0,9.867986798679867,0.0,2.2343234323432344,0.0,5.462046204620462,1.4356435643564356,0.26732673267326734,3.386138613861386,0.0,0.0,0.0,0.0,0.0,0.0,10.046204620462046,1.2178217821782178,0.0,0.033003300330033,0.006600660066006601,0.0,0.5676567656765676,0.4884488448844885,0.033003300330033,0.04950495049504951,10.066006600660065
1397,196,4,0.577639751552795,0.11801242236024845,0.7701863354037267,2.6459627329192545,0.0,0.0,0.0,0.3416149068322981,0.0,0.0,0.2857142857142857,0.0,0.0,1.6770186335403727,0.782608695652174,0.0,0.0,0.0,0.782608695652174,9.397515527950311,0.0,4.62111801242236,0.0,11.993788819875776,1.4285714285714286,0.8260869565217391,9.186335403726709,0.0,0.0,0.0,0.0,0.0,0.0,13.080745341614907,1.5962732919254659,0.0,0.32919254658385094,0.0,0.0,0.5714285714285714,0.5652173913043478,0.0,0.07453416149068323,1.0248447204968945
1397,676,12,0.4959514170040486,0.10931174089068826,0.402834008097166,3.659919028340081,0.0,0.0,0.0,0.0,0.0,0.0,0.0,0.0,0.0,0.0,0.0,0.0,0.0,0.0,0.0,13.107287449392713,0.0,2.0566801619433197,0.0,7.111336032388664,2.831983805668016,0.2611336032388664,6.295546558704453,0.0,0.0,0.0,0.0,0.0,0.0,14.408906882591094,2.2672064777327936,0.0,0.0,0.0020242914979757085,0.0,0.4979757085020243,0.5,0.0,0.032388663967611336,0.0
1401,1084,12,0.46831955922865015,0.046831955922865015,0.1928374655647383,1.9008264462809918,0.0,0.35537190082644626,0.0,1.1735537190082646,0.0,0.0,0.21763085399449036,0.0,0.11570247933884298,2.236914600550964,0.6639118457300276,0.0,0.0,0.162534435261708,0.6363636363636364,7.18732782369146,0.0,3.509641873278237,0.0,3.2892561983471076,1.0688705234159779,1.3278236914600552,5.933884297520661,0.0,0.0,0.0,0.0,0.0,0.0,9.022038567493112,1.0578512396694215,0.0,0.0,0.14325068870523416,0.10743801652892562,0.2699724517906336,0.5179063360881543,0.0,0.07162534435261708,0.7107438016528925
1397,1836,4,0.4609756097560976,0.06219512195121951,0.5439024390243903,3.368292682926829,0.036585365853658534,0.08780487804878048,0.0,0.31585365853658537,0.0,0.0,0.0,0.0,0.0,0.5170731707317073,0.16097560975609757,0.0,0.00975609756097561,0.2048780487804878,0.0024390243902439024,10.71219512195122,0.046341463414634146,2.4853658536585366,0.0,8.91219512195122,2.2585365853658534,0.42073170731707316,5.4365853658536585,0.06463414634146342,0.0,0.09878048780487805,0.0,0.0,0.0,14.857317073170732,2.1682926829268294,0.0,0.13902439024390245,0.08902439024390243,0.0,0.7829268292682927,0.5792682926829268,0.0,0.046341463414634146,1.6621951219512194
1394,1914,4,1.1644736842105263,0.11842105263157894,0.41776315789473684,4.384868421052632,0.0,0.0,0.0,0.0,0.0,0.0,0.0,0.0,0.0,0.0,0.0,0.0,0.0,0.0,0.0,10.796052631578947,0.0,3.7302631578947367,0.0,14.391447368421053,2.9703947368421053,0.11513157894736842,3.911184210526316,0.0,0.0,0.20065789473684212,0.0,0.0,0.0,20.51644736842105,2.651315789473684,0.0,0.019736842105263157,0.009868421052631578,0.0,1.0328947368421053,0.6546052631578947,0.0,0.06907894736842106,0.29605263157894735
1392,748,4,0.5145228215767634,0.13278008298755187,2.1493775933609958,2.883817427385892,0.0,0.0,0.0,0.0,0.0,0.0,0.0,0.0,0.0,0.35269709543568467,0.1825726141078838,0.0,0.0,0.0,0.0,8.551867219917012,0.12863070539419086,2.5601659751037342,0.0,3.7551867219917012,1.1908713692946058,0.6970954356846473,5.551867219917012,0.0,0.34439834024896265,0.36929460580912865,0.0,0.0,0.0,13.983402489626556,1.062240663900415,0.0,0.47717842323651455,0.0,0.0,0.26556016597510373,0.5518672199170125,0.0,0.04149377593360996,0.0
1396,811,4,0.4975124378109453,0.12437810945273632,0.34328358208955223,3.7960199004975124,0.0,0.0,0.0,0.0,0.0,0.0,0.0,0.0,0.0,0.3781094527363184,0.0,0.0,0.0,0.0,0.009950248756218905,11.393034825870647,0.0,2.427860696517413,0.0,14.164179104477611,2.218905472636816,1.5472636815920398,5.9054726368159205,0.0,0.0,0.0,0.0,0.0,0.0,14.990049751243781,2.4029850746268657,0.0,0.0,0.1044776119402985,0.0,0.9203980099502488,0.5870646766169154,0.0,0.024875621890547265,0.0
1406,905,4,0.6234817813765182,0.09716599190283401,0.7489878542510121,3.182186234817814,0.0,0.0,0.0,0.0,0.0,0.0,0.0,0.0,0.0,0.04048582995951417,0.0,0.0,0.0,0.0,0.0,9.919028340080972,0.008097165991902834,2.757085020242915,0.0,4.797570850202429,0.8744939271255061,0.08906882591093117,4.008097165991903,0.0,0.0,0.0931174089068826,0.1659919028340081,0.0,0.0,11.607287449392713,1.5303643724696356,0.0,0.06477732793522267,0.012145748987854251,0.0,0.3805668016194332,0.5101214574898786,0.0,0.06477732793522267,0.0
1392,1726,7,0.5032786885245901,0.12459016393442623,0.34262295081967215,4.465573770491804,0.0,0.0,0.0,0.001639344262295082,0.0,0.0,0.0,0.0,0.0,0.14262295081967213,0.0,0.0,0.0,0.003278688524590164,0.0,14.952459016393442,0.001639344262295082,2.4360655737704917,0.0,7.857377049180328,2.9672131147540983,0.1,2.586885245901639,0.0,0.0,0.21639344262295082,0.260655737704918,0.0,0.014754098360655738,16.77377049180328,2.8721311475409834,0.0,0.06885245901639345,0.08032786885245902,0.0,0.7098360655737705,0.5229508196721312,0.0,0.036065573770491806,0.05573770491803279
1407,1210,4,0.5945945945945946,0.04504504504504504,0.22522522522522523,3.4594594594594597,0.0,0.0,0.0,0.0,0.0,0.0,0.24324324324324326,0.0,0.0,0.5765765765765766,0.08108108108108109,0.0,0.0,0.0,0.3783783783783784,2.5135135135135136,0.0,3.945945945945946,0.0,2.018018018018018,0.918918918918919,0.5045045045045045,11.468468468468469,0.0,0.0,0.02702702702702703,0.0,0.036036036036036036,0.0,18.945945945945947,1.5675675675675675,0.0,0.0,0.0,0.0,0.07207207207207207,0.6846846846846847,0.0,0.07207207207207207,0.04504504504504504
1402,1626,11,0.5282758620689655,0.0993103448275862,0.43586206896551727,3.9186206896551723,0.0,0.0,0.0,0.23586206896551723,0.0,0.0,0.0,0.0,0.0,0.1986206896551724,0.06344827586206897,0.0,0.0,0.0,0.0,11.212413793103448,0.0,2.0689655172413794,0.0,6.972413793103448,2.273103448275862,0.18482758620689654,4.700689655172414,0.0,0.0,0.04689655172413793,0.18482758620689654,0.0,0.005517241379310344,17.291034482758622,2.5282758620689654,0.0,0.030344827586206897,0.04275862068965517,0.0,0.5310344827586206,0.6068965517241379,0.0,0.038620689655172416,0.0993103448275862
1406,76,12,1.5104166666666667,0.11875,0.9458333333333333,6.314583333333333,0.0,0.0,0.0,0.0,0.0,0.0,0.0,0.0,0.0,0.90625,0.0,0.0,0.0,0.30833333333333335,0.0,16.525,0.075,2.095833333333333,0.0,4.664583333333334,3.9791666666666665,0.7395833333333334,5.054166666666666,0.0,0.0,0.41875,0.0,0.0,1.7270833333333333,23.666666666666668,3.075,0.0,0.21041666666666667,0.0,0.0,0.5791666666666667,0.6229166666666667,0.0,0.575,3.7354166666666666
1397,827,4,0.5174708818635607,0.07986688851913477,0.39767054908485855,2.334442595673877,0.0,0.0,0.0,0.27121464226289516,0.0,0.0,0.0,0.0,0.0,0.5540765391014975,0.18136439267886856,0.0,0.0,0.5590682196339434,0.019966722129783693,9.678868552412645,0.0,2.923460898502496,0.0,7.207986688851913,1.605657237936772,0.16306156405990016,3.2662229617304495,0.0,0.0,0.0,0.0,0.0,0.0,10.064891846921798,1.1297836938435941,0.0,0.004991680532445923,0.0,0.0,0.6805324459234608,0.4825291181364393,0.26455906821963393,0.033277870216306155,6.033277870216306
1402,1522,4,0.56,0.04,0.6,2.151111111111111,0.0,0.0,0.0,0.0,0.0,0.0,0.0,0.0,0.07111111111111111,0.21777777777777776,0.0,0.0,0.0,0.0,0.0,6.1866666666666665,0.0,1.8222222222222222,0.0,3.24,0.49333333333333335,1.4355555555555555,5.1466666666666665,0.0,0.0,0.06222222222222222,0.0044444444444444444,0.0,0.0,10.115555555555556,1.2355555555555555,0.0,0.03111111111111111,0.017777777777777778,0.0,0.36444444444444446,0.4577777777777778,0.0,0.017777777777777778,1.511111111111111
1402,1787,4,0.48398576512455516,0.042704626334519574,0.6192170818505338,3.797153024911032,0.0,0.0,0.0,0.0,0.0,0.0,0.0,0.0,0.0,0.03914590747330961,0.010676156583629894,0.0,0.0,0.0,0.0,11.13167259786477,0.014234875444839857,2.0604982206405693,0.0,7.654804270462633,1.4306049822064058,0.608540925266904,5.142348754448399,0.0,0.33451957295373663,0.3274021352313167,0.0,0.0,0.06761565836298933,16.298932384341636,2.00711743772242,0.0,0.2206405693950178,0.07829181494661921,0.0,0.49466192170818507,0.608540925266904,0.0,0.021352313167259787,0.0
1406,472,4,0.6190476190476191,0.09157509157509157,0.5018315018315018,3.93040293040293,0.0,0.0,0.0,0.0,0.0,0.0,0.014652014652014652,0.0,0.0,0.0989010989010989,0.13553113553113552,0.0,0.0,0.0,0.05128205128205128,10.249084249084248,0.03663003663003663,2.52014652014652,0.0,14.703296703296703,2.663003663003663,0.07692307692307693,3.4761904761904763,0.14285714285714285,0.4908424908424908,0.47619047619047616,0.03663003663003663,0.0,0.0,18.388278388278387,2.3003663003663,0.0,0.4945054945054945,0.0,0.0,1.0183150183150182,0.5567765567765568,0.0,0.03663003663003663,0.9487179487179487
1397,529,12,0.45093457943925236,0.08878504672897196,0.5584112149532711,3.2663551401869158,0.0,0.0,0.0,0.0,0.0,0.0,0.0,0.0,0.0,0.5163551401869159,0.0,0.0,0.0,0.0,0.0,8.00233644859813,0.02102803738317757,1.6425233644859814,0.0,4.775700934579439,2.4018691588785046,0.9345794392523364,3.675233644859813,0.0,0.0,0.037383177570093455,0.0,0.0,0.0,13.016355140186915,1.9018691588785046,0.0,0.02570093457943925,0.04205607476635514,0.0,0.4532710280373832,0.4883177570093458,0.0,0.056074766355140186,7.08411214953271
1405,1046,15,0.5084745762711864,0.03389830508474576,0.423728813559322,2.0338983050847457,0.0,0.0,0.0,1.7457627118644068,0.0,0.0,0.0,0.0,0.0,1.2881355932203389,0.4745762711864407,0.0,0.0,0.0,0.0,2.23728813559322,0.0,2.593220338983051,0.0,1.6101694915254237,1.1016949152542372,0.1864406779661017,5.220338983050848,0.0,0.0,0.0,0.0,0.0,0.0,10.830508474576272,1.0677966101694916,0.0,0.1016949152542373,0.22033898305084745,0.0,0.0,0.5932203389830508,0.0,0.03389830508474576,0.0
1398,2011,4,0.4494047619047619,0.07142857142857142,0.22023809523809523,3.3035714285714284,0.026785714285714284,0.07142857142857142,0.0,0.17857142857142858,0.0,0.0,0.0,0.0,0.0,0.30952380952380953,0.12797619047619047,0.0,0.0,0.03869047619047619,0.05952380952380952,8.785714285714286,0.0,2.5952380952380953,0.0,5.931547619047619,1.1845238095238095,0.40476190476190477,4.154761904761905,0.0,0.0,0.005952380952380952,0.0,0.0,0.0,16.44047619047619,2.5952380952380953,0.0,0.0,0.1875,0.0,0.34226190476190477,0.6160714285714286,0.0,0.03571428571428571,0.0
1401,117,12,0.7379679144385026,0.058823529411764705,1.0374331550802138,2.834224598930481,0.0,0.0,0.0,0.0,0.0,0.0,0.0,0.0,0.0,0.13903743315508021,0.0,0.0,0.0,0.0,0.0,5.973262032085562,0.058823529411764705,3.2566844919786098,0.0,3.3262032085561497,0.5133689839572193,0.839572192513369,9.39572192513369,0.0,0.0,0.25133689839572193,0.0,0.0,0.0,13.443850267379679,1.032085561497326,0.0,0.016042780748663103,0.0374331550802139,0.0,0.13368983957219252,0.6631016042780749,0.0,0.0427807486631016,0.026737967914438502
1403,646,12,0.468,0.052,0.332,1.988,0.0,0.0,0.0,1.112,0.0,0.0,0.0,0.0,0.0,1.256,0.184,0.0,0.0,0.156,0.0,8.824,0.004,1.988,0.0,1.588,0.892,0.4,3.808,0.0,0.0,0.0,0.0,0.0,0.068,9.072,0.668,0.0,0.0,0.04,0.0,0.0,0.396,4.052,0.04,7.416
1418,804,4,0.592326139088729,0.0407673860911271,0.2685851318944844,2.6402877697841727,0.0,0.27577937649880097,0.0,1.7386091127098322,0.0,0.0,0.16786570743405277,0.0,0.02158273381294964,1.6235011990407673,0.592326139088729,0.0,0.0,0.6810551558752997,0.33573141486810554,2.7985611510791366,0.0,8.688249400479616,0.0,4.302158273381295,2.366906474820144,0.9328537170263789,7.618705035971223,0.0,0.0,0.026378896882494004,0.0,0.0,0.0,13.29736211031175,1.6666666666666667,0.0,0.6474820143884892,0.2446043165467626,0.0,0.354916067146283,0.513189448441247,0.0,0.0815347721822542,2.633093525179856
1401,1574,4,0.6109958506224067,0.08506224066390042,0.4896265560165975,3.7780082987551866,0.0,0.0,0.0,0.03319502074688797,0.0,0.0,0.004149377593360996,0.0,0.006224066390041493,0.12966804979253113,0.04149377593360996,0.0,0.0,0.0,0.0031120331950207467,12.50207468879668,0.0,2.591286307053942,0.0,7.053941908713693,1.7282157676348548,0.054979253112033194,3.788381742738589,0.0,0.0,0.0,0.005186721991701245,0.0,0.0,14.409751037344398,2.2354771784232366,0.0,0.011410788381742738,0.028008298755186723,0.0,0.5124481327800829,0.5280082987551867,0.0,0.032157676348547715,0.0
1401,1945,4,0.4196642685851319,0.10071942446043165,0.7841726618705036,4.613908872901678,0.0,0.0,0.0,0.07673860911270983,0.0,0.0,0.0,0.0,0.0,0.014388489208633094,0.03117505995203837,0.0,0.0,0.0,0.0,14.551558752997602,0.007194244604316547,2.9304556354916067,0.0,4.0071942446043165,0.5155875299760192,0.34532374100719426,6.60431654676259,0.0,0.0,0.6474820143884892,0.23501199040767387,0.0,0.0,18.347721822541967,2.07673860911271,0.0,0.18465227817745802,0.0,0.0,0.41247002398081534,0.6858513189448441,0.0,0.0407673860911271,0.38369304556354916
1401,323,4,0.7644927536231884,0.07608695652173914,2.0416666666666665,3.3369565217391304,0.0,0.0,0.0,0.0,0.0,0.0,0.0,0.0,0.0,0.16666666666666666,0.08333333333333333,0.0,0.0,0.0,0.0,4.802536231884058,0.13949275362318841,3.338768115942029,0.0,3.1684782608695654,1.0960144927536233,0.46195652173913043,8.710144927536232,0.0,0.411231884057971,0.605072463768116,0.0,0.0,0.0,15.93659420289855,1.5670289855072463,0.0,0.39855072463768115,0.11413043478260869,0.0,0.2554347826086957,0.9601449275362319,0.0,0.04528985507246377,0.6159420289855072
1409,1189,4,0.5735294117647058,0.04411764705882353,0.8088235294117647,2.676470588235294,0.0,0.0,0.0,0.04411764705882353,0.0,0.0,0.0,0.0,0.0,0.27941176470588236,0.0,0.0,0.0,0.0,0.0,9.014705882352942,0.0,2.1323529411764706,0.0,5.911764705882353,0.9264705882352942,0.1323529411764706,4.367647058823529,0.0,0.0,0.0,0.0,0.0,0.0,10.735294117647058,1.2941176470588236,0.0,0.0,0.0,0.0,0.4117647058823529,0.4117647058823529,0.0,0.014705882352941176,0.0
1401,1282,4,0.5212355212355212,0.09845559845559845,0.33783783783783783,4.314671814671815,0.0,0.0,0.0,0.0019305019305019305,0.0,0.0,0.0,0.0,0.0,0.0,0.0,0.0,0.0,0.0,0.0,12.96911196911197,0.0,2.05984555984556,0.0,8.231660231660232,2.5752895752895753,0.0945945945945946,4.322393822393822,0.0,0.0,0.39575289575289574,0.3474903474903475,0.0,0.0,18.158301158301157,2.918918918918919,0.0,0.003861003861003861,0.003861003861003861,0.0,0.555984555984556,0.5984555984555985,0.0,0.04054054054054054,0.0
1403,1500,11,0.4934210526315789,0.07236842105263158,0.5460526315789473,4.151315789473684,0.0,0.0,0.0,0.0,0.0,0.0,0.0,0.0,0.0,0.0,0.0,0.0,0.0,0.0,0.0,11.401315789473685,0.0,2.361842105263158,0.0,9.31578947368421,2.7697368421052633,0.0,2.7039473684210527,0.0,0.0,0.046052631578947366,0.2631578947368421,0.0,0.0,18.855263157894736,2.776315789473684,0.0,0.05921052631578947,0.0,0.0,0.618421052631579,0.5986842105263158,0.0,0.02631578947368421,0.0
1400,1805,7,0.47692307692307695,0.08717948717948718,0.8589743589743589,4.802564102564102,0.0,0.0,0.0,0.6615384615384615,0.0,0.0,0.09230769230769231,0.0,0.0,1.5333333333333334,0.40512820512820513,0.0,0.028205128205128206,0.0,0.020512820512820513,13.761538461538462,0.05128205128205128,2.0256410256410255,0.0,4.694871794871795,2.635897435897436,1.0769230769230769,7.01025641025641,0.0,0.007692307692307693,0.41025641025641024,0.0,0.0,1.405128205128205,19.88974358974359,2.651282051282051,0.0,0.3230769230769231,0.09743589743589744,0.0,0.6333333333333333,0.558974358974359,0.0,0.08461538461538462,3.7666666666666666
1416,166,4,0.546875,0.08854166666666667,0.5833333333333334,3.7760416666666665,0.0,0.0,0.0,0.0,0.0,0.0,0.34375,0.0,0.0,1.0520833333333333,0.5520833333333334,0.0,0.0,0.0,0.6770833333333334,7.53125,0.06770833333333333,3.1354166666666665,0.0,8.25,2.6875,0.25,4.588541666666667,0.0,0.0,0.34375,0.0,0.3229166666666667,0.0,17.203125,1.453125,0.0,0.3333333333333333,0.0,0.0,0.5625,0.59375,0.0,0.06770833333333333,1.4479166666666667
1403,502,4,0.5619512195121952,0.10634146341463414,0.4526829268292683,3.3248780487804876,0.0,0.0,0.0,0.0,0.0,0.0,0.0,0.0,0.0,0.0,0.0,0.0,0.0,0.0,0.0,14.88,0.014634146341463415,2.2126829268292685,0.0,9.320975609756097,1.6926829268292682,0.11219512195121951,3.0839024390243903,0.0,0.0,0.15121951219512195,0.0,0.0,0.0,12.652682926829268,1.9053658536585365,0.0,0.27902439024390246,0.07804878048780488,0.0,0.6478048780487805,0.41853658536585364,0.0,0.01951219512195122,0.0
1406,1409,4,0.5308641975308642,0.08024691358024691,1.037037037037037,2.9444444444444446,0.0,0.0,0.0,0.0,0.0,0.0,0.0,0.0,0.0,0.030864197530864196,0.0,0.0,0.0,0.0,0.0,5.209876543209877,0.0,1.7530864197530864,0.0,3.2098765432098766,1.3148148148148149,0.0,3.8518518518518516,0.0,0.0,0.0,0.0,0.0,0.0,12.820987654320987,2.246913580246914,0.0,0.08641975308641975,0.0,0.0,0.037037037037037035,0.5864197530864198,0.0,0.018518518518518517,0.0
1406,363,12,0.5059880239520959,0.0658682634730539,0.6287425149700598,3.053892215568862,0.0,0.0,0.0,0.0,0.0,0.0,0.04491017964071856,0.0,0.0,0.20658682634730538,0.15568862275449102,0.0,0.0,0.0,0.0,11.392215568862275,0.005988023952095809,1.7365269461077844,0.0,14.029940119760479,2.341317365269461,0.2245508982035928,4.580838323353293,0.0,0.08383233532934131,0.26646706586826346,0.0,0.0,0.0,13.494011976047904,1.595808383233533,0.0,0.1467065868263473,0.3413173652694611,0.0,0.9131736526946108,0.5479041916167665,0.0,0.08383233532934131,3.1317365269461077
1418,394,4,0.482,0.09,0.246,2.758,0.062,0.298,0.0,0.54,0.0,0.0,0.002,0.0,0.09,0.702,0.282,0.0,0.246,1.278,0.044,9.084,0.0,6.756,0.0,7.508,2.322,1.726,3.894,0.208,0.0,0.0,0.0,0.0,0.0,11.784,1.596,0.0,0.0,0.048,0.014,0.782,0.432,0.0,0.078,9.448
1410,604,7,0.5743913435527502,0.0829576194770063,0.3065825067628494,3.5987376014427412,0.0,0.0,0.0,0.0,0.0,0.0,0.0,0.0,0.0,0.04147880973850315,0.011722272317403066,0.0,0.0,0.10009017132551848,0.0,13.070333633904418,0.0,2.3056807935076646,0.0,6.837691614066727,2.2705139765554554,0.02254283137962128,3.5978358881875563,0.0,0.09558160504959423,0.1145175834084761,0.20649233543733092,0.0,0.0,13.468890892696123,2.0874661857529304,0.0,0.0,0.05049594229035167,0.0,0.8412984670874661,0.5473399458972047,0.0,0.0369702434625789,0.005410279531109108
1403,1611,4,0.4757785467128028,0.07785467128027682,0.0986159169550173,3.8927335640138407,0.0,0.01730103806228374,0.0,0.27335640138408307,0.0,0.0,0.3771626297577855,0.0,0.0,1.6055363321799307,0.4273356401384083,0.0,0.0,0.04325259515570934,0.9221453287197232,17.762975778546714,0.0,4.794117647058823,0.0,6.859861591695502,3.2768166089965396,0.5432525951557093,6.354671280276817,0.01730103806228374,0.0,0.0,0.13494809688581316,0.0,0.0,14.866782006920415,2.0242214532871974,0.0,1.0155709342560553,0.07958477508650519,0.0,0.42387543252595156,0.5397923875432526,0.0,0.07439446366782007,1.958477508650519
1406,1772,4,0.6069364161849711,0.12138728323699421,0.48554913294797686,5.497109826589595,0.0,0.0,0.0,0.0,0.0,0.0,0.0,0.0,0.0,0.2774566473988439,0.0,0.0,0.0,0.011560693641618497,0.0,19.601156069364162,0.09826589595375723,2.260115606936416,0.0,13.265895953757225,2.6763005780346822,0.630057803468208,4.884393063583815,0.0,0.0,0.35260115606936415,0.0,0.0,0.0,23.895953757225435,3.6358381502890174,0.0,0.23121387283236994,0.0,0.0,0.7803468208092486,0.5780346820809249,0.0,0.05202312138728324,1.3410404624277457
1404,572,12,0.556420233463035,0.0933852140077821,0.7587548638132295,5.976653696498055,0.0,0.0,0.0,0.0,0.0,0.0,0.0,0.0,0.0,0.11284046692607004,0.03501945525291829,0.0,0.0,0.0,0.0,17.723735408560312,0.0038910505836575876,2.875486381322957,0.0,18.233463035019454,3.7237354085603114,0.042801556420233464,3.642023346303502,0.08171206225680934,0.4163424124513619,0.4085603112840467,0.2918287937743191,0.0,0.0,25.40077821011673,3.1361867704280155,0.0,0.3346303501945525,0.0,0.0,1.2256809338521402,0.6381322957198443,0.0,0.07392996108949416,0.0
1409,765,4,0.546875,0.036458333333333336,0.0,3.34375,0.0,0.0,0.0,0.6822916666666666,0.0,0.0,0.015625,0.0,0.005208333333333333,1.0104166666666667,0.3854166666666667,0.0,0.0,0.13541666666666666,0.06770833333333333,2.6979166666666665,0.0,2.578125,0.0,2.2552083333333335,2.4635416666666665,0.3697916666666667,5.119791666666667,0.0,0.0,0.0,0.0,0.0,0.0,14.958333333333334,2.4010416666666665,0.0,0.20833333333333334,0.0,0.0,0.14583333333333334,0.515625,0.0,0.041666666666666664,1.9479166666666667
1407,1031,4,0.574468085106383,0.08085106382978724,0.2936170212765957,3.2404255319148936,0.0,0.0,0.0,0.0,0.0,0.0,0.05531914893617021,0.0,0.06808510638297872,0.28297872340425534,0.17446808510638298,0.0,0.0,0.0,0.04893617021276596,7.861702127659575,0.0,2.2787234042553193,0.0,12.114893617021277,1.8617021276595744,0.21063829787234042,3.370212765957447,0.0,0.0,0.19574468085106383,0.0,0.0,0.0,13.506382978723405,1.8702127659574468,0.0,0.16382978723404254,0.0,0.0,0.776595744680851,0.5659574468085107,0.0,0.03829787234042553,0.5702127659574469
1418,1275,4,0.41369047619047616,0.10119047619047619,0.10714285714285714,3.425595238095238,0.0,0.0,0.0,0.0,0.0,0.0,0.0,0.0,0.0,0.0,0.0,0.0,0.0,0.0,0.0,12.776785714285714,0.0,2.318452380952381,0.0,10.5,1.4821428571428572,0.1130952380952381,1.9702380952380953,0.0,0.0,0.01488095238095238,0.0,0.0,0.0,14.586309523809524,2.6011904761904763,0.0,0.0,0.047619047619047616,0.0,0.8511904761904762,0.5863095238095238,0.0,0.023809523809523808,0.0
1410,1752,5,0.5439739413680782,0.11074918566775244,0.7019543973941368,4.267100977198697,0.0,0.0,0.0,0.011400651465798045,0.0,0.0,0.0,0.0,0.0,0.009771986970684038,0.0016286644951140066,0.0,0.0,0.0,0.0,11.013029315960912,0.0,2.0781758957654723,0.0,10.674267100977199,2.936482084690554,0.048859934853420196,3.5912052117263844,0.0,0.0,0.4495114006514658,0.3306188925081433,0.0,0.0,18.594462540716613,2.8355048859934855,0.0,0.25732899022801303,0.0,0.0,0.6237785016286646,0.6140065146579805,0.0,0.02280130293159609,1.1335504885993486
1413,747,4,0.6190476190476191,0.07482993197278912,0.6394557823129252,5.226757369614512,0.0,0.0045351473922902496,0.0,0.05895691609977324,0.0,0.0,0.17687074829931973,0.0,0.1111111111111111,0.6439909297052154,0.40816326530612246,0.0,0.0,0.0,0.0,13.664399092970521,0.0,3.9183673469387754,0.3356009070294785,16.489795918367346,6.183673469387755,0.2018140589569161,5.3106575963718825,0.0,0.0,0.19727891156462585,0.0,0.0,0.09523809523809523,23.188208616780045,2.8390022675736963,0.0,0.2562358276643991,0.047619047619047616,0.0,1.1609977324263039,0.5419501133786848,0.0,0.07709750566893424,0.873015873015873
1408,1432,5,0.5813008130081301,0.06097560975609756,0.042682926829268296,3.8963414634146343,0.0,0.042682926829268296,0.0,0.042682926829268296,0.0,0.0,0.0,0.0,0.0,0.2540650406504065,0.11382113821138211,0.0,0.0,0.0,0.01016260162601626,10.067073170731707,0.0,2.619918699186992,0.0,14.18089430894309,2.436991869918699,0.29878048780487804,3.6951219512195124,0.0,0.0,0.0,0.0,0.0,0.0,15.321138211382113,2.361788617886179,0.0,0.20121951219512196,0.018292682926829267,0.0,0.7926829268292683,0.540650406504065,0.0,0.046747967479674794,0.0
1426,1606,4,0.5541666666666667,0.09375,1.3729166666666666,4.833333333333333,0.0,0.0,0.0,0.0,0.0,0.0,0.25833333333333336,0.0,0.1875,1.1270833333333334,0.5583333333333333,0.0,0.0,0.0,0.0,19.152083333333334,0.0625,2.654166666666667,0.33541666666666664,13.570833333333333,4.316666666666666,0.2791666666666667,7.866666666666666,0.0,0.0,0.2708333333333333,0.0,0.0,0.0,19.435416666666665,2.660416666666667,0.0,0.32083333333333336,0.0,0.004166666666666667,0.8791666666666667,0.5895833333333333,0.0,0.07916666666666666,1.1208333333333333
1410,1646,4,0.47501505117399156,0.07706201083684527,0.9620710415412402,4.162552679108971,0.0,0.0012040939193257074,0.0,0.04394942805538832,0.0,0.0,0.0,0.0,0.010234798314268514,0.10716435881998795,0.04515352197471403,0.0,0.0,0.0,0.0,12.44310656231186,0.062010836845273934,2.444912703190849,0.0,7.66887417218543,1.9548464780252859,0.4214328717639976,5.209512341962673,0.0,0.0,0.36785069235400364,0.1806140878988561,0.0,0.002408187838651415,18.996387718242023,2.419024683925346,0.0,0.33774834437086093,0.020469596628537028,0.0,0.5689343768813967,0.6122817579771223,0.0,0.03371462974111981,0.7441300421432872
1414,213,4,0.5216346153846154,0.07932692307692307,1.5120192307692308,3.3125,0.0,0.0,0.0,0.0,0.0,0.0,0.0,0.0,0.0,0.0625,0.0,0.0,0.0,0.0,0.0,10.69951923076923,0.1658653846153846,2.889423076923077,0.0,6.100961538461538,0.8725961538461539,0.6802884615384616,7.110576923076923,0.0,0.0,0.4423076923076923,0.0,0.0,0.0,14.966346153846153,1.5649038461538463,0.0,0.3557692307692308,0.055288461538461536,0.0,0.4326923076923077,0.6370192307692307,0.0,0.052884615384615384,0.18509615384615385
1411,1256,4,0.5167548500881834,0.09876543209876543,0.20105820105820105,4.174603174603175,0.0,0.0,0.0,0.0,0.0,0.0,0.03350970017636684,0.0,0.0,0.09171075837742504,0.03350970017636684,0.0,0.0,0.0,0.10229276895943562,14.756613756613756,0.0,1.908289241622575,0.0,13.793650793650794,3.638447971781305,0.41975308641975306,3.5255731922398588,0.0,0.0,0.17989417989417988,0.15696649029982362,0.0,0.0,16.78306878306878,2.855379188712522,0.0,0.04585537918871252,0.0,0.0,0.9488536155202821,0.47971781305114636,0.0,0.026455026455026454,0.0
1413,1235,15,0.5501432664756447,0.07736389684813753,1.9856733524355301,3.481375358166189,0.0,0.0,0.0,0.09455587392550144,0.0,0.0,0.0,0.0,0.0,0.22922636103151864,0.06303724928366762,0.0,0.0,0.0,0.0,12.925501432664756,0.07736389684813753,2.383954154727794,0.0,10.736389684813753,2.2464183381088825,0.5272206303724928,7.343839541547278,0.0,0.0,0.16045845272206305,0.0,0.0,0.0,16.289398280802292,2.01432664756447,0.0,0.498567335243553,0.0,0.0,0.664756446991404,0.5702005730659025,0.0,0.05157593123209169,0.839541547277937
1410,1926,8,0.5072992700729927,0.08941605839416059,0.4233576642335766,3.468978102189781,0.0,0.0,0.0,0.26824817518248173,0.0,0.0,0.0,0.0,0.0,0.41058394160583944,0.06934306569343066,0.0,0.0,0.020072992700729927,0.0,9.147810218978103,0.01824817518248175,2.7116788321167884,0.0,6.516423357664234,2.2974452554744524,0.3156934306569343,4.187956204379562,0.0,0.02737226277372263,0.1678832116788321,0.0,0.0,0.043795620437956206,15.478102189781023,2.2846715328467155,0.0,0.014598540145985401,0.032846715328467155,0.0,0.6131386861313869,0.6204379562043796,0.0,0.051094890510948905,0.9416058394160584
1406,954,4,0.549407114624506,0.09881422924901186,0.1067193675889328,1.0553359683794465,0.0,0.0,0.0,0.0,0.0,0.0,0.11067193675889328,0.0,0.0,0.4743083003952569,0.11462450592885376,0.0,0.0,0.0,0.0,5.0395256916996045,0.0,0.9644268774703557,0.0,2.7865612648221343,0.6245059288537549,0.003952569169960474,1.3438735177865613,0.0,0.007905138339920948,0.0,0.0,0.0,0.0,5.023715415019763,0.45849802371541504,0.0,0.0,0.0,0.0,0.04743083003952569,0.3794466403162055,0.0,0.019762845849802372,0.18181818181818182
1418,1361,7,0.5422885572139303,0.04477611940298507,0.9203980099502488,4.875621890547263,0.0,0.0,0.0,0.0,0.0,0.0,0.0,0.0,0.0,0.0,0.0,0.0,0.0,0.0,0.0,4.557213930348259,0.0,1.36318407960199,0.0,4.323383084577115,1.800995024875622,0.19900497512437812,6.104477611940299,0.0,0.0,0.029850746268656716,0.0,0.0,0.0,19.736318407960198,3.288557213930348,0.0,0.3383084577114428,0.009950248756218905,0.0,1.4378109452736318,0.6766169154228856,0.0,0.024875621890547265,0.0
1411,1843,4,0.531986531986532,0.09427609427609428,0.5622895622895623,4.351290684624018,0.0,0.3265993265993266,0.0,0.06509539842873176,0.0,0.0,0.2850729517396184,0.0,0.008978675645342313,1.5286195286195285,0.43209876543209874,0.0,0.0,0.0,1.122334455667789,13.206509539842873,0.08080808080808081,1.7003367003367003,0.0,4.061728395061729,3.740740740740741,2.078563411896745,5.760942760942761,0.0,0.0,0.287317620650954,0.005611672278338945,0.05723905723905724,0.0,19.039281705948373,2.6621773288439954,0.0,0.04713804713804714,0.0707070707070707,0.0,1.2805836139169473,0.5970819304152637,0.0,0.08978675645342311,7.397306397306397
1420,1141,12,1.319884726224784,0.12103746397694524,0.345821325648415,4.279538904899136,0.0,0.0,0.0,0.0,0.0,0.0,0.0,0.0,0.0,0.0,0.0,0.0,0.0,0.0,0.0,8.06628242074928,0.0,5.357348703170029,0.0,12.677233429394812,2.844380403458213,0.0,4.585014409221902,0.0,0.0,0.2680115273775216,0.0,0.0,0.0,20.360230547550433,2.5417867435158503,0.0,0.002881844380403458,0.011527377521613832,0.0,0.9884726224783862,0.7146974063400576,0.0,0.09798270893371758,0.0
1414,347,12,0.4689054726368159,0.09950248756218906,0.4987562189054726,3.8296019900497513,0.0,0.0,0.0,0.2873134328358209,0.0,0.0,0.0,0.0,0.0,0.4651741293532338,0.11318407960199005,0.0,0.0,0.060945273631840796,0.0,14.76865671641791,0.03731343283582089,2.3743781094527363,0.0,9.200248756218905,2.894278606965174,0.2885572139303483,5.6393034825870645,0.0,0.0,0.017412935323383085,0.0,0.0,0.0,16.307213930348258,2.383084577114428,0.0,0.014925373134328358,0.11691542288557213,0.0,0.6716417910447762,0.5646766169154229,0.0,0.05472636815920398,0.4763681592039801
1417,681,7,0.5178571428571429,0.08214285714285714,0.16071428571428573,2.5214285714285714,0.0,0.0,0.0,0.9357142857142857,0.0,0.0,0.0,0.0,0.0,0.5678571428571428,0.21071428571428572,0.0,0.0,0.65,0.0,9.4,0.0,6.867857142857143,0.0,7.260714285714286,2.025,0.6392857142857142,3.9285714285714284,0.0,0.0,0.0,0.0,0.0,0.0,11.42142857142857,1.3178571428571428,0.0,0.0,0.02142857142857143,0.0,0.875,0.4714285714285714,0.0,0.06785714285714285,3.3964285714285714
1410,695,12,0.58,0.13428571428571429,0.2342857142857143,4.922857142857143,0.0,0.13428571428571429,0.0,0.4942857142857143,0.0,0.0,0.1457142857142857,0.0,0.08571428571428572,1.302857142857143,0.5228571428571429,0.0,0.0,0.06285714285714286,0.46,19.33142857142857,0.0,4.985714285714286,0.0,17.714285714285715,3.037142857142857,0.8028571428571428,6.071428571428571,0.0,0.0,0.0,0.0,0.0,0.0,20.04,3.025714285714286,0.0,0.7228571428571429,0.08857142857142856,0.002857142857142857,1.1057142857142856,0.5257142857142857,0.0,0.05142857142857143,0.06
1423,1014,4,0.7142857142857143,0.10317460317460317,0.19047619047619047,5.841269841269841,0.0,0.0873015873015873,0.0,0.2222222222222222,0.0,0.0,0.031746031746031744,0.0,0.0,0.8015873015873016,0.373015873015873,0.0,0.0,0.19047619047619047,0.11904761904761904,16.515873015873016,0.0,5.515873015873016,0.0,21.61904761904762,3.984126984126984,0.5873015873015873,6.015873015873016,0.0,0.0,0.0,0.0,0.0,0.0,21.904761904761905,3.6666666666666665,0.0,0.20634920634920634,0.1746031746031746,0.0,1.0634920634920635,0.5873015873015873,0.0,0.05555555555555555,0.0
1414,513,4,0.4491080797481637,0.11017838405036726,0.9916054564533053,3.4207764952780693,0.0,0.0,0.0,0.07869884575026233,0.0,0.0,0.0,0.0,0.0,0.23294858342077648,0.0,0.0,0.03252885624344176,0.0,0.0,13.459601259181532,0.026232948583420776,3.119622245540399,0.0,7.061909758656873,1.608604407135362,0.2938090241343127,5.912906610703043,0.0,0.0,0.0,0.0,0.0,0.0,14.416579223504723,1.9548793284365162,0.0,0.035676810073452254,0.011542497376705142,0.0,0.5372507869884575,0.5844700944386149,0.0,0.03882476390346275,0.035676810073452254
1419,720,11,0.5372750642673522,0.05912596401028278,0.6503856041131105,3.0359897172236505,0.0,0.0,0.0,0.0,0.0,0.0,0.0,0.0,0.0,0.010282776349614395,0.0,0.0,0.0,0.0,0.0,8.673521850899743,0.0,1.8123393316195373,0.0,4.683804627249358,1.6375321336760926,0.0,3.3239074550128533,0.0,0.0,0.043701799485861184,0.0,0.0,0.0,13.820051413881748,2.020565552699229,0.0,0.11311053984575835,0.0,0.0,0.2159383033419023,0.506426735218509,0.0,0.017994858611825194,0.0
1414,839,4,0.7017543859649122,0.12631578947368421,0.20350877192982456,5.315789473684211,0.0,0.11345029239766082,0.0,0.2935672514619883,0.0,0.0,0.0,0.0,0.0,0.952046783625731,0.34619883040935673,0.0,0.12748538011695906,0.1239766081871345,0.19883040935672514,18.55204678362573,0.0,3.5812865497076025,0.0,38.16374269005848,1.9801169590643275,1.0280701754385966,6.942690058479532,0.05146198830409357,0.0,0.047953216374269005,0.0,0.0,1.6116959064327485,22.121637426900584,3.449122807017544,0.0,0.41637426900584795,0.16842105263157894,0.0,2.3461988304093566,0.5473684210526316,0.0,0.03742690058479532,0.15555555555555556
1413,1062,12,0.7335640138408305,0.0726643598615917,0.532871972318339,3.342560553633218,0.0,0.0,0.0,0.0,0.0,0.0,0.0,0.0,0.0,0.05536332179930796,0.0,0.0,0.0,0.0,0.0,10.30795847750865,0.0,2.1003460207612457,0.0,5.397923875432526,1.2249134948096885,0.0,4.86159169550173,0.0,0.0,0.0,0.0,0.0,0.0,13.685121107266436,2.176470588235294,0.0,0.0,0.0034602076124567475,0.0,0.4844290657439446,0.5778546712802768,0.0,0.02768166089965398,0.0
1422,231,4,0.5520361990950227,0.12669683257918551,0.248868778280543,4.714932126696833,0.09502262443438914,0.8868778280542986,0.0,1.1900452488687783,0.0,0.0,0.0,0.0,0.00904977375565611,2.7058823529411766,0.8687782805429864,0.0,0.3031674208144796,2.728506787330317,0.2895927601809955,16.877828054298643,0.0,4.402714932126697,0.0,6.158371040723982,3.570135746606335,1.1221719457013575,7.968325791855204,0.665158371040724,0.0,0.17194570135746606,0.0,0.0,0.0,18.199095022624434,2.6561085972850678,0.0,0.0,0.33031674208144796,0.0,0.7194570135746606,0.47058823529411764,0.26244343891402716,0.1085972850678733,6.53393665158371
1415,822,4,0.551487414187643,0.11441647597254005,0.42105263157894735,4.185354691075515,0.0,0.0,0.0,0.0,0.0,0.0,0.18077803203661327,0.0,0.0,0.2448512585812357,0.10755148741418764,0.0,0.0,0.0,0.32723112128146453,13.549199084668192,0.013729977116704805,1.7505720823798627,0.0,11.556064073226544,3.3386727688787183,0.2379862700228833,4.02745995423341,0.0,0.0,0.16018306636155608,0.36613272311212813,0.0,0.0,18.038901601830663,3.1075514874141876,0.0,0.18993135011441648,0.0,0.0,0.851258581235698,0.4897025171624714,0.0,0.02517162471395881,0.0
1416,1559,11,0.6699029126213593,0.07766990291262135,0.34951456310679613,3.9805825242718447,0.0,0.0,0.0,0.0,0.0,0.0,0.0,0.0,0.0,0.0,0.0,0.0,0.0,0.0,0.0,13.441747572815533,0.0,2.3689320388349513,0.0,8.339805825242719,1.8300970873786409,0.0,3.592233009708738,0.0,0.0,0.0,0.0,0.0,0.0,15.509708737864077,2.6067961165048543,0.0,0.0,0.0,0.0,0.6796116504854369,0.5242718446601942,0.0,0.019417475728155338,0.0
1412,1705,4,0.4671361502347418,0.09154929577464789,0.7605633802816901,4.786384976525822,0.0,0.16666666666666666,0.0,0.32629107981220656,0.0,0.0,0.0,0.0,0.0,1.1830985915492958,0.26291079812206575,0.0,0.07511737089201878,0.2300469483568075,0.0,10.626760563380282,0.023474178403755867,1.5187793427230047,0.0,2.9577464788732395,2.9389671361502345,1.3215962441314555,5.694835680751174,0.018779342723004695,0.0,0.24178403755868544,0.0,0.0,2.1502347417840375,21.396713615023476,2.704225352112676,0.0,0.17136150234741784,0.09624413145539906,0.0,0.3474178403755869,0.6572769953051644,0.0,0.0892018779342723,6.354460093896714
1419,583,12,0.5789473684210527,0.07017543859649122,0.6783625730994152,2.6140350877192984,0.0,0.005847953216374269,0.0,0.011695906432748537,0.0,0.0,0.0,0.0,0.0,0.05263157894736842,0.0,0.0,0.0,0.0,0.0,2.8947368421052633,0.0,1.8421052631578947,0.0,2.1052631578947367,0.6549707602339181,0.543859649122807,6.187134502923977,0.0,0.0,0.5847953216374269,0.0,0.0,0.0,15.128654970760234,1.631578947368421,0.0,0.6374269005847953,0.05263157894736842,0.0,0.0,0.6900584795321637,0.0,0.03508771929824561,0.0
1418,1976,4,0.5464788732394367,0.0676056338028169,0.0,3.149295774647887,0.0,0.0,0.0,0.030985915492957747,0.0,0.0,0.016901408450704224,0.0,0.0,0.704225352112676,0.30422535211267604,0.0,0.0,0.24788732394366197,0.16901408450704225,14.301408450704225,0.0,3.2140845070422537,0.0,24.6,2.850704225352113,0.37464788732394366,4.876056338028169,0.0,0.0,0.0,0.0,0.0,0.0,14.20281690140845,2.340845070422535,0.0,0.18591549295774648,0.0,0.0,1.447887323943662,0.5014084507042254,0.0,0.036619718309859155,0.15211267605633802
1425,423,4,0.7775061124694377,0.097799511002445,2.388753056234719,2.8166259168704157,0.0,0.0,0.0,0.0,0.0,0.0,0.0,0.0,0.0,0.0024449877750611247,0.0,0.0,0.014669926650366748,0.0,0.0,2.3007334963325183,0.15647921760391198,2.9877750611246943,0.0,1.745721271393643,0.6919315403422983,0.6136919315403423,7.410757946210269,0.0,0.38141809290953543,0.3202933985330073,0.0,0.0,0.0,14.98044009779951,1.6014669926650367,0.0,0.34963325183374083,0.019559902200488997,0.0,0.004889975550122249,0.58679706601467,0.0,0.04156479217603912,0.11491442542787286
1421,563,7,0.5720279720279721,0.07832167832167833,0.2993006993006993,3.379020979020979,0.0,0.0,0.0,0.04195804195804196,0.0,0.0,0.0,0.0,0.0,0.23916083916083916,0.1062937062937063,0.0,0.0,0.015384615384615385,0.0,13.546853146853147,0.0,2.5272727272727273,0.0,5.801398601398601,2.335664335664336,0.13146853146853146,3.5972027972027973,0.0,0.06013986013986014,0.0,0.04055944055944056,0.0,0.0,13.092307692307692,2.097902097902098,0.0,0.0,0.04055944055944056,0.0,0.7230769230769231,0.5300699300699301,0.0,0.039160839160839164,1.0041958041958041
1428,1099,4,0.5201535508637236,0.1420345489443378,0.21113243761996162,4.5335892514395395,0.0,0.0,0.0,0.22456813819577734,0.0,0.0,0.15163147792706333,0.0,0.0019193857965451055,1.0652591170825336,0.3435700575815739,0.0,0.0,0.0345489443378119,0.29174664107485604,17.81573896353167,0.003838771593090211,2.6833013435700575,0.0,10.982725527831095,2.9059500959692897,0.2380038387715931,4.861804222648752,0.0,0.0,0.0,0.0,0.0,0.0,17.429942418426105,2.7351247600767756,0.0,0.061420345489443376,0.0,0.0,0.690978886756238,0.4932821497120921,0.0,0.05758157389635317,0.1746641074856046
1417,1450,4,0.4369538077403246,0.08863920099875156,0.7702871410736579,3.3508114856429465,0.0,0.0,0.0,0.18476903870162298,0.0,0.0,0.0,0.0,0.0,0.1772784019975031,0.026217228464419477,0.0,0.0,0.006242197253433208,0.0,11.662921348314606,0.03495630461922597,2.1935081148564293,0.0,8.385767790262172,2.4506866416978776,0.3970037453183521,4.707865168539326,0.0,0.0,0.01373283395755306,0.0,0.0,0.0,15.309612983770288,2.247191011235955,0.0,0.02746566791510612,0.04119850187265917,0.0,0.8938826466916354,0.5980024968789014,0.0,0.03245942571785269,1.2808988764044944
1415,33,4,0.4225352112676056,0.04225352112676056,0.9507042253521126,2.647887323943662,0.0,0.0,0.0,0.007042253521126761,0.0,0.0,0.014084507042253521,0.0,0.0,0.28169014084507044,0.056338028169014086,0.0,0.0,0.0,0.0,4.964788732394366,0.09859154929577464,2.23943661971831,0.0,2.443661971830986,0.16901408450704225,0.9366197183098591,8.112676056338028,0.0,0.0,0.4295774647887324,0.0,0.0,0.0,12.753521126760564,0.9929577464788732,0.0,0.2605633802816901,0.0,0.007042253521126761,0.08450704225352113,0.6549295774647887,0.0,0.028169014084507043,0.0
1429,192,4,0.46153846153846156,0.11538461538461539,0.36153846153846153,2.5307692307692307,0.0,0.0,0.0,0.03076923076923077,0.0,0.0,0.0,0.0,0.0,0.0,0.0,0.0,0.0,0.0,0.0,11.723076923076922,0.0,1.8923076923076922,0.0,5.653846153846154,0.9461538461538461,0.0,5.130769230769231,0.0,0.0,0.18461538461538463,0.0,0.0,0.0,10.592307692307692,1.4538461538461538,0.0,0.0,0.2923076923076923,0.0,0.23076923076923078,0.4230769230769231,0.0,0.007692307692307693,0.0
1427,940,4,0.5332225913621262,0.0946843853820598,0.1362126245847176,3.2458471760797343,0.0,0.0,0.0,0.0,0.0,0.0,0.0,0.0,0.0,0.0,0.0,0.0,0.0,0.0,0.0,10.700996677740864,0.0,1.8853820598006645,0.0,10.041528239202657,2.707641196013289,0.19102990033222592,3.7308970099667773,0.0,0.0,0.04318936877076412,0.0,0.0,0.0,13.629568106312293,2.1461794019933556,0.0,0.03322259136212625,0.0,0.0,0.7591362126245847,0.4883720930232558,0.0,0.03986710963455149,0.0
1420,1739,12,0.5102040816326531,0.07871720116618076,0.7317784256559767,3.543731778425656,0.0,0.0,0.0,0.008746355685131196,0.0,0.0,0.0,0.0,0.0,0.004373177842565598,0.0,0.0,0.0,0.0,0.0,10.231778425655977,0.0,2.198250728862974,0.0,10.521865889212828,2.2784256559766765,0.09037900874635568,4.113702623906706,0.0,0.0,0.0,0.0,0.0,0.0,14.123906705539358,2.246355685131195,0.0,0.23177842565597667,0.01020408163265306,0.0,0.7463556851311953,0.5495626822157434,0.0,0.018950437317784258,0.0
1421,780,6,0.4948453608247423,0.08934707903780069,1.2130584192439862,3.8969072164948453,0.0,0.11683848797250859,0.0,1.0756013745704467,0.0,0.0,0.08934707903780069,0.0,0.08247422680412371,1.3539518900343643,0.48109965635738833,0.0,0.422680412371134,0.4879725085910653,0.0,11.398625429553265,0.0,8.859106529209622,0.0,3.3058419243986252,2.7731958762886597,0.9553264604810997,6.9243986254295535,0.0,0.0,0.1134020618556701,0.0,0.0,0.3951890034364261,19.587628865979383,1.7938144329896908,0.0,0.12027491408934708,0.15463917525773196,0.0,0.4845360824742268,0.6804123711340206,0.0,0.07560137457044673,3.8900343642611683
1425,1491,4,0.6210191082802548,0.06369426751592357,0.8248407643312102,2.738853503184713,0.0,0.0,0.0,0.25796178343949044,0.0,0.0,0.46496815286624205,0.0,0.5382165605095541,2.461783439490446,1.1592356687898089,0.0,0.0,0.0,0.18471337579617833,2.738853503184713,0.03184713375796178,3.6082802547770703,0.0,4.43312101910828,2.4904458598726116,0.9171974522292994,6.573248407643312,0.0,0.0,0.0,0.0,0.1305732484076433,0.0,13.13375796178344,1.7101910828025477,0.0,0.009554140127388535,0.022292993630573247,0.0,0.28343949044585987,0.554140127388535,0.0,0.07643312101910828,4.449044585987261
1417,1889,4,0.5051244509516838,0.05710102489019034,0.7584187408491947,3.240117130307467,0.0,0.004392386530014641,0.0,0.048316251830161056,0.0,0.0,0.0,0.0,0.0014641288433382138,0.04978038067349927,0.005856515373352855,0.0,0.0014641288433382138,0.0,0.0,8.251830161054173,0.07174231332357248,2.888726207906296,0.0,8.522693997071743,1.3250366032210834,0.37042459736456806,6.755490483162518,0.0,0.1581259150805271,0.2913616398243045,0.0,0.0,0.0,15.389458272327964,1.9033674963396778,0.0,0.33528550512445093,0.055636896046852125,0.0,0.5285505124450952,0.527086383601757,0.0,0.03513909224011713,0.0
1431,368,4,0.5096153846153846,0.08653846153846154,0.625,4.336538461538462,0.0,0.0,0.0,0.0,0.0,0.0,0.0,0.0,0.0,0.009615384615384616,0.0,0.0,0.0,0.0,0.0,9.576923076923077,0.0,3.519230769230769,0.0,10.221153846153847,2.269230769230769,0.16346153846153846,4.403846153846154,0.0,0.0,0.0,0.0,0.0,0.0,20.817307692307693,2.701923076923077,0.0,0.0,0.0,0.0,0.7115384615384616,0.7596153846153846,0.0,0.028846153846153848,0.0
1426,885,12,0.47753743760399336,0.08485856905158069,0.36938435940099834,3.0682196339434276,0.0,0.0,0.0,0.07986688851913477,0.0,0.0,0.0,0.0,0.0,0.10316139767054909,0.021630615640599003,0.0,0.0,0.018302828618968387,0.0,10.149750415973378,0.0,2.399334442595674,0.0,5.525790349417638,2.0033277870216306,0.07986688851913477,3.59567387687188,0.0,0.0,0.0,0.0,0.0,0.0,13.154742096505824,2.1630615640599,0.0,0.0,0.0,0.0,0.3178036605657238,0.4858569051580699,0.0,0.016638935108153077,0.0
1418,959,4,0.5446428571428571,0.10714285714285714,0.625,3.7604166666666665,0.0,0.0,0.0,0.4538690476190476,0.0,0.017857142857142856,0.0,0.0,0.05654761904761905,0.5729166666666666,0.12053571428571429,0.0,0.0,0.28869047619047616,0.0,12.430059523809524,0.019345238095238096,10.266369047619047,0.0,14.802083333333334,3.8705357142857144,0.20238095238095238,4.355654761904762,0.0,0.0,0.13392857142857142,0.026785714285714284,0.0,0.0,14.96577380952381,2.3973214285714284,0.0,0.23214285714285715,0.08333333333333333,0.001488095238095238,1.2991071428571428,0.5491071428571429,0.0,0.0625,7.180059523809524
1421,1831,4,0.4393063583815029,0.046242774566473986,0.4277456647398844,3.2716763005780347,0.0,0.0,0.0,0.0,0.0,0.0,0.0,0.0,0.0,0.0,0.0,0.0,0.0,0.0,0.0,10.393063583815028,0.0,1.8554913294797688,0.0,7.1502890173410405,1.699421965317919,0.0,3.479768786127168,0.0,0.0,0.0,0.0,0.0,0.0,15.358381502890174,2.0751445086705202,0.0,0.0,0.0,0.0,0.6994219653179191,0.4913294797687861,0.0,0.057803468208092484,0.0
1431,53,3,0.9398907103825137,0.07650273224043716,0.3224043715846995,2.8469945355191255,0.0,0.0,0.0,0.0,0.0,0.0,0.0,0.0,0.0,0.0,0.0,0.0,0.0,0.0,0.0,6.666666666666667,0.00546448087431694,2.453551912568306,0.0,8.557377049180328,1.5683060109289617,0.04371584699453552,2.579234972677596,0.0,0.0,0.07650273224043716,0.0,0.0,0.0,12.978142076502733,1.3005464480874316,0.0,0.01092896174863388,0.0,0.0,0.5846994535519126,0.5409836065573771,0.0,0.15846994535519127,0.0
1428,104,15,0.5187667560321716,0.09517426273458444,0.5549597855227882,2.6219839142091153,0.0,0.0,0.0,0.15951742627345844,0.0,0.0,0.0,0.0,0.0,0.42091152815013405,0.14075067024128687,0.0,0.0,0.1742627345844504,0.0,14.013404825737265,0.0,3.7506702412868633,0.0,4.068364611260054,1.6219839142091153,0.1554959785522788,4.656836461126005,0.0,0.0,0.0,0.16621983914209115,0.0,0.0,10.172922252010723,1.1474530831099197,0.0,0.0,0.07238605898123325,0.0,0.2949061662198391,0.47587131367292224,0.0,0.032171581769437,2.072386058981233
1424,1770,4,0.5665829145728644,0.09547738693467336,0.33040201005025127,2.5263819095477387,0.0,0.0,0.0,0.2701005025125628,0.0,0.0,0.0,0.0,0.0,0.6695979899497487,0.2613065326633166,0.0,0.0,0.007537688442211055,0.13190954773869346,11.116834170854272,0.0,4.658291457286432,0.0,9.621859296482413,1.885678391959799,0.22613065326633167,4.447236180904523,0.0,0.0,0.0942211055276382,0.0,0.0,0.0,10.836683417085426,1.4836683417085428,0.0,0.0364321608040201,0.02386934673366834,0.0,0.6005025125628141,0.4510050251256281,0.0,0.032663316582914576,0.157035175879397
1426,1785,4,0.5783132530120482,0.09337349397590361,0.3042168674698795,4.295180722891566,0.0,0.0,0.0,0.009036144578313253,0.0,0.0,0.0030120481927710845,0.0,0.0,0.03614457831325301,0.02108433734939759,0.0,0.0,0.0,0.0,11.135542168674698,0.0,2.8795180722891565,0.0,10.16566265060241,2.5963855421686746,0.018072289156626505,3.894578313253012,0.0,0.0,0.06325301204819277,0.13253012048192772,0.0,0.0,19.789156626506024,2.4939759036144578,0.0,0.02108433734939759,0.0,0.0,0.7319277108433735,0.5542168674698795,0.0,0.060240963855421686,0.0
1425,653,12,0.5206349206349207,0.10158730158730159,0.2571428571428571,4.920634920634921,0.0,0.0,0.0,0.0,0.0,0.0,0.0,0.0,0.0,0.06666666666666667,0.0,0.0,0.0,0.0,0.0,12.844444444444445,0.012698412698412698,3.015873015873016,0.0,15.0,4.130158730158731,0.015873015873015872,2.092063492063492,0.0,0.11746031746031746,0.17777777777777778,0.25396825396825395,0.0,0.0,22.847619047619048,2.8984126984126983,0.0,0.06984126984126984,0.0,0.0,1.1047619047619048,0.7111111111111111,0.0,0.047619047619047616,0.0
1421,1084,4,0.5793499043977055,0.08986615678776291,0.10707456978967496,3.1682600382409176,0.0,0.009560229445506692,0.0,0.1835564053537285,0.0,0.0,0.011472275334608031,0.0,0.0,0.3422562141491396,0.09177820267686425,0.0,0.0,1.9541108986615678,0.045889101338432124,10.116634799235182,0.0,4.376673040152964,0.0,7.738049713193116,2.089866156787763,0.32504780114722753,4.506692160611855,0.0,0.0,0.0,0.0,0.0,0.0,13.982791586998088,1.8604206500956022,0.0,0.24665391969407266,0.11663479923518165,0.0,0.7208413001912046,0.47992351816443596,0.0,0.05353728489483748,9.678776290630974
1426,1423,4,0.36923076923076925,0.06153846153846154,0.48717948717948717,3.082051282051282,0.0,0.0,0.0,0.21025641025641026,0.0,0.0,0.0,0.0,0.0,0.4461538461538462,0.09230769230769231,0.0,0.0,0.06153846153846154,0.0,10.723076923076922,0.046153846153846156,2.5076923076923077,0.0,7.794871794871795,2.2512820512820513,0.2205128205128205,5.7384615384615385,0.0,0.0,0.0,0.0,0.0,0.0,12.871794871794872,1.7897435897435898,0.0,0.0,0.0,0.0,0.9743589743589743,0.5846153846153846,0.0,0.02564102564102564,0.1076923076923077
1420,1873,4,0.6017964071856288,0.08682634730538923,0.5748502994011976,3.8877245508982035,0.0,0.0,0.0,0.0,0.0,0.0,0.0029940119760479044,0.0,0.0,0.17365269461077845,0.12275449101796407,0.0,0.0,0.0,0.0,12.726047904191617,0.0029940119760479044,2.2934131736526946,0.0,19.57634730538922,3.5404191616766467,0.18113772455089822,4.107784431137724,0.0,0.13622754491017963,0.19760479041916168,0.0,0.0,0.0,17.588323353293415,2.552395209580838,0.0,0.19760479041916168,0.023952095808383235,0.0,1.2544910179640718,0.5718562874251497,0.0,0.07035928143712575,2.0269461077844313
1432,134,4,0.6872586872586872,0.15444015444015444,1.054054054054054,7.7992277992278,0.0,0.0,0.0,0.0,0.0,0.0,0.0,0.0,0.0,0.15057915057915058,0.0,0.0,0.0,0.0,0.0,14.77992277992278,0.09266409266409266,31.247104247104247,0.0,16.474903474903474,2.9613899613899615,0.18532818532818532,4.517374517374518,0.0,0.0,0.33976833976833976,0.0,0.0,0.0,27.254826254826256,3.393822393822394,0.0,0.42084942084942084,0.09266409266409266,0.0,1.05019305019305,23.853281853281853,0.0,0.05019305019305019,0.0
1425,1310,4,0.4829467939972715,0.07503410641200546,0.3178717598908595,2.840381991814461,0.0,0.0,0.0,0.0,0.0,0.0,0.0,0.0,0.0,0.0572987721691678,0.010914051841746248,0.0,0.0,0.0,0.005457025920873124,11.784447476125512,0.0,1.7830832196452933,0.0,7.791268758526603,1.7148703956343794,0.10368349249658936,3.586630286493861,0.0,0.0,0.10641200545702592,0.0,0.0,0.0,11.723055934515688,1.854024556616644,0.0,0.24010914051841747,0.09004092769440655,0.0,0.44747612551159616,0.4051841746248295,0.0,0.03547066848567531,0.0
1436,1798,4,0.5614035087719298,0.07017543859649122,1.1988304093567252,3.672514619883041,0.0,0.0,0.0,0.038011695906432746,0.0,0.0,0.0029239766081871343,0.02631578947368421,0.0,0.07602339181286549,0.0029239766081871343,0.0,0.0,0.0,0.03216374269005848,14.298245614035087,0.011695906432748537,2.154970760233918,0.0,10.777777777777779,1.9269005847953216,0.2777777777777778,4.175438596491228,0.0,0.1695906432748538,0.5964912280701754,0.0,0.0,0.0,15.596491228070175,2.1023391812865495,0.0,0.5906432748538012,0.04678362573099415,0.0,0.7690058479532164,0.6140350877192983,0.0,0.043859649122807015,1.435672514619883
1436,1664,4,0.6165644171779141,0.09202453987730061,0.5521472392638037,4.475460122699387,0.0,0.03987730061349693,0.0,0.009202453987730062,0.0,0.0,0.0,0.0,0.0,0.20705521472392638,0.06901840490797546,0.0,0.010736196319018405,0.15644171779141106,0.0,13.615030674846626,0.03987730061349693,3.0245398773006134,0.0,10.128834355828221,3.4003067484662575,0.1058282208588957,4.079754601226994,0.0,0.12269938650306748,0.8987730061349694,0.08282208588957055,0.0,0.0,21.584355828220858,2.5092024539877302,0.0,0.24233128834355827,0.05061349693251534,0.0,0.6319018404907976,0.6671779141104295,0.0,0.04447852760736196,2.1779141104294477
1431,1908,4,0.45953360768175583,0.10699588477366255,0.9602194787379973,4.196159122085048,0.0,0.0,0.0,0.0,0.0,0.0,0.0,0.0,0.0,0.05075445816186557,0.0,0.0,0.0,0.0,0.0,16.150891632373114,0.10150891632373114,3.0205761316872426,0.0,9.486968449931412,1.6598079561042525,0.40877914951989025,4.8559670781893,0.0,0.0,0.6570644718792867,0.16049382716049382,0.0,0.0,20.319615912208505,2.1316872427983538,0.0,0.5761316872427984,0.07818930041152264,0.0,0.6625514403292181,11.304526748971194,0.0,0.03429355281207133,0.023319615912208505
1425,695,4,0.5741029641185648,0.14040561622464898,0.8939157566302652,5.9609984399375975,0.0,0.0,0.0,0.0405616224648986,0.0,0.0,0.1622464898595944,0.0,0.057722308892355696,0.5397815912636506,0.1310452418096724,0.0,0.0,0.0,0.0,14.585023400936038,0.0202808112324493,2.6162246489859595,0.0,10.343213728549141,5.053042121684867,0.12792511700468018,4.822152886115445,0.0,0.0,0.21372854914196568,0.0,0.0,0.0,25.249609984399378,3.081123244929797,0.0,0.33073322932917315,0.0187207488299532,0.0,0.6911076443057722,0.6333853354134166,0.0,0.0499219968798752,2.2262090483619343
1430,837,4,0.5879120879120879,0.11538461538461539,0.03296703296703297,6.730769230769231,0.0,0.0,0.0,0.027472527472527472,0.0,0.0,0.0,0.0,0.0,0.45054945054945056,0.12087912087912088,0.0,0.0,0.02197802197802198,0.0,19.73076923076923,0.0,2.642857142857143,0.0,25.15934065934066,4.197802197802198,0.14285714285714285,3.3076923076923075,0.0,0.0,0.0,0.0,0.0,0.0,25.439560439560438,4.126373626373627,0.0,0.43956043956043955,0.0,0.0,1.4065934065934067,0.5824175824175825,0.0,0.04945054945054945,1.0824175824175823
1431,671,12,0.6638888888888889,0.1111111111111111,0.2833333333333333,3.886111111111111,0.0,0.0,0.0,0.0,0.0,0.0,0.0,0.0,0.0,0.0,0.0,0.0,0.0,0.0,0.0,14.547222222222222,0.0,2.05,0.0,6.533333333333333,1.5416666666666667,0.0,3.738888888888889,0.0,0.0,0.0,0.0,0.0,0.0,15.76388888888889,2.433333333333333,0.0,0.0,0.0,0.0,0.3611111111111111,0.5722222222222222,0.0,0.03888888888888889,0.0
1428,969,3,0.505,0.14,0.06,5.615,0.0,0.17,0.0,0.465,0.0,0.0,0.095,0.0,0.135,1.07,0.41,0.0,0.0,0.24,0.185,13.775,0.0,2.79,0.0,8.385,4.615,0.57,5.29,0.0,0.0,0.0,0.0,0.0,0.0,20.84,3.495,0.0,0.015,0.13,0.0,0.6,0.49,0.0,0.05,1.215
1431,1643,4,0.4656084656084656,0.07407407407407407,0.41798941798941797,3.947089947089947,0.0,0.0,0.0,0.0,0.0,0.0,0.0,0.0,0.0,0.047619047619047616,0.0,0.0,0.0,0.0,0.0,12.365079365079366,0.0,2.4656084656084656,0.0,12.047619047619047,2.9788359788359786,0.08465608465608465,3.5343915343915344,0.0,0.0,0.0,0.0,0.0,0.0,17.43915343915344,2.814814814814815,0.0,0.0,0.0,0.0,0.8518518518518519,0.544973544973545,0.0,0.026455026455026454,0.2328042328042328
1437,990,12,0.459954233409611,0.06178489702517163,1.05720823798627,3.88558352402746,0.0,0.0,0.0,0.0,0.0,0.0,0.0,0.0,0.0,0.07551487414187644,0.0,0.0,0.0,0.0,0.0,12.752860411899313,0.08466819221967964,2.5354691075514872,0.0,9.649885583524027,1.4439359267734553,0.6178489702517163,5.803203661327231,0.0,0.0,0.38443935926773454,0.0,0.0,0.029748283752860413,17.08237986270023,1.965675057208238,0.0,0.21052631578947367,0.17848970251716248,0.0,0.7139588100686499,0.6178489702517163,0.0,0.04805491990846682,0.0
1436,1047,11,0.4027603513174404,0.07653701380175659,0.21706398996235884,3.658720200752823,0.0,0.0,0.0,0.424090338770389,0.0,0.0,0.028858218318695106,0.0,0.027603513174404015,0.9937264742785445,0.24090338770388958,0.0,0.0,0.08782936010037641,0.0,12.81555834378921,0.0,3.1756587202007527,0.0,6.189460476787954,3.8243412797992473,0.21580928481806774,4.327478042659975,0.0,0.0,0.0451693851944793,0.0,0.0,0.0,14.829360100376412,2.1317440401505645,0.0,0.0,0.05144291091593475,0.0,0.9385194479297365,0.533249686323714,0.0,0.056461731493099125,4.257214554579674
1431,1195,4,0.3951701427003293,0.09330406147091108,0.3633369923161361,3.4731064763995607,0.0,0.11964873765093303,0.0,0.5082327113062569,0.0,0.0,0.0,0.0,0.1350164654226125,0.9549945115257958,0.31284302963776073,0.0,0.22283205268935236,0.22941822173435786,0.007683863885839737,13.254665203073545,0.006586169045005488,1.9132821075740944,0.0,5.165751920965971,3.119648737650933,0.5367727771679474,4.690450054884742,0.006586169045005488,0.0,0.12294182217343579,0.0,0.0,1.1668496158068058,14.873765093304062,1.9945115257958288,0.0,0.0,0.08232711306256861,0.0,0.6619099890230515,0.5762897914379802,1.4061470911086718,0.06476399560922064,10.058177826564215
1431,1819,4,0.5019083969465649,0.08587786259541985,0.6374045801526718,3.7900763358778624,0.0,0.0,0.1183206106870229,0.0,0.0,0.0,0.0,0.0,0.0,0.1431297709923664,0.0,0.0,0.0,0.0,0.0,11.44083969465649,0.0057251908396946565,2.1889312977099236,0.0,8.17557251908397,2.7576335877862594,0.29389312977099236,4.515267175572519,0.0,0.0,0.003816793893129771,0.15839694656488548,0.0,0.14694656488549618,17.5,2.551526717557252,0.0,0.12786259541984732,0.011450381679389313,0.0,0.7232824427480916,0.6030534351145038,0.0,0.05152671755725191,0.0
1433,81,16,0.6432160804020101,0.08542713567839195,0.5628140703517588,3.2613065326633164,0.0,0.032663316582914576,0.0,0.022613065326633167,0.0,0.0,0.0,0.0,0.0,0.09296482412060302,0.017587939698492462,0.0,0.0,0.0,0.0,6.5703517587939695,0.020100502512562814,2.457286432160804,0.0,4.613065326633166,1.3467336683417086,0.01507537688442211,3.592964824120603,0.0,0.0,0.9371859296482412,0.0,0.0,0.0,17.329145728643216,1.9773869346733668,0.0,0.7211055276381909,0.3417085427135678,0.0,0.19597989949748743,0.5577889447236181,0.0,0.04020100502512563,0.11557788944723618
1429,520,4,0.5185185185185185,0.08436213991769548,0.1111111111111111,2.757201646090535,0.0,0.0,0.0,0.09876543209876543,0.0,0.0,0.0,0.0,0.0,0.21810699588477367,0.0823045267489712,0.0,0.0,0.0102880658436214,0.0,10.506172839506172,0.0,3.1646090534979425,0.0,7.58641975308642,1.2551440329218106,0.0102880658436214,3.331275720164609,0.0,0.0,0.0,0.0,0.0,0.0,11.022633744855968,1.5987654320987654,0.0,0.0,0.0,0.0,0.5699588477366255,0.46502057613168724,0.0,0.02880658436213992,0.0
1432,1851,4,0.47733333333333333,0.09333333333333334,0.7146666666666667,3.7946666666666666,0.0,0.0,0.0,0.0,0.0,0.0,0.104,0.0,0.0,0.664,0.17866666666666667,0.0,0.0,0.0,0.0,14.234666666666667,0.0,1.872,0.0,12.472,2.5866666666666664,0.0,4.264,0.0,0.0,0.22666666666666666,0.0,0.0,0.0,14.746666666666666,2.312,0.0,0.48533333333333334,0.056,0.0,0.6986666666666667,0.49333333333333335,0.0,0.05333333333333334,2.9093333333333335
1428,1891,4,0.6012861736334405,0.1832797427652733,0.9115755627009646,5.104501607717042,0.0,0.0,0.0,0.0,0.0,0.0,0.0,0.0,0.0,0.12057877813504823,0.0,0.0,0.0,0.0,0.0,9.143086816720258,0.07717041800643087,39.766881028938904,0.0,9.741157556270096,1.6591639871382637,0.12379421221864952,4.268488745980707,0.0,0.0,0.27491961414790994,0.0,0.0,0.0,16.2508038585209,1.7218649517684887,0.0,0.2620578778135048,0.03858520900321544,0.0,0.6816720257234726,2.7781350482315115,0.0,0.04983922829581994,0.06430868167202572
1432,620,4,0.7660818713450293,0.13450292397660818,0.1871345029239766,6.257309941520468,0.0,0.0,0.0,0.0,0.0,0.0,0.0,0.0,0.0,0.08771929824561403,0.13450292397660818,0.0,0.0,0.0,0.0,15.64327485380117,0.0,3.0935672514619883,0.0,19.093567251461987,4.017543859649122,0.011695906432748537,2.9649122807017543,0.0,0.0,0.0,0.0,0.0,0.0,26.450292397660817,3.5789473684210527,0.0,0.38596491228070173,0.0,0.0,1.567251461988304,0.8596491228070176,0.0,0.05263157894736842,0.12280701754385964
1438,1518,12,0.7857142857142857,0.07936507936507936,0.0,3.6706349206349205,0.0,0.0,0.0,0.023809523809523808,0.0,0.0,0.0,0.0,0.0,0.23412698412698413,0.005952380952380952,0.0,0.0,0.0,0.0,6.795634920634921,0.0,2.888888888888889,0.0,18.206349206349206,1.4345238095238095,0.011904761904761904,6.545634920634921,0.0,0.0,0.05555555555555555,0.0,0.0,0.047619047619047616,16.75793650793651,2.6706349206349205,0.0,0.9920634920634921,0.14484126984126985,0.0,1.0357142857142858,0.5436507936507936,0.0,0.03373015873015873,0.0
1440,252,15,0.4908062234794908,0.07779349363507779,0.6025459688826026,3.7934936350777937,0.0,0.10608203677510608,0.0,0.4596888260254597,0.0,0.0,0.0,0.0,0.09476661951909476,0.727015558698727,0.24752475247524752,0.0,0.21357850070721357,0.0594059405940594,0.0,13.903818953323904,0.04667609618104668,1.8132956152758133,0.0,8.145685997171146,2.1258840169731257,0.43705799151343705,8.004243281471004,0.002828854314002829,0.14992927864214992,0.3408769448373409,0.0,0.0,0.09618104667609619,17.42998585572843,1.9519094766619518,0.0,0.2248939179632249,0.07637906647807638,0.0,0.562942008486563,0.6548797736916548,0.0,0.05233380480905234,1.3903818953323903
1430,1231,11,0.49920760697305866,0.08240887480190175,0.21077654516640254,3.526148969889065,0.0,0.0,0.0,0.329635499207607,0.0,0.02694136291600634,0.0,0.0,0.0,0.23137876386687797,0.08557844690966719,0.0,0.0,0.022187004754358162,0.0,11.264659270998415,0.0,2.443740095087163,0.0,8.291600633914422,2.6148969889064975,0.25990491283676703,3.906497622820919,0.012678288431061807,0.0,0.12519809825673534,0.15213946117274169,0.0,0.0,14.09350237717908,2.4532488114104596,0.0,0.006339144215530904,0.01584786053882726,0.0,0.8351822503961965,0.49445324881141045,0.0,0.05388272583201268,0.0
1438,1988,4,0.49624060150375937,0.09774436090225563,0.5037593984962406,4.033834586466165,0.0,0.0,0.0,0.0,0.0,0.0,0.041353383458646614,0.0,0.0,0.39097744360902253,0.09022556390977443,0.0,0.0,0.0,0.21052631578947367,13.601503759398497,0.02631578947368421,2.225563909774436,0.0,8.842105263157896,2.8533834586466167,0.13533834586466165,3.4661654135338344,0.0,0.11278195488721804,0.9962406015037594,0.0,0.0,0.5601503759398496,18.007518796992482,2.7293233082706765,0.0,0.0,0.0,0.0,0.7330827067669173,0.5413533834586466,0.0,0.045112781954887216,0.0
1443,35,4,1.1677704194260485,0.15011037527593818,1.044150110375276,4.033112582781457,0.0,0.0,0.0,0.0,0.0,0.0,0.0,0.0,0.0,0.44150110375275936,0.26269315673289184,0.0,0.10154525386313466,0.0,0.0,14.066225165562914,0.05739514348785872,2.781456953642384,0.0,9.222958057395143,2.931567328918322,0.1434878587196468,3.7373068432671084,0.0,0.11037527593818984,0.11699779249448124,0.0,0.0,0.0,17.467991169977925,1.6114790286975718,0.0,0.19426048565121412,0.02869757174392936,0.0,0.6754966887417219,0.5584988962472406,0.0,0.40397350993377484,4.262693156732892
1439,594,5,0.621414913957935,0.06309751434034416,0.361376673040153,3.3365200764818357,0.0,0.0,0.0,0.019120458891013385,0.0,0.0,0.0,0.0,0.0,0.11281070745697896,0.0,0.0,0.0,0.0,0.0,11.340344168260039,0.0,2.292543021032505,0.0,9.076481835564053,2.2275334608030595,0.05353728489483748,3.9349904397705546,0.0,0.0,0.036328871892925434,0.08221797323135756,0.0,0.0,12.439770554493307,1.8776290630975143,0.0,0.0,0.01338432122370937,0.0,0.5965583173996176,0.42829827915869984,0.0,0.05162523900573614,0.0
1439,915,15,0.5827067669172933,0.13345864661654136,0.11278195488721804,4.962406015037594,0.0,0.0,0.0,0.24812030075187969,0.0,0.0,0.2387218045112782,0.0,0.03383458646616541,1.0169172932330828,0.5864661654135338,0.0,0.0,0.06954887218045112,0.18609022556390978,14.738721804511279,0.005639097744360902,3.2988721804511276,0.6898496240601504,23.31203007518797,7.178571428571429,0.45300751879699247,5.488721804511278,0.0,0.0,0.0,0.0,0.043233082706766915,0.0,18.588345864661655,3.3364661654135337,0.0,0.34962406015037595,0.0,0.0,1.462406015037594,0.6165413533834586,0.0,0.08458646616541353,0.9417293233082706
1431,1258,4,0.5791610284167794,0.09201623815967523,0.7929634641407307,3.9445196211096074,0.0,0.0,0.0,0.38565629228687415,0.0,0.0,0.0,0.0,0.0,0.35994587280108253,0.12719891745602166,0.0,0.0,0.0,0.0,13.012178619756428,0.0,3.1231393775372123,0.0,10.633288227334235,2.4573748308525034,0.14884979702300405,4.683355886332882,0.0,0.0,0.029769959404600813,0.0,0.0,0.0,15.457374830852503,2.4709066305818674,0.0,0.19215155615696888,0.10148849797023005,0.0,0.7090663058186739,0.5548037889039242,0.0,0.05142083897158322,0.05548037889039242
1440,1297,4,0.5373134328358209,0.10074626865671642,1.2723880597014925,3.708955223880597,0.0,0.0,0.0,0.0,0.0,0.0,0.0,0.0,0.0,0.0,0.0,0.0,0.0,0.0,0.0,15.5,0.05223880597014925,1.9179104477611941,0.0,11.220149253731343,2.291044776119403,0.21641791044776118,5.4216417910447765,0.0,0.0,0.3283582089552239,0.0,0.0,0.0,15.645522388059701,2.1977611940298507,0.0,0.5708955223880597,0.0708955223880597,0.0,0.7313432835820896,0.5447761194029851,0.0,0.022388059701492536,2.2388059701492535
1430,2001,4,0.5251299826689775,0.11611785095320624,0.8457538994800693,4.0103986135181975,0.0,0.0,0.0,0.05025996533795494,0.0,0.0,0.010398613518197574,0.022530329289428077,0.0,0.16291161178509533,0.06239168110918544,0.0,0.0,0.0,0.1369150779896014,13.511265164644714,0.05719237435008666,2.3760831889081455,0.0,13.235701906412478,2.755632582322357,0.21490467937608318,4.3847487001733105,0.0,0.04852686308492201,0.6863084922010398,0.0017331022530329288,0.0,0.0,17.904679376083187,2.611785095320624,0.006932409012131715,0.1022530329289428,0.0,0.0,0.9601386481802426,0.5476603119584056,0.0,0.043327556325823226,1.5719237435008666
1437,555,4,1.417808219178082,0.11643835616438356,3.9863013698630136,3.684931506849315,0.0,0.0,0.0,0.0,0.0,0.0,0.0,0.0,0.0,0.5342465753424658,0.2534246575342466,0.0,0.2328767123287671,0.0,0.0,8.554794520547945,0.2191780821917808,4.116438356164384,0.0,4.123287671232877,1.3013698630136987,0.9794520547945206,8.191780821917808,0.0,0.5821917808219178,0.5958904109589042,0.0,0.0,0.0,17.623287671232877,1.095890410958904,0.0,0.8082191780821918,0.3013698630136986,0.0,0.3082191780821918,0.815068493150685,0.0,0.410958904109589,2.0616438356164384
1440,1118,12,0.39544513457556935,0.08074534161490683,0.9296066252587992,2.8364389233954452,0.0,0.0,0.0,0.15527950310559005,0.0,0.0,0.045548654244306416,0.0,0.0,0.5590062111801242,0.14078674948240166,0.0,0.0,0.0,0.18219461697722567,13.246376811594203,0.022774327122153208,3.712215320910973,0.0,3.6645962732919255,1.3146997929606625,0.07039337474120083,5.641821946169772,0.0,0.0,0.09937888198757763,0.0,0.0,0.0,11.4472049689441,1.3519668737060042,0.0,0.21325051759834368,0.0,0.0,0.47619047619047616,0.5175983436853002,0.0,0.022774327122153208,0.0
1431,1550,11,0.47183098591549294,0.06690140845070422,1.0774647887323943,2.9014084507042255,0.0,0.028169014084507043,0.0,0.647887323943662,0.0,0.0,0.0,0.0,0.0,0.4295774647887324,0.08450704225352113,0.0,0.01056338028169014,0.09507042253521127,0.0,5.72887323943662,0.1056338028169014,1.7570422535211268,0.0,4.573943661971831,1.3133802816901408,0.5105633802816901,6.640845070422535,0.0,0.0,0.014084507042253521,0.0,0.0,0.06338028169014084,13.299295774647888,1.8204225352112675,0.0,0.017605633802816902,0.0,0.0,0.5176056338028169,0.5316901408450704,0.0,0.035211267605633804,0.75
1444,1690,4,0.4766666666666667,0.08333333333333333,0.47,4.88,0.0,0.0,0.0,0.08333333333333333,0.0,0.0,0.0,0.0,0.0,0.52,0.12333333333333334,0.0,0.0,0.0,0.0,12.313333333333333,0.0,2.59,0.0,10.716666666666667,2.6266666666666665,0.4266666666666667,6.05,0.04,0.0,0.36,0.0,0.0,0.5,21.42,2.95,0.0,0.0,0.06666666666666667,0.0,0.6833333333333333,5.83,0.0,0.03333333333333333,0.13
1435,1963,4,0.4807017543859649,0.0912280701754386,0.6526315789473685,3.394152046783626,0.0,0.0,0.0,0.0,0.0,0.0,0.0,0.0,0.0,0.017543859649122806,0.0,0.0,0.0,0.0,0.0,12.498245614035088,0.050292397660818715,2.423391812865497,0.0,8.25263157894737,1.1064327485380117,0.3707602339181287,5.738011695906433,0.0,0.0,0.5321637426900585,0.08187134502923976,0.0,0.0,16.76140350877193,1.7415204678362572,0.0,0.4608187134502924,0.025730994152046785,0.0,0.5859649122807018,0.7064327485380117,0.0,0.03742690058479532,0.4280701754385965
1442,324,12,0.757201646090535,0.09465020576131687,0.7283950617283951,2.6131687242798356,0.0,0.0,0.0,0.0,0.0,0.0,0.06995884773662552,0.0,0.07407407407407407,0.7736625514403292,0.3045267489711934,0.0,0.0,0.0,0.0,8.020576131687243,0.0,2.2757201646090537,0.0,2.0617283950617282,2.8559670781893005,0.3868312757201646,3.551440329218107,0.0,0.053497942386831275,0.0411522633744856,0.0,0.0,0.0,11.8559670781893,1.131687242798354,0.0,0.06584362139917696,0.0,0.0,0.32510288065843623,0.5102880658436214,0.0,0.0823045267489712,1.9670781893004115
1446,345,4,0.4247159090909091,0.0625,0.4588068181818182,2.4474431818181817,0.0,0.03835227272727273,0.0,0.5767045454545454,0.0,0.0,0.004261363636363636,0.0,0.03551136363636364,0.8309659090909091,0.3963068181818182,0.0,0.0,0.06818181818181818,0.0,11.264204545454545,0.0,3.9119318181818183,0.0,4.183238636363637,1.2855113636363635,0.046875,4.686079545454546,0.0,0.0,0.07528409090909091,0.0,0.0,0.0,10.032670454545455,1.1136363636363635,0.0,0.004261363636363636,0.07244318181818182,0.0,0.2840909090909091,0.4630681818181818,0.0,0.03977272727272727,0.0
1438,499,4,0.5024154589371981,0.05636070853462158,0.4605475040257649,2.789049919484702,0.0,0.0,0.0,0.08373590982286634,0.0,0.0,0.00644122383252818,0.0,0.01610305958132045,0.27697262479871176,0.06924315619967794,0.0,0.0,0.0,0.0,11.748792270531402,0.0,2.3285024154589373,0.0,7.169082125603865,2.1900161030595813,0.04508856682769726,3.9162640901771337,0.0,0.0,0.07568438003220612,0.0,0.0,0.0,11.68599033816425,1.6553945249597424,0.0,0.0,0.09822866344605476,0.0,0.5201288244766505,0.47987117552334946,0.0,0.024154589371980676,0.0
1442,960,4,0.5,0.03214285714285714,0.8892857142857142,2.475,0.0,0.0,0.0,0.0,0.0,0.0,0.0,0.0,0.0,0.0,0.0,0.0,0.0,0.0,0.0,3.4785714285714286,0.0,1.9285714285714286,0.0,2.6107142857142858,0.7464285714285714,0.0,4.667857142857143,0.0,0.0,0.08928571428571429,0.0,0.0,0.0,11.032142857142857,1.4714285714285715,0.0,0.14285714285714285,0.24642857142857144,0.0,0.0,0.5071428571428571,0.0,0.02857142857142857,0.0
1443,1170,4,0.44170403587443946,0.09641255605381166,0.5560538116591929,3.7466367713004485,0.0,0.0,0.0,0.09641255605381166,0.0,0.0,0.0,0.0,0.0,0.11659192825112108,0.01569506726457399,0.0,0.0,0.0,0.0,10.161434977578475,0.01569506726457399,2.3654708520179373,0.0,10.52017937219731,2.6121076233183858,0.21973094170403587,4.219730941704036,0.0,0.0,0.0,0.0,0.0,0.0,16.27578475336323,2.7713004484304933,0.0,0.06950672645739911,0.0,0.0,0.7488789237668162,0.5224215246636771,0.0,0.06726457399103139,0.0
1443,151,4,1.4241935483870967,0.07903225806451612,0.482258064516129,3.9951612903225806,0.0,0.0,0.1596774193548387,0.054838709677419356,0.0,0.0,0.0,0.0,0.0,0.1693548387096774,0.00967741935483871,0.0,0.0,0.0,0.00967741935483871,11.05,0.0,2.1887096774193546,0.0,9.098387096774193,2.0403225806451615,0.1870967741935484,3.8645161290322583,0.0,0.0,0.0,0.06129032258064516,0.0,0.0,17.220967741935485,2.496774193548387,0.0,0.32903225806451614,0.09032258064516129,0.0,0.5903225806451613,0.6048387096774194,0.0,0.42258064516129035,0.1435483870967742
1443,403,4,0.5853080568720379,0.07582938388625593,0.33175355450236965,3.360189573459716,0.0,0.0,0.0,0.037914691943127965,0.0,0.0,0.0,0.0,0.0,0.12559241706161137,0.02843601895734597,0.0,0.0,0.035545023696682464,0.0,12.002369668246445,0.0,2.8862559241706163,0.0,9.575829383886257,2.0071090047393363,0.04976303317535545,3.9170616113744074,0.0,0.0,0.04028436018957346,0.0,0.0,0.0,13.334123222748815,2.2109004739336493,0.0,0.05687203791469194,0.04739336492890995,0.0,0.7061611374407583,0.514218009478673,0.0,0.02132701421800948,0.08056872037914692
1440,1572,4,0.5509259259259259,0.07407407407407407,0.36342592592592593,3.7939814814814814,0.0,0.0,0.0,0.004629629629629629,0.0,0.0,0.0,0.0,0.0,0.027777777777777776,0.004629629629629629,0.0,0.0,0.0,0.0,12.800925925925926,0.0,2.488425925925926,0.0,6.703703703703703,2.6527777777777777,0.05787037037037037,3.803240740740741,0.0,0.06712962962962964,0.0,0.10416666666666667,0.0,0.0,14.766203703703704,2.212962962962963,0.0,0.0,0.07175925925925926,0.0,0.7314814814814815,0.4976851851851852,0.0,0.04861111111111111,0.0
1433,1874,4,0.43466666666666665,0.07733333333333334,0.864,5.421333333333333,0.0,0.06933333333333333,0.0,0.05333333333333334,0.0,0.0,0.0,0.0,0.0,1.6293333333333333,0.02666666666666667,0.0,0.0,0.0,0.0,13.944,0.07466666666666667,2.013333333333333,0.0,2.9546666666666668,2.9226666666666667,0.712,6.208,0.008,0.0,0.24,0.0,0.0,0.31466666666666665,22.762666666666668,2.912,0.0,0.152,0.010666666666666666,0.0,0.43733333333333335,0.608,0.0,0.09066666666666667,1.8773333333333333
1436,2013,4,0.5795454545454546,0.07954545454545454,0.8068181818181818,2.5681818181818183,0.0,0.0,0.0,0.0,0.0,0.0,0.0,0.0,0.0,0.06818181818181818,0.0,0.0,0.0,0.0,0.0,7.556818181818182,0.03409090909090909,3.340909090909091,0.0,7.056818181818182,1.2159090909090908,0.03409090909090909,3.6931818181818183,0.0,0.0,0.2727272727272727,0.0,0.0,0.0,11.75,1.2159090909090908,0.0,0.3181818181818182,0.0,0.0,0.6022727272727273,0.75,0.0,0.06818181818181818,0.0
1435,483,4,2.1449275362318843,0.18115942028985507,0.5289855072463768,1.9202898550724639,0.0,0.0,0.0,0.0,0.0,0.0,0.0,0.0,0.0,0.34782608695652173,0.12318840579710146,0.0,0.0,0.0,0.0,5.181159420289855,0.007246376811594203,1.963768115942029,0.0,4.1521739130434785,1.3405797101449275,0.1956521739130435,2.398550724637681,0.0,0.036231884057971016,0.028985507246376812,0.0,0.0,0.0,7.369565217391305,0.7681159420289855,0.0,0.036231884057971016,0.0,0.0,0.26811594202898553,0.463768115942029,0.0,0.8333333333333334,1.036231884057971
1441,204,4,0.4178082191780822,0.0410958904109589,0.4794520547945205,2.136986301369863,0.0,0.0,0.0,0.0,0.0,0.0,0.0,0.0,0.0,0.0,0.0,0.0,0.0,0.0,0.0136986301369863,3.863013698630137,0.0,1.8972602739726028,0.0,2.4246575342465753,0.684931506849315,0.0,4.6438356164383565,0.0,0.0,0.1917808219178082,0.0,0.0,0.0,11.780821917808218,1.452054794520548,0.0,0.0,0.3356164383561644,0.0136986301369863,0.0,0.4931506849315068,0.0,0.0273972602739726,0.0
1444,767,5,0.5870646766169154,0.0845771144278607,0.014925373134328358,3.5920398009950247,0.0,0.0,0.0,0.0,0.0,0.0,0.0,0.0,0.0,0.0,0.0,0.0,0.08955223880597014,0.0,0.0,10.616915422885572,0.0,1.7263681592039801,0.0,11.462686567164178,3.18407960199005,0.21890547263681592,2.427860696517413,0.0,0.0,0.0,0.1791044776119403,0.0,0.0,14.298507462686567,2.4328358208955225,0.0,0.0,0.0,0.0,0.9054726368159204,0.5572139303482587,0.0,0.029850746268656716,0.0
1437,1361,12,0.6510638297872341,0.09787234042553192,0.07872340425531915,3.7914893617021277,0.0,0.01276595744680851,0.0,0.03404255319148936,0.0,0.0,0.39574468085106385,0.0,0.02127659574468085,1.5,0.7468085106382979,0.0,0.0,0.0,0.6191489361702127,14.193617021276596,0.0,2.7787234042553193,0.27872340425531916,11.568085106382979,3.4659574468085106,0.46170212765957447,4.595744680851064,0.0,0.0,0.0,0.0,0.5936170212765958,0.0,15.017021276595745,2.3063829787234043,0.0,0.26382978723404255,0.023404255319148935,0.11702127659574468,0.7638297872340426,0.5446808510638298,0.0,0.0425531914893617,0.06382978723404255
1445,1431,4,0.5454545454545454,0.045454545454545456,0.24431818181818182,2.3920454545454546,0.14772727272727273,0.6704545454545454,0.0,0.9147727272727273,0.0,0.0,0.028409090909090908,0.0,0.24431818181818182,2.3579545454545454,0.7272727272727273,0.0,0.0,0.0,0.24431818181818182,9.210227272727273,0.0,3.903409090909091,0.0,1.4886363636363635,1.8011363636363635,2.1818181818181817,6.636363636363637,0.0,0.0,0.09090909090909091,0.0,0.0,0.0,12.744318181818182,1.0170454545454546,0.0,0.0,0.09090909090909091,0.0,0.30113636363636365,0.5340909090909091,0.0,0.13636363636363635,5.511363636363637
1436,1743,4,0.5996503496503497,0.10839160839160839,0.3776223776223776,3.222027972027972,0.0,0.0,0.0,0.0,0.0,0.0,0.0,0.0,0.0,0.03146853146853147,0.0034965034965034965,0.0,0.0,0.0,0.0,10.183566433566433,0.0,1.7832167832167831,0.0,13.31993006993007,2.297202797202797,0.18006993006993008,3.8426573426573425,0.0,0.0,0.01048951048951049,0.0,0.0,0.0,15.347902097902098,1.9632867132867133,0.0,0.017482517482517484,0.0017482517482517483,0.0,0.8986013986013986,0.5979020979020979,0.0,0.04195804195804196,2.7832167832167833
1444,693,12,0.6073298429319371,0.020942408376963352,2.481675392670157,2.8795811518324608,0.0,0.0,0.0,0.45549738219895286,0.0,0.0,0.19895287958115182,0.0,0.0,0.7382198952879581,0.3717277486910995,0.0,0.0,0.0,0.0,2.277486910994764,0.14659685863874344,5.853403141361256,0.0,3.319371727748691,1.581151832460733,1.2303664921465969,7.7591623036649215,0.0,0.08376963350785341,0.5235602094240838,0.0,0.0,0.0,16.42408376963351,1.356020942408377,0.0,0.36649214659685864,0.04712041884816754,0.0,0.3089005235602094,0.5602094240837696,0.0,0.05759162303664921,0.7958115183246073
1441,722,11,0.558047493403694,0.09366754617414248,0.05672823218997362,3.9920844327176783,0.0,0.12005277044854881,0.0,0.7044854881266491,0.0,0.0,0.006596306068601583,0.0,0.005277044854881266,1.4670184696569921,0.3641160949868074,0.0,0.10686015831134564,0.25857519788918204,0.052770448548812667,12.29155672823219,0.0,3.287598944591029,0.0,5.12532981530343,2.316622691292876,0.3720316622691293,4.9762532981530345,0.0,0.0,0.0,0.0,0.0,0.0,15.035620052770449,2.283641160949868,0.0,0.027704485488126648,0.1424802110817942,0.0,0.8271767810026385,0.5501319261213721,0.0,0.048812664907651716,7.014511873350924
1445,170,4,0.5975903614457831,0.1108433734939759,0.12771084337349398,4.36867469879518,0.0,0.3783132530120482,0.0,0.8385542168674699,0.0,0.0,0.0,0.0,0.0,2.3036144578313253,0.7060240963855422,0.0,1.1566265060240963,1.4481927710843374,0.1927710843373494,16.265060240963855,0.0,2.648192771084337,0.0,6.486746987951808,3.5566265060240965,0.7469879518072289,5.708433734939759,0.7228915662650602,0.0,0.3349397590361446,0.0,0.0,7.255421686746988,17.619277108433735,2.8,0.0,0.02650602409638554,0.25542168674698795,0.0,0.9349397590361446,0.6120481927710844,0.0,0.10602409638554217,7.363855421686747
1440,786,4,0.5185185185185185,0.08262108262108261,0.37037037037037035,2.7207977207977208,0.0,0.0,0.0,0.1396011396011396,0.0,0.0,0.0,0.0,0.0,0.2022792022792023,0.06552706552706553,0.0,0.0,0.008547008547008548,0.0,11.2991452991453,0.0,3.2792022792022792,0.0,8.98005698005698,1.8347578347578348,0.019943019943019943,4.7920227920227925,0.0,0.0,0.06267806267806268,0.0,0.0,0.0,11.777777777777779,1.6495726495726495,0.0,0.07122507122507123,0.005698005698005698,0.0,0.5299145299145299,0.46438746438746437,0.0,0.02564102564102564,0.11396011396011396
1440,1244,4,0.6089743589743589,0.057692307692307696,1.5961538461538463,2.108974358974359,0.0,0.0,0.0,0.0,0.0,0.0,0.05128205128205128,0.0,0.05128205128205128,0.4166666666666667,0.19230769230769232,0.0,0.0,0.0,0.019230769230769232,9.634615384615385,0.0,2.2051282051282053,0.0,8.384615384615385,0.9230769230769231,0.11538461538461539,7.128205128205129,0.0,0.0,0.0,0.0,0.00641025641025641,0.0,9.455128205128204,1.1538461538461537,0.0,0.0,0.5448717948717948,0.0,1.0128205128205128,0.48717948717948717,0.0,0.02564102564102564,0.0
1440,1886,11,0.4397163120567376,0.06382978723404255,0.8226950354609929,3.950354609929078,0.0,0.0,0.0,0.0,0.0,0.0,0.028368794326241134,0.0,0.0,0.22695035460992907,0.0,0.0,0.0,0.0,0.1276595744680851,13.00709219858156,0.1347517730496454,2.354609929078014,0.0,7.9361702127659575,2.8156028368794326,0.2198581560283688,5.3120567375886525,0.0,0.0,0.0,0.0,0.0,0.0,18.27659574468085,2.5815602836879434,0.0,0.0070921985815602835,0.0,0.0,0.5815602836879432,0.6879432624113475,0.0,0.02127659574468085,0.0425531914893617
1445,1322,12,0.5548387096774193,0.08387096774193549,0.5096774193548387,2.8129032258064517,0.0,0.0,0.0,0.25161290322580643,0.0,0.0,0.0,0.0,0.0,0.3161290322580645,0.08387096774193549,0.0,0.0,0.0,0.0,7.541935483870968,0.0,2.6838709677419357,0.0,2.509677419354839,1.3612903225806452,0.14838709677419354,3.6903225806451614,0.0,0.0,0.16129032258064516,0.0,0.0,1.270967741935484,13.516129032258064,1.1096774193548387,0.0,0.05806451612903226,0.0,0.0,0.3032258064516129,4.367741935483871,0.0,0.025806451612903226,0.0
1451,1469,4,0.5160349854227405,0.09620991253644315,0.33819241982507287,3.131195335276968,0.0,0.07871720116618076,0.0,1.1749271137026238,0.0,0.16326530612244897,0.04664723032069971,0.03206997084548105,0.04081632653061224,0.793002915451895,0.2536443148688047,0.0,0.0,0.27988338192419826,0.08163265306122448,7.947521865889213,0.0,2.7667638483965016,0.0,6.0641399416909625,2.1661807580174925,0.14868804664723032,5.058309037900875,0.0,0.13119533527696792,0.13411078717201166,0.13411078717201166,0.0,0.0,13.82798833819242,1.7463556851311954,0.5102040816326531,0.0,0.0641399416909621,0.0,0.8367346938775511,0.49854227405247814,0.0,0.0728862973760933,5.282798833819242
1445,1537,11,0.5421245421245421,0.08547008547008547,0.47863247863247865,4.261294261294261,0.0,0.0,0.0,0.0,0.0,0.0,0.0,0.0,0.0,0.001221001221001221,0.0,0.0,0.0,0.0,0.0,12.186813186813186,0.03663003663003663,2.473748473748474,0.0,5.853479853479853,2.7094017094017095,0.1514041514041514,4.5787545787545785,0.0,0.0,0.030525030525030524,0.2771672771672772,0.0,0.0,19.205128205128204,2.5409035409035408,0.0,0.0,0.03296703296703297,0.0,0.44078144078144077,0.6263736263736264,0.0,0.04151404151404151,0.0
1451,75,15,0.4798206278026906,0.07174887892376682,0.2556053811659193,5.318385650224215,0.0,0.026905829596412557,0.0,0.27802690582959644,0.0,0.0,0.0,0.0,0.013452914798206279,1.9103139013452914,0.5739910313901345,0.0,0.0,0.35874439461883406,0.0,6.802690582959642,0.07174887892376682,1.7219730941704037,0.0,3.2645739910313902,3.6681614349775784,0.34977578475336324,5.179372197309417,0.6816143497757847,0.0,0.16591928251121077,0.0,0.0,2.4170403587443947,23.81165919282511,3.381165919282511,0.0,0.0,0.017937219730941704,0.0,0.3004484304932735,3.7219730941704037,0.0,0.08968609865470852,2.89237668161435
1446,1149,12,0.5714285714285714,0.07847082494969819,0.26961770623742454,2.5010060362173037,0.0,0.01609657947686117,0.0,0.16700201207243462,0.0,0.0,0.0,0.0,0.0,0.38832997987927564,0.13279678068410464,0.0,0.0,0.0,0.0,10.61569416498994,0.0,3.356136820925553,0.0,7.162977867203219,1.221327967806841,0.08249496981891348,3.4406438631790746,0.0,0.0,0.30784708249496984,0.0,0.0,0.0,10.014084507042254,1.3742454728370221,0.0,0.0,0.01609657947686117,0.0,0.5513078470824949,0.4507042253521127,0.0,0.03420523138832998,0.40040241448692154
1454,524,4,0.505175983436853,0.10559006211180125,0.22981366459627328,4.273291925465839,0.0,0.010351966873706004,0.0,0.10973084886128365,0.0,0.0,0.0,0.0,0.0,0.7701863354037267,0.022774327122153208,0.0,0.031055900621118012,0.06625258799171843,0.0,12.10351966873706,0.0,2.2256728778467907,0.0,6.41407867494824,4.037267080745342,0.3022774327122153,3.2525879917184266,0.0,0.0,0.028985507246376812,0.0,0.0,0.23809523809523808,17.658385093167702,2.739130434782609,0.0,0.028985507246376812,0.006211180124223602,0.0,0.5797101449275363,0.6169772256728778,0.0,0.041407867494824016,5.824016563146998
1442,647,12,0.4838337182448037,0.07736720554272518,0.5046189376443418,3.0785219399538106,0.0,0.0,0.0,0.0,0.0,0.0,0.010392609699769052,0.0,0.0,0.03810623556581986,0.008083140877598153,0.0,0.0,0.0,0.04734411085450346,11.636258660508084,0.0,2.367205542725173,0.0,6.3891454965357966,1.4907621247113163,0.004618937644341801,3.07621247113164,0.0,0.0,0.03348729792147806,0.0,0.0,0.0,11.837182448036952,1.7424942263279446,0.0,0.050808314087759814,0.017321016166281754,0.009237875288683603,0.3995381062355658,0.5184757505773672,0.0,0.012702078521939953,0.0
1447,1233,7,0.6036585365853658,0.07926829268292683,0.0975609756097561,2.6402439024390243,0.0,0.10365853658536585,0.0,0.4024390243902439,0.0,0.0,0.0,0.0,0.0,0.5548780487804879,0.3353658536585366,0.0,0.0,0.8170731707317073,0.006097560975609756,6.701219512195122,0.0,4.932926829268292,0.0,12.707317073170731,0.7560975609756098,0.18292682926829268,5.475609756097561,0.0,0.0,0.0,0.0,0.0,0.0,12.115853658536585,1.451219512195122,0.0,0.7987804878048781,0.24390243902439024,0.0,0.8292682926829268,0.5,0.0,0.11585365853658537,3.225609756097561
1446,744,12,0.5493562231759657,0.11587982832618025,0.2832618025751073,6.785407725321888,0.0,0.0,0.0,0.03862660944206009,0.0,0.0,0.34763948497854075,0.0,0.0,1.6223175965665235,0.48497854077253216,0.0,0.0,0.30042918454935624,1.3133047210300428,13.86266094420601,0.02575107296137339,1.55793991416309,0.0,10.060085836909872,5.381974248927039,0.2703862660944206,4.098712446351931,0.0,0.0,0.12446351931330472,0.0,0.0,0.45064377682403434,29.064377682403432,5.180257510729613,0.0,0.0,0.0,0.0,0.6909871244635193,0.5879828326180258,0.0,0.09012875536480687,0.8111587982832618
1446,816,4,0.5592592592592592,0.06666666666666667,0.003703703703703704,2.562962962962963,0.0,0.17407407407407408,0.0,0.9962962962962963,0.0,0.0,0.1,0.0,0.0,1.5777777777777777,0.662962962962963,0.0,0.11481481481481481,0.09259259259259259,0.1037037037037037,7.633333333333334,0.0,3.7444444444444445,0.0,9.059259259259258,1.137037037037037,0.6296296296296297,6.0851851851851855,0.04814814814814815,0.0,0.06666666666666667,0.0,0.0,0.9074074074074074,10.440740740740742,1.4407407407407407,0.0,0.3111111111111111,0.08148148148148149,0.0,0.7296296296296296,0.4777777777777778,0.0,0.07037037037037037,1.374074074074074
1448,1206,4,0.6276276276276276,0.17417417417417416,0.7327327327327328,4.108108108108108,0.0,0.009009009009009009,0.0,0.25225225225225223,0.0,0.0,0.0,0.0,0.0,0.4294294294294294,0.14714714714714713,0.0,0.03903903903903904,0.09009009009009009,0.009009009009009009,20.306306306306308,0.0,2.894894894894895,0.0,18.204204204204203,1.87987987987988,0.3183183183183183,4.8108108108108105,0.0,0.0,0.0,0.0,0.0,0.0,16.70870870870871,2.6636636636636637,0.0,0.12312312312312312,0.03003003003003003,0.0,1.0810810810810811,0.5705705705705706,0.0,0.03003003003003003,0.0
1446,1554,4,0.41721854304635764,0.046357615894039736,0.8377483443708609,2.771523178807947,0.0,0.0,0.0,0.0,0.0,0.0,0.0,0.0,0.0,0.019867549668874173,0.0,0.0,0.0,0.0,0.0,8.357615894039736,0.029801324503311258,1.9503311258278146,0.0,3.052980132450331,1.304635761589404,0.3443708609271523,6.6655629139072845,0.0,0.0,0.0,0.0,0.0,0.0,14.718543046357615,1.8178807947019868,0.0,0.052980132450331126,0.029801324503311258,0.0,0.24834437086092714,0.6059602649006622,0.0,0.03642384105960265,0.0
1458,1758,4,0.5173745173745173,0.10038610038610038,0.2277992277992278,4.9652509652509655,0.0,0.0,0.0,0.0,0.0,0.0,0.0,0.0,0.0,0.4362934362934363,0.05405405405405406,0.0,0.0,0.04633204633204633,0.0,15.305019305019306,0.06177606177606178,1.9305019305019304,0.0,15.096525096525097,3.1776061776061777,0.33204633204633205,4.969111969111969,0.05019305019305019,0.0,0.13127413127413126,0.0,0.0,0.07335907335907337,21.814671814671815,2.969111969111969,0.0,0.0,0.0,0.0,0.9845559845559846,0.6911196911196911,0.0,0.05791505791505792,0.444015444015444
1456,850,4,0.5562659846547314,0.08312020460358056,1.0549872122762147,3.612531969309463,0.0,0.0,0.0,0.2647058823529412,0.0,0.0,0.0,0.0,0.0,0.5498721227621484,0.16751918158567775,0.0,0.0,0.0,0.0012787723785166241,11.112531969309464,0.052429667519181586,4.398976982097187,0.0,8.430946291560103,1.7046035805626598,0.5153452685421995,7.0588235294117645,0.010230179028132993,0.24808184143222506,0.3209718670076726,0.0,0.0,0.0,17.653452685421996,1.8925831202046035,0.0,0.14705882352941177,0.13938618925831203,0.0,0.6240409207161125,0.6329923273657289,0.0,0.054987212276214836,0.0
1448,891,12,0.5652777777777778,0.09166666666666666,1.3208333333333333,3.1152777777777776,0.0,0.0,0.0,0.022222222222222223,0.0,0.0,0.004166666666666667,0.0,0.0,0.14027777777777778,0.015277777777777777,0.0,0.0,0.002777777777777778,0.029166666666666667,14.248611111111112,0.030555555555555555,2.433333333333333,0.0,4.855555555555555,1.176388888888889,0.17777777777777778,6.186111111111111,0.0,0.0,0.020833333333333332,0.0,0.0,0.0,12.579166666666667,1.6777777777777778,0.0,0.07222222222222222,0.019444444444444445,0.0,0.33055555555555555,0.5194444444444445,0.0,0.034722222222222224,0.0375
1451,1101,4,0.5258064516129032,0.10967741935483871,0.7645161290322581,3.235483870967742,0.0,0.0,0.0,0.44193548387096776,0.0,0.0,0.0,0.0,0.00967741935483871,0.45161290322580644,0.15483870967741936,0.0,0.0,0.4483870967741935,0.0,16.906451612903226,0.0,9.412903225806451,0.0,4.7387096774193544,1.9709677419354839,0.14516129032258066,5.003225806451613,0.0,0.0,0.13548387096774195,0.0,0.0,0.0,13.803225806451612,1.8387096774193548,0.0,0.2645161290322581,0.0,0.0,0.6161290322580645,0.5290322580645161,0.0,0.03870967741935484,5.645161290322581
1450,2006,16,0.4722222222222222,0.05092592592592592,0.7569444444444444,3.2060185185185186,0.0,0.0,0.0,0.0,0.0,0.0,0.0,0.0,0.0,0.0,0.0,0.0,0.0,0.0,0.0,6.143518518518518,0.05324074074074074,1.7268518518518519,0.0,4.805555555555555,1.3842592592592593,0.4166666666666667,4.976851851851852,0.0,0.0,0.0,0.0,0.0,0.0,14.222222222222221,2.0625,0.0,0.046296296296296294,0.11805555555555555,0.0,0.5810185185185185,0.5324074074074074,0.0,0.027777777777777776,1.9768518518518519
1453,474,7,17.891176470588235,0.1411764705882353,0.0058823529411764705,3.2941176470588234,0.0,0.0,0.0,0.09117647058823529,0.0,0.0,0.0,0.0,0.0029411764705882353,0.4294117647058823,0.1676470588235294,0.0,0.0,0.0,0.0,9.847058823529412,0.0,2.1882352941176473,0.0,8.644117647058824,3.3147058823529414,0.0,1.5058823529411764,0.0,0.0,0.0,0.0,0.0,0.0,13.220588235294118,1.5147058823529411,0.0,0.0,0.0,0.0,0.5705882352941176,0.6647058823529411,0.0,17.65,1.4058823529411764
1456,1374,5,0.4642857142857143,0.052521008403361345,0.25,2.7331932773109244,0.0,0.0,0.0,0.0,0.0,0.0,0.09033613445378151,0.0,0.0,0.1953781512605042,0.10084033613445378,0.0,0.0,0.0,0.3487394957983193,7.741596638655462,0.0,1.8802521008403361,0.0,5.073529411764706,1.468487394957983,0.07563025210084033,3.7941176470588234,0.0,0.0,0.014705882352941176,0.0,0.0,0.0,11.256302521008404,1.6974789915966386,0.0,0.0,0.052521008403361345,0.052521008403361345,0.24579831932773108,0.5441176470588235,0.0,0.01680672268907563,1.3277310924369747
1451,618,4,0.5268691588785047,0.09228971962616822,0.6950934579439252,3.9007009345794392,0.010514018691588784,0.12266355140186916,0.0,0.5537383177570093,0.0,0.0,0.2897196261682243,0.0,0.3492990654205608,2.0023364485981308,0.9299065420560748,0.0,0.02219626168224299,0.12850467289719625,0.09228971962616822,15.142523364485982,0.14485981308411214,3.6320093457943927,0.18341121495327103,8.143691588785046,4.803738317757009,0.5981308411214953,7.372663551401869,0.0,0.0,0.102803738317757,0.09345794392523364,0.0,0.0,17.10397196261682,2.0654205607476634,0.0,0.02102803738317757,0.2850467289719626,0.14485981308411214,0.735981308411215,0.5817757009345794,0.0,0.10046728971962617,6.18107476635514
1452,830,12,0.8464646464646465,0.1111111111111111,0.06666666666666667,4.83030303030303,0.0,0.0,0.0,0.06060606060606061,0.0,0.0,0.03838383838383838,0.0,0.0,0.36363636363636365,0.13535353535353536,0.0,0.0,0.0,0.05858585858585859,15.096969696969698,0.0,3.393939393939394,0.006060606060606061,27.373737373737374,2.3656565656565656,0.17373737373737375,6.569696969696969,0.0,0.0,0.050505050505050504,0.0,0.020202020202020204,0.24646464646464647,19.961616161616163,3.2181818181818183,0.0,0.98989898989899,0.03636363636363636,0.0,1.597979797979798,0.5595959595959596,0.0,0.06262626262626263,0.024242424242424242
1450,1221,7,0.5882352941176471,0.07352941176470588,0.8872549019607843,3.4705882352941178,0.0,0.0,0.0,0.09803921568627451,0.0,0.0,0.0,0.0,0.0,0.17647058823529413,0.06862745098039216,0.0,0.28921568627450983,0.7892156862745098,0.029411764705882353,20.764705882352942,0.0,5.377450980392157,0.0,15.71078431372549,1.3137254901960784,0.4411764705882353,5.799019607843137,0.0,0.0,0.0,0.0,0.0,0.0,15.07843137254902,1.9901960784313726,0.0,0.2549019607843137,0.10294117647058823,0.0,1.0196078431372548,0.5294117647058824,0.0,0.03431372549019608,3.3627450980392157
1454,1781,4,0.5677083333333334,0.09895833333333333,0.5364583333333334,5.052083333333333,0.0,0.0,0.0,0.0,0.0,0.0,0.041666666666666664,0.0,0.0,0.6354166666666666,0.19270833333333334,0.0,0.0,0.0,0.4583333333333333,10.552083333333334,0.0,2.3645833333333335,0.0,9.109375,4.526041666666667,0.24479166666666666,4.260416666666667,0.0,0.0,0.0,0.11458333333333333,0.0,0.0,22.619791666666668,3.296875,0.0,0.0,0.0,0.0,0.5989583333333334,0.6510416666666666,0.0,0.0625,0.0
1454,1821,12,0.5957943925233645,0.0794392523364486,0.6425233644859814,3.633177570093458,0.0,0.03271028037383177,0.0,0.06542056074766354,0.0,0.0,0.0,0.0,0.0,0.37616822429906543,0.037383177570093455,0.0,0.0,0.007009345794392523,0.0,11.406542056074766,0.0514018691588785,4.420560747663552,0.0,9.600467289719626,2.0257009345794392,0.2546728971962617,4.962616822429907,0.0,0.10046728971962617,0.24065420560747663,0.0,0.0,0.0,18.490654205607477,1.9275700934579438,0.0,0.1191588785046729,0.04205607476635514,0.0,0.6401869158878505,0.897196261682243,0.0,0.04906542056074766,0.1658878504672897
1447,1857,4,0.5242214532871973,0.10380622837370242,0.4532871972318339,4.166089965397924,0.0,0.2629757785467128,0.0,0.27854671280276816,0.0,0.0,0.0,0.0,0.0,0.6972318339100346,0.15397923875432526,0.0,0.06228373702422145,0.6038062283737025,0.0,10.114186851211073,0.02422145328719723,3.2595155709342563,0.0,5.228373702422146,2.9290657439446366,0.07093425605536333,3.7785467128027683,0.0,0.0,0.16262975778546712,0.0,0.0,0.0,21.730103806228374,2.1176470588235294,0.0,0.08131487889273356,0.17474048442906576,0.0,0.4515570934256055,0.6470588235294118,0.0,0.06920415224913495,5.2543252595155705
1455,789,15,0.5909090909090909,0.08080808080808081,1.47979797979798,3.1515151515151514,0.0,0.0,0.0,0.0,0.0,0.0,0.0,0.0,0.015151515151515152,0.16161616161616163,0.030303030303030304,0.0,0.0,0.0,0.030303030303030304,3.202020202020202,0.10101010101010101,3.803030303030303,0.0,3.095959595959596,1.1464646464646464,0.0707070707070707,6.196969696969697,0.0,0.0,0.3282828282828283,0.0,0.0,0.0,17.681818181818183,1.9090909090909092,0.0,0.398989898989899,0.005050505050505051,0.0,0.09090909090909091,0.9696969696969697,0.0,0.015151515151515152,0.10101010101010101
1461,1137,11,0.6233183856502242,0.1367713004484305,0.4820627802690583,2.9618834080717487,0.0,0.011210762331838564,0.0,0.3452914798206278,0.0,0.020179372197309416,0.09865470852017937,0.0,0.04484304932735426,0.8677130044843049,0.33856502242152464,0.0,0.0,0.0,0.06950672645739911,18.713004484304932,0.0,5.452914798206278,0.0,26.22421524663677,3.094170403587444,0.6345291479820628,6.1076233183856505,0.0,0.0,0.0,0.0,0.004484304932735426,0.21524663677130046,14.278026905829597,1.8026905829596414,0.0,0.2982062780269058,0.08744394618834081,0.002242152466367713,1.6143497757847534,0.5044843049327354,0.0,0.05605381165919283,2.412556053811659
1452,111,12,0.4431137724550898,0.07934131736526946,0.8473053892215568,4.414670658682635,0.0,0.04640718562874251,0.0,0.05089820359281437,0.0,0.0,0.0,0.0,0.0,0.9206586826347305,0.10029940119760479,0.0,0.05089820359281437,0.03293413173652695,0.0,13.112275449101796,0.029940119760479042,1.9416167664670658,0.0,4.372754491017964,4.3532934131736525,0.6227544910179641,5.369760479041916,0.0,0.0,0.2694610778443114,0.0,0.0,1.2529940119760479,18.18562874251497,2.6107784431137726,0.0,0.1092814371257485,0.13922155688622753,0.0,0.6017964071856288,0.5449101796407185,0.0,0.05688622754491018,2.7440119760479043
1463,456,7,0.446064139941691,0.08454810495626822,0.8483965014577259,2.422740524781341,0.0,0.1749271137026239,0.0,0.16326530612244897,0.0,0.0,0.0,0.0,0.0,0.7084548104956269,0.20699708454810495,0.0,0.0,0.7405247813411079,0.0,10.017492711370263,0.0,4.591836734693878,0.0,3.7871720116618075,1.043731778425656,0.15160349854227406,6.556851311953353,0.0,0.0,0.14868804664723032,0.0,0.0,0.0,9.34402332361516,0.924198250728863,0.0,0.17784256559766765,0.0,0.0,0.47230320699708456,0.4606413994169096,0.0,0.052478134110787174,2.3323615160349855
1459,571,4,0.4510050251256281,0.10050251256281408,0.5339195979899497,4.0201005025125625,0.0,0.0728643216080402,0.0,0.34296482412060303,0.0,0.0,0.2675879396984925,0.0037688442211055275,0.013819095477386936,1.3266331658291457,0.7525125628140703,0.0,0.0,0.001256281407035176,1.1281407035175879,17.149497487437184,0.0,2.4384422110552766,0.0,6.589195979899498,2.7889447236180906,0.39195979899497485,4.850502512562814,0.0,0.0,0.0,0.1092964824120603,0.2751256281407035,0.0,15.77638190954774,2.3341708542713566,0.0,0.0,0.0992462311557789,0.27889447236180903,0.4535175879396985,0.4836683417085427,0.0,0.05527638190954774,2.5251256281407035
1463,1493,4,0.45435466946484787,0.09024134312696747,0.6096537250786989,3.6358866736621196,0.0,0.0,0.0,0.06400839454354669,0.0,0.0,0.0,0.0,0.007345225603357817,0.2130115424973767,0.06505771248688352,0.0,0.0,0.005246589716684155,0.03462749213011543,15.491080797481636,0.017838405036726127,3.074501573976915,0.0,7.186778593913956,2.857292759706191,0.02938090241343127,4.167890870933893,0.0,0.0,0.03147953830010493,0.0472193074501574,0.0,0.0,13.547743966421827,2.0870933892969568,0.0,0.20566631689401887,0.0472193074501574,0.0,0.5445960125918153,0.4826862539349423,0.0,0.03147953830010493,0.0
1452,1960,14,0.45894428152492667,0.07038123167155426,0.8225806451612904,3.8548387096774195,0.0,0.0,0.0,0.002932551319648094,0.0,0.0,0.0,0.0,0.0,0.15835777126099707,0.0,0.0,0.0,0.0,0.0,13.469208211143695,0.024926686217008796,2.5410557184750733,0.0,4.329912023460411,1.7404692082111437,0.3020527859237537,6.868035190615836,0.0,0.0,0.002932551319648094,0.17302052785923755,0.0,0.0,16.26099706744868,1.901759530791789,0.0,0.04985337243401759,0.02785923753665689,0.0,0.21700879765395895,0.5894428152492669,0.0,0.03812316715542522,0.0
1456,1189,4,4.602857142857143,0.13428571428571429,0.5942857142857143,4.517142857142857,0.0,0.13714285714285715,0.0,0.037142857142857144,0.0,0.0,0.05714285714285714,0.0,0.08,1.1657142857142857,0.32571428571428573,0.0,0.22285714285714286,0.0,0.0,15.377142857142857,0.002857142857142857,2.697142857142857,0.0,3.5514285714285716,5.24,0.9542857142857143,2.8857142857142857,0.0,0.0,0.3028571428571429,0.0,0.0,0.0,17.857142857142858,1.9657142857142857,0.0,0.0,0.0,0.0,0.9742857142857143,0.74,0.0,3.3857142857142857,5.585714285714285
1459,1014,4,0.7485207100591716,0.10355029585798817,0.6982248520710059,3.473372781065089,0.0,0.0,0.0,0.0,0.0,0.0,0.014792899408284023,0.0,0.0,0.05325443786982249,0.03254437869822485,0.0,0.0,0.0,0.01775147928994083,11.192307692307692,0.0,2.3816568047337277,0.0,5.014792899408284,1.3846153846153846,0.31952662721893493,5.452662721893491,0.0,0.0,0.0,0.12130177514792899,0.0,0.0,15.766272189349113,2.2071005917159763,0.0,0.11242603550295859,0.16568047337278108,0.0,0.31952662721893493,0.6568047337278107,0.0,0.14497041420118342,0.0
1465,282,4,0.4713216957605985,0.05236907730673317,0.9102244389027432,2.882793017456359,0.0,0.0,0.0,0.059850374064837904,0.0,0.0,0.017456359102244388,0.0,0.04239401496259352,0.24688279301745636,0.022443890274314215,0.0,0.0,0.0,0.0,9.314214463840399,0.0,2.2693266832917707,0.0,6.224438902743142,1.3890274314214464,0.20947630922693267,5.9551122194513715,0.0,0.0,0.0,0.0,0.0,0.0,12.610972568578553,1.7331670822942644,0.0,0.0,0.36658354114713215,0.0,0.5935162094763092,0.571072319201995,0.0,0.0773067331670823,0.08977556109725686
1461,366,4,0.5124324324324324,0.07783783783783783,0.40756756756756757,2.3578378378378377,0.0,0.0,0.0,0.16756756756756758,0.0,0.014054054054054054,0.0,0.0,0.0,0.10162162162162162,0.04972972972972973,0.0,0.0,0.005405405405405406,0.0,9.085405405405405,0.008648648648648649,2.537297297297297,0.0,4.077837837837838,1.3416216216216217,0.021621621621621623,4.7405405405405405,0.0,0.0,0.022702702702702703,0.0,0.0,0.0,10.836756756756756,1.4345945945945946,0.0,0.023783783783783784,0.10486486486486486,0.0,0.2562162162162162,0.46378378378378377,0.0,0.01945945945945946,0.004324324324324324
1458,644,15,0.4976635514018692,0.09345794392523364,0.47079439252336447,3.383177570093458,0.0,0.0,0.0,0.0,0.0,0.0,0.0,0.0,0.0,0.09228971962616822,0.0,0.0,0.0,0.0,0.0,11.301401869158878,0.0,2.1904205607476634,0.0,9.322429906542055,1.9591121495327102,0.10864485981308411,4.5327102803738315,0.0,0.010514018691588784,0.0,0.0,0.0,0.0,13.744158878504672,2.2476635514018692,0.0,0.0,0.009345794392523364,0.0,0.5642523364485982,0.508177570093458,0.0,0.035046728971962614,0.0
1463,1908,4,0.5324074074074074,0.08796296296296297,0.16435185185185186,3.9050925925925926,0.0,0.19212962962962962,0.0,0.7013888888888888,0.0,0.0,0.0,0.0,0.0,0.9907407407407407,0.33101851851851855,0.0,0.0,0.046296296296296294,0.3425925925925926,11.467592592592593,0.0,4.7407407407407405,0.0,7.0532407407407405,1.0925925925925926,0.44907407407407407,5.520833333333333,0.0,0.0,0.03009259259259259,0.0,0.0,0.0,15.19212962962963,2.2337962962962963,0.0,0.2986111111111111,0.19212962962962962,0.0,0.48148148148148145,0.5416666666666666,0.0,0.09490740740740741,0.0
1461,502,7,0.6444644464446445,0.08370837083708371,1.1782178217821782,3.9468946894689467,0.0,0.0072007200720072,0.0,0.15931593159315932,0.0,0.0,0.04950495049504951,0.0,0.004500450045004501,0.47974797479747977,0.18181818181818182,0.0,0.0,0.021602160216021602,0.16651665166516652,12.494149414941495,0.048604860486048604,2.7902790279027903,0.0,12.662466246624662,2.4932493249324934,0.09810981098109811,4.615661566156616,0.0,0.0,0.5166516651665166,0.0,0.0,0.0,18.8001800180018,2.0207020702070206,0.0,0.34113411341134114,0.0072007200720072,0.018001800180018002,0.8505850585058505,0.5787578757875788,0.0,0.05130513051305131,0.7083708370837084
1461,1579,4,0.49271844660194175,0.08495145631067962,0.2912621359223301,4.177184466019417,0.0,0.0,0.0,0.0024271844660194173,0.0,0.0,0.4199029126213592,0.0,0.0,1.2014563106796117,0.6189320388349514,0.0,0.0,0.0,1.8422330097087378,9.075242718446601,0.0,1.6650485436893203,0.0,5.361650485436893,2.924757281553398,0.46359223300970875,4.007281553398058,0.0,0.0,0.1650485436893204,0.0,0.0,0.0,17.33009708737864,3.150485436893204,0.0,0.1553398058252427,0.1796116504854369,0.35436893203883496,0.30097087378640774,0.5121359223300971,0.0,0.05339805825242718,2.5388349514563107
1459,214,4,0.39921722113502933,0.08414872798434442,0.6829745596868885,3.974559686888454,0.0,0.0,0.0,0.0,0.0,0.0,0.0136986301369863,0.0,0.0,0.09197651663405088,0.007827788649706457,0.0,0.0,0.0,0.01761252446183953,10.258317025440313,0.06653620352250489,2.1350293542074366,0.0,6.8317025440313115,2.176125244618395,0.3816046966731898,5.839530332681018,0.0,0.0,0.3522504892367906,0.08610567514677103,0.0,0.0,17.246575342465754,2.0900195694716244,0.0,0.2309197651663405,0.0547945205479452,0.0,0.4500978473581213,0.6086105675146771,0.0,0.05283757338551859,0.08806262230919765
1461,757,12,0.6054054054054054,0.05945945945945946,0.11891891891891893,3.383783783783784,0.0,0.0,0.0,0.0,0.0,0.0,0.0,0.0,0.0,0.0,0.0,0.0,0.0,0.0,0.0,10.643243243243242,0.0,1.672972972972973,0.0,9.545945945945945,3.2567567567567566,0.11621621621621622,3.591891891891892,0.0,0.0,0.24324324324324326,0.1,0.0,0.0,14.424324324324324,2.4054054054054053,0.0,0.0,0.0,0.0,0.7756756756756756,0.46216216216216216,0.0,0.032432432432432434,0.0
1460,920,4,0.5168539325842697,0.09269662921348315,0.23595505617977527,5.224719101123595,0.0,0.05337078651685393,0.0,0.5168539325842697,0.0,0.0,0.24157303370786518,0.0,0.0,1.9887640449438202,0.45786516853932585,0.0,0.0,0.09269662921348315,0.17134831460674158,9.075842696629213,0.0,3.856741573033708,0.0,4.882022471910112,4.396067415730337,0.4438202247191011,5.443820224719101,0.0,0.0,0.0,0.0,0.0,0.0,20.674157303370787,3.806179775280899,0.0,0.11797752808988764,0.09831460674157304,0.0,0.3146067415730337,0.5786516853932584,0.0,0.06741573033707865,4.592696629213483
1451,986,15,0.44410876132930516,0.09969788519637462,0.8640483383685801,3.5619335347432024,0.0,0.0,0.0,0.006042296072507553,0.0,0.0,0.0,0.0,0.0,0.0030211480362537764,0.0,0.0,0.0,0.0,0.0,11.353474320241691,0.0,2.090634441087613,0.0,8.858006042296072,2.084592145015106,0.045317220543806644,4.193353474320242,0.0,0.0,0.05740181268882175,0.0,0.0,0.0,13.743202416918429,2.099697885196375,0.0,0.00906344410876133,0.06042296072507553,0.0,0.5347432024169184,0.5226586102719033,0.0,0.03625377643504532,0.0
1458,1079,12,0.4065934065934066,0.054945054945054944,0.37362637362637363,2.5274725274725274,0.0,0.0,0.0,0.38461538461538464,0.0,0.0,0.0,0.0,0.0,0.38461538461538464,0.054945054945054944,0.0,0.0,0.0,0.0,4.1208791208791204,0.0,2.131868131868132,0.0,3.032967032967033,1.043956043956044,0.21978021978021978,6.0989010989010985,0.0,0.0,0.0,0.0,0.0,0.0,12.934065934065934,1.8571428571428572,0.0,0.0,0.46153846153846156,0.0,0.3516483516483517,0.5824175824175825,0.0,0.02197802197802198,0.0
1473,1285,4,0.42907801418439717,0.04609929078014184,1.00354609929078,3.354609929078014,0.0,0.0,0.0,0.5460992907801419,0.0,0.0,0.06382978723404255,0.0,0.0,0.2375886524822695,0.20212765957446807,0.0,0.0,0.2730496453900709,0.0,8.092198581560284,0.0425531914893617,2.1666666666666665,0.0,7.631205673758865,2.5602836879432624,0.31560283687943264,6.602836879432624,0.0,0.0,0.16312056737588654,0.0,0.0,0.0,12.539007092198581,1.7092198581560283,0.41843971631205673,0.13829787234042554,0.0,0.07092198581560284,1.1347517730496455,0.5319148936170213,0.41843971631205673,0.03546099290780142,3.99290780141844
1459,1850,4,0.5307692307692308,0.0875,0.7182692307692308,4.065384615384615,0.0,0.011538461538461539,0.0,0.13653846153846153,0.0,0.0,0.009615384615384616,0.0,0.0,0.3596153846153846,0.07596153846153846,0.0,0.0,0.0038461538461538464,0.07403846153846154,13.000961538461539,0.0125,1.978846153846154,0.0,10.445192307692308,3.223076923076923,0.22596153846153846,4.581730769230769,0.0,0.12596153846153846,0.19134615384615383,0.0,0.0,0.0,17.423076923076923,2.560576923076923,0.0,0.18461538461538463,0.0,0.0,0.7817307692307692,0.6028846153846154,0.0,0.02980769230769231,0.21634615384615385
1461,1525,12,0.4968944099378882,0.11490683229813664,1.2236024844720497,4.282608695652174,0.0,0.2639751552795031,0.0,0.09627329192546584,0.0,0.0,0.012422360248447204,0.0,0.021739130434782608,0.8478260869565217,0.2422360248447205,0.0,0.0,0.0,0.0,12.301242236024844,0.09006211180124224,3.3975155279503104,0.0,4.618012422360248,2.487577639751553,0.12111801242236025,6.332298136645963,0.1956521739130435,0.0,0.30124223602484473,0.0,0.0,0.0,21.950310559006212,2.1739130434782608,0.0,0.36024844720496896,0.034161490683229816,0.0,0.5403726708074534,0.5993788819875776,0.6118012422360248,0.059006211180124224,9.84472049689441
1461,406,4,0.47112462006079026,0.10638297872340426,0.6595744680851063,4.009118541033435,0.0,0.1519756838905775,0.0,0.6291793313069909,0.0,0.0,0.0,0.0,0.10638297872340426,1.3100303951367782,0.3556231003039514,0.0,0.3161094224924012,0.08206686930091185,0.0,12.759878419452887,0.030395136778115502,1.851063829787234,0.0,3.6930091185410334,1.7446808510638299,0.3100303951367781,6.188449848024316,0.0,0.0,0.0972644376899696,0.0,0.0,0.057750759878419454,17.06382978723404,1.9300911854103344,0.0,0.03951367781155015,0.1762917933130699,0.0,0.2735562310030395,1.0303951367781155,0.0,0.060790273556231005,5.984802431610942
1467,736,11,0.4720357941834452,0.12304250559284116,0.48322147651006714,3.7002237136465324,0.0,0.0,0.0,0.2371364653243848,0.0,0.0,0.0,0.0,0.024608501118568233,0.3400447427293065,0.08501118568232663,0.0,0.0,0.020134228187919462,0.0,15.997762863534676,0.0,2.0089485458612977,0.0,6.503355704697986,2.5078299776286355,0.017897091722595078,3.80089485458613,0.0,0.0,0.0,0.06935123042505593,0.0,0.0,13.9082774049217,2.058165548098434,0.0,0.0,0.16554809843400448,0.0,0.5055928411633109,0.47651006711409394,0.0,0.03355704697986577,0.05145413870246085
1460,1297,12,0.5789473684210527,0.07675438596491228,0.12719298245614036,2.6469298245614037,0.0,0.013157894736842105,0.0,0.22149122807017543,0.0,0.0,0.0021929824561403508,0.0,0.0,0.6118421052631579,0.1425438596491228,0.0,0.013157894736842105,0.06359649122807018,0.05482456140350877,9.903508771929825,0.0,2.3421052631578947,0.0,10.451754385964913,1.1008771929824561,0.3925438596491228,4.49780701754386,0.017543859649122806,0.0,0.0,0.0,0.0,0.32894736842105265,11.631578947368421,1.4714912280701755,0.0,0.03070175438596491,0.07236842105263158,0.0,0.7149122807017544,0.45614035087719296,0.0,0.03070175438596491,0.19956140350877194
1474,55,4,0.47619047619047616,0.09803921568627451,0.24089635854341737,5.1456582633053225,0.0,0.12044817927170869,0.0,1.1568627450980393,0.0,0.0,0.022408963585434174,0.0,0.0,1.9663865546218486,0.2857142857142857,0.0,0.0,0.0,0.19327731092436976,16.400560224089634,0.0,2.204481792717087,0.0,7.408963585434174,3.9495798319327733,0.876750700280112,4.943977591036415,0.0,0.0,0.33053221288515405,0.0,0.0,0.0,20.901960784313726,2.9831932773109244,0.0,0.12044817927170869,0.0,0.0,0.7002801120448179,0.6358543417366946,0.0,0.07282913165266107,4.745098039215686
1466,1038,4,0.5758670520231214,0.08742774566473989,0.4270231213872832,2.83742774566474,0.0,0.014450867052023121,0.0,0.20592485549132947,0.0,0.0,0.0,0.0,0.0,0.1611271676300578,0.016618497109826588,0.0,0.0,0.0,0.0,11.86849710982659,0.0,2.7001445086705202,0.0,9.101878612716764,1.675578034682081,0.018063583815028903,4.752167630057803,0.0,0.0,0.0,0.0,0.0,0.0,11.47543352601156,1.6271676300578035,0.0,0.0,0.078757225433526,0.0,0.6502890173410405,0.46965317919075145,0.0,0.03540462427745665,0.04552023121387283
1462,1244,11,0.4042838018741633,0.08433734939759036,0.5595716198125836,3.2663989290495317,0.0,0.0,0.0,0.050870147255689425,0.0,0.0,0.0,0.01740294511378849,0.009370816599732263,0.2248995983935743,0.09504685408299866,0.0,0.0,0.0013386880856760374,0.07228915662650602,11.00669344042838,0.0,2.5113788487282465,0.0,8.038821954484606,1.7469879518072289,0.24899598393574296,4.400267737617135,0.0,0.0,0.024096385542168676,0.0,0.0,0.0,13.919678714859439,1.9772423025435073,0.0,0.0,0.025435073627844713,0.0,0.7322623828647925,0.5729585006693441,0.40963855421686746,0.060240963855421686,1.0428380187416333
1468,1066,4,0.4562043795620438,0.09124087591240876,0.5036496350364964,4.678832116788321,0.0,0.0,0.0,0.5948905109489051,0.0,0.0,0.0,0.0,0.0,1.4598540145985401,0.010948905109489052,0.0,0.0,0.040145985401459854,0.2773722627737226,16.197080291970803,0.010948905109489052,3.427007299270073,0.0,3.4671532846715327,3.0948905109489053,0.6496350364963503,4.328467153284672,0.0,0.0,0.29927007299270075,0.0,0.0,1.7992700729927007,18.59124087591241,2.802919708029197,0.0,0.0036496350364963502,0.0364963503649635,0.0,0.8941605839416058,0.6240875912408759,0.0,0.10583941605839416,7.4963503649635035
1463,1325,12,0.42857142857142855,0.08791208791208792,0.9560439560439561,3.3626373626373627,0.0,0.0,0.0,0.1684981684981685,0.0,0.0,0.03296703296703297,0.1391941391941392,0.0,0.007326007326007326,0.07509157509157509,0.0,0.0,0.027472527472527472,0.0018315018315018315,7.316849816849817,0.0,1.7545787545787546,0.0,7.8498168498168495,2.6373626373626373,0.054945054945054944,5.454212454212454,0.0,0.0,0.20512820512820512,0.01098901098901099,0.0,0.0,15.714285714285714,2.1684981684981683,0.14652014652014653,0.0,0.0,0.03663003663003663,0.8351648351648352,0.575091575091575,1.294871794871795,0.040293040293040296,18.882783882783883
1461,1870,6,0.5043478260869565,0.09782608695652174,0.34130434782608693,3.856521739130435,0.0,0.06304347826086956,0.0,0.7913043478260869,0.0,0.1108695652173913,0.02391304347826087,0.12173913043478261,0.02391304347826087,0.6543478260869565,0.27391304347826084,0.0,0.0,0.1282608695652174,0.07391304347826087,11.47391304347826,0.0,2.3304347826086955,0.0,8.88695652173913,2.2543478260869567,0.18695652173913044,4.8847826086956525,0.0,0.0,0.8673913043478261,0.10652173913043478,0.0,0.0,16.3,2.0130434782608697,0.17391304347826086,0.0,0.09782608695652174,0.0,0.9282608695652174,0.5543478260869565,0.0,0.05217391304347826,8.145652173913044
1466,93,4,0.6074074074074074,0.08518518518518518,0.7703703703703704,4.437037037037037,0.0,0.02962962962962963,0.0,0.0,0.0,0.0,0.3333333333333333,0.0,0.5185185185185185,1.7555555555555555,1.0148148148148148,0.0,0.0,0.0,0.09259259259259259,13.196296296296296,0.0962962962962963,3.759259259259259,0.0,4.607407407407408,3.0074074074074075,0.1037037037037037,5.625925925925926,0.06666666666666667,0.0,0.23333333333333334,0.0,0.4148148148148148,0.0,21.77777777777778,2.2444444444444445,0.0,0.1259259259259259,0.0,0.0,0.4666666666666667,0.9407407407407408,0.0,0.08888888888888889,5.948148148148148
1463,158,12,0.48031496062992124,0.12073490813648294,0.6325459317585301,2.493438320209974,0.0,0.0,0.0,0.0,0.0,0.0,0.0,0.0,0.0,0.0026246719160104987,0.0,0.0,0.0,0.0,0.0,11.818897637795276,0.0,2.5485564304461943,0.0,4.824146981627297,0.8188976377952756,0.0,6.427821522309712,0.0,0.0,0.07874015748031496,0.0,0.0,0.0,9.84514435695538,1.2519685039370079,0.0,0.0,0.04461942257217848,0.0,0.32545931758530183,1.6220472440944882,0.0,0.015748031496062992,0.0
1470,682,12,0.5,0.11079545454545454,0.14772727272727273,3.0994318181818183,0.0,0.0,0.0,0.5511363636363636,0.0,0.0,0.0,0.0,0.0,0.7272727272727273,0.23295454545454544,0.0,0.0,0.14488636363636365,0.0,8.017045454545455,0.0,8.113636363636363,0.0,6.082386363636363,2.789772727272727,0.0,3.3920454545454546,0.0,0.0,0.0,0.0,0.0,0.0,13.147727272727273,2.090909090909091,0.0,0.0,0.07386363636363637,0.0,0.6306818181818182,0.45170454545454547,0.0,0.056818181818181816,8.0
1466,722,11,0.6199376947040498,0.06697819314641744,0.01557632398753894,2.9922118380062304,0.0,0.0,0.0,0.3411214953271028,0.0,0.0,0.0,0.0,0.0,0.34579439252336447,0.1043613707165109,0.0,0.4423676012461059,0.7850467289719626,0.0,7.890965732087228,0.0,6.67601246105919,0.0,9.822429906542055,2.160436137071651,0.1791277258566978,2.97196261682243,0.0,0.0,0.03894080996884735,0.0,0.0,0.0,12.7398753894081,1.7523364485981308,0.0,0.16043613707165108,0.23052959501557632,0.0,1.4485981308411215,0.5747663551401869,0.0,0.059190031152647975,10.626168224299066
1466,901,12,0.5135135135135135,0.08108108108108109,0.13963963963963963,3.234234234234234,0.0,0.013513513513513514,0.0,0.46396396396396394,0.0,0.0,0.0,0.0,0.0,0.6531531531531531,0.24774774774774774,0.0,0.0,0.3108108108108108,0.06756756756756757,11.207207207207206,0.0,3.5,0.0,9.202702702702704,1.2477477477477477,0.6756756756756757,6.495495495495495,0.0,0.0,0.0,0.0,0.0,0.7117117117117117,13.094594594594595,1.7207207207207207,0.0,0.0,0.09009009009009009,0.0,0.7882882882882883,0.5720720720720721,0.0,0.07207207207207207,0.0
1460,1556,4,0.5177664974619289,0.08375634517766498,0.7969543147208121,3.8857868020304567,0.0,0.0,0.0,0.35786802030456855,0.0,0.0,0.0,0.0,0.0,0.47715736040609136,0.13959390862944163,0.0,0.0,0.35786802030456855,0.0,18.243654822335024,0.0,7.200507614213198,0.0,5.522842639593908,2.1624365482233503,0.15228426395939088,4.822335025380711,0.0,0.0,0.005076142131979695,0.0,0.0,0.0,14.923857868020304,2.149746192893401,0.0,0.25380710659898476,0.007614213197969543,0.0,0.5532994923857868,0.5203045685279187,0.0,0.04314720812182741,0.9137055837563451
1468,600,12,0.45714285714285713,0.10285714285714286,0.4742857142857143,3.8685714285714288,0.0,0.0,0.0,0.005714285714285714,0.0,0.0,0.0,0.0,0.0,0.18285714285714286,0.0,0.0,0.0,0.0,0.02857142857142857,12.857142857142858,0.06285714285714286,2.0514285714285716,0.0,8.228571428571428,1.2514285714285713,0.18857142857142858,8.52,0.0,0.0,0.21714285714285714,0.0,0.0,0.0,19.565714285714286,1.92,0.0,0.005714285714285714,0.0,0.0,0.5771428571428572,0.6685714285714286,0.0,0.017142857142857144,0.09714285714285714
1468,984,4,0.5219638242894057,0.09560723514211886,0.10852713178294573,3.58656330749354,0.0,0.0,0.0,0.2713178294573643,0.0,0.0,0.06718346253229975,0.0,0.025839793281653745,0.34108527131782945,0.24289405684754523,0.0,0.0,0.6795865633074936,0.0,10.24031007751938,0.0,3.454780361757106,0.0,15.834625322997416,3.8113695090439275,0.09302325581395349,3.152454780361757,0.0,0.0,0.0,0.0,0.00516795865633075,0.0,14.454780361757106,2.250645994832041,0.0,0.0,0.015503875968992248,0.0,1.1602067183462532,0.524547803617571,0.0,0.05167958656330749,4.669250645994832
1468,1222,4,0.4152173913043478,0.058695652173913045,0.7913043478260869,3.402173913043478,0.0,0.0,0.0,0.043478260869565216,0.0,0.0,0.0,0.0,0.0,0.12173913043478261,0.0,0.0,0.0,0.0,0.0,7.323913043478261,0.0,2.1804347826086956,0.0,6.6695652173913045,1.6304347826086956,0.2826086956521739,5.086956521739131,0.0,0.0,0.13695652173913042,0.0,0.0,0.0,14.910869565217391,2.1934782608695653,0.0,0.3130434782608696,0.1108695652173913,0.0,0.46956521739130436,0.5739130434782609,0.0,0.04565217391304348,0.0
1474,251,4,0.6397748592870544,0.08630393996247655,0.5891181988742964,4.585365853658536,0.0,0.04690431519699812,0.0,0.15572232645403378,0.0,0.0,0.0,0.0,0.0,0.275797373358349,0.13696060037523453,0.0,0.0,0.0300187617260788,0.0225140712945591,12.033771106941838,0.024390243902439025,3.176360225140713,0.0,9.373358348968106,4.330206378986867,0.4052532833020638,5.904315196998124,0.0,0.0,0.0,0.11819887429643527,0.0,0.0,20.333958724202628,3.131332082551595,0.0,0.0,0.1125703564727955,0.0,0.6979362101313321,0.5928705440900562,0.0,0.043151969981238276,0.29831144465290804
1469,1622,4,0.46346555323590816,0.09707724425887265,0.10855949895615867,3.7171189979123174,0.0,0.0,0.0,0.003131524008350731,0.0,0.0,0.0,0.0,0.0,0.0,0.0,0.0,0.0,0.0,0.0,13.607515657620041,0.0,1.7359081419624216,0.0,10.517745302713987,3.08455114822547,0.04592901878914405,3.462421711899791,0.0,0.0,0.2160751565762004,0.12734864300626306,0.0,0.0,14.80375782881002,2.453027139874739,0.0,0.011482254697286013,0.0,0.0,0.7588726513569938,0.46868475991649267,0.0,0.032359081419624215,0.0
1472,1801,12,0.5178571428571429,0.05133928571428571,1.0178571428571428,2.685267857142857,0.0,0.0,0.0,0.049107142857142856,0.0,0.0,0.0,0.0,0.0,0.09598214285714286,0.022321428571428572,0.0,0.0,0.0,0.0,3.6026785714285716,0.12723214285714285,2.986607142857143,0.0,2.203125,0.8839285714285714,0.6205357142857143,7.895089285714286,0.0,0.0,0.390625,0.0,0.0,0.0,16.180803571428573,1.6004464285714286,0.0,0.21875,0.0,0.0,0.0,0.6116071428571429,0.0,0.033482142857142856,0.022321428571428572
1476,947,12,0.5265306122448979,0.07210884353741497,0.5020408163265306,3.5374149659863945,0.0,0.12244897959183673,0.0,0.24489795918367346,0.0,0.0,0.0,0.0,0.0,0.3741496598639456,0.09115646258503401,0.0,0.050340136054421766,0.32108843537414966,0.0,8.927891156462586,0.010884353741496598,3.066666666666667,0.0,8.926530612244898,2.0693877551020408,0.145578231292517,4.020408163265306,0.0,0.1360544217687075,0.24897959183673468,0.05986394557823129,0.0,0.0,18.163265306122447,1.9034013605442177,0.0,0.1292517006802721,0.047619047619047616,0.0,0.6816326530612244,0.5972789115646259,0.0,0.06802721088435375,1.4421768707482994
1474,1685,4,0.45598731165741474,0.07850911974623315,0.5368754956383822,3.147501982553529,0.0,0.0,0.0,0.26011102299762096,0.0,0.017446471054718478,0.0,0.0,0.0,0.5067406819984139,0.09674861221252974,0.0,0.0,0.5273592386994449,0.0,9.900872323552736,0.003965107057890563,5.639175257731959,0.0,10.10467882632831,2.44964314036479,0.24028548770816813,4.9024583663758925,0.0,0.0,0.035685963521015066,0.0,0.0,0.0,13.724821570182394,1.8683584456780333,0.0,0.10626486915146709,0.11102299762093576,0.0,0.8350515463917526,0.5900079302141158,0.0,0.04361617763679619,3.7049960348929423
1473,1992,12,0.5279898218829516,0.09669211195928754,0.31806615776081426,4.017811704834606,0.0,0.0,0.0,0.0,0.0,0.0,0.0,0.0,0.0,0.01653944020356234,0.0,0.0,0.0,0.0,0.0,12.707379134860052,0.030534351145038167,2.454198473282443,0.0,10.614503816793894,1.7366412213740459,0.24427480916030533,4.263358778625954,0.0,0.0,0.3256997455470738,0.0,0.0,0.005089058524173028,18.759541984732824,2.291348600508906,0.0,0.1272264631043257,0.015267175572519083,0.0,0.6895674300254453,0.6055979643765903,0.0,0.03435114503816794,0.0
1472,1259,11,3.9345372460496613,0.09932279909706546,0.04853273137697517,2.77313769751693,0.0,0.13769751693002258,0.0,0.5282167042889391,0.0,0.0,0.001128668171557562,0.0,0.034988713318284424,0.5349887133182845,0.208803611738149,0.0,0.0,0.5304740406320542,0.0,3.801354401805869,0.0,11.721218961625283,0.0,3.3363431151241536,1.7133182844243793,0.20428893905191872,2.4683972911963883,0.0,0.0,0.019187358916478554,0.0,0.0,0.0,14.214446952595937,1.2088036117381489,0.0,0.0,0.062076749435665914,0.0,0.9209932279909706,0.662528216704289,0.19413092550790068,1.8803611738148984,9.20316027088036
1464,1884,6,0.5167958656330749,0.11369509043927649,0.9328165374677002,3.9612403100775193,0.0,0.0,0.0,0.38242894056847543,0.0,0.0,0.0,0.0,0.0,1.351421188630491,0.0,0.0,0.0,0.19638242894056848,0.10335917312661498,13.165374677002584,0.0103359173126615,1.9198966408268734,0.0,3.2661498708010335,3.250645994832041,0.3049095607235142,4.865633074935401,0.0,0.0,0.21705426356589147,0.0,0.0,0.9560723514211886,18.121447028423773,2.744186046511628,0.0,0.08527131782945736,0.0,0.0,0.6149870801033591,0.6459948320413437,0.0,0.05167958656330749,5.072351421188631
1476,387,4,0.5555555555555556,0.047619047619047616,0.7619047619047619,4.174603174603175,0.0,0.09523809523809523,0.0,0.09523809523809523,0.0,0.0,0.4603174603174603,0.0,0.6349206349206349,1.6984126984126984,0.7142857142857143,0.0,0.0,0.0,0.0,3.0,0.0,2.888888888888889,0.0,5.015873015873016,2.8412698412698414,0.0,5.111111111111111,0.0,0.0,0.20634920634920634,0.0,0.31746031746031744,0.0,23.317460317460316,2.5396825396825395,0.0,0.09523809523809523,0.0,0.0,0.47619047619047616,0.5238095238095238,0.0,0.07936507936507936,1.1746031746031746
1470,999,4,0.5164319248826291,0.0539906103286385,0.4131455399061033,3.4976525821596245,0.0,0.0,0.0,0.0,0.0,0.0,0.0,0.0,0.0,0.0,0.03286384976525822,0.0,0.0,0.0,0.0,9.610328638497652,0.0,1.971830985915493,0.0,6.438967136150235,1.807511737089202,0.14084507042253522,3.5657276995305165,0.0,0.007042253521126761,0.025821596244131457,0.09859154929577464,0.0,0.0,13.23943661971831,2.0892018779342725,0.0,0.035211267605633804,0.025821596244131457,0.0,0.4061032863849765,0.47417840375586856,0.0,0.023474178403755867,0.0
1472,1169,7,0.43243243243243246,0.07335907335907337,0.42084942084942084,2.969111969111969,0.0,0.0,0.0,0.019305019305019305,0.0,0.0,0.0,0.0,0.0,0.19305019305019305,0.0,0.0,0.0,0.0,0.0,8.146718146718147,0.0,1.9845559845559846,0.0,8.212355212355213,1.335907335907336,0.05019305019305019,4.046332046332046,0.0,0.0,0.02702702702702703,0.0,0.0,0.0,12.447876447876448,1.8571428571428572,0.0,0.02702702702702703,0.11196911196911197,0.0,0.5328185328185329,0.5212355212355212,0.0,0.02702702702702703,0.0
1472,1544,4,0.5843881856540084,0.12025316455696203,0.7658227848101266,5.30379746835443,0.0,0.0,0.0,0.06540084388185655,0.0,0.0,0.339662447257384,0.0,0.0,1.3523206751054853,0.5759493670886076,0.0,0.0,0.0,0.8839662447257384,16.270042194092827,0.0,2.4472573839662446,0.0,12.628691983122362,3.1054852320675104,0.8966244725738397,6.6645569620253164,0.0,0.0,0.02531645569620253,0.270042194092827,0.0,0.0,22.17721518987342,3.19831223628692,0.0,0.35232067510548526,0.002109704641350211,0.07805907172995781,0.7510548523206751,0.5738396624472574,0.0,0.09915611814345991,0.0
1482,112,4,0.45652173913043476,0.06521739130434782,0.41545893719806765,3.9009661835748792,0.0,0.07004830917874397,0.0,0.11835748792270531,0.0,0.0,0.014492753623188406,0.0,0.0,0.34541062801932365,0.043478260869565216,0.0,0.0,0.0,0.07004830917874397,10.560386473429952,0.026570048309178744,2.4565217391304346,0.0,11.26086956521739,1.6666666666666667,0.0966183574879227,5.055555555555555,0.0,0.0,0.1956521739130435,0.0,0.0,0.0,17.85024154589372,2.0990338164251208,0.0,0.17632850241545894,0.0024154589371980675,0.0,0.7705314009661836,0.7246376811594203,0.0,0.04830917874396135,0.0
1479,1710,11,0.5255402750491159,0.09233791748526522,0.49705304518664045,2.9420432220039294,0.0,0.0,0.0,0.026522593320235755,0.0,0.0,0.0,0.0,0.0,0.0343811394891945,0.0,0.0,0.0,0.0,0.0,11.06385068762279,0.0,2.086444007858546,0.0,5.831041257367387,2.0913555992141455,0.054027504911591355,3.899803536345776,0.0,0.0,0.0,0.1994106090373281,0.0,0.0,11.763261296660119,1.730844793713163,0.0,0.007858546168958742,0.0029469548133595285,0.0,0.4636542239685658,0.43713163064833005,0.0,0.03536345776031434,0.0
1475,428,12,0.49038461538461536,0.12225274725274725,0.7760989010989011,4.954670329670329,0.0,0.03159340659340659,0.0,0.24175824175824176,0.0,0.0,0.0,0.0,0.0,0.8722527472527473,0.0,0.0,0.057692307692307696,0.0,0.0,16.78021978021978,0.10164835164835165,2.7706043956043955,0.0,3.5096153846153846,2.943681318681319,1.190934065934066,6.497252747252747,0.0,0.0,0.35302197802197804,0.0,0.0,1.3324175824175823,21.708791208791208,2.5961538461538463,0.0,0.22115384615384615,0.10576923076923077,0.0,0.44642857142857145,0.5467032967032966,0.0,0.04807692307692308,2.916208791208791
1478,499,4,0.5354523227383863,0.06845965770171149,0.034229828850855744,3.154034229828851,0.0,0.08068459657701711,0.0,1.7188264058679708,0.0,0.0,0.0,0.004889975550122249,0.15158924205378974,1.4987775061124695,0.33496332518337407,0.0,0.0,0.2665036674816626,0.029339853300733496,9.315403422982886,0.0,1.7579462102689487,0.0,5.8288508557457215,2.78239608801956,0.017114914425427872,4.188264058679707,0.0,0.0,0.0,0.0,0.0,0.0,12.880195599022004,1.7041564792176038,0.0,0.0,0.0,0.0,0.8997555012224939,0.5330073349633252,0.0,0.07090464547677261,7.711491442542787
1478,625,12,0.4781021897810219,0.06569343065693431,0.8558394160583942,2.7864963503649633,0.0,0.0,0.0,0.21715328467153286,0.0,0.0,0.03102189781021898,0.0,0.014598540145985401,0.39233576642335766,0.12408759124087591,0.0,0.0,0.0,0.2116788321167883,10.870437956204379,0.0,2.4872262773722627,0.0,7.109489051094891,1.2992700729927007,0.1259124087591241,5.107664233576642,0.0,0.0,0.08576642335766424,0.0,0.0,0.0,12.045620437956204,1.6094890510948905,0.0,0.13503649635036497,0.1332116788321168,0.021897810218978103,0.3759124087591241,0.49452554744525545,0.0,0.04562043795620438,0.0
1473,226,4,0.5067204301075269,0.08198924731182795,0.13978494623655913,3.7513440860215055,0.0,0.04704301075268817,0.0,0.8413978494623656,0.0,0.0,0.0,0.0,0.0,0.8010752688172043,0.2594086021505376,0.0,0.11559139784946236,1.2298387096774193,0.004032258064516129,9.905913978494624,0.0,3.6801075268817205,0.0,5.59005376344086,3.370967741935484,0.14381720430107528,4.551075268817204,0.0,0.0,0.0,0.0,0.0,0.0,14.701612903225806,2.243279569892473,0.0,0.08333333333333333,0.12768817204301075,0.0,0.8911290322580645,0.5497311827956989,0.0,0.07123655913978495,7.541666666666667
1486,325,4,0.45662100456621,0.1324200913242009,0.0593607305936073,3.7899543378995433,0.0,0.0,0.0,0.0,0.0,0.0,0.0,0.0,0.0,0.0,0.0,0.0,0.0,0.0,0.0,16.383561643835616,0.0,1.5936073059360731,0.0,9.278538812785389,2.9954337899543377,0.0684931506849315,4.210045662100456,0.0,0.0,0.0,0.1872146118721461,0.0,0.0,15.10958904109589,2.584474885844749,0.0,0.0,0.0,0.0,0.6894977168949772,0.3972602739726027,0.0,0.0136986301369863,0.0
1486,664,15,0.5104761904761905,0.07142857142857142,0.4847619047619048,2.8247619047619046,0.0,0.0,0.0,0.05238095238095238,0.0,0.0,0.004761904761904762,0.0,0.02761904761904762,0.2038095238095238,0.06380952380952382,0.0,0.0,0.0,0.0,9.371428571428572,0.0009523809523809524,2.2304761904761903,0.0,6.56,1.7447619047619047,0.054285714285714284,3.896190476190476,0.0,0.0,0.0,0.0,0.0,0.0,12.795238095238096,1.8457142857142856,0.0,0.007619047619047619,0.06190476190476191,0.0,0.38952380952380955,0.47619047619047616,0.0,0.01904761904761905,0.0
1481,1595,4,0.498015873015873,0.0873015873015873,0.31646825396825395,3.2698412698412698,0.0,0.03571428571428571,0.0,0.2628968253968254,0.0,0.0,0.0,0.0,0.001984126984126984,0.2728174603174603,0.09027777777777778,0.0,0.003968253968253968,0.041666666666666664,0.0,11.140873015873016,0.008928571428571428,3.554563492063492,0.0,8.239087301587302,2.1061507936507935,0.18055555555555555,3.931547619047619,0.0,0.0,0.10119047619047619,0.0,0.0,0.0,13.51388888888889,2.1666666666666665,0.0,0.06349206349206349,0.08630952380952381,0.0,0.5972222222222222,0.5376984126984127,0.0,0.034722222222222224,0.13988095238095238
1480,1188,4,0.4543707973102786,0.08069164265129683,0.3285302593659942,4.309317963496638,0.0,0.0,0.0,0.0019212295869356388,0.0,0.0,0.03650336215177714,0.0,0.0,0.2881844380403458,0.037463976945244955,0.0,0.0,0.0,0.15369836695485112,13.544668587896254,0.03073967339097022,2.2103746397694524,0.0,7.740634005763689,2.1873198847262247,0.19980787704130643,5.710854947166187,0.0,0.002881844380403458,0.43611911623439004,0.11911623439000961,0.0,0.0,19.019212295869355,2.3928914505283383,0.0,0.29010566762728146,0.0,0.0,0.4918347742555235,0.5840537944284342,0.0,0.026897214217098942,0.06340057636887608
1482,871,4,0.4601113172541744,0.09090909090909091,0.8961038961038961,3.7087198515769946,0.0,0.0,0.0,0.0,0.0,0.0,0.014842300556586271,0.0,0.0,0.137291280148423,0.04452690166975881,0.0,0.0,0.0,0.05009276437847866,13.75139146567718,0.0018552875695732839,2.666048237476809,0.0,6.580705009276437,1.4953617810760669,0.13543599257884972,4.946196660482375,0.0,0.0,0.0,0.23933209647495363,0.0,0.0,16.18552875695733,2.256029684601113,0.0,0.10204081632653061,0.011131725417439703,0.0,0.40630797773654914,0.5807050092764379,0.0,0.012987012987012988,0.0
1486,1093,4,0.5217391304347826,0.08695652173913043,1.308695652173913,2.7782608695652176,0.0,0.0,0.0,0.15217391304347827,0.0,0.0,0.0,0.0,0.0,0.29130434782608694,0.05,0.0,0.021739130434782608,0.002173913043478261,0.0,13.48913043478261,0.0,2.8282608695652174,0.0,4.656521739130435,1.0739130434782609,0.21739130434782608,4.515217391304348,0.0,0.0,0.043478260869565216,0.07173913043478261,0.0,0.0,12.565217391304348,1.6543478260869566,0.0,0.19130434782608696,0.15869565217391304,0.0,0.3760869565217391,0.5565217391304348,0.030434782608695653,0.01956521739130435,0.0
1477,1456,11,0.42218543046357615,0.07947019867549669,0.6572847682119205,3.689569536423841,0.0,0.0,0.0,0.009933774834437087,0.0,0.0,0.0,0.0,0.0,0.014900662251655629,0.0008278145695364238,0.0,0.0,0.0,0.0,11.672185430463577,0.015728476821192054,2.0852649006622515,0.0,5.048841059602649,2.402317880794702,0.22185430463576158,4.18294701986755,0.0,0.0,0.014072847682119206,0.1945364238410596,0.0,0.0,16.71523178807947,2.638245033112583,0.0,0.04718543046357616,0.006622516556291391,0.0,0.3716887417218543,0.5562913907284768,0.0,0.028973509933774833,0.0
1484,1565,7,0.5476772616136919,0.08312958435207823,0.6992665036674817,3.5599022004889975,0.0,0.029339853300733496,0.0,0.0,0.0,0.0,0.0,0.0,0.0,0.3740831295843521,0.11735941320293398,0.0,0.12469437652811736,0.02689486552567237,0.0,11.48166259168704,0.07090464547677261,2.444987775061125,0.0,7.053789731051345,1.7212713936430317,0.20293398533007334,6.2420537897310515,0.0,0.0,0.17359413202933985,0.0,0.0,0.6943765281173594,16.017114914425427,1.8973105134474328,0.0,0.0,0.0,0.0,0.49144254278728605,0.6259168704156479,0.0,0.04645476772616137,0.4889975550122249
1476,1773,4,0.4646840148698885,0.137546468401487,0.2843866171003718,6.4535315985130115,0.0,0.0,0.0,0.0,0.0,0.0,0.3513011152416357,0.0,0.0,0.8475836431226765,0.2211895910780669,0.0,0.0,0.0,0.8494423791821561,18.12453531598513,0.0,1.825278810408922,0.0,18.66914498141264,4.256505576208179,0.3847583643122677,3.336431226765799,0.0,0.0,0.15613382899628253,0.18029739776951673,0.0,0.0,27.366171003717472,3.886617100371747,0.0,0.2100371747211896,0.0,0.0,1.1598513011152416,0.5613382899628253,0.0,0.06319702602230483,5.0315985130111525
1479,201,15,0.5018587360594795,0.09665427509293681,0.862453531598513,4.066914498141264,0.0,0.0,0.0,0.0,0.0,0.0,0.0,0.0,0.0,0.026022304832713755,0.01858736059479554,0.0,0.0,0.0,0.0,15.643122676579926,0.02973977695167286,2.9107806691449816,0.0,11.390334572490707,2.382899628252788,0.1970260223048327,4.197026022304833,0.1970260223048327,0.17843866171003717,0.32342007434944237,0.0,0.0,0.0,19.07806691449814,2.037174721189591,0.0,0.04460966542750929,0.11152416356877323,0.0,0.862453531598513,0.5427509293680297,0.0,0.03345724907063197,0.0
1484,1363,4,0.591796875,0.064453125,1.810546875,2.474609375,0.0,0.0,0.0,0.505859375,0.0,0.0,0.01171875,0.0,0.0,0.412109375,0.154296875,0.0,0.0,0.02734375,0.021484375,5.865234375,0.048828125,3.021484375,0.0,4.33203125,1.34765625,0.27734375,6.951171875,0.0,0.0625,0.271484375,0.0,0.021484375,0.0,11.25390625,1.533203125,0.0,0.54296875,0.064453125,0.005859375,0.29296875,0.541015625,0.0,0.044921875,0.0
1479,155,4,0.5034387895460798,0.07977991746905089,0.5006877579092159,3.376891334250344,0.0,0.002751031636863824,0.0,0.04951856946354883,0.0,0.0,0.0041265474552957355,0.0,0.0,0.3314993122420908,0.1279229711141678,0.0,0.0,0.0,0.0,12.854195323246218,0.016506189821182942,3.825309491059147,0.0,7.526822558459422,2.1416781292984868,0.1485557083906465,5.4277854195323245,0.0,0.0,0.4140302613480055,0.0,0.0,0.0,14.779917469050893,1.8156808803301239,0.0,0.0,0.07427785419532325,0.001375515818431912,0.4360385144429161,0.5955983493810179,0.0,0.061898211829436035,0.0
1475,1478,4,0.6193181818181818,0.09232954545454546,0.4289772727272727,4.379261363636363,0.0,0.0,0.0,0.078125,0.0,0.0,0.0,0.0,0.0,0.13210227272727273,0.009943181818181818,0.0,0.0,0.0,0.0014204545454545455,10.681818181818182,0.0,2.5042613636363638,0.0,9.46875,2.6605113636363638,0.0,4.046875,0.0,0.0,0.0014204545454545455,0.44176136363636365,0.0,0.0,17.848011363636363,2.919034090909091,0.0,0.017045454545454544,0.002840909090909091,0.0,1.1789772727272727,0.45738636363636365,0.0,0.041193181818181816,0.37073863636363635
1484,1212,12,0.4404332129963899,0.1299638989169675,0.3285198555956679,4.898916967509026,0.0,0.0,0.0,0.0,0.0,0.0,0.0,0.0,0.0,0.0,0.0,0.0,0.0,0.0,0.0,15.35740072202166,0.0,2.563176895306859,0.0,9.292418772563177,3.783393501805054,0.07581227436823104,3.223826714801444,0.0,0.0,0.0,0.3574007220216607,0.0,0.0,22.064981949458485,3.1696750902527078,0.0,0.0,0.0036101083032490976,0.0,0.8231046931407943,0.5523465703971119,0.0,0.036101083032490974,0.0
1484,1644,11,0.5256673511293635,0.09856262833675565,0.39630390143737165,4.030800821355236,0.06981519507186858,0.25051334702258726,0.0,1.1006160164271048,0.0,0.01026694045174538,0.0,0.0,0.026694045174537988,1.2895277207392197,0.36344969199178645,0.0,0.0,0.6981519507186859,0.0,9.714579055441478,0.01642710472279261,7.205338809034908,0.0,8.305954825462011,3.1991786447638604,0.3531827515400411,4.675564681724846,0.0,0.0,0.026694045174537988,0.0,0.0,0.0,18.324435318275153,2.6303901437371664,0.0,0.057494866529774126,0.08624229979466119,0.0,1.1293634496919918,0.6139630390143738,0.0,0.061601642710472276,8.57905544147844
1476,1865,4,0.47796143250688705,0.10881542699724518,1.1198347107438016,4.692837465564739,0.0,0.16804407713498623,0.0,0.0,0.0,0.0,0.0,0.0,0.0,0.8829201101928374,0.0,0.0,0.0,0.0881542699724518,0.0,12.778236914600551,0.128099173553719,2.4476584022038566,0.0,3.4146005509641872,3.68732782369146,0.731404958677686,6.640495867768595,0.0,0.0,0.31267217630853994,0.0,0.0,1.359504132231405,20.855371900826448,2.337465564738292,0.0,0.2493112947658402,0.0027548209366391185,0.0,0.5358126721763086,0.5798898071625345,0.0,0.05234159779614325,3.479338842975207
1484,1885,4,0.5809128630705395,0.058091286307053944,0.4896265560165975,3.6970954356846475,0.0,0.0,0.0,0.0,0.0,0.0,0.0,0.0,0.0,0.008298755186721992,0.029045643153526972,0.0,0.0,0.0,0.0,9.800829875518673,0.0,2.3900414937759336,0.0,6.327800829875518,1.6265560165975104,0.0,2.236514522821577,0.7759336099585062,0.0,0.004149377593360996,0.0,0.0,0.0,18.352697095435683,1.5726141078838174,0.0,0.0,0.0,0.0,0.5020746887966805,0.6804979253112033,0.1950207468879668,0.0995850622406639,4.730290456431535
1491,356,4,0.7056603773584905,0.12452830188679245,0.7377358490566037,5.388679245283019,0.0,0.0509433962264151,0.0,0.05471698113207547,0.0,0.0,0.06415094339622641,0.0,0.08113207547169811,0.44528301886792454,0.14339622641509434,0.0,0.0,0.0,0.0,12.384905660377358,0.03773584905660377,2.383018867924528,0.0,10.086792452830188,2.5358490566037735,0.08867924528301886,3.7452830188679247,0.6886792452830188,0.0,0.3641509433962264,0.0,0.0,0.0,25.139622641509433,2.9264150943396228,0.0,0.1169811320754717,0.03962264150943396,0.0,0.7188679245283018,0.6377358490566037,0.0,0.04905660377358491,3.69811320754717
1479,372,4,0.4831199068684517,0.07217694994179279,0.9185098952270081,2.7054714784633296,0.0,0.0,0.0,0.0,0.0,0.0,0.0,0.0,0.0,0.005820721769499418,0.0,0.0,0.0,0.0,0.0,10.022118742724098,0.07916181606519208,1.8323632130384169,0.0,8.634458672875436,1.4481955762514551,0.1362048894062864,4.733410942956927,0.0,0.0,0.06286379511059371,0.0,0.0,0.0,11.125727590221187,1.5750873108265424,0.0,0.1781140861466822,0.006984866123399301,0.0,0.5448195576251456,0.509895227008149,0.0,0.03958090803259604,0.0
1483,569,4,0.5336538461538461,0.11057692307692307,0.10576923076923077,4.6298076923076925,0.0,0.0,0.0,0.0,0.0,0.0,0.0,0.0,0.0,0.0,0.0,0.0,0.0,0.0,0.0,16.317307692307693,0.0,2.1009615384615383,0.0,11.264423076923077,3.456730769230769,0.0673076923076923,2.1153846153846154,0.0,0.14423076923076922,0.009615384615384616,0.27403846153846156,0.0,0.0,17.067307692307693,3.1153846153846154,0.0,0.0,0.0,0.0,0.8269230769230769,0.41346153846153844,0.0,0.04326923076923077,0.0
1484,852,4,0.4462081128747795,0.08112874779541446,0.8800705467372134,2.654320987654321,0.0,0.0,0.0,0.08112874779541446,0.0,0.0,0.001763668430335097,0.0,0.0,0.20458553791887124,0.008818342151675485,0.0,0.0,0.019400352733686066,0.014109347442680775,11.869488536155202,0.001763668430335097,2.583774250440917,0.0,4.601410934744268,1.164021164021164,0.005291005291005291,5.012345679012346,0.0,0.0,0.06349206349206349,0.0,0.0,0.0,11.19047619047619,1.400352733686067,0.0,0.11992945326278659,0.07231040564373897,0.0,0.2345679012345679,0.4656084656084656,0.0,0.03350970017636684,0.0
1488,1386,12,0.5405405405405406,0.09652509652509653,0.6640926640926641,2.8764478764478763,0.0,0.0,0.0,0.11583011583011583,0.0,0.0,0.0019305019305019305,0.023166023166023165,0.0,0.3416988416988417,0.09266409266409266,0.0,0.0,0.04826254826254826,0.055984555984555984,12.664092664092664,0.0,3.384169884169884,0.0,5.56949806949807,1.5386100386100385,0.22393822393822393,5.096525096525096,0.0,0.0,0.14864864864864866,0.007722007722007722,0.0,0.0,13.544401544401545,1.6447876447876448,0.0,0.0,0.013513513513513514,0.0,0.3996138996138996,0.5733590733590733,1.6505791505791505,0.03667953667953668,4.098455598455598
1487,411,4,0.5545774647887324,0.08274647887323944,0.9383802816901409,3.9683098591549295,0.0,0.058098591549295774,0.0,1.6602112676056338,0.0,0.0,0.0,0.0,0.2834507042253521,1.8274647887323943,0.47007042253521125,0.0,0.01584507042253521,0.0,0.0,11.357394366197184,0.1073943661971831,2.176056338028169,0.0,5.313380281690141,2.875,0.5721830985915493,6.941901408450704,0.0,0.0,0.16901408450704225,0.0,0.0,0.0,18.433098591549296,2.2517605633802815,0.0,0.0,0.058098591549295774,0.0,0.5827464788732394,0.6390845070422535,0.0,0.08450704225352113,5.167253521126761
1479,717,11,0.43434343434343436,0.09668109668109669,0.4588744588744589,3.7431457431457433,0.0,0.031746031746031744,0.0,0.23232323232323232,0.0,0.0,0.0,0.0,0.01443001443001443,0.20346320346320346,0.04040404040404041,0.0,0.0,0.0,0.0,14.735930735930737,0.017316017316017316,2.0836940836940836,0.0,7.715728715728716,3.2164502164502164,0.12265512265512266,3.271284271284271,0.0,0.0,0.07792207792207792,0.06782106782106782,0.0,0.0,15.285714285714286,2.461760461760462,0.0,0.24386724386724387,0.03463203463203463,0.0,0.5541125541125541,0.46464646464646464,0.0,0.04040404040404041,0.05916305916305916
1481,1015,4,0.5432098765432098,0.08024691358024691,0.0,2.567901234567901,0.0,0.12962962962962962,0.0,0.9259259259259259,0.0,0.0,0.006172839506172839,0.0,0.0,1.2530864197530864,0.48148148148148145,0.0,0.0,0.05555555555555555,0.11728395061728394,9.04320987654321,0.0,3.123456790123457,0.0,7.203703703703703,0.9382716049382716,0.6851851851851852,6.598765432098766,0.0,0.0,0.012345679012345678,0.0,0.0,0.8703703703703703,11.512345679012345,1.345679012345679,0.0,0.0,0.24074074074074073,0.0,0.8580246913580247,0.5061728395061729,0.0,0.06790123456790123,0.6419753086419753
1486,1752,4,0.46226415094339623,0.09748427672955975,0.559748427672956,4.314465408805032,0.0,0.0,0.0,0.0,0.0,0.0,0.0,0.0,0.0,0.0,0.0,0.0,0.0,0.0,0.0,14.0,0.0,1.9433962264150944,0.0,10.471698113207546,2.330188679245283,0.0,5.327044025157233,0.0,0.0,0.22641509433962265,0.16037735849056603,0.0,0.0,16.861635220125788,2.7044025157232703,0.0,0.0,0.0,0.0,0.6446540880503144,0.559748427672956,0.0,0.040880503144654086,0.0
1485,804,12,0.5196850393700787,0.07349081364829396,0.7532808398950132,4.5223097112860895,0.0,0.0,0.0,0.0,0.0,0.0,0.0,0.0,0.0,0.11023622047244094,0.08923884514435695,0.0,0.0,0.0,0.0,11.241469816272966,0.0,3.7007874015748032,0.0,12.028871391076116,2.606299212598425,0.25984251968503935,3.7874015748031495,0.0,0.0,0.013123359580052493,0.36220472440944884,0.0,0.0,24.11023622047244,3.036745406824147,0.3333333333333333,0.0,0.03674540682414698,0.0,0.8110236220472441,0.6482939632545932,0.0,0.04199475065616798,0.0
1482,1244,15,0.5873925501432665,0.09169054441260745,0.11174785100286533,2.524355300859599,0.0,0.12320916905444126,0.0,1.3839541547277936,0.0,0.03151862464183381,0.0,0.011461318051575931,0.05157593123209169,1.1260744985673352,0.3982808022922636,0.0,0.16332378223495703,1.1289398280802292,0.08882521489971347,5.091690544412607,0.0,4.200573065902579,0.0,2.5501432664756445,1.3123209169054442,0.37822349570200575,4.667621776504298,0.0,0.0,0.0,0.0,0.0,0.0,12.166189111747851,1.3037249283667622,0.0,0.0,0.19197707736389685,0.0,1.1146131805157593,0.5444126074498568,1.472779369627507,0.07736389684813753,7.022922636103152
1494,1330,4,0.748792270531401,0.03864734299516908,1.1014492753623188,2.9033816425120773,0.0,0.08695652173913043,0.0,0.5265700483091788,0.0,0.0,0.0,0.0,0.0,0.4106280193236715,0.09178743961352658,0.0,0.0,0.004830917874396135,0.0,3.082125603864734,0.0,3.9323671497584543,0.0,2.077294685990338,1.0966183574879227,0.6521739130434783,7.0144927536231885,0.0,0.0,0.0821256038647343,0.0,0.0,0.014492753623188406,14.55072463768116,1.8792270531400965,0.0,0.0,0.07729468599033816,0.0,0.13043478260869565,0.5700483091787439,0.0,0.06280193236714976,0.03864734299516908
1492,1536,4,0.5759656652360515,0.0815450643776824,1.0111587982832617,3.727038626609442,0.0,0.0,0.0,0.029184549356223177,0.0,0.0068669527896995704,0.0,0.0,0.0,0.004291845493562232,0.0008583690987124463,0.0,0.0,0.0,0.0,13.69098712446352,0.0008583690987124463,2.140772532188841,0.0,8.50472103004292,1.9381974248927039,0.04978540772532189,4.517596566523605,0.0,0.0,0.1055793991416309,0.24549356223175967,0.0,0.0,16.7656652360515,2.303862660944206,0.0,0.16137339055793992,0.10214592274678111,0.0,0.5218884120171674,0.5553648068669528,0.0,0.07467811158798283,0.9931330472103004
1486,1830,7,0.531986531986532,0.09932659932659933,0.6346801346801347,4.047138047138047,0.0,0.0,0.0,0.12794612794612795,0.0,0.0,0.0,0.0,0.0,0.2474747474747475,0.02356902356902357,0.0,0.0,0.0,0.0,13.178451178451178,0.1127946127946128,2.474747474747475,0.0,13.728956228956228,1.7962962962962963,0.34175084175084175,6.5993265993265995,0.0,0.0,0.24242424242424243,0.006734006734006734,0.0,0.0,18.654882154882156,2.291245791245791,0.0,0.24074074074074073,0.006734006734006734,0.0,0.8939393939393939,0.563973063973064,0.0,0.06228956228956229,0.13973063973063973
1491,1048,12,0.5768115942028985,0.12753623188405797,0.42318840579710143,4.179710144927537,0.0,0.014492753623188406,0.0,0.11014492753623188,0.0,0.0,0.2985507246376812,0.0,0.0,1.2463768115942029,0.19420289855072465,0.0,0.0,0.0,0.8057971014492754,14.388405797101449,0.0,3.0956521739130434,0.0,6.550724637681159,2.0695652173913044,0.19130434782608696,6.0202898550724635,0.0,0.008695652173913044,0.09565217391304348,0.0,0.0,0.0,20.240579710144928,1.9652173913043478,0.0,0.19130434782608696,0.028985507246376812,0.0,0.34782608695652173,0.5507246376811594,0.0,0.06376811594202898,0.0
1495,83,12,0.38010204081632654,0.061224489795918366,0.673469387755102,3.0,0.0,0.0,0.0,0.6938775510204082,0.0,0.0,0.0,0.002551020408163265,0.0,0.7933673469387755,0.3112244897959184,0.0,0.0,0.20153061224489796,0.0,5.637755102040816,0.0,2.7219387755102042,0.0,3.451530612244898,1.1403061224489797,2.232142857142857,6.00765306122449,0.0,0.0,0.15816326530612246,0.0,0.0,0.0,14.665816326530612,1.989795918367347,0.0,0.18622448979591838,0.12244897959183673,0.0,0.9464285714285714,0.5051020408163265,0.0,0.04846938775510204,2.413265306122449
1489,1441,11,0.5329512893982808,0.06876790830945559,0.10458452722063037,2.6174785100286533,0.0,0.0,0.0,0.3123209169054441,0.0,0.0,0.0,0.0,0.0,0.22206303724928367,0.06876790830945559,0.0,0.0,0.2521489971346705,0.0,8.26647564469914,0.0,5.713467048710601,0.0,12.169054441260744,2.151862464183381,0.0,3.4369627507163325,0.0,0.0,0.0,0.0,0.0,0.0,10.806590257879655,1.343839541547278,0.0,0.0,0.02148997134670487,0.0,0.8037249283667621,0.4169054441260745,0.0,0.03724928366762178,6.150429799426934
1487,1905,4,0.6925675675675675,0.0777027027027027,0.5405405405405406,4.489864864864865,0.10135135135135136,0.3581081081081081,0.0,0.32094594594594594,0.0,0.0,0.0,0.0,0.0,2.233108108108108,0.5,0.0,0.28378378378378377,0.3885135135135135,0.0,6.003378378378378,0.0,1.5608108108108107,0.0,2.85472972972973,2.7533783783783785,0.34459459459459457,5.841216216216216,0.11486486486486487,0.0,0.30743243243243246,0.0,0.0,5.506756756756757,21.179054054054053,2.7905405405405403,0.0,0.0,0.06756756756756757,0.0,0.38175675675675674,0.5641891891891891,0.0,0.10810810810810811,2.739864864864865
1497,1926,4,0.6172413793103448,0.12413793103448276,0.5793103448275863,5.817241379310345,0.0,0.0,0.0,0.0034482758620689655,0.0,0.0,0.0034482758620689655,0.0,0.0034482758620689655,0.03793103448275862,0.020689655172413793,0.0,0.0,0.0,0.0,18.02413793103448,0.03103448275862069,2.806896551724138,0.0,23.47241379310345,4.448275862068965,0.07931034482758621,4.0793103448275865,0.0,0.22758620689655173,0.09310344827586207,0.0,0.0,0.0,27.389655172413793,3.6655172413793102,0.0,0.2655172413793103,0.0,0.0,1.5758620689655172,1.3862068965517242,0.0,0.03103448275862069,1.3482758620689654
1495,608,12,0.7142857142857143,0.10844629822732013,0.5589155370177268,4.786235662148071,0.0,0.0,0.0,0.13138686131386862,0.0,0.0,0.013555787278415016,0.0,0.0,0.2794577685088634,0.07612095933263817,0.0,0.0,0.0,0.054223149113660066,14.48800834202294,0.0020855057351407717,2.659019812304484,0.0,15.530761209593326,3.4577685088633996,0.08029197080291971,3.5828988529718457,0.0,0.016684045881126174,0.16058394160583941,0.0,0.0,0.0,23.420229405630867,2.906152241918665,0.0,0.14911366006256518,0.053180396246089674,0.010427528675703858,1.0490093847758082,0.6329509906152242,0.0,0.047966631908237745,0.5046923879040668
1504,991,4,0.45245398773006135,0.09049079754601227,0.4279141104294479,2.901840490797546,0.0,0.003067484662576687,0.0,0.36503067484662577,0.0,0.0,0.003067484662576687,0.0,0.0,0.4110429447852761,0.10736196319018405,0.0,0.01687116564417178,0.19938650306748465,0.0,11.319018404907975,0.0,3.1533742331288344,0.0,6.225460122699387,2.4171779141104293,0.05061349693251534,4.710122699386503,0.0,0.0,0.04294478527607362,0.0,0.0,0.0,13.61196319018405,1.9524539877300613,0.0,0.2331288343558282,0.013803680981595092,0.0,0.450920245398773,0.5337423312883436,0.0,0.04294478527607362,2.521472392638037
1497,2013,8,0.4735322425409047,0.07795957651588066,0.6727622714148219,3.196342637151107,0.0,0.0,0.0,0.0,0.0,0.0,0.0,0.0,0.0,0.0,0.0,0.0,0.0,0.0,0.0,11.353224254090472,0.01828681424446583,2.0577478344562077,0.0,11.778633301251203,1.6785370548604428,0.2492781520692974,4.129932627526467,0.0,0.0,0.3205004812319538,0.0009624639076034649,0.0,0.0,13.928777670837343,1.983638113570741,0.0,0.36284889316650626,0.032723772858517804,0.0,0.8123195380173244,0.5206929740134745,0.0,0.04138594802694899,0.0
1497,181,7,9.891129032258064,0.10483870967741936,0.0,2.907258064516129,0.0,0.004032258064516129,0.0,0.06048387096774194,0.0,0.0,0.10887096774193548,0.0,0.05241935483870968,0.7782258064516129,0.32661290322580644,0.0,0.0,0.0,0.0,9.012096774193548,0.0,4.092741935483871,0.0,2.338709677419355,1.3064516129032258,0.0,2.342741935483871,0.0,0.0,0.0,0.0,0.0,0.0,13.600806451612904,1.028225806451613,0.0,0.0,0.0,0.0,0.14112903225806453,0.625,0.0,10.887096774193548,0.13306451612903225
1496,736,7,0.5390070921985816,0.09574468085106383,0.4875886524822695,3.8102836879432624,0.0,0.0,0.0,0.3067375886524823,0.0,0.0,0.4592198581560284,0.0,0.0,1.1808510638297873,0.5904255319148937,0.0,0.0,0.008865248226950355,1.1117021276595744,11.75886524822695,0.0,2.771276595744681,0.0,13.867021276595745,4.223404255319149,0.03900709219858156,5.0212765957446805,0.0,0.015957446808510637,0.0,0.005319148936170213,0.11524822695035461,0.0,15.51595744680851,2.448581560283688,0.0,0.12943262411347517,0.0,0.1453900709219858,1.1595744680851063,0.475177304964539,0.0,0.07801418439716312,0.0
1498,832,2,0.6074074074074074,0.12345679012345678,0.5432098765432098,3.654320987654321,0.0,0.12345679012345678,0.0,0.5308641975308642,0.0,0.0,0.47160493827160493,0.0,0.0,2.0592592592592593,0.9679012345679012,0.0,0.0,0.03209876543209877,2.2074074074074073,14.474074074074075,0.0,3.3506172839506174,0.0,6.444444444444445,2.271604938271605,0.9209876543209876,8.91851851851852,0.027160493827160494,0.0,0.007407407407407408,0.0,0.1259259259259259,0.454320987654321,15.298765432098765,2.0197530864197533,0.0,0.13333333333333333,0.2617283950617284,0.5753086419753086,0.5802469135802469,0.562962962962963,0.0,0.08148148148148149,0.0
1494,965,4,0.6381842456608812,0.07610146862483311,0.8571428571428571,3.3671562082777036,0.0,0.0,0.0,0.04005340453938585,0.0,0.0,0.014686248331108143,0.35647530040053405,0.0013351134846461949,0.07610146862483311,0.01335113484646195,0.0,0.0,0.0013351134846461949,0.021361815754339118,6.638184245660881,0.0,1.855807743658211,0.0,1.2897196261682242,1.787716955941255,0.07076101468624833,4.634178905206943,0.0,0.0,0.0,0.0,0.0,0.0,15.251001335113484,2.173564753004005,0.0,0.0,0.006675567423230975,0.0,0.0,0.5153538050734312,0.9639519359145527,0.036048064085447265,11.08010680907877
1497,1473,15,0.43805309734513276,0.07079646017699115,0.9424778761061947,2.646017699115044,0.0,0.0,0.0,0.03761061946902655,0.0,0.0,0.0,0.0,0.0,0.03761061946902655,0.0,0.0,0.0,0.004424778761061947,0.0,7.674778761061947,0.00663716814159292,2.148230088495575,0.0,6.25,1.5442477876106195,0.07743362831858407,3.743362831858407,0.0,0.0,0.01991150442477876,0.0,0.0,0.0,12.25,1.7632743362831858,0.0,0.04424778761061947,0.09513274336283185,0.0,0.35176991150442477,0.5176991150442478,0.0,0.022123893805309734,0.0
1493,1737,4,0.47863247863247865,0.07008547008547009,0.7589743589743589,3.9128205128205127,0.0,0.03418803418803419,0.0,0.4666666666666667,0.0,0.0,0.0,0.0,0.0,0.48205128205128206,0.08888888888888889,0.0,0.015384615384615385,0.013675213675213675,0.0,12.4991452991453,0.041025641025641026,2.4358974358974357,0.0,9.417094017094017,2.312820512820513,0.08717948717948718,4.745299145299145,0.0,0.0,0.046153846153846156,0.0,0.0,0.1658119658119658,18.136752136752136,2.2051282051282053,0.0,0.0,0.015384615384615385,0.0,0.7247863247863248,0.611965811965812,0.0,0.03076923076923077,1.847863247863248
1494,1768,4,0.5983935742971888,0.10441767068273092,0.8232931726907631,3.895582329317269,0.0,0.0,0.0,0.0,0.0,0.0,0.0,0.0,0.0,0.08835341365461848,0.05220883534136546,0.0,0.0,0.0,0.0,12.060240963855422,0.020080321285140562,3.281124497991968,0.0,11.004016064257028,2.6907630522088355,0.4538152610441767,4.57429718875502,0.0,0.0,0.04417670682730924,0.24899598393574296,0.0,0.0,20.200803212851405,2.4698795180722892,0.24497991967871485,0.08835341365461848,0.004016064257028112,0.0,0.714859437751004,0.6345381526104418,0.0,0.05220883534136546,0.0
1495,716,11,0.5577889447236181,0.09547738693467336,0.9195979899497487,4.055276381909548,0.0,0.0,0.0,0.0,0.0,0.0,0.0,0.0,0.0,0.09045226130653267,0.0,0.0,0.0,0.0,0.0,11.336683417085426,0.05527638190954774,3.487437185929648,0.0,8.582914572864322,1.9396984924623115,0.4120603015075377,4.763819095477387,0.0,0.0,0.10552763819095477,0.34673366834170855,0.0,0.0,20.42211055276382,2.306532663316583,0.0,0.0,0.03015075376884422,0.0,0.49748743718592964,0.6683417085427136,0.0,0.02512562814070352,0.0
1497,1024,4,0.5607476635514018,0.09345794392523364,0.12850467289719625,4.457943925233645,0.0,0.17757009345794392,0.0,0.23130841121495327,0.0,0.0,0.035046728971962614,0.0,0.0,1.6098130841121496,0.39485981308411217,0.0,0.2102803738317757,0.3855140186915888,0.15186915887850466,12.658878504672897,0.0,2.3761682242990654,0.0,4.205607476635514,3.130841121495327,0.9042056074766355,4.214953271028038,0.4532710280373832,0.0,0.11682242990654206,0.0,0.0,4.0514018691588785,17.91588785046729,2.913551401869159,0.0,0.0,0.11214953271028037,0.014018691588785047,1.0233644859813085,0.47897196261682246,0.0,0.07476635514018691,3.0934579439252334
1497,146,4,0.40784982935153585,0.08361774744027303,0.4249146757679181,3.8293515358361776,0.0,0.0,0.0,0.08873720136518772,0.0,0.0,0.0,0.0,0.0,0.11945392491467577,0.06655290102389079,0.0,0.0,0.07167235494880546,0.0,13.771331058020477,0.0,3.733788395904437,0.0,8.965870307167236,1.8566552901023892,0.1945392491467577,5.126279863481229,0.0,0.0,0.16040955631399317,0.17064846416382254,0.0,0.0,15.581911262798634,2.3805460750853245,0.0,0.1348122866894198,0.0,0.0,0.6996587030716723,0.5597269624573379,0.0,0.032423208191126277,0.09897610921501707
1498,296,7,0.6625,0.10833333333333334,0.44027777777777777,4.697222222222222,0.0,0.0,0.0,0.14583333333333334,0.0,0.0,0.0,0.0,0.0,0.10555555555555556,0.002777777777777778,0.0,0.0,0.0,0.001388888888888889,9.5875,0.0,2.3694444444444445,0.0,12.23611111111111,3.048611111111111,0.016666666666666666,4.404166666666667,0.0,0.0,0.0,0.5263888888888889,0.0,0.0,18.87638888888889,3.102777777777778,0.0,0.009722222222222222,0.006944444444444444,0.0,1.4222222222222223,0.4666666666666667,0.0,0.06388888888888888,0.0
1502,1147,4,0.48869565217391303,0.08347826086956522,0.6,3.2886956521739132,0.0,0.0,0.0,0.16869565217391305,0.0,0.0,0.21565217391304348,0.0,0.0,0.8052173913043478,0.29391304347826086,0.0,0.0,0.0,0.528695652173913,7.474782608695652,0.0,1.6365217391304347,0.0,7.229565217391304,3.253913043478261,0.02434782608695652,4.156521739130435,0.0,0.0,0.05217391304347826,0.0,0.0,0.0,14.28,2.161739130434783,0.0,0.050434782608695654,0.05217391304347826,0.01565217391304348,0.4469565217391304,0.4573913043478261,0.0,0.07652173913043478,0.008695652173913044
1495,1248,15,0.4351145038167939,0.10178117048346055,0.8396946564885496,3.9185750636132317,0.0,0.0,0.0,0.0,0.0,0.0,0.062340966921119595,0.0,0.024173027989821884,0.29770992366412213,0.16666666666666666,0.0,0.0,0.0,0.0,16.452926208651398,0.01653944020356234,2.099236641221374,0.010178117048346057,7.419847328244275,2.2022900763358777,0.26463104325699743,5.796437659033079,0.0,0.0,0.0,0.16793893129770993,0.0,0.0,16.463104325699746,2.3524173027989823,0.0,0.06870229007633588,0.08015267175572519,0.0,0.4529262086513995,0.5623409669211196,0.0,0.043256997455470736,0.06361323155216285
1492,1457,11,0.46924829157175396,0.04328018223234624,0.31890660592255127,2.5876993166287017,0.0,0.05922551252847381,0.0,0.275626423690205,0.0,0.0,0.018223234624145785,0.0,0.00683371298405467,0.296127562642369,0.07061503416856492,0.0,0.0,0.009111617312072893,0.0,4.066059225512529,0.01366742596810934,2.521640091116173,0.0,1.7403189066059226,0.9749430523917996,0.5148063781321185,4.972665148063781,0.0,0.0,0.12300683371298406,0.0,0.0,0.0,13.637813211845103,1.8246013667425969,0.0,0.00683371298405467,0.04555808656036447,0.0,0.16400911161731208,0.5740318906605922,0.0,0.03189066059225513,0.009111617312072893
1496,468,4,0.5,0.1328125,0.7421875,4.34375,0.0,0.4765625,0.0,0.0,0.0,0.0,0.0,0.0,0.0,0.9140625,0.34375,0.0,0.078125,0.0546875,0.0,14.796875,0.0,2.2109375,0.0,10.046875,2.3046875,0.046875,5.09375,0.0078125,0.0,0.1484375,0.0,0.0,2.2265625,17.953125,2.1875,0.0,0.0,0.0,0.0,0.7265625,0.6171875,0.0,0.046875,1.28125
1506,948,4,0.4472843450479233,0.09904153354632587,0.5463258785942492,3.7667731629392973,0.0,0.0,0.0,0.22044728434504793,0.0,0.0,0.0,0.0,0.0,0.054313099041533544,0.019169329073482427,0.0,0.0,0.003194888178913738,0.0,10.36741214057508,0.0,2.587859424920128,0.0,5.421725239616613,1.6325878594249201,0.04153354632587859,3.977635782747604,0.0,0.0,0.0,0.36741214057507987,0.0,0.0,16.568690095846645,2.7827476038338657,0.0,0.0,0.0,0.0,0.8370607028753994,0.4984025559105431,0.0,0.022364217252396165,0.01597444089456869
1503,1125,5,0.4463157894736842,0.06947368421052631,1.105263157894737,3.082105263157895,0.0,0.0,0.0,0.0,0.0,0.0,0.0,0.0,0.0,0.08,0.0,0.0,0.0,0.0,0.0,12.84,0.0,1.8589473684210527,0.0,4.926315789473684,1.1810526315789474,0.18947368421052632,5.372631578947368,0.0,0.0,0.10105263157894737,0.0,0.0,0.0,13.517894736842106,1.7094736842105263,0.0,0.0,0.13263157894736843,0.0,0.30736842105263157,0.5052631578947369,0.0,0.035789473684210524,0.037894736842105266
1499,1506,4,0.48863636363636365,0.08409090909090909,0.509090909090909,4.597727272727273,0.0,0.0,0.0,0.0,0.0,0.0,0.39090909090909093,0.0,0.2545454545454545,1.0818181818181818,0.6431818181818182,0.0,0.0,0.17045454545454544,0.0,9.220454545454546,0.0,2.3840909090909093,0.42954545454545456,14.568181818181818,5.959090909090909,0.16136363636363638,6.170454545454546,0.0,0.0,0.3522727272727273,0.022727272727272728,0.0,0.0,19.888636363636362,3.106818181818182,0.0,0.022727272727272728,0.14545454545454545,0.0,0.8454545454545455,0.509090909090909,0.0,0.05227272727272727,1.115909090909091
1493,1550,4,0.5358024691358024,0.056790123456790124,1.2740740740740741,2.4691358024691357,0.0,0.0,0.0,0.13580246913580246,0.0,0.0,0.0,0.0,0.0,0.08888888888888889,0.0,0.0,0.007407407407407408,0.0,0.0,6.271604938271605,0.14320987654320988,2.6617283950617283,0.0,2.145679012345679,0.2814814814814815,0.6,8.748148148148148,0.0,0.0,0.25679012345679014,0.0,0.0,0.0,11.935802469135803,0.9975308641975309,0.0,0.08888888888888889,0.009876543209876543,0.0,0.14074074074074075,0.6197530864197531,0.0,0.04197530864197531,0.17037037037037037
1508,889,12,0.5280898876404494,0.1348314606741573,1.0112359550561798,5.224719101123595,0.0,0.0,0.0,0.0,0.0,0.0,0.0,0.0,0.0,0.21348314606741572,0.0449438202247191,0.0,0.0,0.0,0.06741573033707865,18.528089887640448,0.0898876404494382,2.7752808988764044,0.0,13.764044943820224,1.8202247191011236,0.39325842696629215,8.438202247191011,0.0,0.0,0.38202247191011235,0.15730337078651685,0.0,0.0,22.0,2.9101123595505616,0.0,0.2808988764044944,0.0,0.0,1.0,0.6853932584269663,0.0,0.07865168539325842,0.449438202247191
1494,1797,4,0.5501089324618736,0.09477124183006536,0.43681917211328974,3.113289760348584,0.0,0.0457516339869281,0.0,1.3965141612200436,0.0,0.0,0.0,0.008714596949891068,0.09803921568627451,0.8126361655773421,0.2766884531590414,0.0,0.6078431372549019,1.2265795206971677,0.0,10.859477124183007,0.0,3.772331154684096,0.0,9.876906318082789,2.8540305010893245,0.29411764705882354,4.247276688453159,0.0,0.0,0.06427015250544663,0.0,0.008714596949891068,0.0,14.387799564270152,1.8856209150326797,0.0,0.0,0.015250544662309368,0.0,0.954248366013072,0.5806100217864923,0.0,0.06318082788671024,7.993464052287582
1502,1805,4,0.3463687150837989,0.11173184357541899,0.5363128491620112,2.916201117318436,0.0,0.0,0.0,0.0,0.0,0.0,0.0,0.0,0.0,0.00558659217877095,0.0,0.0,0.0,0.0,0.0,3.184357541899441,0.0,2.368715083798883,0.0,2.184357541899441,0.9273743016759777,0.2011173184357542,5.597765363128492,0.0,0.05027932960893855,0.3743016759776536,0.0,0.0,0.0,17.18435754189944,1.888268156424581,0.0,0.0,0.10614525139664804,0.0,0.01675977653631285,0.6983240223463687,0.0,0.027932960893854747,0.0
1513,533,4,0.48258706467661694,0.04975124378109453,0.5970149253731343,3.398009950248756,0.0,0.0,0.0,0.11940298507462686,0.0,0.0,0.0,0.0,0.0,0.19900497512437812,0.07462686567164178,0.0,0.0,0.0,0.0,5.721393034825871,0.024875621890547265,6.512437810945274,0.0,2.736318407960199,1.537313432835821,0.39800995024875624,5.825870646766169,0.0,0.11940298507462686,0.26865671641791045,0.0,0.0,0.0,18.72636815920398,1.8258706467661692,0.0,0.06965174129353234,0.20398009950248755,0.0,0.0945273631840796,0.6268656716417911,0.0,0.01990049751243781,0.0
1503,203,12,0.5390570021111893,0.07741027445460943,0.5214637579169599,3.154820548909219,0.0,0.0,0.0,0.07881773399014778,0.0,0.0,0.014074595355383532,0.0,0.012667135819845179,0.17382125263898662,0.02744546094299789,0.0,0.0,0.0,0.007741027445460943,12.075299085151302,0.009148486980999296,6.933145672061928,0.0,7.417311752287122,1.6755805770584096,0.0,4.007741027445461,0.0,0.0,0.08022519352568613,0.030260380014074596,0.021815622800844477,0.0,13.25615763546798,1.8705137227304716,0.0,0.0211118930330753,0.02040816326530612,0.0,0.49472202674173116,0.5102040816326531,0.0,0.036593947923997186,0.0
1505,773,12,0.5547945205479452,0.0821917808219178,0.4229452054794521,2.7756849315068495,0.0,0.0,0.0,0.2654109589041096,0.0,0.0,0.07705479452054795,0.0,0.0,0.6986301369863014,0.3184931506849315,0.0,0.0,0.1541095890410959,0.2534246575342466,10.611301369863014,0.0,3.0256849315068495,0.0,6.506849315068493,1.4691780821917808,0.1969178082191781,5.022260273972603,0.0,0.0,0.025684931506849314,0.0,0.030821917808219176,0.0,11.008561643835616,1.4143835616438356,0.0,0.02054794520547945,0.0410958904109589,0.030821917808219176,0.4897260273972603,0.4212328767123288,0.0,0.0547945205479452,1.071917808219178
1501,1283,4,0.5691158156911582,0.0722291407222914,0.033623910336239106,2.8144458281444584,0.0,0.033623910336239106,0.36114570361145704,0.33374844333748444,0.0,0.033623910336239106,0.0161892901618929,0.0,0.0037359900373599006,0.547945205479452,0.1930261519302615,0.0,0.05977584059775841,0.8455790784557908,0.031133250311332503,9.163138231631383,0.0,5.087173100871731,0.0,8.20049813200498,1.6986301369863013,0.3574097135740971,3.215442092154421,0.0,0.0,0.0,0.0,0.0,0.0,13.099626400996264,1.5504358655043586,0.0,0.0,0.11581569115815692,0.008717310087173101,0.48194271481942713,0.48318804483188044,0.0,0.0410958904109589,3.9688667496886674
1501,1402,4,0.42857142857142855,0.055984555984555984,0.638996138996139,2.6911196911196913,0.0,0.0,0.0,0.0,0.0,0.0,0.0,0.0,0.0,0.005791505791505791,0.0,0.0,0.0,0.0,0.0,3.8783783783783785,0.05019305019305019,1.8803088803088803,0.0,3.200772200772201,1.1254826254826256,0.16216216216216217,5.3301158301158305,0.0,0.0,0.14671814671814673,0.0,0.0,0.0,14.028957528957529,1.8822393822393821,0.0,0.0888030888030888,0.13127413127413126,0.0,0.14092664092664092,0.527027027027027,0.0,0.02702702702702703,0.4189189189189189
1503,1625,4,0.4336734693877551,0.04081632653061224,1.2346938775510203,2.5816326530612246,0.0,0.0,0.0,0.6020408163265306,0.0,0.0,0.0,0.0,0.04591836734693878,0.4030612244897959,0.05612244897959184,0.0,0.05612244897959184,0.0,0.0,2.1683673469387754,0.2653061224489796,2.1989795918367347,0.0,2.5969387755102042,0.7397959183673469,0.6938775510204082,10.311224489795919,0.0,0.0,0.19387755102040816,0.0,0.0,0.0,14.872448979591837,1.5816326530612246,0.0,0.0,0.22959183673469388,0.0,0.8163265306122449,0.5663265306122449,0.0,0.061224489795918366,0.3469387755102041
1504,49,15,1.83609576427256,0.11786372007366483,1.0349907918968693,4.302025782688766,0.0,0.03683241252302026,0.0,0.0,0.0,0.0,0.001841620626151013,0.0,0.0,0.2265193370165746,0.0847145488029466,0.0,0.0,0.0,0.1141804788213628,13.567219152854513,0.18968692449355432,2.9152854511970534,0.0,10.116022099447514,2.8232044198895028,0.5211786372007366,7.392265193370166,0.0,0.0055248618784530384,0.46593001841620624,0.10865561694290976,0.0,0.0,21.648250460405155,2.6169429097605894,0.0,0.39226519337016574,0.0,0.0,0.7937384898710865,0.6390423572744015,0.0,1.0018416206261511,0.2523020257826888
1498,225,12,0.4398976982097187,0.06649616368286446,0.8465473145780051,2.028132992327366,0.0,0.0,0.0,0.4936061381074169,0.0,0.0,0.0,0.0,0.0,0.30434782608695654,0.08439897698209718,0.0,0.0,0.0,0.0,4.971867007672635,0.0,3.2429667519181584,0.0,3.629156010230179,0.8593350383631714,0.37084398976982097,5.698209718670077,0.0,0.0,0.0,0.0,0.0,0.0,9.347826086956522,1.1534526854219949,0.0,0.10485933503836317,0.028132992327365727,0.0,0.21227621483375958,0.45268542199488493,0.0,0.023017902813299233,0.0
1505,1172,4,0.6567164179104478,0.04477611940298507,0.9552238805970149,2.3059701492537314,0.0,0.0,0.0,1.0820895522388059,0.0,0.0,0.0,0.0,0.0,1.1119402985074627,0.5895522388059702,0.0,0.0,0.1044776119402985,0.5223880597014925,1.507462686567164,0.0,3.253731343283582,0.0,1.955223880597015,1.208955223880597,0.3358208955223881,7.835820895522388,0.0,0.0,0.0,0.0,0.0,0.0,10.791044776119403,1.6343283582089552,0.0,0.3358208955223881,0.022388059701492536,0.0,0.0,0.3880597014925373,0.0,0.08208955223880597,0.0
1507,1833,4,0.4765258215962441,0.06572769953051644,0.9014084507042254,3.3309859154929575,0.0,0.0,0.0,0.0,0.0,0.0,0.0,0.0,0.0,0.0,0.0,0.0,0.0,0.0,0.0,10.225352112676056,0.0,2.1455399061032865,0.0,6.107981220657277,1.7816901408450705,0.12206572769953052,5.495305164319249,0.0,0.0,0.0,0.0,0.0,0.0,16.176056338028168,2.3309859154929575,0.0,0.04225352112676056,0.1596244131455399,0.0,0.4694835680751174,0.5375586854460094,0.0,0.035211267605633804,0.0
1499,582,12,0.5321100917431193,0.08125819134993446,0.3761467889908257,3.4128440366972477,0.0,0.0,0.0,0.0,0.0,0.0,0.007863695937090432,0.0,0.0,0.1559633027522936,0.00655307994757536,0.0,0.0,0.0,0.0327653997378768,9.758846657929226,0.0,2.4246395806028835,0.0,9.398427260812582,1.9934469200524247,0.0563564875491481,3.509829619921363,0.16382699868938402,0.06815203145478375,0.09174311926605505,0.0,0.0,0.0,18.524246395806028,1.9200524246395807,0.0,0.009174311926605505,0.06946264744429882,0.0,0.6251638269986893,0.5701179554390564,0.0,0.03145478374836173,0.0
1505,688,12,0.4444444444444444,0.044444444444444446,1.2166666666666666,2.933333333333333,0.0,0.0,0.0,1.0944444444444446,0.0,0.0,0.5333333333333333,0.0,0.0,2.9166666666666665,0.7833333333333333,0.0,0.0,0.03333333333333333,0.4444444444444444,2.7777777777777777,0.06666666666666667,2.283333333333333,0.0,3.4277777777777776,1.6833333333333333,0.07222222222222222,6.9,0.0,0.0,0.027777777777777776,0.0,0.0,0.0,12.694444444444445,1.5777777777777777,0.0,0.37222222222222223,0.022222222222222223,0.0,0.17777777777777778,0.5166666666666667,0.0,0.08333333333333333,0.24444444444444444
1515,1879,4,0.43352601156069365,0.057803468208092484,0.07803468208092486,3.101156069364162,0.0,0.1791907514450867,0.0,1.8034682080924855,0.0,0.0,0.1069364161849711,0.0,0.15895953757225434,1.846820809248555,0.5895953757225434,0.0,0.0,0.16184971098265896,0.049132947976878616,2.745664739884393,0.002890173410404624,2.791907514450867,0.0,2.1647398843930636,1.5289017341040463,1.4046242774566473,6.728323699421965,0.0,0.0,0.05491329479768786,0.0,0.0,0.002890173410404624,13.88150289017341,1.9595375722543353,0.0,0.028901734104046242,0.07803468208092486,0.0,1.0982658959537572,0.5115606936416185,0.0,0.11271676300578035,1.3121387283236994
1503,1003,4,0.5853658536585366,0.09988385598141696,0.47038327526132406,3.6045296167247387,0.0,0.0,0.0,0.0,0.0,0.0,0.0,0.0,0.0,0.0005807200929152149,0.0,0.0,0.0,0.0,0.0,10.937282229965156,0.011614401858304297,2.313588850174216,0.0,8.01451800232288,1.7967479674796747,0.044715447154471545,3.2642276422764227,0.0,0.03832752613240418,0.2508710801393728,0.0,0.0,0.0,18.273519163763066,2.016840882694541,0.0,0.17770034843205576,0.056910569105691054,0.0,0.5150987224157956,0.6318234610917538,0.0,0.02148664343786295,0.02264808362369338
1510,1571,4,0.4675324675324675,0.07142857142857142,0.35064935064935066,3.720779220779221,0.0,0.0,0.0,0.0,0.0,0.0,0.0,0.0,0.0,0.0,0.0,0.0,0.0,0.0,0.0,10.2987012987013,0.0,2.1623376623376624,0.0,14.88961038961039,2.188311688311688,0.18181818181818182,3.1233766233766236,0.0,0.0,0.16233766233766234,0.0,0.0,0.0,15.909090909090908,2.4155844155844157,0.0,0.0,0.0,0.0,0.961038961038961,0.5909090909090909,0.0,0.032467532467532464,0.0
1512,639,4,0.45962732919254656,0.09834368530020704,0.3385093167701863,4.5,0.0,0.0,0.0,0.023809523809523808,0.0,0.0,0.018633540372670808,0.0,0.0,0.19772256728778467,0.07349896480331262,0.0,0.0,0.0,0.07039337474120083,12.825051759834368,0.004140786749482402,1.968944099378882,0.0,8.669772256728779,2.3219461697722568,0.3084886128364389,3.860248447204969,0.0,0.0,0.12525879917184266,0.2701863354037267,0.0,0.0,20.450310559006212,2.8540372670807455,0.0,0.055900621118012424,0.0,0.0,0.6221532091097308,0.6107660455486542,0.0,0.036231884057971016,0.17805383022774326
1513,1431,11,0.4690265486725664,0.09026548672566372,0.5646017699115045,3.2920353982300883,0.0,0.0017699115044247787,0.0,0.07787610619469026,0.0,0.0,0.024778761061946902,0.0,0.0,0.23185840707964603,0.035398230088495575,0.0,0.012389380530973451,0.0,0.02654867256637168,11.631858407079646,0.010619469026548672,2.214159292035398,0.0,8.132743362831858,1.3787610619469026,0.03893805309734513,3.752212389380531,0.0,0.0,0.0,0.0,0.0,0.0,13.730973451327433,2.113274336283186,0.0,0.06371681415929203,0.033628318584070796,0.0,0.5469026548672566,0.46371681415929206,0.0,0.04424778761061947,0.0
1513,277,7,0.48214285714285715,0.10119047619047619,0.23809523809523808,4.9226190476190474,0.1746031746031746,0.051587301587301584,0.0,0.5357142857142857,0.0,0.0,0.0,0.0,0.0,2.4642857142857144,0.7023809523809523,0.0,0.34325396825396826,0.23214285714285715,0.0,10.80952380952381,0.011904761904761904,1.3234126984126984,0.0,3.494047619047619,4.037698412698413,0.5734126984126984,4.1726190476190474,0.013888888888888888,0.0,0.09722222222222222,0.0,0.0,4.138888888888889,21.047619047619047,2.7916666666666665,0.0,0.0,0.007936507936507936,0.0,0.35119047619047616,0.5952380952380952,0.0,0.09325396825396826,6.103174603174603
1507,705,11,0.58203125,0.11328125,1.044921875,4.04296875,0.0,0.0,0.0,0.125,0.0,0.0,0.240234375,0.0,0.0,0.888671875,0.388671875,0.0,0.0,0.0,0.8671875,15.763671875,0.0,1.634765625,0.0,11.236328125,4.72265625,0.30859375,5.8046875,0.0,0.0234375,0.17578125,0.0,0.0,0.0,15.5859375,2.59375,0.0,0.75,0.0,0.03515625,0.75390625,0.443359375,0.0,0.0859375,5.544921875
1509,1449,11,0.4375,0.0546875,0.2734375,3.171875,0.0,0.31640625,0.0,0.53515625,0.0,0.0,0.0,0.0,0.01953125,1.8046875,0.59765625,0.0,0.68359375,0.578125,0.12890625,10.87890625,0.01953125,2.93359375,0.0,2.5546875,2.08984375,1.34765625,5.9296875,0.1953125,0.125,0.37109375,0.0,0.0,8.3203125,13.44921875,1.78125,0.0,0.0703125,0.09765625,0.0,1.09375,0.54296875,0.0,0.1015625,1.484375
1514,244,4,0.4478021978021978,0.057692307692307696,1.0274725274725274,3.1016483516483517,0.03296703296703297,0.038461538461538464,0.0,0.08516483516483517,0.0,0.0,0.0,0.0,0.0,1.0137362637362637,0.29395604395604397,0.0,0.23626373626373626,0.0989010989010989,0.0,11.42032967032967,0.0,1.6758241758241759,0.0,4.1923076923076925,1.120879120879121,0.4807692307692308,6.552197802197802,0.019230769230769232,0.0,0.12362637362637363,0.0,0.0,1.5906593406593406,15.104395604395604,1.6538461538461537,0.0,0.0,0.0,0.0,0.4642857142857143,0.6071428571428571,0.0,0.06043956043956044,0.8571428571428571
1506,102,15,0.5629251700680272,0.04931972789115646,1.8741496598639455,1.880952380952381,0.0,0.0,0.0,0.05952380952380952,0.0,0.0,0.0,0.0,0.0,0.04251700680272109,0.0,0.0,0.0,0.0,0.0,2.4625850340136055,0.0,1.9710884353741496,0.0,2.4693877551020407,0.4897959183673469,0.358843537414966,7.159863945578231,0.0,0.0,0.1377551020408163,0.0,0.0,0.0,9.811224489795919,1.1496598639455782,0.0,1.2363945578231292,0.0,0.0,0.08673469387755102,0.4574829931972789,0.0,0.030612244897959183,0.0
1504,1733,4,0.6778523489932886,0.06040268456375839,0.40939597315436244,2.597315436241611,0.0,0.0,0.0,0.4228187919463087,0.0,0.0,0.0,0.0,0.0,0.2953020134228188,0.053691275167785234,0.0,0.0,0.0,0.0,4.825503355704698,0.0,2.7248322147651005,0.0,4.778523489932886,1.6711409395973154,0.0,6.644295302013423,0.0,0.0,0.0,0.0,0.0,0.0,12.187919463087248,1.7583892617449663,0.0,0.0,0.06040268456375839,0.0,0.28859060402684567,0.3959731543624161,0.0,0.026845637583892617,0.0
1509,1757,4,0.738562091503268,0.058823529411764705,0.6078431372549019,3.5751633986928106,0.0,0.006535947712418301,0.0,0.032679738562091505,0.0,0.0,0.0,0.0,0.0,0.10457516339869281,0.0,0.0,0.0,0.0,0.0,12.11111111111111,0.05228758169934641,3.392156862745098,0.0,11.666666666666666,2.7058823529411766,0.40522875816993464,4.183006535947713,0.0,0.0,0.032679738562091505,0.23529411764705882,0.0,0.0,19.745098039215687,2.4444444444444446,0.0,0.026143790849673203,0.058823529411764705,0.0,0.6862745098039216,0.6405228758169934,0.0,0.0457516339869281,0.0
1510,413,5,0.5091277890466531,0.12373225152129817,0.1926977687626775,4.59026369168357,0.0,0.0,0.0,0.0,0.0,0.0,0.0,0.0,0.0,0.0,0.0,0.0,0.0,0.0,0.0,9.866125760649087,0.0,2.8052738336713996,0.0,12.876267748478702,3.3509127789046653,0.04462474645030426,1.667342799188641,0.0,0.0,0.0,0.3265720081135903,0.0,0.0,23.13184584178499,2.8032454361054766,0.060851926977687626,0.0,0.014198782961460446,0.0,0.9107505070993914,0.6267748478701826,0.0,0.02636916835699797,0.0
1513,1235,5,0.47606382978723405,0.05319148936170213,1.1143617021276595,2.86968085106383,0.0,0.0,0.0,0.39361702127659576,0.0,0.0,0.09308510638297872,0.0,0.09574468085106383,0.8218085106382979,0.4015957446808511,0.0,0.0,0.0,0.0,6.226063829787234,0.010638297872340425,1.574468085106383,0.1702127659574468,5.058510638297872,3.279255319148936,0.2845744680851064,5.845744680851064,0.0,0.0,0.10638297872340426,0.0,0.0,0.0,12.872340425531915,1.9042553191489362,0.0,0.13031914893617022,0.061170212765957445,0.0,0.3324468085106383,0.4228723404255319,0.0,0.023936170212765957,0.0
1513,1959,6,0.5513866231647635,0.13213703099510604,0.5921696574225123,4.972267536704731,0.0,0.0032626427406199023,0.0,0.10766721044045677,0.0,0.0,0.36867862969004894,0.0,0.3295269168026101,1.1468189233278956,0.6280587275693311,0.0,0.0,0.0,0.0,14.877650897226754,0.0,2.4208809135399676,0.4094616639477977,12.407830342577487,6.411092985318108,0.32300163132137033,4.846655791190865,0.0,0.0,0.024469820554649267,0.0,0.0,0.0,21.497553017944536,3.236541598694943,0.0,0.16476345840130505,0.08319738988580751,0.0,1.0195758564437194,0.6688417618270799,0.0,0.0766721044045677,0.4600326264274062
1511,472,4,0.745136186770428,0.11478599221789883,1.38715953307393,5.7957198443579765,0.0,0.0,0.0,0.0,0.0,0.0,0.7626459143968871,0.0,0.4961089494163424,1.2684824902723735,0.7217898832684825,0.0,0.0,0.0,0.0,8.84046692607004,0.04474708171206226,2.157587548638132,0.0,4.042801556420233,4.184824902723736,0.27431906614785995,6.77431906614786,0.0,0.0,0.311284046692607,0.0,0.0,0.0,28.326848249027236,3.5486381322957197,0.0,0.1517509727626459,0.0622568093385214,0.14591439688715954,0.3229571984435798,0.5992217898832685,0.0,0.08171206225680934,1.5603112840466926
1526,1645,4,0.48615384615384616,0.08,0.5815384615384616,3.5107692307692306,0.0,0.0,0.0,0.1723076923076923,0.0,0.0,0.0,0.0,0.0,0.046153846153846156,0.0,0.0,0.0,0.0,0.0,4.6,0.0,2.3261538461538462,0.0,4.4,1.4123076923076923,0.10461538461538461,4.649230769230769,0.0,0.0,0.009230769230769232,0.29846153846153844,0.0,0.0,15.375384615384615,2.4276923076923076,0.0,0.0,0.0,0.0,0.5661538461538461,0.44,0.0,0.012307692307692308,0.0
1512,116,4,0.4963302752293578,0.11651376146788991,0.41559633027522935,4.559633027522936,0.0,0.0,0.0,0.02018348623853211,0.0,0.0,0.0,0.0,0.0,0.10275229357798166,0.01834862385321101,0.0,0.0,0.0,0.0,14.302752293577981,0.03944954128440367,2.118348623853211,0.0,13.230275229357797,2.6376146788990824,0.23027522935779818,4.273394495412844,0.0,0.0,0.1761467889908257,0.11926605504587157,0.0,0.12935779816513762,20.792660550458717,2.5660550458715594,0.0,0.11284403669724771,0.011926605504587157,0.0,0.9009174311926605,0.6110091743119266,0.0,0.04862385321100918,0.3577981651376147
1517,929,4,0.6214953271028038,0.07476635514018691,0.8084112149532711,2.2149532710280373,0.0,0.0,0.0,0.0,0.0,0.0,0.0,0.0,0.0,0.0,0.0,0.0,0.0,0.0,0.0,10.630841121495328,0.0,1.9766355140186915,0.0,3.1542056074766354,1.4626168224299065,0.1261682242990654,6.892523364485982,0.0,0.0,0.0,0.0,0.0,0.0,10.299065420560748,1.1261682242990654,0.0,0.018691588785046728,0.0,0.0,0.19158878504672897,0.42990654205607476,0.0,0.037383177570093455,0.0
1524,440,15,0.7524038461538461,0.10096153846153846,0.8293269230769231,3.2740384615384617,0.0,0.0,0.0,0.08653846153846154,0.0,0.0,0.0,0.0,0.019230769230769232,0.30288461538461536,0.1466346153846154,0.0,0.0,0.0,0.016826923076923076,12.336538461538462,0.0,2.949519230769231,0.0,5.425480769230769,1.21875,0.3918269230769231,6.7764423076923075,0.0,0.0,0.06009615384615385,0.0,0.04567307692307692,0.0,14.286057692307692,1.6682692307692308,0.19951923076923078,0.0,0.30528846153846156,0.0,0.33653846153846156,0.6490384615384616,0.3942307692307692,0.09375,1.1682692307692308
1517,618,4,0.4637385086823289,0.09601634320735444,0.6792645556690501,3.345250255362615,0.0,0.0020429009193054137,0.0,0.43820224719101125,0.0,0.007150153217568948,0.0,0.0,0.01940755873340143,0.3575076608784474,0.0735444330949949,0.0,0.0,0.0296220633299285,0.0,16.88253319713994,0.013278855975485188,1.9846782431052095,0.0,6.21144024514811,1.7374872318692542,0.18590398365679264,5.409601634320736,0.0,0.0,0.15423901940755874,0.23186925434116445,0.0,0.0,13.745658835546475,1.9662921348314606,0.0,0.195097037793667,0.06741573033707865,0.0,0.45045965270684374,0.4902962206332993,0.0,0.027579162410623085,0.19816138917262513
1517,1039,4,0.48635235732009924,0.07444168734491315,0.3424317617866005,2.893300248138958,0.0,0.0,0.0,0.10918114143920596,0.0,0.0,0.17866004962779156,0.0,0.0,0.5483870967741935,0.17121588089330025,0.0,0.0,0.1662531017369727,0.11662531017369727,13.153846153846153,0.0,2.0372208436724564,0.0,8.98014888337469,1.501240694789082,0.009925558312655087,3.8411910669975184,0.0,0.0,0.0,0.0,0.0,0.0,12.913151364764268,1.9156327543424319,0.0,0.06947890818858561,0.0,0.0,0.7196029776674938,0.4317617866004963,0.0,0.04714640198511166,2.066997518610422
1511,1391,15,0.37962962962962965,0.08333333333333333,0.9444444444444444,3.298611111111111,0.0,0.0,0.0,0.0,0.0,0.0,0.0,0.0,0.0,0.0,0.0,0.0,0.0,0.0,0.0,10.060185185185185,0.0,2.2685185185185186,0.0,6.706018518518518,1.6851851851851851,0.24305555555555555,4.340277777777778,0.0,0.0,0.09259259259259259,0.0,0.0,0.0,14.70138888888889,2.0208333333333335,0.0,0.2986111111111111,0.04398148148148148,0.0,0.46296296296296297,0.5115740740740741,0.0,0.027777777777777776,0.0
1520,1665,4,0.4276315789473684,0.06578947368421052,0.29605263157894735,3.138157894736842,0.0,0.006578947368421052,0.0,0.7763157894736842,0.0,0.0,0.0,0.0,0.03289473684210526,0.7105263157894737,0.17763157894736842,0.0,0.03289473684210526,0.039473684210526314,0.02631578947368421,4.1118421052631575,0.05263157894736842,2.1578947368421053,0.0,4.5131578947368425,1.355263157894737,0.2631578947368421,5.243421052631579,0.0,0.0,0.21052631578947367,0.0,0.0,0.0,15.414473684210526,1.9671052631578947,0.0,0.0,0.34210526315789475,0.0,0.9342105263157895,0.6644736842105263,0.0,0.03289473684210526,0.0
1513,506,4,0.5601851851851852,0.10416666666666667,0.44907407407407407,4.4907407407407405,0.0,0.0,0.0,0.0,0.0,0.0,0.0,0.0,0.0,0.0,0.0,0.0,0.0,0.0,0.0,11.92361111111111,0.07407407407407407,2.8171296296296298,0.0,11.206018518518519,2.125,0.35648148148148145,5.793981481481482,0.0,0.0,0.1712962962962963,0.18287037037037038,0.0,0.0,20.474537037037038,2.6828703703703702,0.0,0.18287037037037038,0.0,0.0,0.7523148148148148,0.7083333333333334,0.0,0.041666666666666664,0.0
1519,1412,4,0.5402298850574713,0.05363984674329502,0.2950191570881226,2.781609195402299,0.0,0.0,0.0,0.1685823754789272,0.0,0.0,0.08045977011494253,0.0,0.04597701149425287,0.1839080459770115,0.1532567049808429,0.0,0.0,0.0,0.0,3.9310344827586206,0.0,2.4367816091954024,0.0,3.1839080459770117,1.1647509578544062,0.0,2.6091954022988504,0.0,0.0,0.0,0.0,0.07662835249042145,0.0,12.812260536398467,1.789272030651341,0.0,0.0,0.17624521072796934,0.0,0.16091954022988506,0.4521072796934866,0.0,0.04980842911877394,0.0
1519,1598,4,0.5128755364806867,0.060085836909871244,0.9699570815450643,3.8433476394849784,0.015021459227467811,0.002145922746781116,0.0,0.12017167381974249,0.0,0.0,0.04291845493562232,0.0,0.0,0.4721030042918455,0.148068669527897,0.0,0.10515021459227468,0.008583690987124463,0.21030042918454936,10.96351931330472,0.045064377682403435,2.1137339055793993,0.0,9.1137339055794,2.124463519313305,0.19313304721030042,5.304721030042918,0.0,0.0,0.06223175965665236,0.0,0.0,0.2510729613733906,18.873390557939913,2.7103004291845494,0.0,0.0,0.04721030042918455,0.034334763948497854,1.0879828326180256,0.5944206008583691,0.0,0.06223175965665236,0.2446351931330472
1522,1615,11,1.575221238938053,0.05604719764011799,1.056047197640118,2.4926253687315634,0.0,0.0,0.0,0.0,0.0,0.0,0.05014749262536873,0.0,0.0,0.20648967551622419,0.12389380530973451,0.0,0.27728613569321536,0.0,0.3274336283185841,2.589970501474926,0.038348082595870206,2.1799410029498527,0.0,2.2772861356932155,0.7109144542772862,1.112094395280236,9.274336283185841,0.0,0.0,0.4277286135693215,0.0,0.0,0.0,14.725663716814159,1.5663716814159292,0.0,0.4631268436578171,0.10324483775811209,0.0,0.07669616519174041,0.5339233038348082,0.0,0.6843657817109144,0.35693215339233036
1515,68,15,1.7677725118483412,0.1066350710900474,0.556872037914692,4.497630331753554,0.0,0.0,0.0,0.07819905213270142,0.0,0.0,0.052132701421800945,0.0,0.0,0.7559241706161137,0.21800947867298578,0.0,0.061611374407582936,0.04265402843601896,0.18009478672985782,11.22037914691943,0.05924170616113744,2.2156398104265405,0.0,9.414691943127963,2.755924170616114,0.34834123222748814,5.789099526066351,0.0,0.0,0.2962085308056872,0.12796208530805686,0.0,0.7606635071090048,21.232227488151658,2.5876777251184833,0.0,0.10426540284360189,0.0,0.0,0.6350710900473934,0.5829383886255924,0.0,0.7938388625592417,1.2061611374407584
1518,161,4,0.5,0.06557377049180328,0.4098360655737705,1.790983606557377,0.0,0.0,0.0,0.3401639344262295,0.0,0.0,0.0,0.0,0.0,0.16393442622950818,0.004098360655737705,0.0,0.0,0.040983606557377046,0.0,2.4139344262295084,0.0,3.209016393442623,0.0,2.5040983606557377,0.9672131147540983,0.00819672131147541,6.475409836065574,0.0,0.0,0.0,0.0,0.0,0.0,9.745901639344263,1.1188524590163935,0.0,0.0,0.0,0.0,0.09836065573770492,0.4385245901639344,0.0,0.02459016393442623,0.1598360655737705
1515,215,4,0.5781818181818181,0.09454545454545454,0.5163636363636364,3.0145454545454546,0.0,0.0,0.0,0.08363636363636363,0.0,0.0,0.007272727272727273,0.0,0.0,0.06181818181818182,0.02,0.0,0.0,0.0,0.01818181818181818,9.907272727272728,0.0,2.209090909090909,0.0,8.436363636363636,2.92,0.0,4.92,0.0,0.0,0.0,0.09272727272727273,0.0,0.0,13.65090909090909,2.0745454545454547,0.0,0.016363636363636365,0.038181818181818185,0.0,0.6418181818181818,0.4254545454545455,0.0,0.034545454545454546,0.0
1525,348,4,0.6690140845070423,0.09507042253521127,0.44366197183098594,2.7253521126760565,0.0,0.0,0.0,0.01056338028169014,0.0,0.0,0.0,0.0,0.0,0.07042253521126761,0.0,0.0,0.0,0.0,0.0,9.774647887323944,0.0,2.5140845070422535,0.0,6.880281690140845,1.6338028169014085,0.14788732394366197,4.911971830985915,0.0,0.0,0.1267605633802817,0.0,0.0,0.0,11.130281690140846,1.7007042253521127,0.0,0.035211267605633804,0.03873239436619718,0.0,0.6373239436619719,0.4964788732394366,0.0,0.05985915492957746,0.0
1527,1097,4,0.6633266533066132,0.07515030060120241,0.4849699398797595,2.958917835671343,0.0,0.0,0.0,0.03907815631262525,0.0,0.0,0.0,0.0,0.0,0.052104208416833664,0.006012024048096192,0.0,0.0,0.0,0.0,10.052104208416834,0.0,2.966933867735471,0.0,7.495991983967936,1.7434869739478958,0.001002004008016032,4.344689378757515,0.0,0.0,0.0,0.0,0.0,0.0,12.716432865731463,1.9328657314629258,0.0,0.0,0.06613226452905811,0.0,0.5731462925851704,0.47695390781563124,0.0,0.03206412825651302,0.0
1519,1812,4,0.46174617461746176,0.07650765076507651,1.1629162916291629,3.0846084608460846,0.0,0.0,0.0,0.009000900090009001,0.0,0.0,0.0,0.0,0.0,0.0315031503150315,0.0,0.0,0.0,0.0,0.0,13.743474347434743,0.017101710171017102,1.9675967596759676,0.0,3.867686768676868,1.2133213321332132,0.14491449144914492,6.6561656165616565,0.0,0.0,0.08640864086408641,0.1791179117911791,0.0,0.0,13.642664266426642,1.6651665166516652,0.0,0.13861386138613863,0.34473447344734476,0.0,0.25112511251125114,0.5481548154815482,0.0,0.043204320432043204,0.0
1521,488,4,0.5637149028077754,0.09935205183585313,0.265658747300216,3.915766738660907,0.0,0.0,0.0,0.047516198704103674,0.0,0.0,0.0,0.0,0.0,0.0734341252699784,0.019438444924406047,0.0,0.0,0.0,0.0,12.676025917926566,0.01079913606911447,4.632829373650108,0.0,14.542116630669547,2.3196544276457884,0.17062634989200864,3.464362850971922,0.17494600431965443,0.09719222462203024,0.2786177105831533,0.0,0.0,0.0,20.084233261339094,2.2289416846652266,0.0,0.0,0.0,0.0,1.0561555075593954,0.5982721382289417,0.0,0.05399568034557235,0.0
1525,1019,4,0.4223433242506812,0.051771117166212535,0.5258855585831063,2.6594005449591283,0.0,0.0,0.0,0.005449591280653951,0.0,0.0,0.0,0.0,0.0,0.02997275204359673,0.0027247956403269754,0.0,0.0,0.0,0.0,8.231607629427794,0.0,2.1934604904632153,0.0,6.940054495912807,1.2098092643051772,0.0,3.871934604904632,0.0,0.0,0.0027247956403269754,0.0,0.0,0.0,12.207084468664851,1.8419618528610355,0.0,0.0,0.07901907356948229,0.0,0.3405994550408719,0.4822888283378747,0.0,0.013623978201634877,0.0
1535,98,4,0.41316270566727603,0.07312614259597806,0.5722120658135283,3.4076782449725775,0.0,0.0,0.0,0.0,0.0,0.0,0.0,0.0,0.0,0.0,0.0,0.0,0.0,0.0,0.0,10.606946983546617,0.0,2.343692870201097,0.0,7.248628884826325,1.9890310786106034,0.20292504570383912,5.255941499085923,0.0,0.0,0.010968921389396709,0.0,0.0,0.0,15.826325411334553,2.2376599634369287,0.0,0.007312614259597806,0.0018281535648994515,0.0,0.5502742230347349,0.5137111517367459,0.0,0.027422303473491772,0.0
1515,1732,4,0.5932423651721898,0.10591293047433398,0.39571150097465885,3.170890188434048,0.0,0.0,0.0,0.17478882391163092,0.0,0.0,0.04093567251461988,0.0,0.024041585445094216,0.2936972059779077,0.1221572449642625,0.0,0.0,0.03248862897985705,0.0,14.443794671864847,0.0,2.9740090968161144,0.0,6.0701754385964914,2.9382716049382718,0.04938271604938271,5.181286549707602,0.0,0.0,0.0,0.14359974009096815,0.0,0.0,12.442495126705653,1.8330084470435348,0.0,0.0,0.007147498375568551,0.0,0.41195581546458737,0.5081221572449642,0.0,0.04028589993502274,0.1806367771280052
1523,2010,12,0.6927374301675978,0.08379888268156424,0.6815642458100558,4.558659217877095,0.0,0.24022346368715083,0.0,0.0,0.0,0.0,0.0,0.0,0.0,0.3463687150837989,0.03910614525139665,0.0,0.0,0.0,0.0,13.435754189944134,0.03910614525139665,4.044692737430168,0.0,10.71508379888268,2.564245810055866,0.6480446927374302,5.726256983240224,0.0,0.0,0.09497206703910614,0.25139664804469275,0.0,0.0,20.960893854748605,2.793296089385475,0.0,0.0223463687150838,0.08379888268156424,0.0,0.6480446927374302,0.5418994413407822,0.0,0.061452513966480445,0.0
1522,811,7,5.085,0.105,0.0275,5.625,0.0,0.1625,0.0,0.155,0.0,0.0,0.0,0.0,0.0,1.01,0.31,0.0,0.0,0.3675,0.0,12.545,0.0,9.125,0.0,2.5125,4.1975,0.3875,1.9825,0.0,0.0,0.0,0.0,0.0,0.0,27.23,2.7925,0.0,0.0,0.0225,0.0,0.3325,0.755,0.26,3.6,1.4675
1536,1342,4,0.6701388888888888,0.08333333333333333,0.34375,2.8784722222222223,0.0,0.10590277777777778,0.0,1.046875,0.0,0.0,0.8576388888888888,0.0,0.1701388888888889,3.078125,1.6006944444444444,0.0,0.0,0.1232638888888889,2.7291666666666665,4.211805555555555,0.0,3.670138888888889,0.0,5.159722222222222,2.3194444444444446,1.2291666666666667,8.651041666666666,0.0,0.0,0.0954861111111111,0.0,0.09375,0.0,14.255208333333334,1.9427083333333333,0.0,0.0,0.08506944444444445,0.11458333333333333,0.3940972222222222,0.5121527777777778,0.0,0.12152777777777778,1.9253472222222223
1537,190,4,0.5192090395480226,0.09378531073446328,0.9497175141242938,3.7887005649717516,0.0,0.0,0.0,0.0,0.0,0.0,0.07231638418079096,0.0,0.0,0.11073446327683616,0.03898305084745763,0.0,0.0,0.0,0.1807909604519774,13.583050847457628,0.00903954802259887,1.951412429378531,0.0,10.669491525423728,3.2711864406779663,0.1598870056497175,5.348022598870057,0.0,0.04915254237288136,0.18587570621468927,0.21412429378531073,0.0,0.0,18.075706214689266,2.412994350282486,0.0,0.13220338983050847,0.061581920903954805,0.0,0.7271186440677966,0.5983050847457627,0.0,0.03615819209039548,1.0056497175141244
1526,736,12,0.9958448753462604,0.07479224376731301,0.49584487534626037,3.315096952908587,0.0,0.0,0.0,0.04293628808864266,0.0,0.0,0.0,0.0,0.0,0.14058171745152354,0.01038781163434903,0.0,0.0,0.0,0.007617728531855956,12.50831024930748,0.0,2.759695290858726,0.0,8.957063711911358,2.8746537396121883,0.054709141274238225,5.022853185595568,0.0,0.08102493074792244,0.0,0.07202216066481995,0.0,0.0,13.581024930747922,1.9210526315789473,0.0,0.06717451523545706,0.014542936288088643,0.0,0.6578947368421053,0.525623268698061,0.0,0.11080332409972299,0.0
1529,1281,7,0.5209580838323353,0.07784431137724551,0.3532934131736527,4.652694610778443,0.0,0.021956087824351298,0.0,0.6467065868263473,0.0,0.0,0.033932135728542916,0.0,0.011976047904191617,1.0219560878243512,0.4810379241516966,0.0,0.19560878243512975,0.20159680638722555,0.17365269461077845,11.365269461077844,0.01996007984031936,2.9860279441117763,0.0,2.0119760479041915,2.093812375249501,0.7904191616766467,6.550898203592815,0.6926147704590818,0.0,0.0,0.0,0.0,0.4231536926147705,17.734530938123754,2.3972055888223553,0.0,0.017964071856287425,0.09181636726546906,0.0,0.4311377245508982,0.564870259481038,0.0,0.029940119760479042,0.0
1529,909,12,0.43784530386740333,0.07044198895027624,0.744475138121547,2.6477900552486187,0.0,0.0,0.0,0.011049723756906077,0.0,0.0,0.22790055248618785,0.0,0.0,0.5524861878453039,0.25828729281767954,0.0,0.5276243093922652,0.0,0.5621546961325967,8.204419889502763,0.015193370165745856,1.6740331491712708,0.0,3.755524861878453,1.0193370165745856,0.8839779005524862,6.334254143646409,0.0,0.0,0.14917127071823205,0.0,0.1464088397790055,0.0,14.2292817679558,1.7403314917127073,0.0,0.08839779005524862,0.21132596685082872,0.0,0.3701657458563536,0.6284530386740331,0.0,0.04005524861878453,0.14502762430939226
1521,1180,4,0.4696969696969697,0.12373737373737374,0.7424242424242424,2.7702020202020203,0.0,0.0,0.0,0.4065656565656566,0.0,0.0,0.0,0.12121212121212122,0.010101010101010102,0.39141414141414144,0.20454545454545456,0.0,0.017676767676767676,0.11868686868686869,0.03787878787878788,11.820707070707071,0.0,2.803030303030303,0.0,9.671717171717171,2.1742424242424243,0.10101010101010101,5.406565656565657,0.0,0.0,0.13383838383838384,0.0,0.0,0.0,12.396464646464647,1.4217171717171717,0.0,0.0,0.06060606060606061,0.0,0.7449494949494949,0.49242424242424243,0.4116161616161616,0.07323232323232323,13.007575757575758
1527,1717,5,0.6372093023255814,0.06046511627906977,0.8046511627906977,2.786046511627907,0.0,0.0,0.0,0.0,0.0,0.0,0.0,0.0,0.0,0.0,0.0,0.0,0.0,0.0,0.0,3.5348837209302326,0.0,2.167441860465116,0.0,2.604651162790698,0.8093023255813954,0.19069767441860466,5.981395348837209,0.0,0.0,0.046511627906976744,0.0,0.0,0.0,13.925581395348837,2.0093023255813955,0.0,0.027906976744186046,0.17674418604651163,0.0,0.2558139534883721,0.586046511627907,0.0,0.08372093023255814,0.0
1528,784,6,0.5760286225402504,0.09660107334525939,1.0322003577817531,5.384615384615385,0.0,0.03577817531305903,0.0,0.0035778175313059034,0.0,0.0,0.22719141323792486,0.0,0.0,0.6386404293381037,0.22361359570661896,0.0,0.0,0.0,0.008944543828264758,11.740608228980323,0.11449016100178891,3.629695885509839,0.5724508050089445,15.411449016100178,6.719141323792487,0.740608228980322,7.506261180679785,0.0,0.09302325581395349,0.7101967799642218,0.0,0.0,0.0,27.044722719141323,3.488372093023256,0.0,0.6905187835420393,0.0518783542039356,0.0,0.8855098389982111,0.5384615384615384,0.0,0.055456171735241505,1.5992844364937389
1522,1162,4,0.5193661971830986,0.13380281690140844,0.08450704225352113,4.524647887323944,0.0,0.01584507042253521,0.0,0.125,0.0,0.0,0.5422535211267606,0.0,0.30985915492957744,2.4683098591549295,1.4683098591549295,0.0,0.06690140845070422,0.3855633802816901,0.21830985915492956,16.012323943661972,0.0,3.5598591549295775,0.0,9.369718309859154,4.855633802816901,0.4014084507042254,4.515845070422535,0.0,0.0,0.028169014084507043,0.0,0.0017605633802816902,0.0,17.994718309859156,2.9507042253521125,0.0,0.0,0.028169014084507043,0.12852112676056338,0.9366197183098591,0.5633802816901409,0.0,0.061619718309859156,4.625
1523,1387,11,0.46236559139784944,0.0913978494623656,1.4516129032258065,3.5591397849462365,0.0,0.0,0.0,0.0,0.0,0.0,0.0,0.0,0.0,0.0,0.0,0.0,0.0,0.0,0.0,17.27956989247312,0.0,1.8709677419354838,0.0,5.451612903225806,1.7903225806451613,0.25268817204301075,6.827956989247312,0.0,0.0,0.0967741935483871,0.2849462365591398,0.0,0.0,17.381720430107528,1.8333333333333333,0.0,0.4032258064516129,0.04838709677419355,0.0,0.2903225806451613,0.6397849462365591,0.0,0.03763440860215054,0.0
1528,1762,4,0.4326241134751773,0.1276595744680851,0.38652482269503546,5.414893617021277,0.0,0.0,0.0,1.1666666666666667,0.0,0.0,0.0,0.0,0.0,1.2588652482269505,0.3475177304964539,0.0,0.6631205673758865,0.5425531914893617,0.07446808510638298,17.25177304964539,0.028368794326241134,2.5851063829787235,0.0,6.219858156028369,4.148936170212766,0.19858156028368795,5.3936170212765955,0.0,0.0,0.16312056737588654,0.0,0.0,1.2375886524822695,22.631205673758867,3.095744680851064,0.0,0.0,0.15602836879432624,0.0,0.8049645390070922,0.6382978723404256,0.0,0.07446808510638298,4.326241134751773
1527,1500,4,0.47571189279731996,0.06197654941373534,0.5125628140703518,4.318257956448911,0.0,0.0,0.0,0.0,0.0,0.0,0.0,0.0,0.0,0.005025125628140704,0.0,0.0,0.0,0.0,0.0,8.924623115577889,0.0,3.040201005025126,0.0,10.879396984924623,2.7571189279731994,0.12227805695142378,2.289782244556114,0.0,0.0,0.01507537688442211,0.38358458961474035,0.0,0.0,22.91289782244556,2.8894472361809047,0.0,0.023450586264656615,0.01340033500837521,0.0,0.6365159128978225,0.6499162479061976,0.0,0.031825795644891124,0.0
1522,1943,4,0.8327137546468402,0.06691449814126393,1.7434944237918215,2.3605947955390336,0.0,0.0,0.0,0.11152416356877323,0.0,0.0,0.0,0.0,0.0,0.23048327137546468,0.06319702602230483,0.0,0.0,0.0,0.0,7.639405204460966,0.11152416356877323,2.7843866171003717,0.0,1.4684014869888475,0.40148698884758366,0.4721189591078067,8.1635687732342,0.0,0.0,0.21933085501858737,0.0,0.0,0.0,12.881040892193308,1.0929368029739777,0.0,0.3345724907063197,0.0,0.0,0.0,0.5315985130111525,0.0,0.26765799256505574,0.0
1536,326,4,0.648936170212766,0.06382978723404255,3.0,2.574468085106383,0.0,0.0,0.0,0.09574468085106383,0.0,0.0,0.010638297872340425,0.0,0.0,1.3936170212765957,0.0,0.0,0.0,0.0,0.0,5.968085106382978,0.0851063829787234,2.148936170212766,0.0,0.9787234042553191,0.24468085106382978,0.48936170212765956,7.074468085106383,0.0,0.24468085106382978,0.7021276595744681,0.0,0.0,0.0,13.138297872340425,0.8617021276595744,0.0,0.8617021276595744,0.010638297872340425,0.0,0.0,0.46808510638297873,0.0,0.010638297872340425,1.3829787234042554
1528,464,4,1.131578947368421,0.07706766917293233,0.23684210526315788,3.556390977443609,0.0,0.0,0.0,0.11654135338345864,0.0,0.0,0.0,0.0,0.0,0.29887218045112784,0.10902255639097744,0.0,0.0,0.0018796992481203006,0.0,13.462406015037594,0.0,5.492481203007519,0.0,9.00563909774436,2.238721804511278,0.0018796992481203006,3.887218045112782,0.0,0.0,0.0,0.0,0.0,0.0,14.552631578947368,2.1109022556390977,0.0,0.0,0.022556390977443608,0.0,0.6578947368421053,0.5206766917293233,0.0,0.07894736842105263,0.0
1536,552,4,0.3946360153256705,0.034482758620689655,0.7777777777777778,2.5057471264367814,0.0,0.0,0.0,0.0842911877394636,0.0,0.0,0.0,0.0,0.0,0.07279693486590039,0.0,0.0,0.0,0.0,0.0,5.199233716475096,0.0,1.8467432950191571,0.0,3.7586206896551726,1.2260536398467432,0.14559386973180077,3.425287356321839,0.0,0.0,0.37547892720306514,0.0,0.0,0.0,12.10344827586207,1.7816091954022988,0.0,0.1111111111111111,0.03065134099616858,0.0,0.2567049808429119,0.4099616858237548,0.0,0.01532567049808429,0.0
1527,704,6,0.513681592039801,0.06965174129353234,0.7972636815920398,2.900497512437811,0.0,0.0,0.0,0.05721393034825871,0.0,0.0,0.0,0.0,0.0,0.17039800995024876,0.0,0.0,0.0,0.0,0.0,9.559701492537313,0.017412935323383085,2.4129353233830844,0.0,5.960199004975125,1.3121890547263682,0.04975124378109453,4.9440298507462686,0.0,0.0,0.22014925373134328,0.0,0.0,0.0,12.327114427860696,1.8233830845771144,0.0,0.15049751243781095,0.06592039800995025,0.0,0.4054726368159204,0.48507462686567165,0.0,0.04477611940298507,0.0
1524,763,12,0.461038961038961,0.03571428571428571,1.9707792207792207,2.2467532467532467,0.0,0.022727272727272728,0.0,0.8668831168831169,0.0,0.0,0.5064935064935064,0.0,0.33116883116883117,1.5811688311688312,0.7305194805194806,0.0,0.0,0.0,0.00974025974025974,2.227272727272727,0.1266233766233766,2.461038961038961,0.0,2.366883116883117,1.3928571428571428,0.801948051948052,10.837662337662337,0.0,0.06168831168831169,0.09415584415584416,0.0,0.0,0.17207792207792208,12.152597402597403,1.2370129870129871,0.0,0.3961038961038961,0.18506493506493507,0.0,0.2922077922077922,0.4675324675324675,0.0,0.05844155844155844,0.0
1538,1150,4,0.546583850931677,0.09316770186335403,0.2857142857142857,3.111801242236025,0.0,0.18012422360248448,0.0,1.3043478260869565,0.0,0.0,0.12422360248447205,0.0,0.024844720496894408,1.7329192546583851,0.5341614906832298,0.0,0.0,0.2919254658385093,0.08695652173913043,6.670807453416149,0.0,5.428571428571429,0.0,11.298136645962733,1.826086956521739,1.1304347826086956,8.509316770186336,0.0,0.0,0.0,0.0,0.0,0.0,14.180124223602485,2.0745341614906834,0.0,0.0,0.17391304347826086,0.0,1.453416149068323,0.5590062111801242,0.0,0.09316770186335403,4.521739130434782
1530,1971,4,0.45814167433302666,0.0827966881324747,0.7681692732290708,3.5400183992640293,0.0,0.0,0.0,0.15915363385464582,0.0,0.0,0.0,0.0,0.0,0.21803127874885003,0.05795768169273229,0.0,0.0,0.0027598896044158236,0.0,12.574057037718491,0.0,3.124195032198712,0.0,9.565777368905243,1.845446182152714,0.05519779208831647,5.046918123275069,0.0,0.0,0.12879484820607176,0.0,0.0,0.0,15.817847286108556,2.2447102115915363,0.0,0.03679852805887764,0.010119595216191352,0.0,0.6531738730450782,0.5961361545538179,0.0,0.03679852805887764,0.004599816007359705
1523,1739,4,1.6308316430020284,0.12778904665314403,2.046653144016227,5.137931034482759,0.0,0.0,0.0,0.0,0.0,0.0,0.3630831643002028,0.0,0.29006085192697767,0.9168356997971603,0.7342799188640974,0.0,0.0,0.0,0.0,17.94523326572008,0.028397565922920892,2.6044624746450302,0.0,11.679513184584179,4.618661257606491,0.3022312373225152,5.62474645030426,0.0,0.012170385395537525,0.3894523326572008,0.0,0.0,0.0,24.74239350912779,2.5679513184584177,0.0,0.6977687626774848,0.0,0.008113590263691683,0.6876267748478702,0.6308316430020284,0.0,0.1947261663286004,2.4421906693711968
1534,1837,7,0.7397260273972602,0.1232876712328767,0.136986301369863,5.301369863013699,0.0,0.0,0.0,0.0,0.0,0.0,0.0,0.0,0.0,0.0547945205479452,0.0273972602739726,0.0,0.0,0.0,0.0,12.493150684931507,0.0,4.328767123287672,0.0,16.438356164383563,4.109589041095891,0.2602739726027397,2.73972602739726,0.0,0.0,0.0,0.4246575342465753,0.0,0.0,26.027397260273972,3.2465753424657535,0.0,0.0,0.0,0.0,1.1917808219178083,0.6438356164383562,0.0,0.0684931506849315,0.0
1536,1935,4,0.6321626617375231,0.1256931608133087,0.41404805914972276,6.295748613678374,0.0,0.0,0.0,0.0,0.0,0.0,0.11460258780036968,0.0,0.0,0.8835489833641405,0.17375231053604437,0.0,0.0,0.0,0.4565619223659889,17.243992606284657,0.0,2.5249537892791127,0.0,17.268022181146026,6.2772643253234754,0.11090573012939002,3.702402957486137,0.07024029574861368,0.0036968576709796672,0.3733826247689464,0.0,0.0,0.0,29.21996303142329,3.741219963031423,0.0,0.25508317929759705,0.0,0.0,1.1312384473197783,0.6118299445471349,0.0,0.06469500924214418,2.988909426987061
1529,50,4,0.5994152046783626,0.07163742690058479,1.5847953216374269,2.992690058479532,0.0,0.0,0.0,0.4298245614035088,0.0,0.0,0.0,0.0,0.0,0.6081871345029239,0.06578947368421052,0.0,0.0,0.0,0.06140350877192982,6.618421052631579,0.0,1.6096491228070176,0.0,2.185672514619883,1.0964912280701755,0.38011695906432746,6.3654970760233915,0.0,0.26608187134502925,0.4692982456140351,0.0,0.0,0.0,17.86842105263158,1.6008771929824561,0.0,0.5102339181286549,0.0,0.0,0.1388888888888889,0.5701754385964912,0.0,0.04093567251461988,0.6198830409356725
1528,227,4,0.6023529411764705,0.08470588235294117,0.35058823529411764,2.9952941176470587,0.0,0.0,0.0,0.08470588235294117,0.0,0.0,0.0,0.0,0.0,0.43058823529411766,0.0,0.0,0.0,0.0,0.0,11.44235294117647,0.0,2.696470588235294,0.0,6.4282352941176475,1.5576470588235294,0.05647058823529412,4.207058823529412,0.0,0.0,0.0,0.04941176470588235,0.0,0.0,12.451764705882352,1.7788235294117647,0.0,0.0,0.02823529411764706,0.0,0.52,0.46588235294117647,0.0,0.03529411764705882,0.0
1529,287,15,0.4972677595628415,0.04918032786885246,1.0874316939890711,2.191256830601093,0.0,0.0,0.0,0.0,0.0,0.0,0.0,0.0,0.0,0.0,0.0,0.0,0.0,0.0,0.0,4.7650273224043715,0.0,1.9781420765027322,0.0,3.191256830601093,0.9726775956284153,0.4262295081967213,6.879781420765028,0.0,0.0,0.0,0.0,0.0,0.0,10.185792349726777,1.2404371584699454,0.0,0.3879781420765027,0.01639344262295082,0.0,0.0546448087431694,0.4644808743169399,0.0,0.01639344262295082,0.0
1536,309,4,0.5898203592814372,0.08982035928143713,1.3293413173652695,3.8862275449101795,0.0,0.0,0.0,0.47305389221556887,0.0,0.0,0.1407185628742515,0.0,0.0,1.1167664670658684,0.10479041916167664,0.0,0.0,0.0,0.19461077844311378,8.311377245508982,0.038922155688622756,3.284431137724551,0.0,5.820359281437126,4.290419161676646,0.25449101796407186,6.658682634730539,0.0,0.0,0.0,0.0,0.0,0.0,16.82634730538922,2.6197604790419162,0.0,0.32934131736526945,0.0,0.0,0.36826347305389223,0.5269461077844312,0.0,0.07784431137724551,1.0838323353293413
1535,1224,4,0.8643724696356275,0.07489878542510121,0.8906882591093117,3.172064777327935,0.0,0.0,0.0,0.08502024291497975,0.0,0.0,0.0,0.0,0.0,0.38461538461538464,0.10323886639676114,0.0,0.0,0.0,0.0,13.030364372469636,0.0,5.206477732793522,0.0,6.836032388663968,1.5222672064777327,0.16396761133603238,5.783400809716599,0.0,0.0,0.0,0.0,0.0,0.0,12.862348178137651,1.7874493927125505,0.0,0.2591093117408907,0.02631578947368421,0.0,0.4817813765182186,0.5364372469635628,0.0,0.09919028340080972,0.0
1534,1475,4,0.46189024390243905,0.08079268292682927,1.0564024390243902,3.370426829268293,0.0,0.0,0.0,0.17682926829268292,0.0,0.0,0.021341463414634148,0.0,0.03201219512195122,0.2576219512195122,0.04725609756097561,0.0,0.0350609756097561,0.03353658536585366,0.0,9.945121951219512,0.0,2.0594512195121952,0.0,7.378048780487805,1.5731707317073171,0.19054878048780488,6.564024390243903,0.0,0.0,0.05030487804878049,0.0,0.0,0.022865853658536585,17.403963414634145,2.442073170731707,0.0,0.09603658536585366,0.04420731707317073,0.0,0.7408536585365854,0.5350609756097561,0.0,0.0350609756097561,0.2347560975609756
1537,1570,4,0.4751445086705202,0.08439306358381503,0.5664739884393064,4.561849710982659,0.0,0.0,0.0,0.1815028901734104,0.0,0.0,0.026589595375722544,0.0,0.0,0.545664739884393,0.13641618497109825,0.0,0.0,0.0,0.0011560693641618498,13.878612716763005,0.008092485549132947,2.2323699421965317,0.0,9.247398843930636,2.4959537572254336,0.34797687861271676,4.9028901734104045,0.0,0.0,0.15028901734104047,0.08439306358381503,0.0,0.0,20.6485549132948,2.8520231213872833,0.0,0.130635838150289,0.06127167630057803,0.0,0.6358381502890174,0.5861271676300578,0.0,0.056647398843930635,0.005780346820809248
1539,151,4,0.49318463444857497,0.08798017348203221,0.5142503097893433,4.144981412639405,0.0,0.0,0.0,0.1127633209417596,0.0,0.0,0.0,0.0,0.0,0.20693928128872366,0.0322180916976456,0.0,0.0,0.0,0.0,11.472118959107807,0.03345724907063197,2.2862453531598512,0.0,9.070631970260223,2.707558859975217,0.26022304832713755,5.2242874845105325,0.0,0.0,0.18587360594795538,0.0024783147459727386,0.0,0.0,20.20817843866171,2.524163568773234,0.0,0.1288723667905824,0.03469640644361834,0.0,0.6728624535315985,0.6257744733581165,0.0,0.03841387856257745,0.30855018587360594
1536,660,4,0.47416413373860183,0.08308004052684904,0.3677811550151976,2.82370820668693,0.0,0.0,0.0,0.11347517730496454,0.0,0.0,0.0,0.0,0.005065856129685917,0.11448834853090173,0.04559270516717325,0.0,0.0,0.0,0.0,11.314083080040527,0.0,2.534954407294833,0.0,5.835866261398176,1.7811550151975684,0.0243161094224924,4.619047619047619,0.0,0.0,0.0,0.1033434650455927,0.0,0.0,11.541033434650457,1.6068895643363728,0.0,0.016210739614994935,0.0182370820668693,0.0,0.4447821681864235,0.4508611955420466,0.0,0.030395136778115502,0.0
1538,1404,7,0.4828614008941878,0.10730253353204174,0.45603576751117736,2.9433681073025335,0.0,0.011922503725782414,0.0,0.10730253353204174,0.0,0.0,0.011922503725782414,0.0,0.0,0.14008941877794337,0.02533532041728763,0.0,0.0,0.0,0.004470938897168405,11.181818181818182,0.0,1.9433681073025335,0.0,5.391952309985097,1.4843517138599105,0.038748137108792845,4.491803278688525,0.0,0.0,0.0,0.0,0.0,0.0,13.305514157973175,2.055141579731744,0.0,0.0,0.026825633383010434,0.0,0.3472429210134128,0.5365126676602087,0.0,0.03278688524590164,0.0
1529,1450,11,0.4961636828644501,0.09207161125319693,0.5012787723785166,5.723785166240409,0.0,0.030690537084398978,0.0,0.05370843989769821,0.0,0.0,0.16112531969309463,0.0,0.0,0.6419437340153452,0.27365728900255754,0.0,0.005115089514066497,0.03836317135549872,0.6649616368286445,17.774936061381073,0.030690537084398978,2.023017902813299,0.0,16.312020460358056,3.649616368286445,0.19437340153452684,3.9028132992327365,0.0,0.0,0.1815856777493606,0.34271099744245526,0.0,0.26854219948849106,23.85933503836317,3.4680306905370846,0.0,0.2506393861892583,0.061381074168797956,0.1432225063938619,1.2173913043478262,0.618925831202046,0.0,0.0639386189258312,2.836317135549872
1530,215,4,0.467680608365019,0.057034220532319393,0.596958174904943,3.494296577946768,0.026615969581749048,0.0,0.0,0.11406844106463879,0.0,0.0,0.011406844106463879,0.0,0.0,0.7034220532319392,0.13307984790874525,0.0,0.015209125475285171,0.015209125475285171,0.0,5.7034220532319395,0.0,2.2509505703422055,0.0,4.076045627376426,1.209125475285171,0.8022813688212928,5.7110266159695815,0.0,0.0,0.17110266159695817,0.0,0.0,0.5513307984790875,17.372623574144487,2.11787072243346,0.0,0.011406844106463879,0.057034220532319393,0.0,0.11026615969581749,0.6007604562737643,0.0,0.04182509505703422,0.11787072243346007
1540,508,4,1.0056818181818181,0.056818181818181816,0.45454545454545453,3.227272727272727,0.0,0.0,0.0,0.0625,0.0,0.0,0.0,0.0,0.0,0.10795454545454546,0.0,0.0,0.0,0.0,0.0,9.443181818181818,0.0,2.965909090909091,0.0,9.619318181818182,2.465909090909091,0.24431818181818182,5.079545454545454,0.0,0.0,0.045454545454545456,0.0,0.0,0.0,13.534090909090908,2.0454545454545454,0.0,0.08522727272727272,0.056818181818181816,0.0,0.5852272727272727,0.42045454545454547,0.0,0.08522727272727272,0.0
1529,1528,5,0.5075593952483801,0.08099352051835854,0.2526997840172786,3.0075593952483803,0.0,0.0,0.0,0.0367170626349892,0.0,0.0,0.06911447084233262,0.0,0.04103671706263499,0.23218142548596113,0.13498920086393087,0.0,0.0,0.0,0.22462203023758098,11.427645788336934,0.0010799136069114472,2.634989200863931,0.0,8.647948164146868,1.7473002159827213,0.008639308855291577,2.8390928725701943,0.0,0.0,0.0,0.0,0.06047516198704104,0.0,12.849892008639308,1.9136069114470842,0.0,0.0,0.01511879049676026,0.06047516198704104,0.5928725701943844,0.5615550755939525,0.0,0.038876889848812095,0.0
1539,72,4,0.4678111587982833,0.06437768240343347,1.0987124463519313,3.9184549356223175,0.0,0.0,0.0,0.0,0.0,0.0,0.5021459227467812,0.0,0.3090128755364807,0.8927038626609443,0.36909871244635195,0.0,0.0,0.0,0.0,12.32618025751073,0.15450643776824036,2.699570815450644,0.15021459227467812,9.6137339055794,2.699570815450644,0.5665236051502146,8.450643776824034,0.0,0.0,0.45064377682403434,0.0,0.0,0.0,17.78969957081545,1.9270386266094421,0.0,0.5493562231759657,0.0,0.10300429184549356,0.6952789699570815,0.6266094420600858,0.0,0.04721030042918455,0.0
1549,385,15,0.5756302521008403,0.0861344537815126,0.20588235294117646,3.436974789915966,0.0,0.0,0.0,0.04201680672268908,0.0,0.0,0.031512605042016806,0.0,0.023109243697478993,0.20798319327731093,0.052521008403361345,0.0,0.0,0.0,0.0,12.974789915966387,0.0,2.7941176470588234,0.0,8.399159663865547,2.2373949579831933,0.0,3.235294117647059,0.0,0.0,0.0,0.12184873949579832,0.0,0.0,13.834033613445378,2.0504201680672267,0.0,0.0,0.0,0.0,0.6008403361344538,0.4495798319327731,0.0,0.04831932773109244,0.0273109243697479
1537,1380,11,0.4660347551342812,0.060821484992101105,0.6406003159557662,2.6951026856240126,0.0,0.00315955766192733,0.0,0.3957345971563981,0.0,0.0,0.010268562401263823,0.0,0.001579778830963665,0.3949447077409163,0.11690363349131122,0.0,0.0,0.0,0.045023696682464455,9.165876777251185,0.0,2.5308056872037916,0.0,7.578199052132701,1.764612954186414,0.07424960505529225,6.262243285939968,0.0,0.0,0.0,0.0,0.0,0.0,12.0347551342812,1.6737756714060033,0.0,0.0,0.02448657187993681,0.0,0.5631911532385466,0.45339652448657186,0.0,0.0315955766192733,0.0
1535,30,4,0.45555555555555555,0.08055555555555556,0.9888888888888889,3.9833333333333334,0.0,0.0,0.0,0.8138888888888889,0.0,0.0,0.0,0.0,0.0,1.011111111111111,0.2777777777777778,0.0,0.575,0.7583333333333333,0.0,12.647222222222222,0.05555555555555555,2.188888888888889,0.0,3.7694444444444444,2.588888888888889,0.11944444444444445,6.927777777777778,0.0,0.09166666666666666,0.17222222222222222,0.0,0.0,0.9055555555555556,17.619444444444444,2.047222222222222,0.0,0.10555555555555556,0.10277777777777777,0.0,0.49166666666666664,0.6305555555555555,0.0,0.08055555555555556,5.902777777777778
1544,1549,4,0.4842105263157895,0.021052631578947368,0.18947368421052632,2.1894736842105265,0.0,0.0,0.0,0.0,0.0,0.0,0.0,0.0,0.0,0.18947368421052632,0.0,0.0,0.0,0.0,0.0,4.336842105263158,0.0,4.863157894736842,0.0,1.6105263157894736,0.3157894736842105,0.010526315789473684,4.989473684210527,0.0,0.0,0.09473684210526316,0.0,0.0,0.0,8.673684210526316,0.8947368421052632,0.0,0.0,0.0,0.0,0.010526315789473684,0.42105263157894735,0.0,0.010526315789473684,0.0
1534,1513,4,0.5171821305841925,0.08762886597938144,0.5567010309278351,4.357388316151202,0.0,0.0,0.0,0.07731958762886598,0.0,0.0,0.024054982817869417,0.0,0.013745704467353952,0.31958762886597936,0.07560137457044673,0.0,0.0,0.0,0.0,10.907216494845361,0.02577319587628866,2.231958762886598,0.0,7.8075601374570445,2.857388316151203,0.23024054982817868,4.326460481099656,0.0,0.0,0.0979381443298969,0.20618556701030927,0.0,0.0,22.1426116838488,2.893470790378007,0.0,0.001718213058419244,0.0,0.001718213058419244,0.5859106529209622,0.6374570446735395,0.0,0.03436426116838488,0.0
1537,1913,4,0.4354066985645933,0.08133971291866028,1.0191387559808613,2.9473684210526314,0.0,0.0,0.0,0.0,0.0,0.0,0.0,0.0,0.0,0.014354066985645933,0.0,0.0,0.0,0.0,0.0,8.196172248803828,0.1722488038277512,2.8947368421052633,0.0,1.3588516746411483,0.3923444976076555,0.3492822966507177,6.889952153110048,0.0,0.0,0.37799043062200954,0.0,0.0,0.0,14.69377990430622,1.3732057416267942,0.0,0.291866028708134,0.014354066985645933,0.0,0.0,0.631578947368421,0.0,0.023923444976076555,0.0
1533,988,4,0.5847665847665847,0.0687960687960688,0.8968058968058968,3.095823095823096,0.0,0.0,0.0,0.0,0.0,0.0,0.0,0.0,0.0,0.014742014742014743,0.0,0.0,0.0,0.0,0.0,3.6535626535626538,0.0,1.9287469287469288,0.0,1.71007371007371,0.9926289926289926,0.02702702702702703,4.452088452088452,0.0,0.171990171990172,0.22604422604422605,0.0,0.0,0.0,19.30958230958231,2.113022113022113,0.0,0.11056511056511056,0.0,0.0,0.0,0.5773955773955773,0.0,0.029484029484029485,0.0
1534,1255,12,0.4263959390862944,0.030456852791878174,2.5380710659898478,2.517766497461929,0.0,0.0,0.0,0.0,0.0,0.0,0.0,0.0,0.0,0.0,0.0,0.0,0.0,0.0,0.0,2.517766497461929,0.22842639593908629,2.2436548223350252,0.0,2.7258883248730963,0.6395939086294417,0.9898477157360406,13.045685279187817,0.0,0.0,0.7258883248730964,0.0,0.0,0.0,13.857868020304569,1.380710659898477,0.0,1.284263959390863,0.2131979695431472,0.0,0.0,0.5939086294416244,0.0,0.02030456852791878,0.0
1535,635,7,0.40789473684210525,0.05921052631578947,0.2894736842105263,3.2565789473684212,0.0,0.0,0.0,1.7664473684210527,0.0,0.0,0.07236842105263158,0.0,0.01644736842105263,1.638157894736842,0.11513157894736842,0.0,0.6118421052631579,0.2894736842105263,0.08881578947368421,5.019736842105263,0.006578947368421052,2.2401315789473686,0.0,1.8388157894736843,1.7861842105263157,1.542763157894737,4.3125,0.0,0.0,0.0,0.0,0.0,0.5493421052631579,18.348684210526315,2.375,0.0,0.0,0.1118421052631579,0.0,2.0559210526315788,0.45723684210526316,0.0,0.10526315789473684,6.322368421052632
1544,758,5,0.449685534591195,0.11949685534591195,0.4025157232704403,4.710691823899371,0.0,0.0,0.0,0.018867924528301886,0.0,0.0,0.33962264150943394,0.0,0.0,1.0314465408805031,0.0,0.0,0.0,0.0,0.39622641509433965,13.251572327044025,0.0,1.5188679245283019,0.0,12.028301886792454,4.679245283018868,0.0,3.3647798742138364,0.0,0.0,0.0,0.0,0.0,0.0,17.87735849056604,3.2767295597484276,0.0,0.0,0.0,0.0,0.7484276729559748,0.5377358490566038,0.0,0.07547169811320754,3.556603773584906
1537,925,4,0.5649779735682819,0.09251101321585903,0.14757709251101322,4.312775330396476,0.0,0.0,0.0,0.276431718061674,0.0,0.0,0.15969162995594713,0.0,0.17290748898678415,1.1068281938325992,0.6574889867841409,0.0,0.0011013215859030838,0.06607929515418502,0.0,14.725770925110131,0.004405286343612335,3.497797356828194,0.4262114537444934,9.515418502202643,4.1618942731277535,0.3381057268722467,4.129955947136564,0.005506607929515419,0.0,0.0,0.2775330396475771,0.0,0.0,17.124449339207047,2.79295154185022,0.0,0.0,0.013215859030837005,0.0,0.6927312775330396,0.5154185022026432,0.0,0.05506607929515418,1.433920704845815
1535,618,15,0.5729166666666666,0.10069444444444445,0.2986111111111111,4.375,0.0,0.0,0.0,0.0,0.0,0.0,0.0,0.0,0.0,0.08333333333333333,0.16666666666666666,0.0,0.0,0.0,0.0,17.07638888888889,0.0,3.0,0.0,19.875,5.635416666666667,0.09722222222222222,4.576388888888889,0.0,0.0,0.2013888888888889,0.0,0.0,0.0,16.54513888888889,2.5659722222222223,0.3263888888888889,0.0,0.0,0.0,1.5347222222222223,0.4756944444444444,0.2569444444444444,0.09375,4.385416666666667
1540,678,4,0.4131455399061033,0.06103286384976526,0.2676056338028169,4.164319248826291,0.0,0.0,0.0,0.9859154929577465,0.0,0.0,0.352112676056338,0.0,0.0,1.323943661971831,0.09389671361502347,0.0,0.0,0.0,0.5117370892018779,9.553990610328638,0.0,2.4741784037558685,0.0,6.953051643192488,2.3427230046948355,0.0,4.882629107981221,0.0,0.0,0.0,0.0,0.0,0.0,15.11737089201878,2.4507042253521125,0.0,0.0,0.018779342723004695,0.0,0.460093896713615,0.5211267605633803,0.0,0.06572769953051644,3.328638497652582
1541,944,4,0.45484949832775917,0.07023411371237458,0.46153846153846156,2.759197324414716,0.0,0.0,0.0,0.046822742474916385,0.0,0.0,0.0,0.0,0.0,0.03678929765886288,0.023411371237458192,0.0,0.0,0.0,0.0,9.391304347826088,0.013377926421404682,2.367892976588629,0.0,4.234113712374582,1.140468227424749,0.13043478260869565,5.207357859531773,0.0,0.0,0.0,0.0,0.0,0.0,12.153846153846153,1.6622073578595318,0.0,0.20735785953177258,0.21739130434782608,0.0,0.2408026755852843,0.5919732441471572,0.0,0.046822742474916385,0.0
1538,1741,4,0.4746376811594203,0.06884057971014493,0.9710144927536232,2.76268115942029,0.0,0.0,0.0,0.0,0.0,0.0,0.0,0.0,0.0,0.12681159420289856,0.0,0.0,0.0,0.0,0.0,6.108695652173913,0.02355072463768116,3.5652173913043477,0.0,6.476449275362318,0.6032608695652174,0.1068840579710145,4.516304347826087,0.0,0.0,0.23731884057971014,0.0,0.0,0.0,13.164855072463768,1.8605072463768115,0.0,0.322463768115942,0.10144927536231885,0.0,0.3188405797101449,0.5380434782608695,0.0,0.030797101449275364,0.2971014492753623
1542,411,7,0.6327868852459017,0.09508196721311475,0.4131147540983607,3.734426229508197,0.0,0.0,0.0,0.029508196721311476,0.0,0.0,0.009836065573770493,0.0,0.0,0.2721311475409836,0.15081967213114755,0.0,0.0,0.0,0.0,8.79016393442623,0.009836065573770493,4.108196721311476,0.0,10.885245901639344,2.5639344262295083,0.4098360655737705,4.462295081967213,0.0,0.0,0.003278688524590164,0.25245901639344265,0.0,0.0,20.367213114754097,2.265573770491803,0.0,0.07540983606557378,0.0,0.0,0.760655737704918,0.5081967213114754,0.0,0.036065573770491806,0.0
1535,1816,4,0.4635036496350365,0.09124087591240876,0.22627737226277372,4.4489051094890515,0.0,0.010948905109489052,0.0,0.5565693430656934,0.0,0.0,0.354014598540146,0.0,0.0018248175182481751,1.4397810218978102,0.10036496350364964,0.0,0.0,0.010948905109489052,1.198905109489051,14.13138686131387,0.0,2.009124087591241,0.0,11.032846715328468,4.760948905109489,0.03102189781021898,5.483576642335766,0.0,0.0,0.0,0.0,0.0,0.0,16.87226277372263,2.687956204379562,0.0,0.0,0.0,0.0,0.6952554744525548,0.48905109489051096,0.0,0.060218978102189784,2.9251824817518246
1547,253,4,0.5601659751037344,0.058091286307053944,0.34024896265560167,3.3485477178423237,0.0,0.0,0.0,0.0,0.0,0.0,0.008298755186721992,0.0,0.0,0.0912863070539419,0.0,0.0,0.0,0.0,0.02074688796680498,8.676348547717842,0.0,2.9460580912863072,0.0,11.572614107883817,2.08298755186722,0.012448132780082987,3.116182572614108,0.0,0.0,0.2033195020746888,0.0,0.0,0.0,19.74688796680498,2.2738589211618256,0.0,0.0,0.0,0.0,0.8298755186721992,0.6390041493775933,0.0,0.04979253112033195,0.058091286307053944
1545,1681,11,0.5131578947368421,0.11842105263157894,0.9366028708133971,3.8779904306220097,0.0,0.0,0.0,0.08373205741626795,0.0,0.0,0.0,0.0,0.0,0.056220095693779906,0.0,0.0,0.0,0.0,0.0,19.199760765550238,0.0,2.0681818181818183,0.0,9.727272727272727,1.4605263157894737,0.2284688995215311,5.456937799043062,0.0,0.0,0.0,0.5311004784688995,0.0,0.0,14.83133971291866,2.0466507177033493,0.0,0.20095693779904306,0.025119617224880382,0.0,1.1279904306220097,0.4688995215311005,0.0,0.03708133971291866,0.0
1539,1043,4,0.4185303514376997,0.10383386581469649,0.6645367412140575,4.167731629392971,0.10702875399361023,0.1805111821086262,0.0,0.6150159744408946,0.0,0.0,0.0,0.0,0.0,1.720447284345048,0.3210862619808307,0.0,0.3146964856230032,0.15335463258785942,0.06230031948881789,11.672523961661343,0.051118210862619806,2.801916932907348,0.0,2.268370607028754,2.6277955271565494,0.7476038338658147,6.6629392971246,0.0,0.0,0.28434504792332266,0.0,0.0,3.768370607028754,19.99361022364217,2.2012779552715656,0.0,0.2380191693290735,0.0,0.0,0.2763578274760383,0.5830670926517572,0.0,0.06389776357827476,4.319488817891374
1540,1301,11,0.4581673306772908,0.05976095617529881,0.6334661354581673,3.6573705179282867,0.0,0.0,0.0,0.0,0.0,0.0,0.0,0.0,0.0,0.0,0.0,0.0,0.0,0.0,0.0,9.414342629482071,0.0,1.7888446215139442,0.0,3.593625498007968,1.5179282868525896,0.1593625498007968,4.952191235059761,0.0,0.0,0.0,0.05976095617529881,0.0,0.0,15.326693227091633,2.3386454183266934,0.0,0.0,0.16733067729083664,0.0,0.26294820717131473,0.5896414342629482,0.0,0.00398406374501992,0.0
1542,122,6,0.4368231046931408,0.05415162454873646,0.6462093862815884,2.8772563176895307,0.0,0.11913357400722022,0.0,1.3862815884476534,0.0,0.0,0.0,0.0,0.0,2.003610108303249,0.23465703971119134,0.0,0.0,0.0,0.0,9.04332129963899,0.05415162454873646,1.7003610108303249,0.0,1.4584837545126355,1.2021660649819494,0.6462093862815884,5.433212996389892,0.5270758122743683,0.0,0.4007220216606498,0.0,0.0,2.0144404332129966,13.40072202166065,1.296028880866426,0.0,0.1407942238267148,0.05415162454873646,0.0,0.17328519855595667,0.5306859205776173,0.0,0.06498194945848375,4.299638989169675
1556,1782,4,0.5357142857142857,0.08571428571428572,0.6214285714285714,2.617857142857143,0.0,0.0,0.0,0.17857142857142858,0.0,0.0,0.24285714285714285,0.0,0.2392857142857143,2.2357142857142858,1.9214285714285715,0.0,0.0,0.0,0.0,11.45357142857143,0.0,3.289285714285714,0.0,5.364285714285714,1.5392857142857144,0.17142857142857143,6.267857142857143,0.0,0.0,0.0,0.0,0.0,0.0,10.478571428571428,1.1178571428571429,0.0,0.0,0.0,0.0,0.375,0.55,0.0,0.060714285714285714,0.0
1543,1853,4,0.5384615384615384,0.0967032967032967,0.6989010989010989,3.3373626373626375,0.0,0.0,0.0,0.128021978021978,0.0,0.0,0.0,0.0,0.0,0.30494505494505497,0.05384615384615385,0.0,0.0,0.0,0.0,9.724175824175823,0.038461538461538464,3.756043956043956,0.0,9.437912087912087,1.843956043956044,0.33406593406593404,5.031868131868132,0.0,0.027472527472527472,0.1912087912087912,0.10824175824175825,0.0,0.03131868131868132,18.445054945054945,1.9516483516483516,0.0,0.31648351648351647,0.007692307692307693,0.0,0.6291208791208791,0.6197802197802198,0.0,0.046153846153846156,0.09285714285714286
1547,698,4,0.6011904761904762,0.06547619047619048,0.5595238095238095,2.244047619047619,0.0,0.0,0.0,0.0,0.0,0.0,0.0,0.0,0.0,0.1488095238095238,0.0,0.0,0.0,0.0,0.05357142857142857,6.815476190476191,0.0,3.1904761904761907,0.0,3.7142857142857144,0.5952380952380952,0.07738095238095238,4.6726190476190474,0.0,0.0,0.24404761904761904,0.0,0.0,0.0,12.577380952380953,0.9940476190476191,0.0,0.2619047619047619,0.11904761904761904,0.0,0.1488095238095238,0.5535714285714286,0.0,0.023809523809523808,0.0
1545,1127,12,0.4573913043478261,0.08347826086956522,1.1478260869565218,3.6191304347826088,0.0,0.0,0.0,0.034782608695652174,0.0,0.0,0.02608695652173913,0.0,0.01565217391304348,0.711304347826087,0.10956521739130434,0.0,0.0,0.0,0.0,15.89391304347826,0.01217391304347826,1.9165217391304348,0.0,8.584347826086956,3.506086956521739,0.2921739130434783,7.012173913043478,0.0,0.11130434782608696,0.0,0.0,0.0,0.0,14.737391304347826,2.074782608695652,0.0,0.38782608695652177,0.1443478260869565,0.0,0.5217391304347826,0.4591304347826087,0.0,0.059130434782608696,1.3982608695652174
1539,1613,11,0.4482758620689655,0.07586206896551724,0.6517241379310345,3.393103448275862,0.0,0.0,0.0,0.8241379310344827,0.0,0.0,0.0,0.0,0.0,0.8724137931034482,0.3310344827586207,0.0,0.0,0.40344827586206894,0.0,8.86551724137931,0.0,3.196551724137931,0.0,11.144827586206896,3.0206896551724136,0.034482758620689655,4.241379310344827,0.0,0.0,0.07241379310344828,0.0,0.0,0.0,14.937931034482759,1.8379310344827586,0.0,0.08275862068965517,0.1206896551724138,0.0,1.186206896551724,0.5620689655172414,0.0,0.06206896551724138,3.510344827586207
1545,1028,4,0.5125,0.11875,0.83125,2.88125,0.0,0.0,0.0,0.41875,0.0,0.0,0.0,0.0,0.0,1.71875,0.4625,0.0,1.05,0.7125,0.0,7.1625,0.09375,1.9,0.0,1.8,1.25,2.1,7.33125,0.0,0.0,0.40625,0.0,0.0,2.99375,13.90625,1.20625,0.0,0.15625,0.0125,0.0,0.15625,0.63125,0.0,0.125,5.825
1546,1068,7,0.44782608695652176,0.09565217391304348,0.3869565217391304,4.534782608695652,0.0,0.0,0.0,0.0,0.0,0.0,0.0,0.0,0.0,0.0,0.0,0.0,0.0,0.0,0.0,14.969565217391304,0.0,1.9608695652173913,0.0,7.5,2.856521739130435,0.12173913043478261,2.7043478260869565,0.0,0.0,0.1,0.22608695652173913,0.0,0.0,18.891304347826086,2.9608695652173913,0.0,0.0,0.0,0.0,0.591304347826087,0.5043478260869565,0.0,0.043478260869565216,0.0
1545,1529,5,0.4129692832764505,0.06484641638225255,1.2013651877133107,4.006825938566553,0.0,0.0,0.0,0.0,0.0,0.0,0.4812286689419795,0.0,0.0,1.9283276450511946,0.8873720136518771,0.0,0.0,0.0,1.42320819112628,6.952218430034129,0.0034129692832764505,1.6655290102389078,0.0,3.1023890784982937,2.3515358361774745,0.2901023890784983,5.4709897610921505,0.0,0.0,0.023890784982935155,0.05460750853242321,0.0,0.0,18.215017064846418,2.737201365187713,0.0,0.034129692832764506,0.12286689419795221,0.30716723549488056,0.13993174061433447,0.5290102389078498,0.0,0.05460750853242321,3.1092150170648463
1546,39,3,0.5079365079365079,0.15555555555555556,1.0031746031746032,6.806349206349206,0.0,0.0,0.0,0.0,0.0,0.0,0.3746031746031746,0.0,0.05714285714285714,0.7555555555555555,0.346031746031746,0.0,0.0,0.0,0.0,17.346031746031745,0.05714285714285714,2.2,0.5523809523809524,22.996825396825397,8.431746031746032,0.30793650793650795,5.46984126984127,0.0,0.0,1.1015873015873017,0.0,0.0,0.0,29.565079365079367,4.1873015873015875,0.0,0.580952380952381,0.022222222222222223,0.022222222222222223,1.4190476190476191,0.5650793650793651,0.0,0.0761904761904762,1.3206349206349206
1567,1999,4,0.46502057613168724,0.06584362139917696,0.3045267489711934,3.1275720164609053,0.0,0.0,0.0,0.0,0.0,0.0,0.0,0.0,0.0,0.45267489711934156,0.0,0.0,0.0,0.0,0.0,12.069958847736626,0.0,2.292181069958848,0.0,4.938271604938271,2.4238683127572016,0.49794238683127573,3.185185185185185,0.0,0.0,0.0,0.0,0.0,0.0,13.271604938271604,1.9794238683127572,0.0,0.0,0.0,0.0,0.25925925925925924,0.51440329218107,0.0,0.04526748971193416,4.176954732510288
1542,467,4,0.8514664143803217,0.1097445600756859,0.413434247871334,4.39829706717124,0.0,0.03216650898770104,0.0,0.11447492904446546,0.0,0.0,0.07000946073793755,0.0,0.052980132450331126,0.46546830652790916,0.17975402081362346,0.0,0.0,0.0,0.0,10.063386944181646,0.014191106906338695,3.3755912961210974,0.0,5.990539262062441,3.0813623462630084,0.09176915799432356,4.8183538315988645,0.07379375591296121,0.0,0.030274361400189215,0.0,0.0,0.0,23.013245033112582,2.283822138126774,0.0,0.0728476821192053,0.04446546830652791,0.0,0.4881740775780511,0.5969725638599811,0.9479659413434248,0.07473982970671712,2.3424787133396405
1555,855,12,0.3756345177664975,0.06091370558375635,0.3553299492385787,2.1878172588832485,0.0,0.0,0.0,0.09644670050761421,0.0,0.0,0.0,0.0,0.0,0.12690355329949238,0.0,0.0,0.0,0.0,0.04060913705583756,4.060913705583756,0.0,1.898477157360406,0.0,3.4263959390862944,1.0558375634517767,0.07614213197969544,3.1015228426395938,0.0,0.0,0.07106598984771574,0.0,0.0,0.0,11.218274111675127,1.6091370558375635,0.0,0.0,0.0,0.0,0.13705583756345177,0.48223350253807107,0.0,0.015228426395939087,0.0
1550,983,4,0.5504840940525588,0.10096818810511757,0.1590594744121715,3.2102351313969573,0.0,0.08160442600276625,0.0,0.7717842323651453,0.0,0.02627939142461964,0.03319502074688797,0.0,0.0318118948824343,0.983402489626556,0.3775933609958506,0.0,0.030428769017980636,0.7053941908713693,0.1313969571230982,9.852005532503458,0.0,4.484094052558783,0.0,7.04149377593361,2.6348547717842323,0.5560165975103735,5.869986168741355,0.004149377593360996,0.0,0.024896265560165973,0.0,0.0,0.0,14.062240663900415,1.933609958506224,0.0,0.34163208852005533,0.10511756569847856,0.0,0.7053941908713693,0.5560165975103735,0.0,0.0677731673582296,2.8948824343015214
1544,1011,4,0.4283513097072419,0.07858243451463791,0.8197226502311248,3.6640986132511557,0.0,0.0,0.0,0.0,0.0,0.0,0.0,0.0,0.0,0.026194144838212634,0.04930662557781202,0.0,0.01848998459167951,0.0,0.0,11.98613251155624,0.0061633281972265025,1.9306625577812018,0.0,10.399075500770415,2.394453004622496,0.37442218798151,4.631741140215716,0.0,0.0,0.1386748844375963,0.0,0.0,0.0030816640986132513,14.693374422187981,1.9491525423728813,0.0,0.23882896764252695,0.10323574730354391,0.0,0.6640986132511556,0.539291217257319,2.206471494607088,0.040061633281972264,3.172573189522342
1555,1247,4,0.3827751196172249,0.0430622009569378,0.6698564593301436,3.5933014354066986,0.0,0.0,0.0,0.0,0.0,0.0,0.0,0.0,0.0,0.0,0.0,0.0,0.0,0.0,0.0,9.660287081339712,0.0,1.770334928229665,0.0,5.028708133971292,2.22488038277512,0.23923444976076555,3.9904306220095696,0.0,0.0,0.9904306220095693,0.07655502392344497,0.0,0.0,15.617224880382775,2.6411483253588517,0.0,0.14832535885167464,0.14832535885167464,0.0,0.2966507177033493,0.6076555023923444,0.0,0.023923444976076555,0.0
1557,1045,4,0.4896694214876033,0.06714876033057851,0.48863636363636365,3.475206611570248,0.0,0.0,0.0,0.15702479338842976,0.0,0.0,0.0,0.0,0.0,0.22107438016528927,0.01652892561983471,0.0,0.012396694214876033,0.011363636363636364,0.0,13.147727272727273,0.0010330578512396695,2.0351239669421486,0.0,10.21900826446281,1.5960743801652892,0.1559917355371901,3.628099173553719,0.0,0.0,0.07024793388429752,0.0,0.0,0.011363636363636364,16.25826446280992,2.3088842975206614,0.0,0.04442148760330578,0.05785123966942149,0.0,0.9080578512396694,0.5898760330578512,0.0,0.05371900826446281,0.1487603305785124
1545,1452,6,0.41940298507462687,0.08208955223880597,1.0582089552238807,3.852238805970149,0.0,0.0,0.0,0.1044776119402985,0.0,0.0,0.007462686567164179,0.0,0.0,0.18955223880597014,0.058208955223880594,0.0,0.0,0.0,0.050746268656716415,14.488059701492537,0.0029850746268656717,2.4805970149253733,0.0,8.094029850746269,2.462686567164179,0.06119402985074627,5.191044776119403,0.0,0.0,0.15671641791044777,0.041791044776119404,0.0,0.0,15.65223880597015,2.2492537313432837,0.0,0.0,0.008955223880597015,0.005970149253731343,0.5985074626865672,0.573134328358209,0.0,0.03880597014925373,0.041791044776119404
1547,57,1,0.4966442953020134,0.08053691275167785,0.697986577181208,3.2885906040268456,0.0,0.0,0.0,0.006711409395973154,0.0,0.0,0.8859060402684564,0.0,0.0,2.295302013422819,0.09395973154362416,0.0,0.0,0.0,0.026845637583892617,10.228187919463087,0.0,2.134228187919463,0.0,4.449664429530201,1.3557046979865772,0.15436241610738255,6.489932885906041,0.0,0.0,0.33557046979865773,0.0,0.0,0.0,14.906040268456376,1.570469798657718,0.0,0.0,0.053691275167785234,0.0,0.3221476510067114,0.5637583892617449,0.0,0.06040268456375839,11.986577181208053
1548,350,4,0.5230769230769231,0.11282051282051282,0.035897435897435895,3.158974358974359,0.0,0.0,0.0,0.0,0.0,0.0,0.0,0.0,0.0,0.1641025641025641,0.005128205128205128,0.0,0.0,0.0,0.0,10.394871794871795,0.0,2.3025641025641024,0.0,7.805128205128205,2.01025641025641,0.02564102564102564,1.8461538461538463,0.0,0.0,0.0,0.005128205128205128,0.0,0.0,12.661538461538461,1.8307692307692307,0.0,0.0,0.0,0.0,0.7076923076923077,0.4461538461538462,0.0,0.020512820512820513,0.48717948717948717
1554,597,12,0.7510548523206751,0.0759493670886076,0.2742616033755274,3.49789029535865,0.0,0.0,0.0,0.16455696202531644,0.0,0.0,0.0,0.0,0.0,0.1729957805907173,0.20253164556962025,0.0,0.0,0.05907172995780591,0.0,10.30379746835443,0.0,3.050632911392405,0.0,11.071729957805907,3.19831223628692,0.004219409282700422,3.5738396624472575,0.0,0.13924050632911392,0.0,0.0,0.0,0.0,14.670886075949367,2.3966244725738397,0.0,0.0,0.12658227848101267,0.0,0.9704641350210971,0.45569620253164556,0.0,0.046413502109704644,0.0
1553,909,4,0.4272,0.0816,0.3904,3.3424,0.0,0.0,0.0,0.3808,0.0,0.0,0.0,0.0,0.0,0.6672,0.1776,0.0,0.0,0.2016,0.0,12.248,0.0,2.0736,0.0,4.6096,2.952,0.1104,4.6992,0.0,0.0,0.096,0.0,0.0,0.0,13.9328,1.9408,0.0,0.176,0.112,0.0,0.6896,0.5504,0.0,0.04,4.3888
1551,1141,12,0.5413223140495868,0.09504132231404959,0.5971074380165289,3.2148760330578514,0.0,0.0,0.0,0.13636363636363635,0.0,0.0,0.008264462809917356,0.15702479338842976,0.0,0.15082644628099173,0.04338842975206612,0.0,0.0,0.02066115702479339,0.0,13.355371900826446,0.0,2.4855371900826446,0.0,11.177685950413224,1.9400826446280992,0.17768595041322313,7.805785123966942,0.0,0.0,0.34297520661157027,0.0,0.0,0.0,14.580578512396695,1.5681818181818181,0.0,0.14669421487603307,0.07644628099173553,0.0,0.8057851239669421,0.5764462809917356,0.6714876033057852,0.08057851239669421,14.811983471074381
1552,1191,12,0.4696132596685083,0.09944751381215469,0.17679558011049723,4.69060773480663,0.0,0.0,0.0,0.0,0.0,0.0,0.0,0.0,0.0,0.2154696132596685,0.08287292817679558,0.0,0.0,0.4585635359116022,0.0,18.629834254143645,0.0,4.165745856353591,0.0,16.806629834254142,3.546961325966851,0.0,3.3591160220994474,0.0,0.0,0.0,0.0,0.0,0.0,18.56353591160221,2.8287292817679557,0.0,0.0,0.0,0.0,1.0994475138121547,0.5911602209944752,0.0,0.06077348066298342,0.9779005524861878
1552,134,4,0.5017482517482518,0.09965034965034965,0.5594405594405595,3.4038461538461537,0.0,0.06468531468531469,0.0,1.187062937062937,0.0,0.0,0.0,0.0,0.0,0.9825174825174825,0.31993006993006995,0.0,0.07167832167832168,0.3304195804195804,0.0,11.48951048951049,0.006993006993006993,4.124125874125874,0.0,5.984265734265734,2.791958041958042,0.3339160839160839,5.673076923076923,0.0,0.0,0.07692307692307693,0.0,0.0,0.0,16.1486013986014,2.090909090909091,0.0,0.005244755244755245,0.09615384615384616,0.0,1.06993006993007,0.6258741258741258,0.0,0.06993006993006994,5.919580419580419
1553,298,4,0.5888324873096447,0.08629441624365482,0.49238578680203043,2.954314720812183,0.0,0.0,0.0,0.14720812182741116,0.0,0.0,0.0,0.0,0.0,0.30456852791878175,0.16751269035532995,0.0,0.0,0.0,0.0,10.939086294416244,0.0,3.8680203045685277,0.0,7.49238578680203,1.9137055837563453,0.16243654822335024,5.83248730964467,0.0,0.0,0.0,0.0,0.0,0.0,12.776649746192893,1.7969543147208122,0.0,0.0,0.0,0.0,0.4720812182741117,0.5076142131979695,0.0,0.050761421319796954,0.0
1549,1086,4,0.6208333333333333,0.052083333333333336,0.42291666666666666,2.5083333333333333,0.0,0.0,0.0,0.1,0.0,0.0,0.0,0.0,0.0,0.18958333333333333,0.00625,0.0,0.0,0.0,0.0,8.40625,0.008333333333333333,2.7583333333333333,0.0,4.46875,1.5166666666666666,0.0,4.402083333333334,0.0,0.0,0.0,0.0,0.0,0.0,11.908333333333333,1.80625,0.0,0.05416666666666667,0.020833333333333332,0.0,0.38333333333333336,0.4875,0.0,0.05625,0.010416666666666666
1557,1815,4,0.43846153846153846,0.057692307692307696,0.9461538461538461,2.973076923076923,0.0,0.0,0.0,0.05,0.0,0.0,0.011538461538461539,0.0,0.0,0.11923076923076924,0.026923076923076925,0.0,0.0,0.0,0.03076923076923077,5.0346153846153845,0.007692307692307693,1.6307692307692307,0.0,3.546153846153846,1.3615384615384616,0.1076923076923077,5.611538461538461,0.0,0.0,0.0,0.0,0.0,0.0,14.723076923076922,2.05,0.0,0.007692307692307693,0.06538461538461539,0.019230769230769232,0.16538461538461538,0.4653846153846154,0.0,0.023076923076923078,0.0
1552,799,12,0.5650224215246636,0.10014947683109118,0.40358744394618834,4.147982062780269,0.0,0.0,0.0,0.0,0.0,0.0,0.0014947683109118087,0.0,0.0,0.014947683109118086,0.0,0.0,0.0,0.0,0.0014947683109118087,12.073243647234678,0.0,2.7324364723467864,0.0,10.905829596412556,2.2301943198804186,0.07623318385650224,2.514200298953662,0.0,0.0,0.22122571001494767,0.21823617339312407,0.0,0.0,21.201793721973093,2.3482810164424515,0.0,0.10612855007473841,0.0,0.0,0.6905829596412556,0.6128550074738416,0.0,0.043348281016442454,0.0
1555,1904,4,0.5835294117647059,0.047058823529411764,0.04470588235294118,1.8870588235294117,0.0,0.0,0.18823529411764706,0.14352941176470588,0.0,0.0,0.002352941176470588,0.0,0.0,0.15764705882352942,0.03058823529411765,0.0,0.3811764705882353,1.2635294117647058,0.05411764705882353,4.818823529411764,0.0,3.0776470588235294,0.0,8.091764705882353,0.8117647058823529,0.7364705882352941,4.6117647058823525,0.0,0.0,0.0,0.0,0.0,0.0,10.336470588235294,1.1905882352941177,0.0,0.44,0.0,0.0,0.9294117647058824,0.5929411764705882,0.0,0.0611764705882353,4.712941176470588
1557,361,4,0.6429512516469038,0.10408432147562582,1.1475625823451912,4.134387351778656,0.0,0.0,0.0,0.0,0.0,0.0,0.0,0.0,0.0,0.0,0.0,0.0,0.0,0.0,0.0,7.177865612648222,0.014492753623188406,2.38866930171278,0.0,3.2990777338603428,1.4835309617918313,0.1225296442687747,5.776021080368906,0.0,0.25823451910408435,0.5507246376811594,0.052700922266139656,0.0,0.0,22.897233201581027,2.5586297760210805,0.0,0.5138339920948617,0.0,0.0,0.11725955204216074,0.6086956521739131,0.0,0.026350461133069828,0.0
1555,1440,4,0.6219512195121951,0.08536585365853659,0.967479674796748,3.105691056910569,0.0,0.0,0.0,0.2886178861788618,0.0,0.0,0.0,0.0,0.0,0.4065040650406504,0.13008130081300814,0.0,0.0,0.0,0.0,9.65040650406504,0.0,2.548780487804878,0.0,7.873983739837398,2.2357723577235773,0.14227642276422764,6.861788617886178,0.0,0.044715447154471545,0.0,0.0,0.0,0.0,13.117886178861788,1.7032520325203253,0.0,0.10569105691056911,0.0040650406504065045,0.0,0.508130081300813,0.4349593495934959,0.0,0.04878048780487805,0.0
1557,1485,15,0.4296875,0.0546875,0.5,2.7213541666666665,0.0,0.0,0.0,0.010416666666666666,0.0,0.0,0.0390625,0.0,0.0,0.3489583333333333,0.010416666666666666,0.0,0.0,0.0,0.013020833333333334,5.786458333333333,0.052083333333333336,2.453125,0.0,1.8671875,0.3984375,0.125,6.46875,0.0,0.0,0.23177083333333334,0.0,0.0,0.0,13.088541666666666,1.2708333333333333,0.0,0.013020833333333334,0.2604166666666667,0.0,0.049479166666666664,0.6354166666666666,0.0,0.010416666666666666,0.0
1559,1723,7,0.45,0.075,0.30416666666666664,4.470833333333333,0.0,0.06458333333333334,0.0,0.5520833333333334,0.0,0.0,0.03333333333333333,0.0,0.05416666666666667,0.7041666666666667,0.13958333333333334,0.0,0.0,0.029166666666666667,0.0,13.93125,0.01875,2.0729166666666665,0.0,9.810416666666667,2.435416666666667,0.46041666666666664,4.802083333333333,0.0,0.0,0.13958333333333334,0.08541666666666667,0.0,0.0375,20.595833333333335,2.81875,0.0,0.04375,0.022916666666666665,0.0,0.6583333333333333,0.5854166666666667,0.0,0.04583333333333333,0.01875
1557,1637,4,0.7516087516087516,0.09137709137709138,0.8597168597168597,5.667953667953668,0.0,0.006435006435006435,0.0,0.036036036036036036,0.0,0.0,0.39253539253539255,0.0,0.0,1.1557271557271558,0.41055341055341055,0.0,0.0,0.0,1.4401544401544402,14.275418275418275,0.06435006435006435,3.1274131274131274,0.0,12.552123552123552,5.832689832689833,0.6537966537966537,6.737451737451737,0.0,0.0,0.1956241956241956,0.0,0.0,0.0,27.126126126126128,3.3835263835263834,0.0,0.3307593307593308,0.011583011583011582,0.05662805662805663,0.8751608751608752,0.5675675675675675,0.0,0.09009009009009009,2.9176319176319176
1555,2013,15,0.48348348348348347,0.07207207207207207,0.7267267267267268,3.5075075075075075,0.0,0.0,0.0,0.0,0.0,0.0,0.0,0.0,0.0,0.003003003003003003,0.0,0.0,0.0,0.0,0.0,4.966966966966967,0.021021021021021023,1.9009009009009008,0.0,3.5135135135135136,1.5615615615615615,0.3003003003003003,7.297297297297297,0.0,0.003003003003003003,0.2072072072072072,0.02702702702702703,0.0,0.0,19.336336336336338,2.279279279279279,0.0,0.43543543543543545,0.07507507507507508,0.0,0.21621621621621623,0.5885885885885885,0.0,0.036036036036036036,0.0
1551,465,15,0.7824074074074074,0.09259259259259259,0.1712962962962963,3.0185185185185186,0.0,0.0,0.0,0.2777777777777778,0.0,0.0,0.0,0.0,0.0,0.22685185185185186,0.032407407407407406,0.0,0.0,0.0,0.0,2.8333333333333335,0.0,2.388888888888889,0.0,0.875,1.1527777777777777,0.0,2.861111111111111,0.009259259259259259,0.0,0.0,0.0,0.0,0.0,18.675925925925927,1.5324074074074074,0.0,0.0,0.0,0.0,0.09259259259259259,0.6574074074074074,1.6805555555555556,0.05555555555555555,6.587962962962963
1558,499,7,0.5227272727272727,0.0625,0.6079545454545454,2.5113636363636362,0.0,0.0,0.0,0.6590909090909091,0.0,0.022727272727272728,0.0,0.0,0.0,0.2840909090909091,0.0,0.0,0.0,0.0,0.0,2.6363636363636362,0.0,2.227272727272727,0.0,3.0681818181818183,0.9602272727272727,0.11931818181818182,4.4772727272727275,0.0,0.0,0.028409090909090908,0.0,0.0,0.0,11.994318181818182,1.4545454545454546,0.0,0.11363636363636363,0.056818181818181816,0.0,0.13636363636363635,0.5625,0.0,0.07386363636363637,0.05113636363636364
1557,555,4,0.5705329153605015,0.09090909090909091,1.2351097178683386,4.068965517241379,0.0,0.0,0.0,0.2852664576802508,0.0,0.0,0.38557993730407525,0.0,0.0,1.0689655172413792,0.47962382445141066,0.0,0.0,0.0,1.573667711598746,11.545454545454545,0.09717868338557993,1.8150470219435737,0.0,6.225705329153605,3.2789968652037618,0.36990595611285265,6.4733542319749215,0.0,0.0,0.1755485893416928,0.23197492163009403,0.0,0.0,16.70219435736677,2.5579937304075235,0.0,0.29153605015673983,0.0,0.45454545454545453,0.4012539184952978,0.45768025078369906,0.0,0.05956112852664577,0.0
1562,834,12,0.5247524752475248,0.07920792079207921,0.7887788778877888,2.5115511551155114,0.0,0.0,0.0,0.0,0.0,0.0,0.0,0.0,0.0,0.0627062706270627,0.0,0.0,0.0,0.0,0.0,8.702970297029703,0.0,1.5709570957095709,0.0,3.7953795379537953,0.7887788778877888,0.43234323432343236,4.9405940594059405,0.0,0.0,0.09570957095709572,0.0,0.0,0.0,9.848184818481847,1.3333333333333333,0.0,0.0,0.0297029702970297,0.0,0.23102310231023102,0.42244224422442245,0.0,0.026402640264026403,0.0
1558,1463,12,0.5359342915811088,0.11498973305954825,0.12114989733059549,4.837782340862423,0.0,0.19096509240246407,0.0,0.6406570841889117,0.0,0.0,0.0,0.0,0.0,1.188911704312115,0.27104722792607805,0.0,0.08213552361396304,0.6591375770020534,0.055441478439425054,14.078028747433265,0.0,3.264887063655031,0.0,3.0451745379876796,2.0061601642710474,0.7351129363449692,4.611909650924025,0.3860369609856263,0.0,0.0,0.0,0.0,0.0,19.31211498973306,3.0102669404517455,0.0,0.04722792607802875,0.07597535934291581,0.0,0.27104722792607805,0.5112936344969199,0.0,0.057494866529774126,3.2895277207392195
1560,1838,4,0.49624060150375937,0.13533834586466165,0.12030075187969924,6.451127819548872,0.0,0.12406015037593984,0.0,1.2932330827067668,0.0,0.0,0.5526315789473685,0.0,0.15413533834586465,2.3947368421052633,0.3007518796992481,0.0,0.0,0.06015037593984962,0.07894736842105263,18.25563909774436,0.018796992481203006,1.962406015037594,0.0,10.759398496240602,4.522556390977444,0.24060150375939848,4.484962406015038,0.0,0.0,0.03759398496240601,0.0,0.0,0.07142857142857142,27.169172932330827,4.06015037593985,0.0,0.0,0.0,0.0,0.868421052631579,0.6278195488721805,0.0,0.08270676691729323,5.7180451127819545
1561,424,12,0.5961945031712473,0.11416490486257928,0.7970401691331924,4.2854122621564485,0.0,0.0,0.0,0.0,0.0,0.0,0.008456659619450317,0.0,0.0,0.06976744186046512,0.0,0.0,0.0,0.0,0.02748414376321353,10.890063424947146,0.004228329809725159,2.5306553911205074,0.0,11.503171247357294,2.6701902748414374,0.07399577167019028,2.7970401691331923,0.0,0.0,0.4904862579281184,0.23044397463002114,0.0,0.0,22.591966173361524,2.7505285412262155,0.0,0.41014799154334036,0.035940803382663845,0.0,0.8118393234672304,0.6088794926004228,0.0,0.02748414376321353,0.0613107822410148
1562,928,4,0.4026666666666667,0.050666666666666665,0.24533333333333332,1.9546666666666668,0.0,0.064,0.0,0.9493333333333334,0.0,0.0,0.0,0.0,0.0,0.552,0.12,0.0,0.0,0.08,0.02666666666666667,2.424,0.0,1.8186666666666667,0.0,1.6613333333333333,0.696,0.04533333333333334,10.856,0.0,0.0,0.0,0.0,0.0,0.0,9.904,1.2266666666666666,0.0,0.0,0.17066666666666666,0.0,0.09066666666666667,0.45066666666666666,0.0,0.02666666666666667,0.07466666666666667
1560,1015,4,0.5015974440894568,0.06389776357827476,0.3258785942492013,2.9329073482428116,0.0,0.0,0.0,0.0,0.0,0.0,0.03194888178913738,0.0,0.0,0.26198083067092653,0.003194888178913738,0.0,0.0,0.0,0.0,10.370607028753994,0.0,3.313099041533546,0.0,7.34185303514377,2.2651757188498403,0.1182108626198083,3.373801916932907,0.0,0.0,0.0,0.0,0.0,0.0,13.667731629392971,1.9552715654952078,0.0,0.019169329073482427,0.08306709265175719,0.0,0.597444089456869,0.5335463258785943,0.0,0.022364217252396165,0.8306709265175719
1565,1589,4,0.4057142857142857,0.07714285714285714,0.7742857142857142,3.5142857142857142,0.0,0.0,0.0,0.005714285714285714,0.0,0.0,0.0,0.0,0.0,0.14,0.022857142857142857,0.0,0.0,0.0,0.0,11.797142857142857,0.0,2.4828571428571427,0.0,10.622857142857143,2.1514285714285712,0.12,3.888571428571429,0.0,0.0,0.002857142857142857,0.08571428571428572,0.0,0.0,15.411428571428571,2.2885714285714287,0.0,0.0,0.011428571428571429,0.0,0.7685714285714286,0.5771428571428572,0.0,0.03428571428571429,0.0
1563,1971,8,0.4790794979079498,0.0899581589958159,0.8117154811715481,3.784518828451883,0.0,0.0,0.0,0.03347280334728033,0.0,0.0,0.0,0.0,0.0,0.1087866108786611,0.03765690376569038,0.0,0.0,0.0,0.0,12.713389121338912,0.07531380753138076,2.596234309623431,0.0,8.472803347280335,1.5606694560669456,0.2698744769874477,5.861924686192468,0.0,0.0,0.016736401673640166,0.16108786610878661,0.0,0.0,18.648535564853557,2.2510460251046025,0.0,0.02301255230125523,0.03765690376569038,0.0,0.5502092050209205,0.5648535564853556,0.0,0.02301255230125523,0.010460251046025104
1571,344,4,0.6984352773826458,0.1337126600284495,1.128022759601707,5.229018492176387,0.0,0.0,0.0,0.1422475106685633,0.0,0.0,0.19203413940256045,0.0,0.12091038406827881,0.7453769559032717,0.13086770981507823,0.0,0.0,0.0,0.0,13.712660028449502,0.03840682788051209,2.3058321479374113,0.0,6.782361308677098,3.267425320056899,0.2233285917496444,5.160739687055477,0.0,0.0,0.12802275960170698,0.0,0.0,0.0,24.907539118065433,2.6102418207681364,0.0,0.26458036984352773,0.0,0.0,0.4366998577524893,0.5547652916073968,0.0,0.049786628733997154,0.09957325746799431
1565,960,4,0.5264550264550265,0.09259259259259259,0.3531746031746032,2.9523809523809526,0.0,0.0,0.0,0.1402116402116402,0.0,0.0,0.0,0.0,0.0,0.27380952380952384,0.04894179894179894,0.0,0.0,0.17195767195767195,0.0,12.170634920634921,0.0,2.871693121693122,0.0,7.953703703703703,2.2222222222222223,0.07804232804232804,4.604497354497354,0.0,0.005291005291005291,0.003968253968253968,0.0,0.0,0.0,12.00925925925926,1.6825396825396826,0.0,0.02513227513227513,0.13624338624338625,0.0,0.5423280423280423,0.4947089947089947,0.0,0.03968253968253968,0.8492063492063492
1561,1534,4,0.4955595026642984,0.0852575488454707,0.7069271758436945,3.177619893428064,0.0,0.0,0.0,0.0,0.0,0.0,0.04440497335701599,0.0,0.0,0.16518650088809947,0.04085257548845471,0.0,0.008880994671403197,0.0,0.0,11.658969804618117,0.0,2.7797513321492007,0.0,7.7051509769094135,2.0710479573712255,0.15097690941385436,4.579040852575488,0.0,0.0,0.0017761989342806395,0.0,0.0,0.3392539964476021,14.27708703374778,1.9040852575488454,0.0,0.04085257548845471,0.023090586145648313,0.0,0.5097690941385435,0.5133214920071048,0.0,0.023090586145648313,0.023090586145648313
1566,1568,4,0.49122807017543857,0.11929824561403508,0.3894736842105263,5.245614035087719,0.0,0.0,0.0,0.0,0.0,0.0,0.0456140350877193,0.0,0.0,0.03508771929824561,0.021052631578947368,0.0,0.0,0.0,0.0,13.550877192982457,0.0,2.536842105263158,0.0,14.743859649122808,4.010526315789473,0.07368421052631578,3.066666666666667,0.0,0.0,0.16140350877192983,0.0,0.0,0.0,22.859649122807017,3.0982456140350876,0.0,0.12280701754385964,0.028070175438596492,0.0,1.1894736842105262,0.5578947368421052,0.0,0.028070175438596492,0.11578947368421053
1560,44,15,0.4577319587628866,0.088659793814433,0.711340206185567,4.004123711340206,0.0,0.0,0.0,0.004123711340206186,0.0,0.0,0.0,0.0,0.0,0.13814432989690723,0.049484536082474224,0.0,0.0,0.0,0.0,13.488659793814433,0.05360824742268041,2.3484536082474228,0.0,10.391752577319588,2.292783505154639,0.1463917525773196,4.2082474226804125,0.0,0.0,0.23711340206185566,0.14432989690721648,0.0,0.016494845360824743,20.30103092783505,2.4206185567010308,0.0,0.16082474226804125,0.03505154639175258,0.0,0.7958762886597938,0.5752577319587628,0.0,0.041237113402061855,0.088659793814433
1562,320,12,0.44360902255639095,0.13157894736842105,0.15413533834586465,2.774436090225564,0.0,0.0,0.0,0.17669172932330826,0.0,0.0,0.0,0.0,0.11278195488721804,0.943609022556391,0.14661654135338345,0.0,0.0,0.0,0.0,13.353383458646617,0.0,2.8947368421052633,0.0,4.409774436090226,1.7969924812030076,0.556390977443609,4.2293233082706765,0.0,0.0,0.0,0.0,0.0,0.0,11.406015037593985,1.4586466165413534,0.0,0.0,0.0,0.0,0.41353383458646614,0.4398496240601504,0.0,0.07142857142857142,6.387218045112782
1561,664,12,0.7929936305732485,0.06369426751592357,0.5859872611464968,2.2579617834394905,0.0,0.050955414012738856,0.0,0.643312101910828,0.0,0.0,0.0,0.0,0.0,0.3885350318471338,0.11464968152866242,0.0,0.0,0.09554140127388536,0.0,4.656050955414012,0.0,3.378980891719745,0.0,3.3917197452229297,1.1464968152866242,0.08598726114649681,4.872611464968153,0.0,0.0,0.0,0.0,0.0,0.0,11.063694267515924,1.3885350318471337,0.0,0.09235668789808917,0.1942675159235669,0.0,0.4745222929936306,0.535031847133758,0.0,0.12420382165605096,0.0
1560,1096,4,0.4097222222222222,0.052083333333333336,0.6875,2.795138888888889,0.0,0.1736111111111111,0.0,2.4305555555555554,0.0,0.0,0.0,0.0,0.08680555555555555,1.2256944444444444,0.2465277777777778,0.0,0.0,0.05555555555555555,0.0,5.024305555555555,0.0,1.65625,0.0,3.8159722222222223,1.9305555555555556,0.40625,4.548611111111111,0.0,0.0,0.027777777777777776,0.0,0.0,0.0,12.42013888888889,1.8784722222222223,0.0,0.0,0.03125,0.0,0.4201388888888889,0.4895833333333333,0.0,0.041666666666666664,1.1180555555555556
1560,1402,4,0.4479638009049774,0.09954751131221719,1.239819004524887,2.81447963800905,0.0,0.0,0.0,0.14027149321266968,0.0,0.0,0.0,0.0,0.0,0.11764705882352941,0.0,0.0,0.0,0.0,0.0,7.683257918552036,0.04524886877828054,1.6153846153846154,0.0,3.9592760180995477,1.420814479638009,0.11764705882352941,7.506787330316742,0.0,0.0,0.0,0.0,0.0,0.0,15.190045248868778,1.8009049773755657,0.0,0.0,0.248868778280543,0.0,0.12217194570135746,0.5067873303167421,0.0,0.03167420814479638,0.0
1565,1422,11,0.4398148148148148,0.046296296296296294,1.2268518518518519,3.240740740740741,0.0,0.0,0.0,0.037037037037037035,0.0,0.0,0.0,0.0,0.0,0.19907407407407407,0.018518518518518517,0.0,0.0,0.0,0.05555555555555555,10.12962962962963,0.023148148148148147,2.2268518518518516,0.0,8.893518518518519,1.4537037037037037,0.3148148148148148,5.018518518518518,0.0,0.004629629629629629,0.08333333333333333,0.0,0.0,0.0787037037037037,15.773148148148149,1.8796296296296295,0.0,0.3611111111111111,0.0,0.0,0.6111111111111112,0.5925925925925926,0.0,0.032407407407407406,2.425925925925926
1569,1121,4,0.42892156862745096,0.1053921568627451,0.6176470588235294,4.6495098039215685,0.0,0.0,0.0,0.19607843137254902,0.0,0.0,0.0,0.0,0.0,1.3651960784313726,0.1568627450980392,0.0,0.25980392156862747,0.0,0.36519607843137253,13.448529411764707,0.05392156862745098,2.1911764705882355,0.0,4.436274509803922,3.7107843137254903,0.18382352941176472,6.049019607843137,0.0,0.0,0.2181372549019608,0.0,0.0,3.9779411764705883,19.688725490196077,2.7058823529411766,0.0,0.029411764705882353,0.07598039215686274,0.0,0.4730392156862745,0.6200980392156863,0.0,0.07598039215686274,2.406862745098039
1566,1225,4,0.41430948419301167,0.08485856905158069,0.9800332778702163,3.131447587354409,0.0,0.0,0.0,0.09816971713810316,0.0,0.0,0.056572379367720464,0.0,0.03826955074875208,0.4176372712146423,0.17637271214642264,0.0,0.0,0.0,0.0,10.236272878535774,0.04492512479201331,2.447587354409318,0.0,8.05657237936772,2.0965058236272878,0.10316139767054909,5.700499168053245,0.0,0.0,0.0,0.0,0.0,0.0,15.244592346089851,1.9667221297836939,0.0,0.13477537437603992,0.048252911813643926,0.0,0.6955074875207987,0.6089850249584027,0.0,0.033277870216306155,0.0
1577,1327,4,0.5267175572519084,0.11195928753180662,0.7430025445292621,3.796437659033079,0.0,0.0,0.0,0.017811704834605598,0.0,0.0,0.0,0.0,0.0,0.007633587786259542,0.005089058524173028,0.0,0.0,0.0,0.0,15.150127226463104,0.0,2.104325699745547,0.0,7.783715012722646,2.376590330788804,0.1475826972010178,6.819338422391858,0.0,0.0,0.16030534351145037,0.0,0.0,0.0,17.361323155216287,2.3791348600508906,0.0,0.027989821882951654,0.002544529262086514,0.0,0.6106870229007634,0.5470737913486005,0.0,0.04834605597964377,0.0
1566,65,12,0.4686131386861314,0.08467153284671533,0.41094890510948906,3.5773722627737228,0.0,0.0,0.0,0.035036496350364967,0.0,0.0,0.0,0.0,0.0,0.027737226277372264,0.0,0.0,0.0,0.0,0.0,11.75912408759124,0.025547445255474453,1.9708029197080292,0.0,9.595620437956205,2.132116788321168,0.09124087591240876,3.6145985401459853,0.0,0.006569343065693431,0.3372262773722628,0.0,0.0,0.014598540145985401,17.348905109489053,2.4036496350364964,0.0,0.12043795620437957,0.02408759124087591,0.0,0.6343065693430657,0.5605839416058395,0.0,0.026277372262773723,1.4416058394160585
1573,131,4,0.5313028764805414,0.07614213197969544,0.0676818950930626,2.4348561759729273,0.0,0.0,0.0,0.4873096446700508,0.0,0.0,0.001692047377326565,0.0,0.05752961082910321,0.61082910321489,0.2622673434856176,0.0,0.0,0.36209813874788493,0.0,9.257191201353638,0.0,7.516074450084602,0.0,8.433164128595601,2.0490693739424706,0.008460236886632826,3.33502538071066,0.0,0.0,0.0,0.0,0.0,0.0,10.798646362098138,1.3417935702199661,0.0,0.0,0.015228426395939087,0.0,0.9086294416243654,0.4500846023688663,0.0,0.06598984771573604,8.367174280879865
1561,166,12,0.527,0.076,0.352,2.803,0.0,0.003,0.0,0.105,0.0,0.0,0.0,0.0,0.0,0.163,0.059,0.0,0.0,0.001,0.0,11.041,0.0,3.197,0.0,8.092,2.013,0.065,5.734,0.0,0.0,0.0,0.0,0.0,0.0,11.859,1.691,0.0,0.005,0.124,0.0,0.55,0.448,0.0,0.031,0.0
1579,460,4,0.5753968253968254,0.0992063492063492,0.32936507936507936,1.8253968253968254,0.0,0.007936507936507936,0.0,0.5277777777777778,0.0,0.0,0.0,0.0,0.0,0.5198412698412699,0.08333333333333333,0.0,0.0,0.08333333333333333,0.0,3.0476190476190474,0.0,4.805555555555555,0.0,2.4246031746031744,0.8333333333333334,0.23412698412698413,5.484126984126984,0.0,0.0,0.0,0.0,0.0,0.0,9.432539682539682,1.1111111111111112,0.0,0.0,0.04365079365079365,0.0,0.2857142857142857,0.3968253968253968,0.0,0.047619047619047616,3.007936507936508
1571,755,4,0.4395261845386534,0.08728179551122195,0.6677057356608479,3.170199501246883,0.0,0.0,0.0,0.2119700748129676,0.0,0.015586034912718205,0.0,0.0,0.0,0.2300498753117207,0.023067331670822942,0.0,0.0,0.0006234413965087282,0.0,11.998753117206983,0.008104738154613466,2.1022443890274314,0.0,5.336034912718205,1.8223192019950125,0.1546134663341646,6.013092269326683,0.0,0.0,0.011221945137157107,0.12718204488778054,0.0,0.0,13.506234413965087,1.8977556109725686,0.0,0.015586034912718205,0.038029925187032416,0.0,0.415211970074813,0.48815461346633415,0.0,0.040523690773067333,0.14900249376558602
1567,816,12,0.4765217391304348,0.13391304347826086,0.6747826086956522,5.292173913043478,0.0,0.0,0.0,0.02434782608695652,0.0,0.0,0.03304347826086956,0.0,0.05565217391304348,0.35478260869565215,0.20521739130434782,0.0,0.0052173913043478265,0.0,0.01391304347826087,21.68173913043478,0.017391304347826087,1.6486956521739131,0.0,13.645217391304348,1.6956521739130435,0.10782608695652174,4.1460869565217395,0.0,0.0,0.16521739130434782,0.8121739130434783,0.0,0.0,19.87304347826087,3.1165217391304347,0.0,0.019130434782608695,0.0,0.0052173913043478265,1.0365217391304349,0.5217391304347826,0.0,0.034782608695652174,2.316521739130435
1564,998,4,0.5159010600706714,0.0636042402826855,0.15901060070671377,1.657243816254417,0.0,0.04946996466431095,0.0,0.38515901060070673,0.0,0.0,0.0,0.0,0.0,0.45936395759717313,0.10600706713780919,0.0,0.254416961130742,0.9399293286219081,0.0,5.565371024734982,0.0,2.7491166077738516,0.0,7.15547703180212,0.568904593639576,0.6007067137809188,4.69964664310954,0.007067137809187279,0.0,0.0,0.0,0.0,0.0,9.240282685512367,0.9893992932862191,0.0,0.11307420494699646,0.0,0.0,0.6678445229681979,0.5477031802120141,0.0,0.04240282685512368,6.561837455830389
1567,1295,4,0.42021276595744683,0.0851063829787234,0.5106382978723404,3.101063829787234,0.0,0.0,0.0,0.0,0.0,0.0,0.0,0.0,0.0,0.15425531914893617,0.05851063829787234,0.0,0.0,0.0,0.0,12.670212765957446,0.0,2.8404255319148937,0.0,9.73936170212766,2.148936170212766,0.0,3.4148936170212765,0.0,0.0,0.0,0.0,0.0,0.0,14.26595744680851,2.0691489361702127,0.0,0.0,0.0,0.0,0.7340425531914894,0.5638297872340425,0.0,0.0425531914893617,0.0
1576,624,4,0.47651006711409394,0.0738255033557047,0.2796420581655481,3.5123042505592843,0.0,0.0,0.0,0.0,0.0,0.0,0.0,0.0,0.0,0.008948545861297539,0.0,0.0,0.0,0.0,0.013422818791946308,6.3467561521252795,0.0,1.7986577181208054,0.0,2.7941834451901566,1.5011185682326622,0.10067114093959731,3.704697986577181,0.0,0.0447427293064877,1.0894854586129754,0.0,0.0,0.0,17.88366890380313,2.494407158836689,0.0,0.4742729306487696,0.0,0.0,0.058165548098434,0.5704697986577181,0.0,0.017897091722595078,0.0
1565,724,4,0.4819277108433735,0.07776560788608981,0.488499452354874,2.9660460021905806,0.0,0.0,0.0,0.07119386637458927,0.0,0.0,0.01533406352683461,0.0,0.0,0.24096385542168675,0.07119386637458927,0.0,0.0,0.0032858707557502738,0.10186199342825848,11.190580503833516,0.0,2.208105147864184,0.0,8.663745892661556,1.3702081051478643,0.054764512595837894,4.541073384446879,0.0,0.0,0.01095290251916758,0.0,0.0,0.0,13.15553121577218,1.8083242059145674,0.0,0.10843373493975904,0.02628696604600219,0.019715224534501644,0.5805038335158818,0.5169769989047097,0.0,0.024096385542168676,0.0
1560,943,4,0.4681647940074906,0.06741573033707865,1.756554307116105,2.6779026217228465,0.0,0.0,0.0,0.02247191011235955,0.0,0.0,0.0,0.0,0.0,0.09363295880149813,0.00749063670411985,0.0,0.0,0.0,0.0,11.400749063670412,0.056179775280898875,2.059925093632959,0.0,4.98876404494382,1.0861423220973783,0.09363295880149813,5.771535580524344,0.0,0.0,0.1198501872659176,0.0,0.0,0.0,11.408239700374532,1.6404494382022472,0.0,0.35580524344569286,0.20224719101123595,0.0,0.3333333333333333,0.4344569288389513,0.0,0.026217228464419477,0.0
1563,1077,4,0.422680412371134,0.061855670103092786,0.25773195876288657,3.556701030927835,0.0,0.0,0.0,0.0,0.0,0.0,0.0,0.0,0.0,0.0,0.0,0.0,0.0,0.0,0.0,15.670103092783505,0.0,2.4329896907216493,0.0,11.97938144329897,2.5876288659793816,0.0,1.8350515463917525,0.0,0.0,0.0,0.0,0.0,0.0,15.597938144329897,2.6907216494845363,0.0,0.0,0.0,0.0,0.865979381443299,0.5051546391752577,0.0,0.030927835051546393,0.0
1567,568,4,0.4011627906976744,0.0755813953488372,0.813953488372093,2.6686046511627906,0.0,0.0,0.0,0.0,0.0,0.0,0.040697674418604654,0.0,0.0,0.3430232558139535,0.0755813953488372,0.0,0.0,0.0,0.20348837209302326,3.686046511627907,0.0,1.941860465116279,0.0,2.796511627906977,0.9709302325581395,0.06976744186046512,5.511627906976744,0.0,0.0,0.0,0.0,0.0,0.0,13.726744186046512,1.6337209302325582,0.0,0.0,0.23837209302325582,0.06395348837209303,0.12790697674418605,0.6046511627906976,0.0,0.03488372093023256,0.0
1570,651,12,0.3897058823529412,0.058823529411764705,0.6838235294117647,2.3051470588235294,0.0,0.0,0.0,0.0,0.0,0.0,0.0,0.0,0.0,0.08455882352941177,0.0,0.0,0.0,0.0,0.0,9.080882352941176,0.003676470588235294,1.3639705882352942,0.0,2.5183823529411766,0.41911764705882354,1.0220588235294117,5.352941176470588,0.0,0.0,0.18382352941176472,0.0,0.0,0.0,10.393382352941176,1.1727941176470589,0.0,0.007352941176470588,0.2757352941176471,0.0,0.0,0.46691176470588236,0.0,0.011029411764705883,0.0
1565,1137,4,0.4626865671641791,0.05373134328358209,0.3373134328358209,2.7402985074626867,0.0,0.28059701492537314,0.0,2.5343283582089553,0.0,0.0,0.0,0.0,0.11940298507462686,1.3701492537313433,0.25970149253731345,0.0,0.0,0.10746268656716418,0.0,6.86865671641791,0.0,1.8119402985074626,0.0,4.7880597014925375,2.5044776119402985,0.47761194029850745,4.316417910447761,0.0,0.0,0.056716417910447764,0.0,0.0,0.0,12.211940298507463,1.6298507462686567,0.0,0.03880597014925373,0.0,0.0,0.6626865671641791,0.4716417910447761,0.0,0.09850746268656717,10.24776119402985
1567,1182,12,0.5035971223021583,0.12949640287769784,1.1510791366906474,3.381294964028777,0.0,0.0,0.0,0.1079136690647482,0.0,0.0,0.0,0.0,0.0,0.4028776978417266,0.014388489208633094,0.0,0.0,0.04316546762589928,0.0,13.546762589928058,0.0,3.1079136690647484,0.0,9.079136690647482,2.3884892086330933,0.0,4.388489208633094,0.0,0.0,0.0,0.0,0.0,0.0,15.942446043165468,2.0575539568345325,0.0,0.0,0.0,0.0,0.7194244604316546,0.5611510791366906,0.0,0.02158273381294964,0.0
1569,90,12,0.47577092511013214,0.09251101321585903,0.31277533039647576,3.004405286343612,0.0,0.02643171806167401,0.0,1.079295154185022,0.0,0.0,0.0,0.0,0.0,0.9779735682819384,0.3964757709251101,0.0,0.6872246696035242,1.1674008810572687,0.0,13.09691629955947,0.0,4.330396475770925,0.0,5.101321585903084,1.9955947136563876,0.3920704845814978,3.9823788546255505,0.0,0.0,0.07929515418502203,0.0,0.0,0.0,14.920704845814978,1.4008810572687225,0.0,0.02643171806167401,0.013215859030837005,0.0,1.0308370044052864,0.6651982378854625,0.0,0.07929515418502203,12.876651982378855
1575,895,4,0.5139442231075697,0.06772908366533864,0.9960159362549801,1.7290836653386454,0.0,0.0,0.0,0.4063745019920319,0.0,0.0,0.0,0.0,0.0199203187250996,0.2788844621513944,0.11155378486055777,0.0,0.0,0.04780876494023904,0.0,5.972111553784861,0.0,3.191235059760956,0.0,1.402390438247012,0.549800796812749,0.24701195219123506,7.46215139442231,0.0,0.0,0.0,0.00796812749003984,0.0,0.0,8.211155378486056,0.6254980079681275,0.0,0.21912350597609562,0.0,0.0,0.043824701195219126,0.44223107569721115,0.0,0.0398406374501992,0.8446215139442231
1570,1648,4,0.9915397631133672,0.09306260575296109,0.077834179357022,4.925549915397631,0.0,0.001692047377326565,0.0,0.08629441624365482,0.0,0.0,0.0,0.0,0.0,0.08629441624365482,0.04060913705583756,0.0,0.0,0.005076142131979695,0.00338409475465313,13.673434856175973,0.0,2.4230118443316413,0.0,18.39932318104907,2.526226734348562,0.06429780033840947,4.013536379018612,0.0,0.0,0.032148900169204735,0.0,0.0,0.0,22.38917089678511,3.1692047377326564,0.0,0.7225042301184433,0.1065989847715736,0.0,1.0626057529610828,0.5499153976311336,0.0,0.038917089678511,0.01015228426395939
1576,594,15,0.4177215189873418,0.10548523206751055,0.5485232067510548,4.232067510548523,0.0,0.0,0.0,0.0,0.0,0.0,0.0,0.0,0.0,0.0,0.0,0.0,0.0,0.0,0.0,12.151898734177216,0.0,2.0084388185654007,0.0,7.367088607594937,2.3037974683544302,0.20253164556962025,6.974683544303797,0.0,0.11392405063291139,0.32489451476793246,0.11814345991561181,0.0,0.0,23.063291139240505,2.5527426160337554,0.0,0.29535864978902954,0.0,0.0,0.5189873417721519,0.6582278481012658,0.0,0.02109704641350211,0.0
1572,738,4,0.5737704918032787,0.08524590163934426,0.33114754098360655,3.839344262295082,0.0,0.0,0.0,0.18688524590163935,0.0,0.0,0.02622950819672131,0.0,0.0,0.5,0.16393442622950818,0.0,0.0,0.029508196721311476,0.1901639344262295,9.401639344262295,0.0,2.0229508196721313,0.0,5.842622950819672,2.5704918032786885,0.029508196721311476,4.062295081967213,0.0,0.0,0.003278688524590164,0.07213114754098361,0.0,0.0,17.30327868852459,2.7967213114754097,0.0,0.013114754098360656,0.036065573770491806,0.04590163934426229,0.4245901639344262,0.4901639344262295,0.0,0.05081967213114754,0.16721311475409836
1580,377,4,0.4367816091954023,0.1206896551724138,0.7126436781609196,3.8620689655172415,0.0,0.0,0.0,0.04597701149425287,0.0,0.0,0.0,0.0,0.0,0.1781609195402299,0.0,0.0,0.0,0.0,0.0,12.32183908045977,0.0,2.413793103448276,0.0,10.879310344827585,2.3045977011494254,0.08045977011494253,4.149425287356322,0.0,0.0,0.0,0.011494252873563218,0.0,0.0,16.166666666666668,2.5057471264367814,0.0,0.0,0.028735632183908046,0.0,0.7816091954022989,0.5632183908045977,0.0,0.022988505747126436,0.0
1577,536,4,0.648,0.060571428571428575,0.7234285714285714,3.6262857142857143,0.0,0.0,0.0,0.12114285714285715,0.0,0.0,0.0,0.0,0.0,0.16228571428571428,0.054857142857142854,0.0,0.0,0.0,0.0,10.505142857142857,0.0,2.6857142857142855,0.0,8.300571428571429,1.944,0.10971428571428571,6.177142857142857,0.0,0.0,0.1782857142857143,0.0,0.0,0.0,14.193142857142858,2.0662857142857143,0.0,0.15542857142857142,0.0,0.0,0.6617142857142857,0.5348571428571428,0.0,0.036571428571428574,0.0
1576,1057,4,0.45129469790382243,0.08138101109741061,0.717632552404439,3.1405672009864367,0.0,0.0,0.0,0.04192355117139334,0.0,0.0,0.0,0.0,0.0,0.11344019728729964,0.006165228113440197,0.0,0.0,0.0,0.0,13.181257706535142,0.07274969173859433,2.028360049321825,0.0,10.367447595561035,1.933415536374846,0.17509247842170161,4.832305795314427,0.0,0.06781750924784218,0.15906288532675708,0.0,0.0,0.0,13.872996300863132,2.1122071516646117,0.0,0.0,0.008631319358816275,0.0,0.5955610357583231,0.5265104808877928,0.0,0.02836004932182491,0.0
1572,300,12,0.40219092331768386,0.06885758998435054,1.1173708920187793,2.992175273865415,0.0,0.0,0.0,0.003129890453834116,0.0,0.0,0.023474178403755867,0.0,0.0,0.19874804381846636,0.081377151799687,0.0,0.0,0.0,0.20187793427230047,11.876369327073553,0.0,2.248826291079812,0.0,5.380281690140845,1.1784037558685445,0.07511737089201878,5.23943661971831,0.0,0.0,0.01564945226917058,0.0,0.0,0.0,12.621283255086071,1.4804381846635368,0.0,0.3302034428794992,0.014084507042253521,0.06103286384976526,0.3974960876369327,0.5023474178403756,0.0,0.0297339593114241,0.0
1579,1544,4,0.7663551401869159,0.07165109034267912,1.0560747663551402,2.121495327102804,0.0,0.0,0.0,0.7476635514018691,0.0,0.0,0.0,0.0,0.0,0.4735202492211838,0.1277258566978193,0.0,0.0,0.2834890965732087,0.0,3.130841121495327,0.0,4.426791277258567,0.0,2.2710280373831777,0.6355140186915887,0.1557632398753894,8.180685358255452,0.0,0.0,0.0,0.0,0.0,0.0,10.866043613707165,1.2585669781931463,0.0,0.10903426791277258,0.0,0.0,0.16510903426791276,0.5015576323987538,0.0,0.11214953271028037,2.2336448598130842
1578,1621,4,0.5111111111111111,0.08444444444444445,0.9422222222222222,4.456296296296296,0.0,0.0,0.0,0.0,0.0,0.0,0.0,0.0,0.0,0.01037037037037037,0.04148148148148148,0.0,0.0,0.0,0.0,13.521481481481482,0.06962962962962962,2.462222222222222,0.0,14.072592592592592,3.4962962962962965,0.52,5.001481481481481,0.0,0.0725925925925926,0.25925925925925924,0.0,0.0,0.0,20.906666666666666,2.6666666666666665,0.0,0.29333333333333333,0.037037037037037035,0.05925925925925926,0.8770370370370371,0.5807407407407408,0.0,0.05185185185185185,0.3496296296296296
1586,1865,4,0.6615905245346869,0.09644670050761421,0.38917089678510997,4.397631133671743,0.0,0.0,0.0,0.0,0.0,0.0,0.0,0.001692047377326565,0.0,0.0,0.0,0.0,0.0,0.0,0.0,15.915397631133672,0.02030456852791878,2.781725888324873,0.0,10.245346869712352,2.3807106598984773,0.27749576988155666,4.741116751269035,0.0,0.0,0.16412859560067683,0.1404399323181049,0.0,0.0,21.57529610829103,2.6125211505922166,0.0,0.05752961082910321,0.0,0.0,0.7258883248730964,0.5888324873096447,0.06429780033840947,0.06598984771573604,1.0676818950930627
1579,36,4,0.5665680473372781,0.10428994082840237,0.8150887573964497,3.9541420118343193,0.0,0.0,0.0,0.0,0.0,0.0,0.0,0.0,0.0,0.10428994082840237,0.04881656804733728,0.0,0.0,0.0,0.0007396449704142012,11.73076923076923,0.005917159763313609,4.382396449704142,0.0,7.85207100591716,2.741863905325444,0.17085798816568049,4.105029585798817,0.0,0.04437869822485207,0.2507396449704142,0.23520710059171598,0.0,0.01849112426035503,21.6353550295858,2.4652366863905324,0.0,0.23668639053254437,0.0007396449704142012,0.0,0.5414201183431953,0.5784023668639053,0.0,0.03550295857988166,0.05917159763313609
1572,984,4,0.4963680387409201,0.06779661016949153,0.4261501210653753,2.6029055690072638,0.0,0.0,0.0,0.09443099273607748,0.0,0.0,0.0,0.0,0.009685230024213076,0.2033898305084746,0.04116222760290557,0.0,0.0,0.0,0.0,8.389830508474576,0.0,2.7602905569007263,0.0,4.733656174334141,1.2639225181598064,0.048426150121065374,5.99273607748184,0.0,0.0,0.0,0.0,0.0,0.0,11.716707021791768,1.6828087167070218,0.0,0.0,0.1694915254237288,0.0,0.2857142857142857,0.38256658595641646,0.0,0.04600484261501211,0.0
1571,1209,15,0.41509433962264153,0.05660377358490566,0.41509433962264153,2.556603773584906,0.0,0.0,0.0,0.0,0.0,0.0,0.018867924528301886,0.0,0.0,0.16037735849056603,0.02358490566037736,0.0,0.0,0.0,0.0,9.047169811320755,0.0,2.009433962264151,0.0,5.268867924528302,1.259433962264151,0.04716981132075472,3.9622641509433962,0.0,0.08962264150943396,0.14622641509433962,0.0,0.0,0.0,10.867924528301886,1.4575471698113207,0.0,0.0,0.1509433962264151,0.0,0.4009433962264151,0.5330188679245284,0.0,0.05188679245283019,0.018867924528301886
1574,942,4,0.5079365079365079,0.05291005291005291,0.5185185185185185,3.740740740740741,0.0,0.0,0.0,0.42857142857142855,0.0,0.0,0.0,0.0,0.0,0.4497354497354497,0.1111111111111111,0.0,0.0,0.0,0.0,11.16931216931217,0.0,1.9153439153439153,0.0,6.439153439153439,1.7883597883597884,0.021164021164021163,3.619047619047619,0.0,0.0,0.031746031746031744,0.0,0.0,0.0,16.941798941798943,2.3915343915343916,0.0,0.0,0.0,0.0,0.5238095238095238,0.6137566137566137,0.0,0.031746031746031744,0.3333333333333333
1576,1402,11,0.536036036036036,0.09009009009009009,0.33783783783783783,3.2882882882882885,0.0,0.0,0.0,0.0,0.0,0.0,0.0,0.0,0.0,0.16216216216216217,0.0,0.0,0.0,0.0,0.0,8.981981981981981,0.018018018018018018,3.2612612612612613,0.0,7.391891891891892,2.054054054054054,0.0945945945945946,3.490990990990991,0.0,0.0,0.0,0.0,0.0,0.0,14.41891891891892,2.130630630630631,0.0,0.013513513513513514,0.0,0.0,0.509009009009009,0.5990990990990991,0.0,0.018018018018018018,0.0
1590,1908,4,0.42191780821917807,0.07123287671232877,0.21643835616438356,3.5424657534246577,0.0,0.0,0.0,0.07397260273972603,0.0,0.0,0.0,0.0,0.0,0.13972602739726028,0.043835616438356165,0.0,0.0,0.0,0.0,11.145205479452056,0.038356164383561646,2.1123287671232878,0.0,10.441095890410958,1.4493150684931506,0.00821917808219178,3.8273972602739725,0.0,0.0,0.1178082191780822,0.0,0.0,0.4849315068493151,16.361643835616437,2.1013698630136988,0.0,0.336986301369863,0.21643835616438356,0.0,0.7123287671232876,0.5616438356164384,0.0,0.01643835616438356,0.31232876712328766
1584,418,7,0.6110509209100758,0.11105092091007585,0.5400866738894908,4.2768147345612135,0.0,0.0,0.0,0.0,0.0,0.0,0.0,0.0,0.0,0.0,0.0,0.0,0.0,0.0,0.0,12.977248104008668,0.010834236186348862,2.4247020585048755,0.0,9.596966413867822,2.2930660888407366,0.09154929577464789,3.971830985915493,0.0,0.04008667388949079,0.1543878656554713,0.15384615384615385,0.0,0.0,21.85861321776815,2.5211267605633805,0.0,0.12621885157096424,0.0,0.0,0.6668472372697725,0.6088840736728061,0.0,0.032502708559046585,0.0
1573,806,1,0.46070460704607047,0.08807588075880758,0.6056910569105691,3.597560975609756,0.0,0.0,0.0,0.2872628726287263,0.0,0.0,0.3130081300813008,0.0,0.12737127371273713,1.043360433604336,0.45663956639566394,0.0,0.0,0.0,0.997289972899729,10.252032520325203,0.014905149051490514,2.107046070460705,0.0,7.121951219512195,2.962059620596206,0.06233062330623306,5.799457994579946,0.0,0.0,0.0,0.0,0.0,0.0,15.594850948509485,2.369918699186992,0.0,0.014905149051490514,0.06910569105691057,0.0,0.38346883468834686,0.489159891598916,0.0,0.028455284552845527,1.2845528455284554
1578,1089,4,0.49230769230769234,0.1076923076923077,0.0,1.323076923076923,0.0,0.0,0.0,0.015384615384615385,0.0,0.0,0.0,0.0,0.0,0.0,0.0,0.0,0.0,0.06153846153846154,0.0,4.0,0.0,1.4307692307692308,0.0,5.2153846153846155,0.4153846153846154,0.2153846153846154,2.523076923076923,0.0,0.0,0.0,0.0,0.0,0.0,7.476923076923077,0.8,0.0,0.0,0.0,0.0,0.3230769230769231,0.4461538461538462,0.0,0.06153846153846154,0.24615384615384617
1579,165,12,0.35313001605136435,0.09149277688603531,0.45425361155698235,3.3964686998394864,0.0,0.0,0.0,0.0,0.0,0.0,0.0032102728731942215,0.0,0.014446227929373997,0.05457463884430177,0.03691813804173355,0.0,0.0,0.0,0.0,10.826645264847512,0.0,2.028892455858748,0.0,6.757624398073836,1.6484751203852328,0.019261637239165328,3.3001605136436596,0.0,0.0,0.0,0.10272873194221509,0.0,0.0,15.296950240770466,2.292134831460674,0.0,0.004815409309791332,0.19903691813804172,0.0,0.3434991974317817,0.5313001605136437,0.0,0.024077046548956663,0.0
1588,259,4,0.4945770065075922,0.10629067245119306,0.06290672451193059,3.0,0.0,0.09327548806941431,0.0,0.561822125813449,0.0,0.0,0.0,0.0,0.0,0.7136659436008677,0.25379609544468545,0.0,0.0,0.6681127982646421,0.0,11.073752711496747,0.0,9.459869848156183,0.0,8.511930585683297,2.822125813449024,0.04338394793926247,4.763557483731019,0.0,0.0,0.0,0.0,0.0,0.0,12.522776572668112,1.6876355748373102,0.0,0.0,0.0650759219088937,0.0,0.9891540130151844,0.4685466377440347,0.0,0.049891540130151846,8.45770065075922
1587,501,4,0.5006165228113441,0.09617755856966707,0.5733662145499383,4.080147965474723,0.0,0.0,0.0,0.12330456226880394,0.0,0.0,0.0,0.0,0.0,0.09741060419235512,0.0,0.0,0.0,0.0,0.0,14.297163995067818,0.0,1.9950678175092478,0.0,8.759556103575832,0.8249075215782984,0.19235511713933415,3.963008631319359,0.0,0.0,0.07644882860665844,0.40443896424167697,0.0,0.0,16.66707768187423,2.5265104808877927,0.0,0.0,0.0,0.0,0.9642416769420469,0.4562268803945746,0.0,0.03945745992601726,0.0
1581,1018,4,0.4146981627296588,0.07699037620297462,0.7839020122484689,3.3237095363079616,0.0,0.0,0.0,0.09886264216972879,0.0,0.0,0.0,0.0,0.0,0.06911636045494313,0.011373578302712161,0.0,0.0,0.0,0.003499562554680665,11.563429571303587,0.02974628171478565,1.8670166229221348,0.0,5.05336832895888,2.0883639545056867,0.1714785651793526,4.971128608923885,0.0,0.0,0.011373578302712161,0.1084864391951006,0.0,0.0,14.827646544181977,2.232720909886264,0.0,0.03674540682414698,0.0,0.0,0.3228346456692913,0.46019247594050744,0.0,0.026246719160104987,0.0
1576,1823,4,0.3860294117647059,0.07352941176470588,0.9356617647058824,3.420955882352941,0.0,0.0,0.0,0.025735294117647058,0.0,0.0,0.0,0.0,0.0,0.15625,0.04044117647058824,0.0,0.0,0.0,0.0,10.143382352941176,0.012867647058823529,2.389705882352941,0.0,6.389705882352941,1.8988970588235294,0.09191176470588236,4.553308823529412,0.0,0.0,0.0,0.0,0.0,0.0,15.604779411764707,2.292279411764706,0.0,0.13970588235294118,0.012867647058823529,0.0,0.45036764705882354,0.5330882352941176,0.0,0.03308823529411765,0.014705882352941176
1579,926,8,0.4304635761589404,0.13245033112582782,0.11258278145695365,4.443708609271523,0.0,0.0,0.0,0.0,0.0,0.0,0.0,0.0,0.0,0.0,0.0,0.0,0.0,0.0,0.0,11.417218543046358,0.0,2.8675496688741724,0.0,11.450331125827814,2.357615894039735,0.10596026490066225,2.728476821192053,0.0,0.0,0.019867549668874173,0.2185430463576159,0.0,0.0,22.43708609271523,2.8543046357615895,0.0,0.019867549668874173,0.0,0.0,0.7814569536423841,0.5562913907284768,0.0,0.013245033112582781,0.0
1583,1239,4,0.5248618784530387,0.09392265193370165,0.20441988950276244,3.9392265193370166,0.0,0.0,0.0,0.09392265193370165,0.0,0.0,0.2154696132596685,0.0,0.0,0.5911602209944752,0.1712707182320442,0.0,0.0,0.0,0.0055248618784530384,7.154696132596685,0.0,2.3093922651933703,0.0,5.917127071823204,2.0552486187845305,0.23756906077348067,4.6187845303867405,0.0,0.0,0.0,0.0,0.0,0.0,18.679558011049725,2.9337016574585637,0.0,0.15469613259668508,0.06077348066298342,0.0,0.26519337016574585,0.6132596685082873,0.0,0.011049723756906077,5.790055248618785
1587,1269,4,0.5100671140939598,0.07718120805369127,0.8791946308724832,4.355704697986577,0.0,0.0,0.0,0.0,0.0,0.0,0.0,0.0,0.0,0.0,0.0,0.0,0.0,0.0,0.0,12.604026845637584,0.0,2.1812080536912752,0.0,8.583892617449665,2.4395973154362416,0.08389261744966443,7.583892617449664,0.0,0.0,0.0,0.0,0.0,0.0,17.42953020134228,2.2449664429530203,0.0,0.026845637583892617,0.020134228187919462,0.0,0.5939597315436241,0.6241610738255033,0.0,0.030201342281879196,0.0
1581,1442,4,0.5012135922330098,0.08980582524271845,0.6201456310679612,4.37621359223301,0.0,0.0,0.0,0.0,0.0,0.0,0.0,0.0,0.0,0.04004854368932039,0.0,0.0,0.0,0.0,0.10558252427184465,12.895631067961165,0.019417475728155338,2.0509708737864076,0.0,9.45873786407767,2.525485436893204,0.061893203883495146,3.5606796116504853,0.0,0.0,0.22572815533980584,0.18932038834951456,0.0,0.0,19.328883495145632,2.9441747572815533,0.0,0.1407766990291262,0.038834951456310676,0.0,0.6796116504854369,0.616504854368932,0.0,0.032766990291262135,0.0
1588,1734,4,0.49828178694158076,0.07216494845360824,0.711340206185567,3.4742268041237114,0.0,0.0,0.0,0.0,0.0,0.0,0.0,0.0,0.0,0.06529209621993128,0.0,0.0,0.0,0.0,0.0,11.237113402061855,0.044673539518900345,2.381443298969072,0.0,6.975945017182131,1.288659793814433,0.36082474226804123,6.216494845360825,0.0,0.0,0.1718213058419244,0.0,0.0,0.0,17.1340206185567,2.223367697594502,0.0,0.2646048109965636,0.0,0.0,0.5292096219931272,0.6494845360824743,0.0,0.037800687285223365,0.041237113402061855
1592,1832,4,0.755804643714972,0.10488390712570056,0.911929543634908,3.2898318654923937,0.0,0.03923138510808647,0.0,0.0976781425140112,0.0,0.0,0.0040032025620496394,0.0,0.0,0.21937550040032025,0.04243394715772618,0.0,0.0,0.0,0.013610888710968775,13.382706164931946,0.0544435548438751,3.658126501200961,0.0,13.907926341072859,1.7566052842273818,0.4787830264211369,6.818254603682947,0.0,0.0,0.13690952762209768,0.0,0.0,0.0032025620496397116,17.35228182546037,1.7622097678142514,0.0,0.14251401120896717,0.005604483586869495,0.0,0.9863891112890312,0.6028823058446757,0.0,0.09527622097678143,0.4475580464371497
1592,966,4,0.5824436536180309,0.08540925266903915,0.1553973902728351,3.4424673784104387,0.0,0.0,0.0,0.027283511269276393,0.0,0.0,0.0,0.0,0.0,0.066429418742586,0.004744958481613286,0.0,0.0,0.0,0.0,9.970344009489917,0.0,3.4033214709371293,0.0,9.673784104389087,2.1601423487544484,0.12099644128113879,2.6476868327402134,0.0,0.0,0.09608540925266904,0.03914590747330961,0.0,0.0,19.45670225385528,2.2491103202846974,0.0,0.14472123368920523,0.0,0.0,0.7034400948991696,0.5919335705812574,0.0,0.04389086595492289,0.0
1588,2013,15,0.40897435897435896,0.08076923076923077,0.308974358974359,3.7051282051282053,0.0,0.0,0.0,0.0,0.0,0.0,0.0,0.0,0.0,0.03076923076923077,0.0,0.0,0.0,0.0,0.0,11.275641025641026,0.005128205128205128,2.3153846153846156,0.0,8.502564102564103,2.067948717948718,0.06923076923076923,3.8897435897435897,0.0,0.01282051282051282,0.014102564102564103,0.0,0.0,0.0,15.787179487179488,2.4,0.0,0.0,0.01282051282051282,0.0,0.591025641025641,0.5205128205128206,0.0,0.03333333333333333,0.0
1597,189,4,1.145748987854251,0.11740890688259109,0.3076923076923077,3.48582995951417,0.0,0.08502024291497975,0.0,0.2591093117408907,0.0,0.0,0.08097165991902834,0.0,0.10526315789473684,0.7165991902834008,0.3157894736842105,0.0,0.0,0.0,0.0,4.874493927125506,0.0,2.8785425101214575,0.0,1.7894736842105263,0.97165991902834,0.032388663967611336,3.1376518218623484,0.7489878542510121,0.0,0.0,0.0,0.0,0.0,20.809716599190285,1.9473684210526316,0.0,0.0,0.06882591093117409,0.0,0.9149797570850202,0.6234817813765182,0.8704453441295547,0.0931174089068826,4.611336032388664
1587,729,4,0.4636363636363636,0.08257575757575758,0.45075757575757575,2.6151515151515152,0.0,0.015909090909090907,0.0,0.11212121212121212,0.0,0.0,0.0,0.0,0.0,0.23030303030303031,0.0893939393939394,0.0,0.0,0.1053030303030303,0.0,13.868181818181819,0.0,3.7371212121212123,0.0,6.328787878787879,1.5803030303030303,0.1318181818181818,7.695454545454545,0.0,0.0,0.11969696969696969,0.03636363636363636,0.0,0.0,11.275,1.3446969696969697,0.15227272727272728,0.008333333333333333,0.09166666666666666,0.0,0.4037878787878788,0.4696969696969697,0.0,0.04772727272727273,0.7742424242424243
1581,1199,15,0.5309568480300187,0.0825515947467167,0.6303939962476548,3.0581613508442778,0.0,0.0,0.0,0.28142589118198874,0.0,0.016885553470919325,0.0,0.0,0.0,0.2401500938086304,0.06191369606003752,0.0,0.0,0.03189493433395872,0.0225140712945591,11.686679174484052,0.0300187617260788,2.476547842401501,0.0,8.613508442776736,1.8818011257035647,0.04127579737335835,4.045028142589119,0.0,0.0,0.0,0.0,0.0,0.0,13.619136960600375,2.0337711069418387,0.0,0.043151969981238276,0.08442776735459662,0.005628517823639775,0.6716697936210131,0.5872420262664165,0.0,0.04878048780487805,0.0150093808630394
1587,1508,4,0.3782051282051282,0.07692307692307693,0.36538461538461536,4.185897435897436,0.0,0.019230769230769232,0.0,0.47435897435897434,0.0,0.0,0.0,0.0,0.0,0.8141025641025641,0.15384615384615385,0.0,0.0,0.038461538461538464,0.0,15.442307692307692,0.0,2.0,0.0,8.076923076923077,2.4423076923076925,0.0,3.2564102564102564,0.0,0.0,0.02564102564102564,0.0,0.0,0.0,18.55128205128205,3.0,0.0,0.0,0.14743589743589744,0.0,0.6923076923076923,0.5705128205128205,0.0,0.03205128205128205,0.04487179487179487
1586,703,4,0.4273743016759777,0.08379888268156424,0.5782122905027933,3.3491620111731844,0.0,0.0,0.0,0.013966480446927373,0.0,0.0,0.0,0.0,0.0,0.0670391061452514,0.0,0.0,0.0,0.0,0.0,9.776536312849162,0.03910614525139665,2.606145251396648,0.0,7.583798882681564,2.03072625698324,0.25977653631284914,5.164804469273743,0.0,0.0,0.07262569832402235,0.0,0.0,0.0,17.804469273743017,2.0670391061452515,0.0,0.027932960893854747,0.0335195530726257,0.0,0.5782122905027933,0.6340782122905028,0.0,0.027932960893854747,0.0
1597,580,4,0.6130653266331658,0.07035175879396985,1.2864321608040201,2.798994974874372,0.0,0.0,0.0,0.22613065326633167,0.0,0.0,0.0,0.0,0.0,0.18592964824120603,0.0,0.0,0.0,0.0,0.0,2.6030150753768844,0.01507537688442211,2.492462311557789,0.0,3.170854271356784,0.6130653266331658,0.19597989949748743,5.271356783919598,0.0,0.0,0.0,0.0,0.0,0.0,14.160804020100503,1.7085427135678393,0.0,0.10552763819095477,0.08542713567839195,0.0,0.8391959798994975,0.5226130653266332,0.0,0.04020100502512563,0.0
1591,1110,5,0.47586206896551725,0.08045977011494253,0.44980842911877394,3.193103448275862,0.0,0.0,0.0,0.0,0.0,0.0,0.0022988505747126436,0.0,0.0,0.2482758620689655,0.07662835249042145,0.0,0.0,0.0,0.210727969348659,11.824521072796935,0.007662835249042145,1.9371647509578545,0.0,13.085057471264367,1.632183908045977,0.08275862068965517,4.068199233716475,0.0,0.0,0.17088122605363984,0.0,0.0,0.0,13.592337164750958,2.1264367816091956,0.26053639846743293,0.08505747126436781,0.01532567049808429,0.006130268199233717,0.8199233716475096,0.4904214559386973,0.0,0.04061302681992337,0.0
1584,1182,12,0.46875,0.09895833333333333,0.3871527777777778,5.164930555555555,0.0,0.0,0.0,0.0,0.0,0.0,0.2690972222222222,0.0,0.21180555555555555,0.9739583333333334,0.6388888888888888,0.0,0.0,0.0,0.0,13.744791666666666,0.0,2.6440972222222223,0.2517361111111111,15.401041666666666,6.557291666666667,0.05555555555555555,4.053819444444445,0.0,0.0,0.0,0.0,0.0,0.0,20.538194444444443,3.2274305555555554,0.0,0.2517361111111111,0.0,0.0,0.8871527777777778,0.5486111111111112,0.0,0.04861111111111111,0.0
1583,1220,4,0.48363636363636364,0.06181818181818182,0.38545454545454544,3.3745454545454545,0.0,0.07272727272727272,0.0,0.8363636363636363,0.0,0.0,0.0,0.0,0.0,0.6836363636363636,0.2545454545454545,0.0,0.0,0.09454545454545454,0.0,11.316363636363636,0.0,2.898181818181818,0.0,7.901818181818181,1.8727272727272728,0.10181818181818182,4.163636363636364,0.0,0.0,0.0,0.0,0.0,0.0,15.447272727272727,1.9563636363636363,0.0,0.0,0.0036363636363636364,0.0,0.7236363636363636,0.5672727272727273,0.0,0.02909090909090909,0.32
1587,712,4,0.5219298245614035,0.07894736842105263,0.5614035087719298,4.399122807017544,0.0,0.0,0.0,0.0,0.0,0.0,0.0,0.0,0.0,0.0,0.0,0.0,0.0,0.0,0.0,12.49561403508772,0.0,2.236842105263158,0.0,10.328947368421053,2.8771929824561404,0.0,2.6491228070175437,0.0,0.0,0.0,0.0,0.0,0.0,19.18859649122807,2.776315789473684,0.0,0.03070175438596491,0.0,0.0,0.7807017543859649,0.5789473684210527,0.0,0.02631578947368421,0.0
1589,834,12,0.45689655172413796,0.07758620689655173,2.0948275862068964,2.4310344827586206,0.0,0.0,0.0,0.3706896551724138,0.0,0.0,0.0,0.0,0.0,0.15517241379310345,0.05172413793103448,0.0,0.0,0.017241379310344827,0.0,2.336206896551724,0.05172413793103448,2.4913793103448274,0.0,2.646551724137931,0.5431034482758621,0.2672413793103448,6.7155172413793105,0.0,0.0,0.0,0.0,0.0,0.0,12.318965517241379,1.6637931034482758,0.0,0.6896551724137931,0.07758620689655173,0.0,0.646551724137931,0.5258620689655172,0.0,0.06896551724137931,0.0
1589,1001,4,0.579295154185022,0.08149779735682819,0.33480176211453744,2.444933920704846,0.0,0.13656387665198239,0.0,0.5925110132158591,0.0,0.0,0.0,0.0,0.0,0.9118942731277533,0.3370044052863436,0.0,0.0,0.2643171806167401,0.037444933920704845,8.198237885462555,0.0,3.0748898678414096,0.0,5.226872246696035,1.9317180616740088,0.3744493392070485,4.777533039647577,0.0,0.0,0.0,0.0,0.0,0.0,11.081497797356828,1.2863436123348018,0.0,0.1277533039647577,0.05726872246696035,0.0,0.9933920704845814,0.4889867841409692,0.0,0.08149779735682819,5.312775330396476
1602,1193,4,0.48011363636363635,0.09659090909090909,0.5284090909090909,4.03125,0.0,0.0,0.0,0.14772727272727273,0.0,0.0,0.0,0.0,0.0,0.7443181818181818,0.19886363636363635,0.0,0.0,0.2755681818181818,0.0,10.113636363636363,0.0,2.471590909090909,0.0,7.4289772727272725,4.411931818181818,0.02556818181818182,3.940340909090909,0.0,0.0,0.12215909090909091,0.0,0.0,0.0,18.289772727272727,2.5767045454545454,0.0,0.0,0.03977272727272727,0.0,0.8323863636363636,0.6363636363636364,0.0,0.04261363636363636,4.1960227272727275
1595,1303,11,0.46307692307692305,0.09538461538461539,0.7353846153846154,4.158461538461538,0.0,0.0015384615384615385,0.0,0.024615384615384615,0.0,0.0,0.0,0.0,0.0,0.018461538461538463,0.010769230769230769,0.0,0.0,0.03230769230769231,0.0,15.153846153846153,0.0,2.4661538461538464,0.0,11.772307692307692,2.3646153846153846,0.08307692307692308,5.063076923076923,0.0,0.0,0.23692307692307693,0.0,0.0,0.0,17.836923076923078,2.4415384615384617,0.0,0.0,0.004615384615384616,0.0,0.9492307692307692,0.5815384615384616,0.0,0.046153846153846156,0.0
1593,1426,4,0.472127417519909,0.08418657565415244,0.8065984072810012,3.068259385665529,0.0,0.0,0.0,0.01820250284414107,0.0,0.0,0.0,0.0,0.0,0.7337883959044369,0.08532423208191127,0.0,0.0,0.0,0.020477815699658702,10.770193401592719,0.007963594994311717,1.8771331058020477,0.0,4.061433447098976,1.4971558589306029,0.20819112627986347,4.49032992036405,0.0,0.022753128555176336,0.15813424345847554,0.0,0.0,1.030716723549488,15.271899886234356,1.8566552901023892,0.0,0.16040955631399317,0.010238907849829351,0.0,0.25597269624573377,0.552901023890785,0.0,0.04778156996587031,0.5767918088737202
1597,1529,4,0.4492481203007519,0.09774436090225563,0.7368421052631579,4.0319548872180455,0.0,0.0,0.0,0.0,0.0,0.0,0.0,0.0,0.0,0.06578947368421052,0.045112781954887216,0.0,0.0,0.0,0.009398496240601503,11.460526315789474,0.06578947368421052,2.1466165413533833,0.0,8.535714285714286,2.069548872180451,0.018796992481203006,4.892857142857143,0.0,0.0,0.14097744360902256,0.14097744360902256,0.0,0.0,18.622180451127818,2.4285714285714284,0.0,0.17105263157894737,0.11842105263157894,0.0,0.6729323308270677,0.6127819548872181,0.0,0.03195488721804511,0.0
1586,1578,11,0.46354883081155435,0.08665749656121045,0.5928473177441541,4.563961485557084,0.0,0.0,0.0,0.013755158184319119,0.0,0.0,0.0,0.0,0.0,0.026134800550206328,0.0,0.0,0.0,0.0,0.0,12.500687757909215,0.07015130674002751,2.5103163686382395,0.0,8.13617606602476,3.3975240715268225,0.21182943603851445,4.569463548830812,0.0,0.0,0.06327372764786796,0.265474552957359,0.0,0.0,21.4181568088033,2.797799174690509,0.0,0.08940852819807428,0.027510316368638238,0.0,0.7111416781292985,0.5433287482806052,0.0,0.039889958734525444,0.5557083906464925
1583,1641,4,0.4587628865979381,0.07989690721649484,0.5283505154639175,4.72680412371134,0.0,0.10824742268041238,0.0,0.788659793814433,0.0,0.0,0.0,0.0,0.0,1.291237113402062,0.41494845360824745,0.0,0.39948453608247425,0.21391752577319587,0.0,9.518041237113403,0.028350515463917526,1.8170103092783505,0.0,3.4510309278350517,2.399484536082474,0.7989690721649485,4.853092783505154,0.0,0.0,0.19329896907216496,0.0,0.0,3.1237113402061856,22.716494845360824,2.8195876288659796,0.0,0.03865979381443299,0.0,0.0,0.3118556701030928,0.5541237113402062,0.0,0.05412371134020619,4.368556701030927
1590,1653,4,0.5121951219512195,0.08130081300813008,0.1951219512195122,4.878048780487805,0.0,0.0,0.0,0.0,0.0,0.0,0.0,0.0,0.0,0.0,0.0,0.0,0.0,0.0,0.0,14.520325203252032,0.0,2.032520325203252,0.0,11.878048780487806,3.048780487804878,0.0975609756097561,2.869918699186992,0.0,0.0,0.34959349593495936,0.42276422764227645,0.0,0.0,24.349593495934958,3.065040650406504,0.0,0.0,0.0,0.0,0.8617886178861789,0.6016260162601627,0.0,0.024390243902439025,0.0
1585,917,15,0.6036585365853658,0.12195121951219512,0.6463414634146342,4.719512195121951,0.0,0.0,0.0,0.009146341463414634,0.0,0.0,0.0,0.0,0.0,0.009146341463414634,0.0,0.0,0.0,0.0,0.0,13.981707317073171,0.0,2.3109756097560976,0.0,10.820121951219512,3.0457317073170733,0.10060975609756098,5.670731707317073,0.0,0.23780487804878048,0.45426829268292684,0.1798780487804878,0.0,0.0,23.054878048780488,2.9603658536585367,0.0,0.28353658536585363,0.04573170731707317,0.0,0.8810975609756098,0.5304878048780488,0.0,0.036585365853658534,0.04878048780487805
1593,1464,11,0.7533333333333333,0.04666666666666667,0.4533333333333333,3.1266666666666665,0.0,0.12666666666666668,0.0,0.6666666666666666,0.0,0.0,0.12666666666666668,0.0,0.0,0.8933333333333333,0.36,0.0,0.0,0.0,0.07333333333333333,7.986666666666666,0.0,2.9266666666666667,0.0,7.306666666666667,1.4466666666666668,0.6133333333333333,5.226666666666667,0.0,0.0,0.0,0.0,0.0,0.0,14.673333333333334,1.6133333333333333,0.0,0.56,0.0,0.0,0.36666666666666664,0.5466666666666666,0.0,0.08,1.46
1585,985,4,0.42985611510791366,0.12769784172661872,0.6762589928057554,4.5503597122302155,0.0,0.0,0.0,0.0,0.0,0.0,0.0,0.0,0.0,1.1258992805755397,0.0,0.0,0.0,0.16366906474820145,0.0,13.465827338129497,0.04316546762589928,1.8201438848920863,0.0,3.4802158273381294,3.1906474820143886,0.37050359712230213,4.811151079136691,0.0,0.0,0.19244604316546762,0.0,0.0,3.6133093525179856,19.631294964028775,2.341726618705036,0.0,0.2823741007194245,0.0,0.0,0.4856115107913669,0.5359712230215827,0.0,0.046762589928057555,3.262589928057554
1594,1944,4,0.3305084745762712,0.025423728813559324,0.4152542372881356,3.7796610169491527,0.0,0.0,0.0,0.0,0.0,0.0,0.0,0.0,0.0,0.11864406779661017,0.0,0.0,0.0,0.0,0.0,12.711864406779661,0.0,2.406779661016949,0.0,9.372881355932204,1.8220338983050848,0.0,3.5,0.0,0.059322033898305086,0.8050847457627118,0.0,0.0,0.0,15.779661016949152,2.305084745762712,0.0,0.0,0.0847457627118644,0.0,0.9830508474576272,0.4830508474576271,0.0,0.05084745762711865,0.0
1599,53,15,0.6737588652482269,0.10283687943262411,0.8191489361702128,4.1879432624113475,0.0,0.0,0.0,0.0,0.0,0.0,0.0,0.0,0.0,0.0,0.0,0.0,0.0,0.0,0.0,15.670212765957446,0.0,2.1666666666666665,0.0,9.687943262411348,1.6666666666666667,0.10638297872340426,4.799645390070922,0.0,0.0,0.14361702127659576,0.0,0.0,0.0,21.30496453900709,2.1702127659574466,0.0,0.07801418439716312,0.0,0.0,0.5443262411347518,0.6152482269503546,0.0,0.03546099290780142,0.0
1593,303,12,0.4827586206896552,0.08085612366230678,0.4114149821640904,2.342449464922711,0.0,0.0,0.0,0.2794292508917955,0.0,0.0,0.0,0.0,0.0,0.3507728894173603,0.09631391200951249,0.0,0.0,0.019024970273483946,0.0,13.984542211652794,0.0,3.563614744351962,0.0,4.571938168846611,0.9678953626634959,0.034482758620689655,5.802615933412604,0.0,0.0,0.09869203329369798,0.0,0.0,0.0,10.146254458977408,1.286563614744352,0.0,0.02140309155766944,0.039239001189060645,0.0,0.3103448275862069,0.4815695600475624,0.0,0.04280618311533888,0.057074910820451845
1602,1490,4,0.5040983606557377,0.09221311475409837,0.47950819672131145,2.2254098360655736,0.0,0.0,0.0,0.5450819672131147,0.0,0.0,0.0,0.0,0.0,0.5881147540983607,0.10245901639344263,0.0,0.1290983606557377,0.9487704918032787,0.0,10.10860655737705,0.006147540983606557,6.14344262295082,0.0,4.844262295081967,1.3360655737704918,0.07991803278688525,5.280737704918033,0.0,0.0,0.0,0.0,0.0,0.0,10.186475409836065,1.0635245901639345,0.0,0.0,0.10860655737704918,0.0,0.4979508196721312,0.5,0.0,0.040983606557377046,12.297131147540984
1593,1371,4,0.42740841248303935,0.0814111261872456,0.4491180461329715,3.333785617367707,0.0,0.0,0.0,0.04477611940298507,0.0,0.0,0.0203527815468114,0.0,0.023066485753052916,0.1519674355495251,0.031207598371777476,0.0,0.0,0.0,0.0,9.87516960651289,0.052917232021709636,2.4613297150610585,0.0,6.396200814111262,1.6933514246947083,0.18317503392130258,3.905020352781547,0.0,0.0,0.2645861601085482,0.0,0.009497964721845319,0.0,17.055630936227953,2.1004070556309364,0.0,0.1112618724559023,0.07055630936227951,0.025780189959294438,0.4626865671641791,0.6160108548168249,0.0,0.033921302578018994,0.11261872455902307
1597,934,4,0.4255874673629243,0.04699738903394256,1.2924281984334203,3.608355091383812,0.0,0.0,0.0,0.06005221932114883,0.0,0.0,0.08877284595300261,0.0,0.0,0.7519582245430809,0.12010443864229765,0.0,0.0,0.0,0.2845953002610966,10.412532637075717,0.12532637075718014,1.7493472584856398,0.0,1.8198433420365536,1.3942558746736293,0.4725848563968668,8.608355091383812,0.0,0.09399477806788512,0.15926892950391644,0.0,0.0,0.18276762402088773,16.524804177545693,1.7989556135770235,0.0,0.0783289817232376,0.09399477806788512,0.0026109660574412533,0.26370757180156656,0.5352480417754569,0.0,0.0391644908616188,3.5926892950391647
1593,1972,7,0.55,0.08055555555555556,0.8333333333333334,2.6666666666666665,0.0,0.0,0.0,0.0,0.0,0.0,0.03333333333333333,0.0,0.0,0.18055555555555555,0.08333333333333333,0.0,0.0,0.0,0.14444444444444443,6.6722222222222225,0.025,2.2805555555555554,0.0,7.0055555555555555,1.3444444444444446,0.2361111111111111,3.922222222222222,0.0,0.0,0.0,0.0,0.0,0.0,11.775,1.3833333333333333,0.0,0.775,0.0,0.0,0.46944444444444444,0.4722222222222222,0.0,0.041666666666666664,0.0
1596,646,15,0.7785714285714286,0.12857142857142856,0.9,5.171428571428572,0.0,0.0,0.0,0.0,0.0,0.0,0.6142857142857143,0.0,0.0,0.6035714285714285,0.26785714285714285,0.0,0.0,0.0,1.3035714285714286,10.239285714285714,0.07142857142857142,1.8428571428571427,0.0,6.353571428571429,2.7035714285714287,0.325,6.703571428571428,0.0,0.0,0.16071428571428573,0.06428571428571428,0.0,0.0,27.710714285714285,3.0035714285714286,0.0,0.10357142857142858,0.0,0.25,0.45714285714285713,0.6107142857142858,0.0,0.060714285714285714,0.0
1594,670,12,0.5104166666666666,0.06666666666666667,0.5708333333333333,2.675,0.0,0.035416666666666666,0.0,0.5645833333333333,0.0,0.0,0.0020833333333333333,0.0,0.020833333333333332,0.5145833333333333,0.225,0.0,0.0,0.0,0.0,7.533333333333333,0.025,2.0166666666666666,0.0,4.3875,1.35625,0.13541666666666666,5.158333333333333,0.0,0.0,0.0,0.0,0.0,0.0,12.685416666666667,1.7041666666666666,0.0,0.0020833333333333333,0.16458333333333333,0.0020833333333333333,0.3,0.5083333333333333,0.0,0.03333333333333333,0.05625
1590,757,7,0.4456140350877193,0.03859649122807018,0.28771929824561404,2.7578947368421054,0.0,0.08421052631578947,0.0,1.4596491228070176,0.0,0.0,0.2807017543859649,0.0,0.3192982456140351,1.3859649122807018,0.5824561403508772,0.0,0.0,0.0,0.06315789473684211,2.1473684210526316,0.010526315789473684,1.8,0.0,2.0736842105263156,1.4175438596491228,0.20701754385964913,5.621052631578947,0.0,0.0,0.0,0.0,0.0,0.0,12.929824561403509,1.7894736842105263,0.0,0.0,0.0,0.24561403508771928,0.41754385964912283,0.5614035087719298,0.0,0.03508771929824561,5.252631578947368
1589,1207,4,0.6018957345971564,0.10900473933649289,0.44075829383886256,3.3696682464454977,0.0,0.0,0.0,0.0,0.0,0.0,0.23696682464454977,0.0,0.0,0.8672985781990521,0.3127962085308057,0.0,0.023696682464454975,0.0,0.7109004739336493,11.383886255924171,0.0,1.8151658767772512,0.0,7.440758293838862,2.308056872037915,0.0,4.563981042654029,0.0,0.0,0.0995260663507109,0.24170616113744076,0.0,0.0,14.744075829383887,2.080568720379147,0.0,0.0,0.0,0.24644549763033174,0.5781990521327014,0.5829383886255924,0.0,0.037914691943127965,5.23696682464455
1594,1407,4,0.5208333333333334,0.1875,0.5833333333333334,4.625,0.0,0.0,0.0,0.0,0.0,0.0,0.0,0.0,0.0,0.0,0.0,0.0,0.0,0.0,0.0,17.9375,0.0,2.0833333333333335,0.0,11.333333333333334,2.6458333333333335,0.0,2.5,0.0,0.0,0.0,0.0,0.0,0.0,19.770833333333332,3.1666666666666665,0.0,0.0,0.0,0.0,0.8333333333333334,0.6041666666666666,0.0,0.0,0.0
1604,365,4,0.46633416458852867,0.0798004987531172,0.3266832917705736,3.134663341645885,0.0,0.0,0.0,0.0,0.0,0.0,0.0,0.0,0.0,0.0024937655860349127,0.0,0.0,0.0,0.0,0.0,10.668329177057357,0.02493765586034913,2.174563591022444,0.0,9.453865336658355,1.5012468827930174,0.0,3.9526184538653366,0.0,0.0,0.22443890274314215,0.0,0.0,0.0,15.441396508728179,2.0,0.0,0.38154613466334164,0.2344139650872818,0.0,0.7032418952618454,0.5785536159600998,0.0,0.017456359102244388,0.0
1595,883,4,0.5138248847926268,0.07949308755760369,0.6278801843317973,3.2096774193548385,0.0,0.0,0.0,0.0,0.0,0.0,0.0,0.0,0.0,0.038018433179723504,0.0,0.0,0.0,0.0,0.04377880184331797,12.422811059907835,0.0,2.3767281105990783,0.0,6.42741935483871,2.0806451612903225,0.13709677419354838,6.403225806451613,0.0,0.0,0.008064516129032258,0.0,0.0,0.0,13.086405529953916,1.7119815668202765,0.0,0.10023041474654378,0.004608294930875576,0.0,0.4631336405529954,0.49193548387096775,0.0,0.044930875576036866,0.0
1601,1635,4,0.8184713375796179,0.1910828025477707,0.0,7.251592356687898,0.0,0.0,0.0,0.0,0.0,0.0,0.0,0.0,0.0,0.0,0.0,0.0,0.0,0.0,0.0,18.06687898089172,0.0,2.378980891719745,0.0,24.04140127388535,3.426751592356688,0.1464968152866242,5.429936305732484,0.0,0.0,0.0,0.0,0.0,0.0,30.64012738853503,5.111464968152866,0.0,0.7738853503184714,0.0,0.0,1.4267515923566878,0.5668789808917197,0.0,0.06050955414012739,0.0
1591,898,4,0.49746192893401014,0.08883248730964467,0.2766497461928934,4.48984771573604,0.0,0.0,0.0,0.02030456852791878,0.0,0.0,0.007614213197969543,0.0,0.0,0.07106598984771574,0.017766497461928935,0.0,0.0,0.0,0.027918781725888325,13.98223350253807,0.01015228426395939,2.2588832487309647,0.0,11.548223350253807,2.779187817258883,0.13451776649746192,3.3553299492385786,0.0,0.015228426395939087,0.16751269035532995,0.26903553299492383,0.0,0.0,21.99492385786802,2.7258883248730963,0.0,0.0583756345177665,0.0,0.0,0.7639593908629442,0.6116751269035533,0.0,0.03553299492385787,0.025380710659898477
1600,1241,4,1.8522727272727273,0.14772727272727273,0.0,7.056818181818182,0.0,0.045454545454545456,0.0,0.23863636363636365,0.0,0.0,0.0,0.0,0.0,0.25,0.11363636363636363,0.0,0.0,0.0,0.0,16.25,0.0,3.625,0.0,25.386363636363637,3.8863636363636362,0.18181818181818182,2.6363636363636362,0.0,0.0,0.0,0.0,0.0,0.0,30.806818181818183,5.1022727272727275,0.0,1.4431818181818181,0.0,0.0,1.3636363636363635,0.6363636363636364,0.0,0.20454545454545456,0.0
1601,84,4,0.41696750902527074,0.11913357400722022,0.7382671480144405,3.9259927797833933,0.0,0.0,0.0,0.0,0.0,0.0,0.0,0.0,0.0,0.0,0.0,0.0,0.0,0.0,0.0,16.608303249097474,0.0,2.1859205776173285,0.0,6.234657039711191,2.8664259927797833,0.05595667870036101,6.1732851985559565,0.0,0.0,0.0,0.12815884476534295,0.0,0.0,18.095667870036102,2.6407942238267146,0.0,0.07942238267148015,0.1552346570397112,0.0,0.48375451263537905,0.5469314079422383,0.0,0.036101083032490974,0.0
1595,169,12,0.5651302605210421,0.05811623246492986,0.7054108216432866,1.933867735470942,0.0,0.0,0.0,0.05410821643286573,0.0,0.0,0.0,0.0,0.0,0.07615230460921844,0.0,0.0,0.0,0.0,0.0,4.895791583166333,0.0,1.74749498997996,0.0,5.472945891783567,1.2324649298597194,0.11422845691382766,5.35871743486974,0.0,0.5430861723446894,0.35671342685370744,0.1903807615230461,0.0,0.0,9.180360721442886,1.2124248496993988,0.0,0.8136272545090181,0.04008016032064128,0.0,0.2745490981963928,0.4188376753507014,0.0,0.01002004008016032,0.0
1597,915,15,0.496551724137931,0.07586206896551724,0.15172413793103448,3.282758620689655,0.0,0.0,0.0,0.08275862068965517,0.0,0.0,0.0,0.0,0.0,0.33793103448275863,0.1310344827586207,0.0,0.0,0.7862068965517242,0.0,10.186206896551724,0.0,6.496551724137931,0.0,10.179310344827586,3.6551724137931036,0.0,3.682758620689655,0.0,0.0,0.0,0.0,0.0,0.0,12.882758620689655,1.7862068965517242,0.0,0.0,0.04827586206896552,0.0,0.7172413793103448,0.503448275862069,0.0,0.07586206896551724,5.23448275862069
1613,236,4,0.6213592233009708,0.07766990291262135,0.16019417475728157,3.7427184466019416,0.0,0.17475728155339806,0.0,0.6553398058252428,0.0,0.0,0.0048543689320388345,0.0,0.0,1.3009708737864079,0.45145631067961167,0.0,0.0,0.0,0.05339805825242718,8.766990291262136,0.0,3.6941747572815533,0.0,10.20388349514563,2.1941747572815533,0.4223300970873786,4.087378640776699,0.0,0.0,0.0,0.0,0.0,0.07281553398058252,16.57766990291262,2.378640776699029,0.0,0.9029126213592233,0.05339805825242718,0.0,0.6844660194174758,0.6456310679611651,0.0,0.08737864077669903,0.043689320388349516
1598,538,4,0.48342541436464087,0.09300184162062615,0.7292817679558011,3.4548802946593002,0.0,0.0,0.0,0.15837937384898712,0.0,0.0,0.0,0.0,0.0,0.12154696132596685,0.0718232044198895,0.0,0.0,0.14548802946593,0.0,13.102209944751381,0.0,4.813996316758748,0.0,9.394106813996316,1.6252302025782688,0.18968692449355432,5.202578268876612,0.0,0.0,0.0,0.15837937384898712,0.0,0.0,14.558931860036832,2.113259668508287,0.0,0.12338858195211787,0.013812154696132596,0.0,0.6970534069981584,0.47974217311233885,0.0,0.03222836095764273,0.6114180478821363
1599,1077,4,0.4036144578313253,0.0963855421686747,0.5863453815261044,3.465863453815261,0.0,0.0,0.0,0.0,0.0,0.0,0.0,0.0,0.0,0.01606425702811245,0.0,0.0,0.0,0.0,0.0,10.200803212851406,0.0,1.7248995983935742,0.0,4.616465863453815,1.8453815261044177,0.13855421686746988,5.034136546184739,0.0,0.0,0.030120481927710843,0.0,0.0,0.0,14.993975903614459,2.28714859437751,0.0,0.028112449799196786,0.0,0.0,0.2791164658634538,0.5281124497991968,0.0,0.03413654618473896,0.0
1600,1216,4,0.33668341708542715,0.0728643216080402,1.535175879396985,2.613065326633166,0.0,0.0,0.0,0.020100502512562814,0.0,0.0,0.0,0.0,0.0,0.1407035175879397,0.03768844221105527,0.0,0.0,0.0,0.0,9.185929648241206,0.032663316582914576,2.100502512562814,0.0,1.678391959798995,0.6859296482412061,0.16331658291457288,7.761306532663316,0.0,0.0,0.34673366834170855,0.0,0.0,0.0,11.329145728643216,1.0979899497487438,0.0,0.23366834170854273,0.052763819095477386,0.0,0.8341708542713567,0.4748743718592965,0.0,0.035175879396984924,0.0
1608,1659,15,0.4714285714285714,0.10714285714285714,0.6821428571428572,3.3321428571428573,0.0,0.0,0.0,0.0,0.0,0.0,0.0,0.0,0.0,0.0,0.0,0.0,0.0,0.0,0.0,10.742857142857142,0.0,2.1107142857142858,0.0,5.325,1.667857142857143,0.02857142857142857,3.4571428571428573,0.0,0.0,0.0,0.0,0.0,0.0,15.525,2.2357142857142858,0.0,0.05357142857142857,0.0,0.0,0.32142857142857145,0.5107142857142857,0.0,0.007142857142857143,0.0
1596,219,4,0.45854483925549916,0.077834179357022,0.9644670050761421,3.7918781725888326,0.0,0.028764805414551606,0.0,0.700507614213198,0.0,0.0,0.00338409475465313,0.05922165820642978,0.0,0.6937394247038917,0.30287648054145516,0.0,0.0,0.00338409475465313,0.049069373942470386,15.120135363790187,0.018612521150592216,2.3637901861252115,0.0,6.972927241962775,2.047377326565144,0.2233502538071066,8.314720812182742,0.23519458544839256,0.3316412859560068,0.20812182741116753,0.2707275803722504,0.0,0.0,19.622673434856175,1.9475465313028766,0.0,0.32825719120135366,0.08798646362098139,0.0,0.5634517766497462,0.6294416243654822,0.4077834179357022,0.047377326565143825,3.143824027072758
1607,1054,4,0.4878048780487805,0.06504065040650407,1.2357723577235773,2.5934959349593494,0.0,0.0,0.0,0.08130081300813008,0.0,0.0,0.0,0.0,0.0,0.07317073170731707,0.0,0.0,0.0,0.0,0.0,3.8292682926829267,0.0,2.317073170731707,0.0,1.8617886178861789,1.032520325203252,0.45528455284552843,6.528455284552845,0.0,0.0,0.0,0.0,0.0,0.0,12.658536585365853,1.951219512195122,0.0,0.0,0.024390243902439025,0.0,0.056910569105691054,0.4634146341463415,0.0,0.024390243902439025,0.0
1606,1446,4,0.3694362017804154,0.0830860534124629,0.7744807121661721,4.419881305637982,0.0,0.0,0.0,0.0771513353115727,0.0,0.0,0.0,0.0,0.0,0.6409495548961425,0.05637982195845697,0.0,0.0,0.0,0.2952522255192878,13.688427299703264,0.0,2.9673590504451037,0.0,8.640949554896142,3.787833827893175,0.2195845697329377,6.393175074183977,0.0,0.0,0.0,0.0,0.0,0.0,19.14540059347181,2.8486646884273,0.0,0.13056379821958458,0.09792284866468842,0.0,0.6839762611275965,0.5504451038575667,0.0,0.04747774480712166,0.0
1608,1620,4,0.3887884267631103,0.09584086799276673,0.9005424954792043,3.8951175406871608,0.0,0.0,0.0,0.0,0.0,0.0,0.0,0.0,0.0,0.0162748643761302,0.0,0.0,0.0,0.0,0.0,14.33996383363472,0.11754068716094032,2.4430379746835444,0.0,8.274864376130198,1.562386980108499,0.18264014466546113,5.1790235081374325,0.0,0.0,0.10307414104882459,0.0,0.0,0.018083182640144666,18.55515370705244,2.3001808318264017,0.0,0.1717902350813743,0.0,0.0,0.5858951175406871,0.5750452079566004,0.0,0.028933092224231464,0.0
1608,1983,4,0.4755244755244755,0.08741258741258741,0.6136363636363636,3.791958041958042,0.0,0.0,0.0,0.045454545454545456,0.0,0.0,0.0,0.08741258741258741,0.0,0.1451048951048951,0.038461538461538464,0.0,0.0,0.0,0.033216783216783216,10.631118881118882,0.04020979020979021,1.7465034965034965,0.0,9.45979020979021,2.4318181818181817,0.12237762237762238,4.6223776223776225,0.0,0.0,0.07517482517482517,0.008741258741258742,0.0,0.0,19.071678321678323,2.0104895104895104,0.0,0.0,0.0,0.0,0.6206293706293706,0.5472027972027972,1.1486013986013985,0.04020979020979021,9.722027972027972
1604,746,12,0.677734375,0.10546875,0.501953125,3.974609375,0.0,0.0,0.0,0.0,0.0,0.0,0.015625,0.0,0.0,0.021484375,0.0,0.0,0.0,0.0,0.037109375,11.083984375,0.0546875,2.041015625,0.0,7.681640625,2.169921875,0.12109375,4.2421875,0.0,0.0,0.3125,0.064453125,0.0,0.0,20.103515625,2.25,0.0,0.0,0.02734375,0.009765625,0.62109375,0.517578125,0.01953125,0.0234375,0.056640625
1600,987,4,0.5413870246085011,0.09843400447427293,0.36017897091722595,3.302013422818792,0.0,0.0,0.0,0.21476510067114093,0.0,0.0,0.017897091722595078,0.0,0.0,0.3221476510067114,0.087248322147651,0.0,0.0,0.05592841163310962,0.08277404921700224,12.35123042505593,0.0,2.4742729306487696,0.0,8.975391498881432,2.058165548098434,0.0,3.2125279642058167,0.0,0.0,0.0,0.0,0.0,0.0,14.152125279642059,2.192393736017897,0.0,0.0,0.08501118568232663,0.008948545861297539,0.6621923937360179,0.5659955257270693,0.0,0.026845637583892617,0.024608501118568233
1604,1347,4,0.34408602150537637,0.07885304659498207,0.6200716845878136,3.3942652329749103,0.0,0.0,0.0,0.2078853046594982,0.0,0.0,0.0,0.0,0.0,0.3835125448028674,0.16487455197132617,0.0,0.0,0.0,0.0,12.204301075268818,0.0,2.218637992831541,0.0,6.655913978494624,1.6093189964157706,0.0,4.827956989247312,0.0,0.0,0.017921146953405017,0.0,0.0,0.0,14.301075268817204,1.881720430107527,0.0,0.0,0.0,0.0,0.4946236559139785,0.5627240143369175,0.0,0.05017921146953405,0.0
1606,1023,4,0.4074074074074074,0.02962962962962963,1.3703703703703705,2.5901234567901232,0.0,0.0,0.0,0.012345679012345678,0.0,0.0,0.007407407407407408,0.0,0.0,0.0049382716049382715,0.0,0.0,0.0,0.0,0.007407407407407408,5.076543209876543,0.1308641975308642,1.6839506172839507,0.0,4.037037037037037,1.037037037037037,0.1580246913580247,6.128395061728395,0.0,0.3530864197530864,0.4123456790123457,0.0,0.0,0.0,15.037037037037036,1.819753086419753,0.0,0.4888888888888889,0.145679012345679,0.0,0.19012345679012346,0.5703703703703704,0.0,0.02962962962962963,4.407407407407407
1598,1781,4,0.3828996282527881,0.061957868649318466,0.3184634448574969,3.7063197026022303,0.0,0.0,0.0,0.05452292441140025,0.0,0.0,0.0,0.0,0.0,0.17967781908302355,0.05204460966542751,0.0,0.0,0.0012391573729863693,0.0,12.141263940520446,0.0,2.3370508054522925,0.0,6.333333333333333,2.1152416356877324,0.0037174721189591076,2.6282527881040894,0.0,0.0,0.0,0.14993804213135067,0.0,0.0,15.833952912019827,2.4052044609665426,0.0,0.20198265179677818,0.0,0.0,0.47831474597273854,0.5427509293680297,0.0,0.03345724907063197,0.0
1602,903,11,0.5,0.05319148936170213,0.1595744680851064,2.276595744680851,0.0,0.0,0.0,0.05319148936170213,0.0,0.0,0.0,0.0,0.0,0.0851063829787234,0.0,0.0,0.0,0.0,0.010638297872340425,5.75531914893617,0.0425531914893617,4.287234042553192,0.0,2.1702127659574466,0.19148936170212766,0.5,8.48936170212766,0.0,0.0,0.14893617021276595,0.0,0.0,0.0,12.212765957446809,1.0,0.0,0.0,0.09574468085106383,0.0,0.0,0.6276595744680851,0.0,0.0425531914893617,0.0
1606,1163,4,1.7549668874172186,0.16556291390728478,0.09933774834437085,7.086092715231788,0.0,0.11258278145695365,0.0,0.1456953642384106,0.0,0.0,0.0,0.0,0.0,0.6357615894039735,0.2847682119205298,0.0,0.0,0.0,0.06622516556291391,17.158940397350992,0.0,3.6556291390728477,0.0,26.00662251655629,3.165562913907285,0.44370860927152317,4.973509933774834,0.0,0.0,0.0,0.0,0.0,0.5231788079470199,28.76158940397351,4.072847682119205,0.0,1.0397350993377483,0.10596026490066225,0.0,1.576158940397351,0.6158940397350994,0.0,0.33112582781456956,0.0
1603,1390,4,0.40558292282430214,0.06239737274220033,0.80623973727422,3.4876847290640396,0.0,0.0,0.0,0.0,0.0,0.0,0.0,0.0,0.0,0.019704433497536946,0.0,0.0,0.0,0.0,0.0,11.463054187192117,0.0,2.3070607553366176,0.0,7.788177339901478,2.0164203612479477,0.06568144499178982,3.4876847290640396,0.0,0.0,0.027914614121510674,0.0,0.0,0.0,16.446633825944172,2.2610837438423643,0.0,0.03940886699507389,0.06568144499178982,0.0,0.6091954022988506,0.5862068965517241,0.0,0.047619047619047616,0.0
1606,1701,4,0.4095940959409594,0.05166051660516605,0.7896678966789668,2.0996309963099633,0.0,0.08856088560885608,0.0,0.2140221402214022,0.0,0.0,0.0,0.0,0.0,0.3948339483394834,0.0,0.0,0.0,0.0,0.007380073800738007,6.74169741697417,0.0959409594095941,1.7158671586715868,0.0,2.5608856088560885,0.2140221402214022,0.34686346863468637,7.760147601476015,0.0,0.0,0.34317343173431736,0.0,0.0,0.15867158671586715,11.74169741697417,1.0922509225092252,0.0,0.007380073800738007,0.7896678966789668,0.0,0.13653136531365315,0.6125461254612546,0.0,0.02952029520295203,0.9704797047970479
1611,1960,4,0.5352112676056338,0.046948356807511735,0.7488262910798122,2.272300469483568,0.0,0.0,0.0,0.0,0.0,0.0,0.0,0.0,0.0,0.0,0.0,0.0,0.0,0.0,0.0,2.89906103286385,0.014084507042253521,2.8544600938967135,0.0,2.65962441314554,0.49061032863849763,0.22065727699530516,5.859154929577465,0.0,0.0,0.39436619718309857,0.0,0.0,0.0,14.147887323943662,1.2934272300469483,0.0,0.25821596244131456,0.03051643192488263,0.0,0.13145539906103287,0.5352112676056338,0.0,0.03755868544600939,0.2300469483568075
1616,1586,11,0.6273684210526316,0.11789473684210526,0.30105263157894735,3.88,0.0,0.0,0.0,0.0,0.0,0.0,0.004210526315789474,0.0,0.0,0.01263157894736842,0.0,0.0,0.0,0.0,0.05052631578947368,13.629473684210526,0.0,1.8463157894736841,0.0,7.616842105263158,2.1473684210526316,0.06526315789473684,4.581052631578947,0.0,0.0,0.08842105263157894,0.0968421052631579,0.0,0.0,19.873684210526317,2.223157894736842,0.0,0.002105263157894737,0.016842105263157894,0.0,0.47789473684210526,0.5831578947368421,0.0,0.02736842105263158,0.0
1608,631,4,0.48654708520179374,0.07847533632286996,0.6053811659192825,3.6838565022421523,0.0,0.02242152466367713,0.0,0.08968609865470852,0.0,0.0,0.0,0.0,0.0,0.21300448430493274,0.05717488789237668,0.0,0.05605381165919283,0.0,0.0,9.5695067264574,0.01905829596412556,2.524663677130045,0.0,5.987668161434978,2.257847533632287,0.3374439461883408,4.98542600896861,0.0,0.04596412556053812,0.22982062780269058,0.13452914798206278,0.0,0.8262331838565022,19.263452914798208,2.3251121076233185,0.0,0.2769058295964126,0.0,0.0,0.4170403587443946,0.600896860986547,0.0,0.032511210762331835,0.3374439461883408
1603,767,4,0.46733668341708545,0.07537688442211055,0.5628140703517588,2.9899497487437188,0.0,0.0,0.0,0.007537688442211055,0.0,0.0,0.0,0.0,0.0,0.032663316582914576,0.0,0.0,0.0,0.0,0.0,9.685929648241206,0.0,1.8668341708542713,0.0,6.075376884422111,1.4824120603015076,0.04522613065326633,3.628140703517588,0.0,0.0,0.0,0.0,0.0,0.0,13.188442211055277,1.864321608040201,0.0,0.0,0.022613065326633167,0.0,0.49748743718592964,0.5477386934673367,0.0,0.017587939698492462,0.0
1619,1133,4,0.47305389221556887,0.0658682634730539,0.5808383233532934,3.1077844311377247,0.0,0.0,0.0,0.023952095808383235,0.0,0.0,0.005988023952095809,0.0,0.0,0.32934131736526945,0.11377245508982035,0.0,0.0,0.0,0.029940119760479042,9.736526946107784,0.0,2.874251497005988,0.0,7.029940119760479,1.658682634730539,0.03592814371257485,4.485029940119761,0.0,0.0,0.0,0.0,0.0,0.0,12.886227544910179,1.970059880239521,0.0,0.029940119760479042,0.0,0.023952095808383235,0.5329341317365269,0.6167664670658682,0.0,0.059880239520958084,0.20958083832335328
1608,70,4,0.48323170731707316,0.08765243902439024,0.5503048780487805,3.7347560975609757,0.0,0.0,0.0,0.01600609756097561,0.0,0.0,0.004573170731707317,0.0,0.0,0.25228658536585363,0.025914634146341462,0.0,0.0,0.0,0.051067073170731704,12.366615853658537,0.0,2.65625,0.0,8.238567073170731,2.0099085365853657,0.15929878048780488,4.064786585365853,0.0,0.053353658536585365,0.0022865853658536584,0.0,0.0,0.0,16.240853658536587,2.2957317073170733,0.0,0.08536585365853659,0.041920731707317076,0.0,0.5929878048780488,0.5541158536585366,0.0,0.053353658536585365,0.08231707317073171
1618,690,4,0.5113636363636364,0.08522727272727272,0.8409090909090909,2.2386363636363638,0.0,0.0,0.0,0.2784090909090909,0.0,0.0,0.0,0.0,0.0,0.32386363636363635,0.0,0.0,0.0,0.0,0.0,3.778409090909091,0.0,2.6988636363636362,0.0,4.613636363636363,1.2386363636363635,0.17613636363636365,7.7272727272727275,0.0,0.6420454545454546,0.05113636363636364,0.05113636363636364,0.0,0.0,10.380681818181818,1.5511363636363635,0.0,1.1363636363636365,0.0,0.0,0.16477272727272727,0.44886363636363635,0.0,0.03409090909090909,0.0
1608,1756,7,0.45364238410596025,0.07947019867549669,0.4230132450331126,3.5869205298013247,0.0,0.0016556291390728477,0.0,0.06374172185430464,0.0,0.0,0.0074503311258278145,0.0,0.0,0.1183774834437086,0.020695364238410598,0.0,0.0,0.0,0.0,11.728476821192054,0.0008278145695364238,1.9776490066225165,0.0,5.796357615894039,1.8269867549668874,0.1837748344370861,4.508278145695364,0.0,0.0,0.0,0.050496688741721855,0.0,0.0,15.410596026490067,2.3899006622516556,0.0,0.0,0.0380794701986755,0.0,0.5471854304635762,0.5397350993377483,0.0,0.028145695364238412,0.0
1610,1810,12,0.7621359223300971,0.06310679611650485,1.0339805825242718,3.2888349514563107,0.0,0.03640776699029126,0.0,0.03398058252427184,0.0,0.0,0.24757281553398058,0.0,0.0,1.0364077669902914,0.4320388349514563,0.0,0.0,0.0,1.4854368932038835,11.987864077669903,0.055825242718446605,2.8737864077669903,0.0,10.798543689320388,1.1504854368932038,0.49029126213592233,7.720873786407767,0.0,0.0,0.3859223300970874,0.0,0.0,0.0,17.09223300970874,1.6383495145631068,0.0,0.18932038834951456,0.019417475728155338,0.22330097087378642,0.808252427184466,0.6019417475728155,0.0,0.07281553398058252,0.6383495145631068
1616,493,4,0.5087440381558028,0.07790143084260731,0.2480127186009539,3.516693163751987,0.0,0.40858505564387915,0.0,1.9411764705882353,0.0,0.0,0.0,0.0,0.0,2.232114467408585,0.670906200317965,0.0,0.0,0.5182829888712241,0.09379968203497616,5.440381558028617,0.03179650238473768,5.915739268680445,0.0,2.4181240063593004,2.383147853736089,0.48012718600953896,6.801271860095389,0.2861685214626391,0.0,0.07790143084260731,0.0,0.0,0.0,20.686804451510334,2.0476947535771064,0.0,0.02384737678855326,0.1669316375198728,0.0,0.2368839427662957,0.5548489666136724,0.0,0.09379968203497616,1.3910969793322734
1612,798,5,0.44087038789025546,0.06906338694418164,0.7795648060548723,2.915799432355724,0.0,0.0,0.0,0.0,0.0,0.0,0.0,0.0,0.0,0.0,0.0,0.0,0.0,0.0,0.0,11.56953642384106,0.013245033112582781,1.9971617786187323,0.0,7.068117313150426,1.4068117313150426,0.130558183538316,4.097445600756859,0.0,0.0,0.13245033112582782,0.1173131504257332,0.0,0.0,12.545884578997162,1.6688741721854305,0.0,0.30368968779564803,0.0,0.0,0.46830652790917693,0.5184484389782403,0.0,0.021759697256385997,0.2753074739829707
1608,1280,4,0.7153153153153153,0.08828828828828829,0.8954954954954955,4.018018018018018,0.0,0.0,0.0,0.021621621621621623,0.0,0.0,0.3099099099099099,0.0,0.25045045045045045,0.818018018018018,0.6252252252252253,0.0,0.0,0.0,0.0,13.172972972972973,0.023423423423423424,3.10990990990991,0.42342342342342343,8.338738738738739,5.351351351351352,0.2810810810810811,5.147747747747748,0.0,0.0,0.0,0.0,0.0,0.0,16.61981981981982,2.2486486486486488,0.0,0.04864864864864865,0.014414414414414415,0.0,0.590990990990991,0.5369369369369369,0.0,0.07927927927927927,0.0
1608,1329,4,0.4720357941834452,0.10514541387024609,0.38926174496644295,4.501118568232662,0.0,0.0,0.0,0.1185682326621924,0.0,0.0,0.0,0.0,0.0,0.19463087248322147,0.08053691275167785,0.0,0.0,0.0044742729306487695,0.0,15.713646532438478,0.0,2.156599552572707,0.0,12.919463087248323,3.2684563758389262,0.06935123042505593,3.639821029082774,0.0,0.0,0.08053691275167785,0.30648769574944074,0.0,0.06711409395973154,20.563758389261746,2.8053691275167787,0.0,0.17002237136465326,0.0,0.0,0.8702460850111857,0.5458612975391499,0.0,0.029082774049217,0.06711409395973154
1611,428,12,0.4485981308411215,0.04984423676012461,0.8535825545171339,3.2242990654205608,0.0,0.0,0.0,0.0,0.0,0.0,0.0,0.0,0.0,0.09968847352024922,0.018691588785046728,0.0,0.0,0.0,0.0,6.850467289719626,0.006230529595015576,2.012461059190031,0.0,4.579439252336448,1.5077881619937694,0.037383177570093455,5.034267912772585,0.0,0.0,0.205607476635514,0.0,0.0,0.0,16.610591900311526,2.205607476635514,0.0,0.040498442367601244,0.01557632398753894,0.0,0.26791277258566976,0.5856697819314641,0.0,0.03115264797507788,2.249221183800623
1612,720,12,0.40816326530612246,0.07755102040816327,0.5530612244897959,3.3,0.0,0.0,0.0,1.493877551020408,0.0,0.0,0.004081632653061225,0.0,0.0653061224489796,1.1346938775510205,0.23469387755102042,0.0,0.0,0.1816326530612245,0.0,9.838775510204082,0.0,1.9061224489795918,0.0,3.0142857142857142,2.159183673469388,0.2714285714285714,5.73469387755102,0.061224489795918366,0.0,0.0,0.0,0.0,0.0,12.877551020408163,1.5510204081632653,0.0,0.014285714285714285,0.07142857142857142,0.0,0.2979591836734694,0.4326530612244898,0.0,0.07142857142857142,5.091836734693878
1607,1511,4,0.46360153256704983,0.10727969348659004,0.07088122605363985,2.8793103448275863,0.0,0.04597701149425287,0.0,1.5421455938697317,0.0,0.06704980842911877,0.0,0.0,0.09003831417624521,1.1436781609195403,0.4003831417624521,0.0,0.040229885057471264,0.6934865900383141,0.0,9.53256704980843,0.0,3.3984674329501914,0.0,4.655172413793103,2.0421455938697317,0.09386973180076628,3.9578544061302683,0.0,0.0,0.0,0.0,0.0,0.0,13.091954022988507,1.5421455938697317,0.0,0.0,0.09770114942528736,0.0,0.8122605363984674,1.210727969348659,0.0,0.06896551724137931,11.902298850574713
1621,101,4,0.4387755102040816,0.07142857142857142,0.5255102040816326,4.346938775510204,0.0,0.0,0.0,0.0,0.0,0.0,0.05102040816326531,0.0,0.04081632653061224,0.37244897959183676,0.05102040816326531,0.0,0.0,0.0,0.0,11.811224489795919,0.0,2.5306122448979593,0.0,11.75,2.9846938775510203,0.14285714285714285,4.290816326530612,0.0,0.0,0.1683673469387755,0.0,0.00510204081632653,0.0,21.520408163265305,2.729591836734694,0.0,0.0,0.0,0.015306122448979591,0.7806122448979592,0.5255102040816326,0.0,0.04081632653061224,0.0
1617,347,7,0.5637513171759747,0.07903055848261328,1.1285563751317176,2.3066385669125395,0.0,0.0,0.0,0.045310853530031614,0.0,0.0,0.0,0.0,0.0,0.13066385669125394,0.029504741833508957,0.0,0.0,0.0,0.0,11.847207586933614,0.0,1.8788198103266596,0.0,5.920969441517387,1.351949420442571,0.1791359325605901,6.8018967334035825,0.0,0.5226554267650158,0.0,0.0,0.0,0.0,10.438356164383562,1.1822971548998946,0.0,0.8661749209694415,0.03582718651211802,0.0,0.2971548998946259,0.42571127502634354,0.0,0.037934668071654375,0.0
1619,830,4,0.5146443514644351,0.11506276150627615,0.9100418410041841,4.510460251046025,0.0,0.0,0.0,0.03347280334728033,0.0,0.0,0.09623430962343096,0.0,0.0,0.3368200836820084,0.06485355648535565,0.0,0.0,0.0,0.4309623430962343,15.866108786610878,0.0,1.8682008368200838,0.0,15.320083682008368,4.941422594142259,0.4560669456066946,5.190376569037657,0.0,0.0,0.15271966527196654,0.0,0.0,0.0,17.240585774058577,2.784518828451883,0.0,0.45188284518828453,0.058577405857740586,0.0,0.9497907949790795,0.49581589958158995,0.0,0.058577405857740586,0.0
1617,895,4,0.6504065040650406,0.08536585365853659,0.6382113821138211,4.009146341463414,0.0,0.0,0.0,0.052845528455284556,0.0,0.0,0.02540650406504065,0.0,0.021341463414634148,0.20833333333333334,0.054878048780487805,0.0,0.0,0.0,0.018292682926829267,12.888211382113822,0.0,2.815040650406504,0.0,8.919715447154472,2.53760162601626,0.18089430894308944,3.421747967479675,0.0,0.0,0.16260162601626016,0.1676829268292683,0.0,0.0,16.898373983739837,2.7439024390243905,0.0,0.17073170731707318,0.021341463414634148,0.0,0.6422764227642277,0.5497967479674797,0.0,0.11483739837398374,0.0
1613,1368,7,0.8418491484184915,0.10948905109489052,0.08029197080291971,6.0535279805352795,0.0,0.0340632603406326,0.0,0.29927007299270075,0.0,0.0,0.0,0.0,0.0,0.40389294403892945,0.1435523114355231,0.0,0.0,0.09975669099756691,0.06082725060827251,16.24330900243309,0.0,4.547445255474453,0.0,20.282238442822383,2.849148418491484,0.2798053527980535,4.829683698296837,0.0,0.0,0.0,0.0,0.0,0.0,25.35036496350365,4.128953771289538,0.0,0.8491484184914841,0.014598540145985401,0.0,1.1995133819951338,0.5060827250608273,0.0,0.12165450121654502,0.23114355231143552
1614,1253,12,0.4396355353075171,0.0774487471526196,0.34851936218678814,4.056947608200455,0.0,0.0,0.0,0.01366742596810934,0.0,0.0,0.683371298405467,0.0,0.0,1.4533029612756265,0.5558086560364465,0.0,0.0,0.0,1.3234624145785876,6.87243735763098,0.022779043280182234,1.6583143507972664,0.0,4.555808656036446,2.150341685649203,0.45785876993166286,4.2733485193621865,0.0,0.15261958997722094,0.2505694760820046,0.0,0.0,0.09111617312072894,19.70387243735763,2.7380410022779045,0.0,0.1252847380410023,0.002277904328018223,0.17995444191343962,0.20501138952164008,0.5193621867881549,0.0,0.05239179954441914,2.3963553530751707
1621,1553,4,0.48247978436657685,0.11320754716981132,0.4555256064690027,4.849056603773585,0.0,0.0,0.0,0.2560646900269542,0.0,0.0,0.0026954177897574125,0.0,0.0,0.2210242587601078,0.1078167115902965,0.0,0.0,0.14555256064690028,0.013477088948787063,17.36657681940701,0.0,2.0512129380053907,0.0,8.68733153638814,4.334231805929919,0.0215633423180593,4.3261455525606465,0.0,0.0,0.0,0.3018867924528302,0.0,0.0,21.41509433962264,3.045822102425876,0.0,0.12668463611859837,0.12668463611859837,0.0,0.7412398921832885,0.660377358490566,0.0,0.03773584905660377,0.0889487870619946
1627,392,4,0.4642857142857143,0.09077380952380952,0.7678571428571429,3.793154761904762,0.0,0.0,0.0,0.11160714285714286,0.0,0.0,0.0,0.0,0.0,0.15029761904761904,0.022321428571428572,0.0,0.08482142857142858,0.0,0.0,11.675595238095237,0.047619047619047616,2.2663690476190474,0.0,8.001488095238095,1.9895833333333333,0.5089285714285714,5.0163690476190474,0.0,0.0,0.3244047619047619,0.27976190476190477,0.0,0.0,18.611607142857142,2.200892857142857,0.0,0.26785714285714285,0.07142857142857142,0.0,0.5848214285714286,0.6175595238095238,0.0,0.046130952380952384,0.013392857142857142
1613,879,4,0.4414245548266167,0.07872539831302718,0.4395501405810684,3.1574507966260543,0.0,0.0,0.0,0.0,0.0,0.0,0.0,0.0,0.0,0.15370196813495782,0.0,0.0,0.0,0.0,0.0,11.865042174320525,0.0,1.9737582005623242,0.0,4.925960637300843,1.477975632614808,0.08434864104967198,5.715089034676663,0.0,0.0,0.2014995313964386,0.061855670103092786,0.0,0.0,13.195876288659793,1.9681349578256795,0.0,0.013120899718837863,0.023430178069353328,0.0,0.42549203373945643,0.4620431115276476,0.0,0.020618556701030927,0.0
1617,922,7,0.5720338983050848,0.08050847457627118,0.0,4.351694915254237,0.0,0.0,0.0,0.0,0.0,0.0,0.0,0.0,0.0,0.0,0.0,0.0,0.0,0.0,0.0,8.60593220338983,0.0,2.669491525423729,0.0,13.279661016949152,1.8432203389830508,0.16101694915254236,4.889830508474576,0.0,0.0,0.0,0.0,0.0,0.0,19.66949152542373,2.957627118644068,0.0,0.7584745762711864,0.0,0.0,0.7203389830508474,0.576271186440678,0.0,0.0635593220338983,0.0
1614,524,4,0.5020491803278688,0.0942622950819672,0.4610655737704918,4.831967213114754,0.0,0.03278688524590164,0.0,0.10860655737704918,0.0,0.0,0.35450819672131145,0.0,0.0,1.5901639344262295,0.7192622950819673,0.0,0.0,0.08196721311475409,1.348360655737705,14.73360655737705,0.0,3.1045081967213113,0.0,11.973360655737705,3.6311475409836067,0.26024590163934425,5.42827868852459,0.0,0.0,0.0,0.0,0.0,0.0,19.84016393442623,3.05327868852459,0.0,0.2766393442622951,0.006147540983606557,0.0,0.860655737704918,0.5081967213114754,0.0,0.06147540983606557,3.346311475409836
1622,451,12,0.4978165938864629,0.03056768558951965,0.462882096069869,2.3231441048034935,0.0,0.0,0.0,0.0,0.0,0.0,0.0,0.0,0.0,0.0,0.0,0.0,0.0,0.0,0.0,2.8602620087336246,0.0,1.6506550218340612,0.0,2.1353711790393013,0.6550218340611353,0.18777292576419213,3.947598253275109,0.0,0.0,0.13537117903930132,0.0,0.0,0.0,10.637554585152838,1.3537117903930131,0.0,0.22270742358078602,0.0,0.0,0.0,0.4366812227074236,0.0,0.021834061135371178,0.0
1616,655,4,0.4043583535108959,0.0847457627118644,0.4891041162227603,3.5762711864406778,0.0,0.0,0.0,0.6513317191283293,0.0,0.0,0.0,0.0,0.0,1.2300242130750605,0.43341404358353514,0.0,0.0,0.41404358353510895,0.0,13.811138014527845,0.0,2.3849878934624695,0.0,2.8232445520581115,1.8305084745762712,0.14285714285714285,4.661016949152542,0.0,0.0,1.0968523002421307,0.0,0.0,0.0,13.564164648910412,1.7312348668280872,0.0,0.1162227602905569,0.024213075060532687,0.0,0.11138014527845036,0.4600484261501211,0.0,0.05569007263922518,0.5641646489104116
1621,775,6,0.42105263157894735,0.08771929824561403,1.0087719298245614,3.0350877192982457,0.0,0.0,0.0,0.0,0.0,0.0,0.0,0.0,0.0,0.12280701754385964,0.0,0.0,0.0,0.0,0.0,9.267543859649123,0.0,2.337719298245614,0.0,5.793859649122807,1.486842105263158,0.07456140350877193,5.565789473684211,0.0,0.0,0.0,0.0,0.0,0.0,13.741228070175438,1.9254385964912282,0.0,0.0,0.05701754385964912,0.0,0.49122807017543857,0.5745614035087719,0.0,0.02631578947368421,0.0
1627,962,4,0.47368421052631576,0.09919028340080972,0.3319838056680162,4.491902834008097,0.0,0.0,0.0,0.0,0.0,0.0,0.2631578947368421,0.0,0.18016194331983806,1.1518218623481782,0.5020242914979757,0.0,0.0,0.0,0.3117408906882591,16.352226720647774,0.0,1.8846153846153846,0.0,11.220647773279353,3.591093117408907,0.05060728744939271,4.836032388663968,0.0,0.0,0.04048582995951417,0.0,0.0,0.0,16.55668016194332,2.3582995951417005,0.0,0.0,0.0,0.0,0.7246963562753036,0.44534412955465585,0.0,0.08906882591093117,4.060728744939271
1617,1738,7,0.39034776437189495,0.08445706174591909,0.4151880766501065,3.7189496096522356,0.0,0.0,0.0,0.0120652945351313,0.0,0.0,0.0,0.0,0.0,0.015613910574875798,0.0,0.0,0.0,0.0,0.0,12.462029808374734,0.028388928317955996,1.9240596167494677,0.0,5.099361249112846,1.7963094393186658,0.0120652945351313,3.298793470546487,0.0,0.0,0.0,0.0,0.0,0.0,15.846699787083038,2.2391767210787794,0.0,0.0127750177430802,0.007097232079488999,0.0,0.45209368346344925,0.5372604684173172,0.0,0.029808374733853796,0.0
1625,36,4,0.5755813953488372,0.11046511627906977,0.8546511627906976,3.7732558139534884,0.0,0.5116279069767442,0.0,0.6453488372093024,0.0,0.0,0.32558139534883723,0.0,0.0,1.372093023255814,0.7848837209302325,0.0,0.0,0.0,1.1627906976744187,10.563953488372093,0.0,2.744186046511628,0.0,6.482558139534884,2.4302325581395348,0.4127906976744186,9.098837209302326,0.0,0.0,0.18023255813953487,0.0,0.0,0.0,19.296511627906977,2.122093023255814,0.0,0.12790697674418605,0.09883720930232558,0.20348837209302326,0.313953488372093,0.6511627906976745,0.0,0.11046511627906977,2.0697674418604652
1616,1535,4,2.8707070707070708,0.09898989898989899,0.2202020202020202,2.1434343434343432,0.0,0.0,0.0,0.006060606060606061,0.0,0.0,0.0,0.0,0.0,0.07878787878787878,0.0,0.0,0.0,0.0,0.0,10.975757575757576,0.0,2.56969696969697,0.0,4.81010101010101,0.8949494949494949,0.08282828282828283,6.715151515151515,0.0,0.0,0.0,0.0,0.0,0.0,9.626262626262626,1.1373737373737374,0.0,0.012121212121212121,0.07878787878787878,0.0,0.2727272727272727,0.5454545454545454,0.0,1.1535353535353536,0.0
1625,1830,15,0.47560975609756095,0.13414634146341464,0.1951219512195122,4.670731707317073,0.0,0.0,0.0,0.0,0.0,0.0,0.0,0.0,0.0,0.0,0.0,0.0,0.0,0.0,0.0,13.75609756097561,0.0,2.3536585365853657,0.0,8.396341463414634,3.5548780487804876,0.018292682926829267,2.981707317073171,0.0,0.0,0.3048780487804878,0.2621951219512195,0.0,0.0,21.76219512195122,3.3292682926829267,0.0,0.054878048780487805,0.018292682926829267,0.0,0.5487804878048781,0.6646341463414634,0.0,0.04878048780487805,0.0
1619,263,4,0.6423841059602649,0.11423841059602649,0.23344370860927152,3.8294701986754967,0.0,0.023178807947019868,0.0,0.2599337748344371,0.0,0.0,0.0,0.0,0.0,1.346026490066225,0.6490066225165563,0.0,0.0,0.004966887417218543,0.0,8.341059602649006,0.0033112582781456954,3.966887417218543,0.0,6.052980132450331,3.73841059602649,0.2980132450331126,4.289735099337748,0.0,0.0016556291390728477,0.026490066225165563,0.0,0.0,0.0,22.428807947019866,2.5082781456953644,0.0,0.028145695364238412,0.0,0.0,0.4503311258278146,0.5711920529801324,0.0,0.04304635761589404,2.7152317880794703
1629,469,4,0.43859649122807015,0.06140350877192982,1.3157894736842106,1.6535087719298245,0.0,0.0,0.0,0.11842105263157894,0.0,0.0,0.0,0.0,0.0,0.0,0.0,0.0,0.0,0.0,0.0,6.021929824561403,0.039473684210526314,1.4780701754385965,0.0,1.7894736842105263,0.15350877192982457,0.2719298245614035,7.881578947368421,0.0,0.0,0.0,0.0,0.0,0.0,8.06578947368421,0.7149122807017544,0.0,0.10087719298245613,0.04824561403508772,0.0,0.16666666666666666,0.4342105263157895,0.0,0.039473684210526314,0.0
1626,1185,4,0.4412191582002903,0.05079825834542816,0.46734397677793904,2.792452830188679,0.0,0.0,0.0,0.0043541364296081275,0.0,0.0,0.0,0.0,0.0,0.055152394775036286,0.00725689404934688,0.0,0.0,0.0,0.0,6.1074020319303335,0.002902757619738752,2.5341074020319305,0.0,3.272859216255443,1.2670537010159653,0.010159651669085631,2.613933236574746,0.0,0.0,0.015965166908563134,0.0,0.0,0.0,13.290275761973875,1.8577648766328012,0.0,0.01451378809869376,0.033381712626995644,0.0,0.13642960812772134,0.5137880986937591,0.0,0.02467343976777939,0.0
1632,187,4,0.4336283185840708,0.06637168141592921,0.7182890855457227,3.4926253687315634,0.0,0.0,0.0,0.0,0.0,0.0,0.0,0.0,0.0,0.008849557522123894,0.0,0.0,0.0,0.0,0.0,11.23598820058997,0.0,2.293510324483776,0.0,8.212389380530974,2.107669616519174,0.13126843657817108,3.494100294985251,0.0,0.0,0.8569321533923304,0.0,0.0,0.0,15.7094395280236,2.2035398230088497,0.0,0.06047197640117994,0.029498525073746312,0.0,0.6061946902654868,0.5250737463126843,0.0,0.02064896755162242,0.0
1622,756,12,0.4572072072072072,0.0731981981981982,0.5788288288288288,2.7781531531531534,0.0,0.0,0.0,0.07545045045045046,0.0,0.0,0.0,0.0,0.0,0.060810810810810814,0.03490990990990991,0.0,0.0,0.010135135135135136,0.0,12.13626126126126,0.0,2.9774774774774775,0.0,5.0225225225225225,1.179054054054054,0.12274774774774774,6.195945945945946,0.0,0.0,0.0,0.060810810810810814,0.0,0.0,12.103603603603604,1.5923423423423424,0.0,0.10135135135135136,0.02927927927927928,0.0,0.30067567567567566,0.48085585585585583,0.0,0.03265765765765766,0.12387387387387387
1624,1864,11,0.54,0.1,0.172,4.04,0.0,0.0,0.0,0.256,0.0,0.0,0.048,0.0,0.0,0.6,0.256,0.0,0.0,0.204,0.056,8.028,0.0,2.944,0.0,6.612,3.14,0.0,4.26,0.0,0.0,0.456,0.0,0.0,0.0,15.968,2.32,0.0,0.0,0.0,0.0,0.688,0.532,0.0,0.056,0.188
1621,1001,4,0.6252100840336134,0.10756302521008404,0.6823529411764706,4.500840336134454,0.0,0.11428571428571428,0.0,0.11596638655462185,0.0,0.0,0.31092436974789917,0.0,0.0,1.6672268907563026,0.7109243697478992,0.0,0.0,0.0907563025210084,0.9226890756302522,9.12436974789916,0.0,3.8554621848739496,0.0,10.638655462184873,2.8050420168067225,0.5932773109243697,6.2252100840336135,0.0,0.011764705882352941,0.2823529411764706,0.0,0.173109243697479,1.6100840336134454,24.68403361344538,2.6470588235294117,0.0,0.22857142857142856,0.021848739495798318,0.1546218487394958,0.838655462184874,0.6420168067226891,0.0,0.08403361344537816,2.552941176470588
1620,1503,6,0.4043887147335423,0.047021943573667714,0.3824451410658307,3.0094043887147337,0.0,0.0,0.0,0.0,0.0,0.0,0.0,0.0,0.0,0.109717868338558,0.0,0.0,0.0,0.0,0.0,6.959247648902822,0.0,2.4326018808777428,0.0,7.470219435736677,1.5517241379310345,0.0,2.1316614420062696,0.0,0.0,0.0,0.0,0.0,0.0,13.946708463949843,1.9247648902821317,0.0,0.0,0.0,0.0,0.5109717868338558,0.5862068965517241,0.0,0.025078369905956112,0.0
1626,125,4,0.39903846153846156,0.13942307692307693,0.17307692307692307,6.9951923076923075,0.0,0.0,0.0,0.0,0.0,0.0,0.20192307692307693,0.0,0.23076923076923078,0.6298076923076923,0.23557692307692307,0.0,0.0,0.0,0.0,15.610576923076923,0.0,1.6875,0.0,12.341346153846153,6.8125,0.03365384615384615,2.1009615384615383,0.0,0.0,0.02403846153846154,0.3557692307692308,0.49038461538461536,0.11538461538461539,35.07692307692308,4.990384615384615,0.0,0.004807692307692308,0.0,0.22115384615384615,0.6634615384615384,0.5240384615384616,0.0,0.028846153846153848,6.798076923076923
1633,336,4,0.4674922600619195,0.04953560371517028,1.0309597523219813,2.455108359133127,0.0,0.0,0.0,0.0,0.0,0.0,0.0,0.0,0.0,0.0,0.0,0.0,0.0,0.0,0.0,2.569659442724458,0.0,1.9907120743034055,0.0,3.3529411764705883,0.544891640866873,0.34674922600619196,6.377708978328173,0.0,0.0,0.0,0.0,0.0,0.0,12.095975232198143,1.6501547987616099,0.0,0.07430340557275542,0.2693498452012384,0.0,0.29721362229102166,0.4458204334365325,0.0,0.018575851393188854,0.0
1621,853,4,0.4764795144157815,0.08801213960546282,0.5796661608497724,2.9863429438543245,0.0,0.0,0.0,0.08497723823975721,0.0,0.0,0.06525037936267071,0.0,0.0,0.2306525037936267,0.1244309559939302,0.0,0.0,0.0,0.024279210925644917,9.068285280728377,0.0,2.858877086494689,0.0,5.213960546282246,1.274658573596358,0.19575113808801214,5.776934749620637,0.0,0.0,0.025796661608497723,0.16995447647951442,0.0,0.0,14.100151745068285,2.016691957511381,0.0,0.07435508345978756,0.0637329286798179,0.0,0.38239757207890746,0.47040971168437024,0.0,0.03490136570561457,0.0
1624,1523,4,0.5128205128205128,0.042735042735042736,0.10256410256410256,2.1794871794871793,0.0,0.0,0.0,0.0,0.0,0.0,0.0,0.0,0.0,0.1623931623931624,0.0,0.0,0.0,0.0,0.0,5.598290598290598,0.0,1.982905982905983,0.0,3.427350427350427,0.8888888888888888,0.13675213675213677,3.2735042735042734,0.0,0.0,0.0,0.0,0.0,0.0,8.752136752136753,1.0512820512820513,0.0,0.27350427350427353,0.0,0.0,0.1452991452991453,0.5042735042735043,0.0,0.02564102564102564,0.0
1631,304,4,0.4358974358974359,0.05982905982905983,0.7948717948717948,3.076923076923077,0.0,0.0,0.0,0.0,0.0,0.0,0.021367521367521368,0.0,0.021367521367521368,0.1111111111111111,0.017094017094017096,0.0,0.0,0.0,0.0,6.277777777777778,0.004273504273504274,1.9444444444444444,0.0,3.923076923076923,1.3803418803418803,0.24786324786324787,4.44017094017094,0.0,0.0,0.19230769230769232,0.0,0.0,0.1452991452991453,16.431623931623932,2.0641025641025643,0.0,0.042735042735042736,0.31196581196581197,0.021367521367521368,0.21367521367521367,0.5170940170940171,0.0,0.017094017094017096,0.0
1636,1096,4,0.480728051391863,0.09207708779443255,0.8886509635974305,2.589935760171306,0.0,0.0,0.0,0.019271948608137045,0.0,0.0,0.0,0.0,0.0,0.019271948608137045,0.0,0.0,0.0,0.0,0.0,10.329764453961456,0.0,2.1991434689507496,0.0,4.4411134903640255,1.0674518201284797,0.1809421841541756,6.447537473233405,0.0,0.0,0.006423982869379015,0.1980728051391863,0.0,0.0,12.113490364025695,1.5856531049250535,0.0,0.29336188436830835,0.09850107066381156,0.0,0.34796573875803,0.4475374732334047,0.0,0.042826552462526764,0.0
1628,1479,4,0.3939393939393939,0.08333333333333333,0.4971590909090909,2.976325757575758,0.0,0.0,0.0,0.038825757575757576,0.0,0.0,0.0,0.0,0.0,0.07102272727272728,0.01893939393939394,0.0,0.0,0.0,0.0,9.494318181818182,0.021780303030303032,2.5265151515151514,0.0,8.276515151515152,1.21875,0.05587121212121212,3.297348484848485,0.0,0.0,0.0946969696969697,0.000946969696969697,0.0,0.0,13.958333333333334,1.8229166666666667,0.0,0.11079545454545454,0.05587121212121212,0.0,0.6903409090909091,0.5265151515151515,0.0,0.036931818181818184,0.0
1625,1756,7,0.41846153846153844,0.036923076923076927,1.28,2.603076923076923,0.0,0.0,0.0,0.0,0.0,0.0,0.0,0.0,0.0,0.006153846153846154,0.0,0.0,0.0,0.0,0.0,5.190769230769231,0.11384615384615385,2.670769230769231,0.0,1.9138461538461538,0.7815384615384615,0.4153846153846154,8.28,0.0,0.0,0.10461538461538461,0.0,0.0,0.0,15.098461538461539,1.6738461538461538,0.0,0.1723076923076923,0.12615384615384614,0.0,0.0,0.5415384615384615,0.0,0.03076923076923077,0.06153846153846154
1626,1273,12,0.5466321243523317,0.12176165803108809,0.6606217616580311,5.818652849740933,0.0,0.023316062176165803,0.0,0.023316062176165803,0.0,0.0,0.4689119170984456,0.0,0.0,1.3082901554404145,0.8704663212435233,0.0,0.0,0.0,1.8082901554404145,11.398963730569948,0.08549222797927461,2.2253886010362693,0.0,11.259067357512953,4.370466321243524,0.3082901554404145,5.976683937823834,0.0,0.0,0.38341968911917096,0.0,0.0,0.0,28.6139896373057,3.784974093264249,0.0,0.20725388601036268,0.06735751295336788,0.3549222797927461,0.7098445595854922,0.6088082901554405,0.0,0.07772020725388601,0.19948186528497408
1623,1705,4,0.44327176781002636,0.10026385224274406,0.15567282321899736,4.37730870712401,0.0,0.0,0.0,0.48284960422163586,0.0,0.0,0.026385224274406333,0.0,0.03430079155672823,0.48021108179419525,0.19525065963060687,0.0,0.0,0.5435356200527705,0.0,11.37203166226913,0.0,1.9313984168865435,0.0,11.182058047493404,3.733509234828496,0.0158311345646438,3.282321899736148,0.0,0.0,0.0,0.0,0.0,0.0,19.92084432717678,2.8680738786279685,0.0,0.021108179419525065,0.036939313984168866,0.0,0.7862796833773087,0.5672823218997362,0.0,0.047493403693931395,5.277044854881266
1624,2011,12,0.6179245283018868,0.02358490566037736,0.5188679245283019,2.0235849056603774,0.0,0.0,0.0,0.014150943396226415,0.0,0.0,0.0,0.0,0.0,0.0660377358490566,0.0,0.0,0.0,0.0,0.0,1.9150943396226414,0.0047169811320754715,4.768867924528302,0.0,1.8396226415094339,0.1792452830188679,0.22169811320754718,6.047169811320755,0.0,0.0,0.3584905660377358,0.0,0.0,0.0,13.75943396226415,1.1179245283018868,0.0,0.08490566037735849,0.0,0.0,0.0,0.5707547169811321,0.0,0.02830188679245283,0.0
1624,218,12,0.7135416666666666,0.08333333333333333,0.16666666666666666,2.171875,0.0,0.09375,0.0,0.4635416666666667,0.0,0.0,0.21354166666666666,0.0,0.13541666666666666,1.1354166666666667,0.6979166666666666,0.0,0.0,0.203125,0.0,5.713541666666667,0.0,2.7552083333333335,0.0,1.4166666666666667,0.5833333333333334,0.0,3.125,0.0,0.0,0.0,0.0,0.0,0.0,14.989583333333334,0.7864583333333334,0.0,0.0,0.0,0.0,0.4635416666666667,0.6145833333333334,2.9114583333333335,0.046875,8.661458333333334
1628,729,12,0.45454545454545453,0.06363636363636363,0.045454545454545456,2.081818181818182,0.0,0.0,0.0,0.2,0.0,0.0,0.0,0.0,0.0,0.18181818181818182,0.045454545454545456,0.0,0.0,0.6909090909090909,0.0,7.790909090909091,0.0,21.172727272727272,0.0,5.2727272727272725,0.9,0.07272727272727272,2.5727272727272728,0.0,0.0,0.0,0.0,0.0,0.0,8.981818181818182,0.8545454545454545,0.0,0.0,0.0,0.0,0.4,0.34545454545454546,0.0,0.06363636363636363,8.190909090909091
1628,1376,4,0.40181268882175225,0.0634441087613293,0.0,3.0453172205438066,0.0,0.0,0.0,1.338368580060423,0.0,0.0,0.0,0.0,0.0,1.0845921450151057,0.42900302114803623,0.0,0.0634441087613293,0.6253776435045317,0.0,7.764350453172206,0.0,2.7643504531722054,0.0,4.504531722054381,2.3293051359516617,0.03625377643504532,3.694864048338369,0.0,0.0,0.0,0.0,0.0,0.0,13.190332326283988,1.8398791540785497,0.0,0.0,0.054380664652567974,0.0,0.7673716012084593,0.5287009063444109,0.0,0.04229607250755287,7.132930513595166
1634,1915,4,0.46153846153846156,0.052307692307692305,1.4738461538461538,3.6307692307692307,0.0,0.06153846153846154,0.0,0.20307692307692307,0.0,0.0,0.018461538461538463,0.0,0.0,0.38461538461538464,0.036923076923076927,0.0,0.0,0.0,0.08615384615384615,4.132307692307692,0.08615384615384615,2.169230769230769,0.0,1.593846153846154,1.4553846153846153,0.31076923076923074,5.735384615384615,0.0,0.0,0.3507692307692308,0.0,0.0,0.003076923076923077,18.72923076923077,2.683076923076923,0.0,0.21846153846153846,0.0,0.021538461538461538,0.06769230769230769,0.5446153846153846,0.0,0.055384615384615386,1.243076923076923
1631,1980,4,0.6282450674974039,0.1111111111111111,0.6915887850467289,3.822429906542056,0.0,0.0,0.0,0.0,0.0,0.0,0.0,0.0,0.0,0.04361370716510903,0.007268951194184839,0.0,0.0,0.0,0.0,12.667705088265835,0.016614745586708203,2.7019730010384215,0.0,9.90238836967809,2.1682242990654204,0.15472481827622014,4.416407061266875,0.0,0.0,0.205607476635514,0.0,0.0,0.0,19.91692627206646,2.12668743509865,0.0,0.36967808930425755,0.023883696780893044,0.0,0.6178608515057114,0.5773624091381101,0.0,0.02699896157840083,0.0
1640,154,4,0.680365296803653,0.0989345509893455,0.4794520547945205,3.65296803652968,0.0,0.0030441400304414,0.0,0.0197869101978691,0.0,0.0,0.0015220700152207,0.0,0.0,0.0228310502283105,0.0121765601217656,0.0,0.0,0.0,0.0,11.549467275494672,0.015220700152207,2.105022831050228,0.0,7.480974124809741,2.097412480974125,0.0928462709284627,3.9101978691019785,0.0,0.0,0.0776255707762557,0.0745814307458143,0.0,0.0,19.69710806697108,2.1141552511415527,0.0,0.0,0.0669710806697108,0.0,0.5205479452054794,0.5996955859969558,0.0,0.0289193302891933,0.1506849315068493
1630,526,4,0.44043887147335425,0.08072100313479624,0.38636363636363635,3.115203761755486,0.0,0.0,0.0,0.0,0.0,0.0,0.0,0.0,0.0,0.0023510971786833857,0.0,0.0,0.0,0.0,0.0,13.25078369905956,0.0,1.9098746081504703,0.0,6.100313479623824,2.054075235109718,0.050156739811912224,4.933385579937304,0.0,0.0,0.10736677115987461,0.20532915360501566,0.0,0.0,13.518808777429467,1.9349529780564263,0.0,0.016457680250783698,0.012539184952978056,0.0,0.45454545454545453,0.45689655172413796,0.0,0.02664576802507837,0.0
1627,638,4,0.41337907375643224,0.0411663807890223,0.8679245283018868,2.2229845626072042,0.0,0.0,0.0,0.0,0.0,0.0,0.0,0.0,0.0,0.0,0.0,0.0,0.0,0.0,0.0,3.041166380789022,0.022298456260720412,1.6518010291595198,0.0,2.0,0.6003430531732419,0.3361921097770154,4.638078902229846,0.0,0.0,0.313893653516295,0.0,0.0,0.0,10.610634648370498,1.3619210977701544,0.0,0.38421955403087477,0.1732418524871355,0.0,0.04288164665523156,0.44939965694682676,0.0,0.012006861063464836,0.0
1624,1166,4,0.565625,0.078125,0.49375,3.8,0.0,0.0,0.0,0.00625,0.0,0.0,0.0,0.0,0.0,0.0,0.0,0.0,0.0,0.0,0.0,13.825,0.0,1.534375,0.0,11.478125,1.2125,0.25,6.55,0.0,0.0,0.0,0.0,0.0,0.0,15.0625,2.328125,0.0,0.0,0.371875,0.0,0.771875,0.515625,0.0,0.03125,0.0
1628,1355,4,0.4444444444444444,0.03333333333333333,0.6777777777777778,3.3777777777777778,0.0,0.0,0.0,0.0,0.0,0.0,0.0,0.0,0.0,0.022222222222222223,0.0,0.0,0.0,0.0,0.0,12.544444444444444,0.0,1.8777777777777778,0.0,6.777777777777778,1.6222222222222222,0.0,3.2888888888888888,0.0,0.0,0.0,0.0,0.0,0.0,16.7,2.2444444444444445,0.0,0.0,0.0,0.0,0.4444444444444444,0.45555555555555555,0.0,0.03333333333333333,0.07777777777777778
1631,1641,15,0.5052631578947369,0.06315789473684211,0.8736842105263158,2.2421052631578946,0.0,0.0,0.0,0.2,0.0,0.0,0.02631578947368421,0.0,0.0,0.015789473684210527,0.0,0.0,0.0,0.0,0.005263157894736842,4.421052631578948,0.015789473684210527,2.4157894736842107,0.0,1.9578947368421054,0.22631578947368422,0.12631578947368421,4.826315789473684,0.0,0.13157894736842105,0.35789473684210527,0.0,0.0,0.0,12.047368421052632,1.3105263157894738,0.0,0.32105263157894737,0.04736842105263158,0.0,0.17894736842105263,0.6473684210526316,0.0,0.021052631578947368,1.0578947368421052
1637,1690,12,0.449901768172888,0.11591355599214145,0.27111984282907664,3.970530451866405,0.0,0.06679764243614932,0.0,0.7072691552062869,0.0,0.0,0.04518664047151277,0.0,0.0,1.0943025540275049,0.4538310412573674,0.0,0.0137524557956778,0.0,0.12180746561886051,11.035363457760313,0.0550098231827112,2.4086444007858545,0.0,7.538310412573674,2.5442043222003927,0.2455795677799607,5.039292730844794,0.0,0.0,0.060903732809430254,0.17288801571709234,0.0,0.009823182711198428,21.542239685658153,2.787819253438114,0.0,0.0,0.009823182711198428,0.0,0.5343811394891945,0.6149312377210217,0.0,0.06286836935166994,0.0
1637,1067,4,0.4648493543758967,0.07890961262553801,0.1836441893830703,2.595408895265423,0.0,0.06312769010043041,0.0,0.5595408895265424,0.0,0.0,0.0,0.0014347202295552368,0.0014347202295552368,0.6599713055954088,0.12625538020086083,0.0,0.0,1.1893830703012913,0.0,10.068866571018651,0.0,4.779053084648494,0.0,7.0832137733142035,2.0086083213773316,0.3400286944045911,4.979913916786226,0.0,0.0,0.07173601147776183,0.0,0.0,0.0,14.929698708751793,1.3572453371592539,0.0,0.06743185078909612,0.1836441893830703,0.0,0.49067431850789095,0.5408895265423243,0.0,0.05595408895265423,7.169296987087518
1627,1156,14,0.3808139534883721,0.07703488372093023,0.6569767441860465,3.67296511627907,0.0,0.0,0.0,0.015988372093023256,0.0,0.0,0.0,0.0,0.0,0.01744186046511628,0.0,0.0,0.0,0.0,0.0,12.146802325581396,0.020348837209302327,2.2936046511627906,0.0,5.844476744186046,1.7078488372093024,0.056686046511627904,3.6468023255813953,0.0,0.0,0.2005813953488372,0.25726744186046513,0.0,0.0,15.617732558139535,2.1322674418604652,0.0,0.0,0.03924418604651163,0.0,0.4273255813953488,0.5552325581395349,0.0,0.03488372093023256,0.0
1638,612,4,0.47107438016528924,0.0743801652892562,0.1322314049586777,3.5041322314049586,0.0,0.0,0.0,0.0,0.0,0.0,0.008264462809917356,0.0,0.0,0.5206611570247934,0.0,0.0,0.0,0.0,0.17355371900826447,5.743801652892562,0.0,1.6611570247933884,0.0,6.107438016528926,1.9421487603305785,0.6446280991735537,2.272727272727273,0.0,0.0,0.05785123966942149,0.0,0.0,0.0,17.173553719008265,2.5702479338842976,0.0,0.0,0.0,0.0,1.2892561983471074,0.5289256198347108,0.0,0.049586776859504134,3.628099173553719
1631,1023,4,0.5018083182640145,0.06781193490054249,1.1799276672694394,2.642857142857143,0.0,0.0,0.0,0.06238698010849909,0.0,0.0,0.0,0.0,0.0,0.09403254972875226,0.0,0.0,0.0,0.0,0.0,11.405967450271248,0.009945750452079566,1.8670886075949367,0.0,3.764014466546112,0.6500904159132007,0.5280289330922242,6.47377938517179,0.0,0.0,0.1763110307414105,0.06871609403254973,0.0,0.0,11.310126582278482,1.267631103074141,0.0,0.46473779385171793,0.04792043399638336,0.0,0.19981916817359854,0.4837251356238698,0.0,0.03164556962025317,0.0
1629,1307,11,0.42168674698795183,0.06265060240963856,0.7421686746987952,3.4457831325301207,0.0,0.0,0.0,0.0,0.0,0.0,0.0,0.0,0.0,0.03855421686746988,0.0,0.0,0.0,0.0,0.0,10.927710843373495,0.0,2.383132530120482,0.0,8.742168674698796,1.6457831325301204,0.0024096385542168677,3.221686746987952,0.0,0.0,0.0,0.0,0.0,0.0,13.951807228915662,1.930120481927711,0.0,0.0,0.0,0.0,0.5903614457831325,0.5373493975903615,0.0,0.02650602409638554,0.0
1638,211,4,0.5483870967741935,0.06093189964157706,1.03584229390681,3.7419354838709675,0.0,0.25448028673835127,0.0,0.7706093189964157,0.0,0.0,0.06451612903225806,0.0,0.06093189964157706,1.6093189964157706,0.4265232974910394,0.0,0.0,0.0,0.0,4.802867383512544,0.0,2.046594982078853,0.0,1.7025089605734767,2.046594982078853,0.40860215053763443,5.329749103942652,0.0,0.0,0.0,0.0,0.0,0.8781362007168458,19.38351254480287,2.4372759856630823,0.0,0.07168458781362007,0.0035842293906810036,0.0,0.18996415770609318,0.6057347670250897,0.0,0.1111111111111111,0.6272401433691757
1639,365,4,0.45376955903271693,0.11095305832147938,0.25604551920341395,3.9089615931721196,0.0,0.0,0.0,0.03556187766714083,0.0,0.0,0.0,0.0,0.0,0.18776671408250356,0.05689900426742532,0.0,0.0,0.07396870554765292,0.0,14.366998577524893,0.0,4.621621621621622,0.0,8.2375533428165,2.3641536273115222,0.15362731152204837,3.9772403982930298,0.0,0.0,0.0,0.08392603129445235,0.0,0.0,15.943100995732575,2.492176386913229,0.0,0.001422475106685633,0.05405405405405406,0.0,0.5647226173541963,0.5163584637268848,0.0,0.025604551920341393,0.13940256045519203
1638,666,4,0.5357142857142857,0.08241758241758242,0.43543956043956045,3.831043956043956,0.0,0.0,0.0,0.02197802197802198,0.0,0.0,0.006868131868131868,0.0,0.0,0.059065934065934064,0.01510989010989011,0.0,0.0,0.0,0.0013736263736263737,12.732142857142858,0.0,2.052197802197802,0.0,6.309065934065934,2.0013736263736264,0.14285714285714285,4.894230769230769,0.0,0.0,0.30357142857142855,0.18956043956043955,0.0,0.0,15.317307692307692,2.3324175824175826,0.0,0.016483516483516484,0.012362637362637362,0.0,0.4532967032967033,0.46291208791208793,0.0,0.034340659340659344,0.0
1631,870,15,0.4722689075630252,0.0907563025210084,0.3764705882352941,3.6369747899159663,0.0,0.06890756302521009,0.0,0.13109243697478992,0.0,0.0,0.03865546218487395,0.0,0.0,0.346218487394958,0.06890756302521009,0.0,0.040336134453781515,0.0,0.0,13.478991596638656,0.0,2.2033613445378153,0.0,9.045378151260504,2.4521008403361346,0.1781512605042017,3.403361344537815,0.0,0.0,0.06890756302521009,0.0,0.0,0.0,14.78655462184874,2.142857142857143,0.0,0.08571428571428572,0.0,0.0,0.7361344537815127,0.5092436974789916,0.0,0.047058823529411764,0.03529411764705882
1632,811,4,0.5868725868725869,0.06563706563706563,0.2857142857142857,2.7374517374517375,0.0,0.0,0.0,0.28185328185328185,0.0,0.0,0.0,0.0,0.0,0.806949806949807,0.2277992277992278,0.0,0.0,0.03088803088803089,0.0,8.084942084942085,0.0,3.810810810810811,0.0,2.6911196911196913,0.7297297297297297,0.6911196911196911,7.772200772200772,0.0,0.0,0.0,0.0,0.0,0.0,12.324324324324325,1.1583011583011582,0.0,0.640926640926641,0.0,0.0,0.10424710424710425,0.4555984555984556,0.0,0.0888030888030888,0.0
1635,1250,7,0.5384615384615384,0.08502024291497975,0.12550607287449392,4.623481781376518,0.0,0.0,0.0,0.0,0.0,0.0,0.11740890688259109,0.0,0.044534412955465584,0.1902834008097166,0.15384615384615385,0.0,0.0,0.0,0.0,14.82591093117409,0.0,2.3643724696356276,0.008097165991902834,12.619433198380566,2.6761133603238867,0.0,1.8987854251012146,0.0,0.0,0.032388663967611336,0.0,0.0,0.0,19.19838056680162,3.174089068825911,0.0,0.0,0.0,0.0,0.9230769230769231,0.5991902834008097,0.0,0.020242914979757085,0.0
1635,1506,11,0.45436507936507936,0.12301587301587301,0.6845238095238095,5.517857142857143,0.0,0.0,0.0,0.13293650793650794,0.0,0.0,0.3373015873015873,0.0,0.0,1.0555555555555556,0.24404761904761904,0.0,0.0,0.005952380952380952,0.4384920634920635,14.930555555555555,0.025793650793650792,2.0813492063492065,0.0,14.882936507936508,4.984126984126984,0.11904761904761904,4.640873015873016,0.0,0.0,0.0,0.0,0.0,0.0,23.944444444444443,3.5912698412698414,0.0,0.16468253968253968,0.041666666666666664,0.0,0.9841269841269841,0.5793650793650794,0.0,0.07539682539682539,1.257936507936508
1636,1739,12,0.45869565217391306,0.10434782608695652,0.6956521739130435,5.273913043478261,0.0,0.0,0.0,0.004347826086956522,0.0,0.0,0.21521739130434783,0.0,0.21956521739130436,1.5282608695652173,0.21956521739130436,0.0,0.0,0.1934782608695652,0.0,14.045652173913043,0.03260869565217391,1.682608695652174,0.0,5.96304347826087,4.0804347826086955,0.15217391304347827,4.028260869565218,0.0,0.0,0.33695652173913043,0.1391304347826087,0.2826086956521739,3.7782608695652176,24.17391304347826,3.0739130434782607,0.0,0.05217391304347826,0.043478260869565216,0.2673913043478261,0.44565217391304346,0.5065217391304347,0.0,0.07173913043478261,5.291304347826087
1634,1807,4,0.6987654320987654,0.11358024691358025,0.8691358024691358,3.565432098765432,0.0,0.6493827160493827,0.0,0.762962962962963,0.0,0.0,0.027160493827160494,0.0,0.0,1.054320987654321,0.32839506172839505,0.0,0.0,0.0,0.16049382716049382,11.760493827160493,0.009876543209876543,3.0419753086419754,0.0,7.711111111111111,2.387654320987654,0.5432098765432098,8.525925925925925,0.0,0.0,0.25925925925925924,0.0,0.0,0.0,17.938271604938272,1.5901234567901235,0.0,0.3037037037037037,0.024691358024691357,0.009876543209876543,0.5308641975308642,0.528395061728395,0.0,0.08641975308641975,1.9086419753086419
1637,791,16,0.522911051212938,0.10242587601078167,0.6711590296495957,2.811320754716981,0.0,0.01078167115902965,0.0,0.1778975741239892,0.0,0.0,0.0,0.0,0.0,0.4339622641509434,0.1752021563342318,0.0,0.0,0.0,0.0,3.0161725067385445,0.0646900269541779,4.288409703504043,0.0,3.652291105121294,1.091644204851752,0.6226415094339622,6.795148247978437,0.0,0.15363881401617252,0.24528301886792453,0.0,0.0,0.0,17.628032345013477,1.5013477088948788,0.0,0.1778975741239892,0.029649595687331536,0.0,0.1509433962264151,0.5714285714285714,0.0,0.03504043126684636,0.8679245283018868
1634,1117,15,0.49725274725274726,0.0989010989010989,0.21703296703296704,3.8873626373626373,0.0,0.0,0.0,0.027472527472527472,0.0,0.0,0.0521978021978022,0.0,0.03296703296703297,0.8928571428571429,0.13736263736263737,0.0,0.0,0.0,0.024725274725274724,9.178571428571429,0.0,2.4038461538461537,0.0,9.467032967032967,4.019230769230769,0.1978021978021978,3.642857142857143,0.0,0.0,0.0,0.0,0.0,0.0,15.978021978021978,2.4450549450549453,0.0,0.0,0.0,0.0,0.6978021978021978,0.4835164835164835,0.0,0.046703296703296704,0.0
1635,1395,12,0.38620689655172413,0.06206896551724138,0.3931034482758621,2.579310344827586,0.0,0.0,0.0,0.2620689655172414,0.0,0.0,0.0,0.0,0.0,0.8068965517241379,0.22758620689655173,0.0,0.0,0.0,0.0,8.048275862068966,0.0,4.048275862068966,0.0,2.9034482758620688,0.6758620689655173,0.2,6.0137931034482754,0.0,0.0,0.020689655172413793,0.0,0.0,0.0,12.241379310344827,1.2,0.0,0.14482758620689656,0.06896551724137931,0.0,0.11724137931034483,0.5724137931034483,0.0,0.034482758620689655,0.0
1641,77,4,0.4432234432234432,0.15384615384615385,1.1172161172161172,5.681318681318682,0.0,0.4358974358974359,0.0,0.8571428571428571,0.0,0.0,0.0,0.08791208791208792,0.0,1.336996336996337,0.32234432234432236,0.0,0.0,0.0,0.0,18.63736263736264,0.1282051282051282,4.274725274725275,0.0,9.3992673992674,5.571428571428571,0.8131868131868132,7.322344322344322,0.0,0.0,0.2893772893772894,0.0,0.0,0.1978021978021978,25.274725274725274,3.3846153846153846,0.0,0.2857142857142857,0.0,0.0,1.3736263736263736,0.7435897435897436,2.58974358974359,0.11721611721611722,10.684981684981684
1647,645,4,0.5461165048543689,0.061893203883495146,0.6007281553398058,2.328883495145631,0.0,0.0,0.0,0.1262135922330097,0.0,0.0,0.0,0.0,0.0,0.23907766990291263,0.0983009708737864,0.0,0.0,0.0,0.0,10.41868932038835,0.0,2.983009708737864,0.0,3.6031553398058254,1.2026699029126213,0.10072815533980582,6.865291262135922,0.0,0.2766990291262136,0.0,0.0,0.0,0.0,10.243932038834952,1.2560679611650485,0.0,0.44902912621359226,0.006067961165048544,0.0,0.154126213592233,0.4053398058252427,0.0,0.06796116504854369,0.0
1632,854,4,0.4704944178628389,0.10845295055821372,0.3189792663476874,4.298245614035087,0.0,0.003189792663476874,0.0,0.0,0.0,0.0,0.0,0.0,0.0,0.0,0.0,0.0,0.0,0.0,0.0,14.797448165869218,0.0,1.7687400318979267,0.0,14.692185007974482,1.4992025518341308,0.10685805422647528,4.108452950558214,0.0,0.0,0.07655502392344497,0.0,0.0,0.0,16.805422647527912,2.7910685805422646,0.0,0.10366826156299841,0.17384370015948963,0.0,0.9011164274322169,0.5374800637958532,0.0,0.028708133971291867,0.0
1650,918,4,0.5602836879432624,0.09929078014184398,0.09929078014184398,3.2624113475177303,0.0,0.0,0.0,0.0,0.0,0.0,0.0,0.0,0.0,0.15602836879432624,0.0,0.0,0.0,0.0,0.0,9.75886524822695,0.0,1.673758865248227,0.0,6.673758865248227,2.049645390070922,0.07092198581560284,2.297872340425532,0.0,0.0,0.0,0.0,0.0,0.0,12.921985815602836,2.0141843971631204,0.0,0.0851063829787234,0.0,0.0,0.574468085106383,0.40425531914893614,0.0,0.03546099290780142,0.0
1637,1532,4,0.4853358561967833,0.06622516556291391,1.0085146641438032,2.7105014191106904,0.0,0.000946073793755913,0.0,0.10406811731315042,0.0,0.0,0.006622516556291391,0.0,0.0,0.22232734153263956,0.02838221381267739,0.0,0.0,0.03216650898770104,0.03595080416272469,8.539262062440871,0.0,2.609271523178808,0.0,6.540208136234626,1.4191106906338695,0.1892147587511826,4.345316934720908,0.0,0.0,0.07947019867549669,0.0,0.0,0.0,12.152317880794701,1.597918637653737,0.0,0.19299905392620625,0.0,0.0,0.630085146641438,0.4824976348155156,0.0,0.03878902554399243,0.013245033112582781
1641,1566,15,0.46190476190476193,0.08095238095238096,1.380952380952381,2.6666666666666665,0.0,0.0,0.0,0.02857142857142857,0.0,0.0,0.0,0.0,0.0,0.004761904761904762,0.0,0.0,0.0,0.0,0.0,3.552380952380952,0.04285714285714286,2.2476190476190476,0.0,2.3476190476190477,0.7619047619047619,0.4714285714285714,6.928571428571429,0.0,0.0,0.5333333333333333,0.0,0.0,0.0,14.576190476190476,1.5857142857142856,0.0,0.5761904761904761,0.4142857142857143,0.0,0.047619047619047616,0.5238095238095238,0.0,0.01904761904761905,0.0
1635,991,4,0.37351778656126483,0.09683794466403162,0.883399209486166,4.3853754940711465,0.0,0.116600790513834,0.0,0.5612648221343873,0.0,0.0,0.0,0.0,0.0,1.0711462450592886,0.043478260869565216,0.0,0.0,0.0,0.0,10.205533596837945,0.02766798418972332,2.3043478260869565,0.0,4.181818181818182,3.2154150197628457,0.6818181818181818,6.4940711462450595,0.0,0.0,0.1541501976284585,0.1225296442687747,0.0,0.0,22.015810276679844,2.561264822134387,0.0,0.1422924901185771,0.0,0.0,0.41304347826086957,0.6086956521739131,0.0,0.06719367588932806,0.0
1634,1005,4,0.35609756097560974,0.07804878048780488,0.4975609756097561,3.1853658536585368,0.0,0.0,0.0,0.11219512195121951,0.0,0.0,0.0,0.0,0.0,0.09268292682926829,0.0,0.0,0.0,0.0,0.0,9.614634146341464,0.0,1.946341463414634,0.0,7.082926829268293,1.4536585365853658,0.0,2.868292682926829,0.0,0.0,0.0,0.0,0.0,0.0,14.731707317073171,2.2878048780487803,0.0,0.0,0.0,0.0,0.4195121951219512,0.4975609756097561,0.0,0.07317073170731707,0.0
1644,1294,8,0.4094488188976378,0.08661417322834646,0.5511811023622047,3.732283464566929,0.0,0.0,0.0,0.0,0.0,0.0,0.0,0.0,0.0,0.4409448818897638,0.0,0.0,0.0,0.0,0.0,9.204724409448819,0.0,2.393700787401575,0.0,9.094488188976378,1.6377952755905512,0.0,3.5354330708661417,0.0,0.0,0.0,0.0,0.0,0.0,15.488188976377952,2.1811023622047245,0.0,0.0,0.0,0.0,0.5984251968503937,0.4409448818897638,0.0,0.023622047244094488,0.0
1649,291,4,0.4175977653631285,0.05865921787709497,0.5670391061452514,2.9846368715083798,0.0,0.02653631284916201,0.0,0.13268156424581007,0.0,0.0,0.11592178770949721,0.0,0.07960893854748603,0.6997206703910615,0.34217877094972066,0.0,0.0,0.0,0.0,10.187150837988828,0.0,2.3645251396648046,0.0,7.009776536312849,1.5782122905027933,0.019553072625698324,4.31145251396648,0.0,0.0,0.10195530726256984,0.0,0.0,0.040502793296089384,15.810055865921788,1.920391061452514,0.0,0.04748603351955307,0.04748603351955307,0.0,0.5754189944134078,0.5502793296089385,0.0,0.04888268156424581,0.6396648044692738
1642,443,4,0.42342342342342343,0.06906906906906907,0.35735735735735735,2.545045045045045,0.0,0.0,0.0,0.03453453453453453,0.0,0.0,0.0,0.0,0.0,0.03753753753753754,0.013513513513513514,0.0,0.0,0.0,0.0,7.599099099099099,0.0,1.7117117117117118,0.0,4.400900900900901,1.578078078078078,0.028528528528528527,4.6891891891891895,0.0,0.0,0.0,0.0,0.0,0.0,12.264264264264265,1.7477477477477477,0.0,0.013513513513513514,0.13063063063063063,0.0,0.16816816816816818,0.45345345345345345,0.0,0.025525525525525526,0.0
1638,1168,4,0.44565217391304346,0.06521739130434782,0.5679347826086957,2.3940217391304346,0.0,0.0,0.0,0.043478260869565216,0.0,0.0,0.0,0.0,0.0,0.11684782608695653,0.019021739130434784,0.0,0.0,0.0,0.0,11.777173913043478,0.07336956521739131,1.9157608695652173,0.0,7.032608695652174,1.3451086956521738,0.14945652173913043,4.130434782608695,0.0,0.0,0.04076086956521739,0.0,0.0,0.0,10.744565217391305,1.3641304347826086,0.0,0.16032608695652173,0.0,0.0,0.5,0.43478260869565216,0.0,0.016304347826086956,0.0
1641,1594,4,0.25384615384615383,0.06923076923076923,0.7384615384615385,2.830769230769231,0.0,0.0,0.0,0.13846153846153847,0.0,0.0,0.038461538461538464,0.0,0.0,1.0923076923076922,0.3076923076923077,0.0,0.0,0.0,0.16923076923076924,8.015384615384615,0.0,2.2615384615384615,0.0,3.7384615384615385,1.1846153846153846,0.6461538461538462,4.423076923076923,0.0,0.0,0.2692307692307692,0.0,0.0,0.0,14.1,1.8923076923076922,0.0,0.1,0.0,0.0,1.0615384615384615,0.5615384615384615,0.0,0.046153846153846156,4.2846153846153845
1639,1610,7,0.535175879396985,0.09296482412060302,0.4221105527638191,4.381909547738694,0.0,0.017587939698492462,0.0,0.07537688442211055,0.0,0.0,0.002512562814070352,0.0,0.0,0.09798994974874371,0.0,0.0,0.0,0.0,0.01256281407035176,12.304020100502512,0.002512562814070352,2.178391959798995,0.0,9.140703517587939,3.21356783919598,0.4045226130653266,4.776381909547739,0.0,0.0,0.06532663316582915,0.2638190954773869,0.0,0.0,22.484924623115578,2.8316582914572863,0.0,0.035175879396984924,0.01256281407035176,0.0,0.8115577889447236,0.6331658291457286,0.0,0.017587939698492462,0.01507537688442211
1652,417,4,0.4421052631578947,0.11578947368421053,0.7210526315789474,3.968421052631579,0.0,0.09473684210526316,0.0,1.0368421052631578,0.0,0.0,0.26842105263157895,0.0,0.0,1.3421052631578947,0.4473684210526316,0.0,0.14736842105263157,0.14736842105263157,0.6894736842105263,13.26842105263158,0.04736842105263158,2.0526315789473686,0.0,9.836842105263157,1.936842105263158,0.3631578947368421,6.221052631578948,0.0,0.0,0.1631578947368421,0.015789473684210527,0.0,0.8210526315789474,19.49473684210526,2.3,0.0,0.031578947368421054,0.0,0.0,0.6947368421052632,0.5263157894736842,0.0,0.07368421052631578,7.326315789473684
1649,758,4,0.44936708860759494,0.08227848101265822,0.4231464737793852,3.2585895117540686,0.0,0.0,0.0,0.022603978300180832,0.0,0.0,0.0009041591320072332,0.0,0.0,0.06329113924050633,0.0027124773960217,0.0,0.0,0.0,0.0,11.676311030741411,0.0045207956600361665,1.9972875226039783,0.0,7.124773960216999,2.2992766726943943,0.18173598553345388,4.0886075949367084,0.0,0.0,0.06781193490054249,0.08318264014466546,0.0,0.0,14.233273056057866,2.1735985533453888,0.0,0.2423146473779385,0.027124773960216998,0.0,0.43670886075949367,0.48282097649186256,0.0,0.03345388788426763,0.0
1639,824,4,0.4970588235294118,0.09607843137254903,0.09313725490196079,3.364705882352941,0.0,0.0,0.0,0.022549019607843137,0.0,0.0,0.00392156862745098,0.0,0.0,0.05588235294117647,0.014705882352941176,0.0,0.0,0.000980392156862745,0.00196078431372549,11.025490196078431,0.0,2.0254901960784313,0.0,9.882352941176471,1.8107843137254902,0.0,2.9911764705882353,0.19509803921568628,0.0,0.0392156862745098,0.0,0.0,0.0,14.569607843137256,2.1901960784313728,0.0,0.0,0.00196078431372549,0.0,0.7745098039215687,0.542156862745098,0.0,0.047058823529411764,0.0
1645,576,4,0.4794520547945205,0.0821917808219178,0.1917808219178082,3.267123287671233,0.0,0.0,0.0,0.0,0.0,0.0,0.0,0.0,0.0,0.11643835616438356,0.0,0.0,0.0,0.0,0.0,11.04109589041096,0.0,2.2739726027397262,0.0,8.198630136986301,2.1027397260273974,0.0,2.267123287671233,0.0,0.0,0.02054794520547945,0.0,0.0,0.0,15.342465753424657,2.0684931506849313,0.0,0.0,0.0,0.0,0.5616438356164384,0.5753424657534246,0.0,0.03424657534246575,0.0
1644,1153,7,0.47038327526132406,0.10627177700348432,0.8466898954703833,3.0121951219512195,0.0,0.0,0.0,0.05749128919860627,0.0,0.0,0.0,0.0,0.0,0.06097560975609756,0.0,0.0,0.0,0.0,0.0156794425087108,8.97212543554007,0.041811846689895474,1.6533101045296168,0.0,6.325783972125436,1.4076655052264808,0.32752613240418116,4.177700348432055,0.0,0.0,0.2770034843205575,0.05400696864111498,0.0,0.0,13.515679442508711,2.092334494773519,0.0,0.27177700348432055,0.0,0.0,0.3693379790940767,0.5226480836236934,0.0,0.02613240418118467,0.0
1652,1959,4,0.42138364779874216,0.0660377358490566,0.550314465408805,3.380503144654088,0.0,0.0,0.0,0.08490566037735849,0.0,0.0,0.27358490566037735,0.0,0.0,1.6918238993710693,0.09748427672955975,0.0,0.0,0.0,1.9748427672955975,14.80503144654088,0.0031446540880503146,2.018867924528302,0.0,7.984276729559748,2.0786163522012577,0.22955974842767296,5.311320754716981,0.0,0.0,0.1509433962264151,0.0,0.0,0.0,15.267295597484276,1.7075471698113207,0.0,0.025157232704402517,0.0,0.0,0.6823899371069182,0.4811320754716981,0.0,0.09119496855345911,10.028301886792454
1648,1627,11,0.6552941176470588,0.08588235294117647,0.9929411764705882,3.152941176470588,0.0,0.02235294117647059,0.0,0.01764705882352941,0.0,0.0,0.004705882352941176,0.0,0.0,0.18823529411764706,0.0976470588235294,0.0,0.0,0.0,0.0,6.828235294117647,0.0,2.4129411764705884,0.0,2.6152941176470588,1.5023529411764707,0.29294117647058826,4.258823529411765,0.0,0.0058823529411764705,0.10705882352941176,0.0,0.0,0.0,17.94470588235294,1.8705882352941177,0.0,0.0,0.06823529411764706,0.0,0.0976470588235294,0.5211764705882352,0.0,0.03176470588235294,0.16117647058823528
1645,1854,4,0.47619047619047616,0.1130952380952381,0.125,5.122023809523809,0.0,0.02976190476190476,0.0,1.005952380952381,0.0,0.0,0.07142857142857142,0.0,0.0,1.2648809523809523,0.3333333333333333,0.0,0.3273809523809524,0.19642857142857142,0.1636904761904762,11.142857142857142,0.0,2.0476190476190474,0.0,5.708333333333333,4.413690476190476,0.3244047619047619,2.5833333333333335,0.0,0.0,0.047619047619047616,0.0,0.0,1.2380952380952381,25.25595238095238,3.3779761904761907,0.0,0.0,0.0,0.0,0.5833333333333334,0.5476190476190477,0.0,0.09226190476190477,5.2976190476190474
1658,271,4,0.6286764705882353,0.1213235294117647,0.4852941176470588,3.5294117647058822,0.0,0.0,0.0,0.0,0.0,0.0,0.0,0.0,0.0,0.007352941176470588,0.0,0.0,0.0,0.0,0.0,11.0625,0.0,2.485294117647059,0.0,7.522058823529412,1.6691176470588236,0.25735294117647056,4.886029411764706,0.0,0.0,0.2426470588235294,0.10661764705882353,0.0,0.0,20.50735294117647,2.3125,0.0,0.18382352941176472,0.011029411764705883,0.0,0.45955882352941174,0.5992647058823529,0.0,0.05514705882352941,0.08823529411764706
1647,888,12,0.4078516902944384,0.08396946564885496,0.7611777535441657,2.7350054525627043,0.0,0.0,0.0,0.0,0.0,0.0,0.0,0.0,0.0,0.06652126499454744,0.0,0.0,0.0,0.0,0.0,12.395856052344602,0.0054525627044711015,1.6641221374045803,0.0,4.673936750272628,1.282442748091603,0.11886586695747,6.249727371864776,0.0,0.0,0.14285714285714285,0.0,0.0,0.0,11.88113413304253,1.5245365321701199,0.0,0.10359869138495092,0.15267175572519084,0.0,0.29443838604143946,0.45038167938931295,0.0,0.03380588876772083,0.0
1650,1035,4,0.4488888888888889,0.06222222222222222,0.5466666666666666,2.6133333333333333,0.0,0.08888888888888889,0.0,1.4555555555555555,0.0,0.0,0.0044444444444444444,0.0,0.0,1.4955555555555555,0.7444444444444445,0.0,0.0,0.9511111111111111,0.10888888888888888,6.495555555555556,0.0,3.651111111111111,0.0,4.137777777777778,2.2288888888888887,0.6511111111111111,7.597777777777778,0.0,0.0,0.0,0.0,0.0,0.0,13.773333333333333,1.52,0.0,0.17555555555555555,0.05555555555555555,0.0,0.42,0.5222222222222223,0.0,0.08444444444444445,0.3288888888888889
1648,1372,4,0.3737244897959184,0.07908163265306123,0.5114795918367347,3.8660714285714284,0.0,0.00510204081632653,0.0,0.08290816326530612,0.0,0.0,0.0,0.0,0.0,0.10586734693877552,0.0,0.0,0.0,0.0,0.0,14.28954081632653,0.0,2.25765306122449,0.0,8.974489795918368,2.1926020408163267,0.047193877551020405,2.9910714285714284,0.0,0.0,0.0,0.1377551020408163,0.0,0.0,16.133928571428573,2.441326530612245,0.0,0.0,0.0,0.0,0.6301020408163265,0.5229591836734694,0.0,0.03826530612244898,0.0
1649,855,4,0.46065259117082535,0.0671785028790787,1.3742802303262955,3.873320537428023,0.0,0.0,0.0,0.003838771593090211,0.0,0.0,0.0,0.0,0.0,0.07485604606525911,0.0,0.0,0.0,0.0,0.0,6.3512476007677545,0.030710172744721688,2.076775431861804,0.0,2.5163147792706333,1.9385796545105567,0.10940499040307101,4.802303262955854,0.0,0.0,0.14971209213051823,0.0,0.0,0.0,19.339731285988485,2.7907869481765837,0.0,0.1746641074856046,0.0,0.0,0.05950095969289827,0.4971209213051823,0.0,0.02495201535508637,0.3915547024952015
1645,1272,12,0.4830188679245283,0.0830188679245283,0.6037735849056604,3.009433962264151,0.0,0.0,0.0,0.0018867924528301887,0.0,0.0,0.0,0.0,0.0,0.06981132075471698,0.0,0.0,0.0,0.0,0.024528301886792454,8.754716981132075,0.0,2.1245283018867926,0.0,5.8528301886792455,2.0943396226415096,0.15849056603773584,3.5641509433962266,0.0,0.0,0.0,0.0,0.0,0.0,13.384905660377358,1.8471698113207546,0.0,0.0,0.07547169811320754,0.0,0.39245283018867927,0.4849056603773585,0.0,0.02830188679245283,0.0
1645,1840,4,0.4512820512820513,0.1282051282051282,0.3128205128205128,7.697435897435898,0.0,0.0,0.0,0.2205128205128205,0.0,0.0,0.005128205128205128,0.0,0.0,0.4205128205128205,0.07179487179487179,0.0,0.0,0.10256410256410256,0.005128205128205128,17.676923076923078,0.0,2.1794871794871793,0.0,17.38974358974359,2.769230769230769,0.0,2.646153846153846,0.0,0.0,0.005128205128205128,0.4461538461538462,0.0,0.0,30.656410256410258,4.697435897435898,0.0,0.12307692307692308,0.035897435897435895,0.0,1.235897435897436,0.5743589743589743,0.0,0.03076923076923077,1.794871794871795
1647,2010,6,0.6204819277108434,0.10843373493975904,0.40963855421686746,4.692771084337349,0.0,0.0,0.0,0.05421686746987952,0.0,0.0,0.0,0.0,0.0,0.2469879518072289,0.09036144578313253,0.0,0.0,0.0,0.0,10.734939759036145,0.0,3.9698795180722892,0.0,10.433734939759036,2.325301204819277,0.14457831325301204,4.289156626506024,0.0,0.1144578313253012,0.16265060240963855,0.13253012048192772,0.0,0.0,25.83132530120482,3.253012048192771,0.0,0.3132530120481928,0.0,0.0,0.6506024096385542,0.5662650602409639,0.0,0.018072289156626505,0.0
1652,550,4,0.7526501766784452,0.10247349823321555,0.0,5.554770318021202,0.0,0.31448763250883394,0.0,0.33568904593639576,0.0,0.0,0.21201413427561838,0.0,0.1625441696113074,1.187279151943463,0.48056537102473496,0.0,0.0,0.3498233215547703,0.0,12.049469964664311,0.0,2.5865724381625443,0.0,10.342756183745584,4.169611307420495,0.3568904593639576,3.2014134275618376,0.0,0.0,0.0,0.0,0.0,0.0,29.6678445229682,3.8657243816254416,0.0,0.0,0.0,0.0,0.9540636042402827,0.6113074204946997,0.15547703180212014,0.09540636042402827,5.173144876325089
1655,1462,4,0.47468354430379744,0.06487341772151899,0.9034810126582279,2.9762658227848102,0.0,0.0,0.0,0.0,0.0,0.0,0.006329113924050633,0.0,0.0,0.02531645569620253,0.0,0.0,0.0,0.0,0.06329113924050633,10.780063291139241,0.061708860759493674,1.9493670886075949,0.0,6.4905063291139244,1.5158227848101267,0.34335443037974683,5.0284810126582276,0.0,0.0,0.2927215189873418,0.0,0.0,0.0,12.522151898734178,1.6582278481012658,0.0,0.5474683544303798,0.0,0.0,0.3924050632911392,0.49050632911392406,0.0,0.028481012658227847,0.0
1652,806,5,0.4563552833078101,0.08422664624808576,0.6003062787136294,4.304747320061256,0.0,0.0,0.0,0.03522205206738132,0.0,0.0,0.0,0.0,0.0,0.07963246554364471,0.033690658499234305,0.0,0.0,0.006125574272588055,0.0,13.07197549770291,0.027565084226646247,2.0811638591117916,0.0,8.739663093415007,2.358346094946401,0.16232771822358347,5.4257274119448695,0.0,0.0,0.21439509954058192,0.22358346094946402,0.0,0.0,21.339969372128635,2.8422664624808576,0.0,0.3445635528330781,0.0,0.0,0.5849923430321593,0.5191424196018377,0.0,0.04747320061255743,0.0
1649,1584,4,0.5959302325581395,0.1511627906976744,0.3691860465116279,5.2936046511627906,0.0,0.04941860465116279,0.0,0.13372093023255813,0.0,0.020348837209302327,0.23837209302325582,0.0,0.0,1.1686046511627908,0.4883720930232558,0.0,0.0,0.01744186046511628,0.0,19.78488372093023,0.0,2.188953488372093,0.2616279069767442,14.738372093023257,7.267441860465116,0.13372093023255813,3.7093023255813953,0.0,0.0,0.33430232558139533,0.0,0.0,0.0,20.49418604651163,3.2877906976744184,0.0,0.0,0.0,0.0,1.0436046511627908,0.4883720930232558,0.0,0.08139534883720931,3.4651162790697674
1656,1895,4,0.3763440860215054,0.0967741935483871,0.6129032258064516,3.6021505376344085,0.0,0.11827956989247312,0.0,0.08602150537634409,0.0,0.0,0.0,0.0,0.0,0.8602150537634409,0.0,0.0,0.0,0.0,0.0,12.56989247311828,0.0,2.225806451612903,0.0,7.043010752688172,1.4301075268817205,0.5806451612903226,7.989247311827957,0.0,0.0,0.0,0.0,0.0,0.0,16.806451612903224,1.6559139784946237,0.0,0.0,0.0,0.0,0.5913978494623656,0.6344086021505376,0.0,0.03225806451612903,0.0
1649,1481,12,0.6463414634146342,0.12020905923344948,0.5052264808362369,3.268292682926829,0.0,0.0,0.0,0.09233449477351917,0.0,0.0,0.0,0.0,0.0,0.05226480836236934,0.008710801393728223,0.0,0.0,0.0,0.0,11.390243902439025,0.01916376306620209,2.8344947735191637,0.0,7.614982578397212,1.1358885017421603,0.08710801393728224,3.7560975609756095,0.0,0.30313588850174217,0.2804878048780488,0.0,0.0,0.0,17.73693379790941,1.7195121951219512,0.0,0.21951219512195122,0.06794425087108014,0.0,0.48257839721254353,0.5470383275261324,0.0,0.02264808362369338,0.0
1647,1649,7,0.35502958579881655,0.08875739644970414,0.5414201183431953,4.43491124260355,0.0,0.0,0.0,1.044378698224852,0.0,0.0,0.0,0.0,0.0,0.8668639053254438,0.2869822485207101,0.0,0.0,0.26627218934911245,0.0,11.372781065088757,0.09467455621301775,3.5414201183431953,0.0,5.295857988165681,3.3491124260355027,0.10355029585798817,6.449704142011834,0.0,0.0,0.0,0.0,0.0,0.0,20.810650887573964,2.636094674556213,0.0,0.0,0.08284023668639054,0.0,0.363905325443787,0.6242603550295858,0.0,0.05029585798816568,2.405325443786982
1651,995,4,0.41379310344827586,0.07327586206896551,0.07758620689655173,3.538793103448276,0.0,0.0,0.0,0.04741379310344827,0.0,0.0,0.0603448275862069,0.0,0.0,0.5517241379310345,0.16810344827586207,0.0,0.0,0.0,0.1724137931034483,9.301724137931034,0.0,2.081896551724138,0.0,6.306034482758621,2.043103448275862,0.0603448275862069,4.064655172413793,0.0,0.0,0.06465517241379311,0.008620689655172414,0.004310344827586207,0.0,17.844827586206897,2.3405172413793105,0.0,0.0,0.08189655172413793,0.0,0.34913793103448276,0.5474137931034483,0.0,0.03879310344827586,0.07758620689655173
1651,1391,15,0.4019933554817276,0.07641196013289037,0.6744186046511628,3.79734219269103,0.0,0.0,0.0,0.0,0.0,0.0,0.0,0.0,0.0,0.03986710963455149,0.0,0.0,0.0,0.0,0.0,11.225913621262459,0.013289036544850499,1.9933554817275747,0.0,5.282392026578073,1.9867109634551494,0.019933554817275746,3.302325581395349,0.0,0.0,0.0,0.0,0.0,0.0,16.81063122923588,2.654485049833887,0.0,0.0,0.019933554817275746,0.0,0.3654485049833887,0.4950166112956811,0.0,0.013289036544850499,0.0
1660,1757,4,0.4232209737827715,0.1198501872659176,0.48314606741573035,3.8801498127340825,0.0,0.0,0.0,0.3258426966292135,0.0,0.0,0.0,0.0749063670411985,0.0,0.8913857677902621,0.20224719101123595,0.0,0.0,0.0,0.0,10.644194756554308,0.0,3.460674157303371,0.0,6.468164794007491,4.194756554307116,0.003745318352059925,4.599250936329588,0.0,0.0,0.0,0.0,0.0,0.0,17.96629213483146,2.067415730337079,0.0,0.10486891385767791,0.0,0.0,0.5880149812734082,0.599250936329588,0.0,0.06367041198501873,3.947565543071161
1650,1803,4,0.49626168224299066,0.08598130841121496,0.6457943925233645,3.1121495327102804,0.0,0.03644859813084112,0.0,0.0514018691588785,0.0,0.0,0.0,0.0,0.0,0.04672897196261682,0.004672897196261682,0.0,0.0,0.0,0.017757009345794394,10.13551401869159,0.020560747663551402,2.5242990654205606,0.0,8.022429906542056,1.497196261682243,0.36355140186915885,5.169158878504673,0.0,0.0,0.2308411214953271,0.0,0.0,0.0,16.252336448598133,1.7728971962616822,0.0,0.1280373831775701,0.0065420560747663555,0.0,0.5635514018691589,0.5514018691588785,0.0,0.03457943925233645,0.1588785046728972
1651,1826,4,0.4724220623501199,0.06474820143884892,0.3213429256594724,2.8752997601918464,0.0,0.0,0.0,0.0,0.0,0.0,0.0,0.0,0.0,0.0,0.0,0.0,0.0,0.0,0.0,6.709832134292566,0.0,2.949640287769784,0.0,5.664268585131895,1.1031175059952039,0.26618705035971224,4.4268585131894485,0.0,0.28776978417266186,0.2733812949640288,0.0,0.0,0.0,17.26139088729017,1.8105515587529977,0.0,0.13189448441247004,0.0,0.0,0.37410071942446044,0.5683453237410072,0.0,0.03117505995203837,0.9664268585131894
1655,1010,4,0.6440677966101694,0.13983050847457626,1.271186440677966,3.7415254237288136,0.0,0.0,0.0,0.08050847457627118,0.0,0.0,0.0,0.0,0.0,0.3177966101694915,0.11864406779661017,0.0,0.0,0.0,0.0,10.73728813559322,0.0635593220338983,5.639830508474576,0.0,9.372881355932204,1.6906779661016949,0.6313559322033898,7.309322033898305,0.0,0.5889830508474576,0.4322033898305085,0.0,0.0,0.0,20.453389830508474,2.1313559322033897,0.0,0.7754237288135594,0.0,0.0,0.5508474576271186,0.538135593220339,0.0,0.03389830508474576,0.0
1655,1196,4,0.3178294573643411,0.06976744186046512,0.43023255813953487,3.558139534883721,0.0,0.0,0.0,0.0,0.0,0.0,0.0,0.0,0.0,0.4806201550387597,0.046511627906976744,0.0,0.0,0.0,0.0,9.531007751937985,0.0,1.810077519379845,0.0,3.3255813953488373,2.046511627906977,0.1511627906976744,4.089147286821706,0.0,0.0,0.0,0.0,0.0,0.0,15.023255813953488,2.0271317829457365,0.0,0.0,0.0,0.0,0.14728682170542637,0.4689922480620155,0.0,0.06589147286821706,0.0
1653,127,4,0.4010889292196007,0.09074410163339383,0.5789473684210527,3.3284936479128855,0.0,0.0,0.0,0.08892921960072596,0.0,0.0,0.0,0.0,0.0,0.1851179673321234,0.08166969147005444,0.0,0.0,0.0,0.010889292196007259,10.7005444646098,0.003629764065335753,2.983666061705989,0.0,10.784029038112523,1.8039927404718694,0.22686025408348456,3.9255898366606172,0.0,0.0,0.018148820326678767,0.0,0.0,0.0,15.696914700544465,2.088929219600726,0.0,0.12159709618874773,0.07622504537205081,0.0,0.6751361161524501,0.5208711433756806,0.0,0.038112522686025406,0.0
1655,327,12,0.40114613180515757,0.08022922636103152,0.994269340974212,2.154727793696275,0.0,0.0,0.0,0.02865329512893983,0.0,0.0,0.0,0.0,0.0,0.02005730659025788,0.0,0.0,0.0,0.0,0.0,11.492836676217765,0.0,1.9054441260744985,0.0,2.713467048710602,0.6905444126074498,0.0659025787965616,6.681948424068768,0.0,0.0,0.0,0.0,0.0,0.0,9.120343839541547,1.0773638968481376,0.0,0.09169054441260745,0.017191977077363897,0.0,0.2521489971346705,0.42406876790830944,0.0,0.02005730659025788,0.0
1661,680,12,0.4385150812064965,0.10904872389791183,0.1925754060324826,3.0487238979118327,0.0,0.0,0.0,0.40835266821345706,0.0,0.0,0.0,0.0,0.0,0.5893271461716937,0.29930394431554525,0.0,0.0,0.11600928074245939,0.0,11.893271461716937,0.0,8.900232018561486,0.0,13.269141531322505,2.1276102088167055,0.13921113689095127,4.2459396751740135,0.0,0.0,0.0,0.0,0.0,0.0,13.359628770301624,1.8677494199535962,0.0,0.0,0.10672853828306264,0.0,0.8863109048723898,0.54292343387471,0.0,0.027842227378190254,1.208816705336427
1659,1126,4,0.42513368983957217,0.07620320855614973,0.13502673796791445,3.2179144385026737,0.0,0.10828877005347594,0.0,1.3128342245989304,0.0,0.0,0.0,0.0,0.09491978609625669,1.3128342245989304,0.23663101604278075,0.0,0.4184491978609626,0.12967914438502673,0.0,9.87433155080214,0.0,1.3155080213903743,0.0,5.3088235294117645,2.56951871657754,1.1149732620320856,3.572192513368984,0.0,0.02540106951871658,0.13636363636363635,0.0,0.0,0.0,13.116310160427808,1.856951871657754,0.0,0.05080213903743316,0.0,0.0,0.9211229946524064,0.5347593582887701,0.0,0.06283422459893048,7.292780748663102
1657,1236,4,0.4171597633136095,0.07593688362919132,0.5591715976331361,3.1775147928994083,0.0,0.0,0.0,0.0,0.0,0.0,0.0019723865877712033,0.0,0.0,0.0650887573964497,0.02465483234714004,0.0,0.009861932938856016,0.0,0.007889546351084813,11.18836291913215,0.009861932938856016,2.1597633136094676,0.0,8.95069033530572,2.3895463510848125,0.0631163708086785,3.6055226824457596,0.0,0.0,0.15779092702169625,0.0,0.0,0.0,15.016765285996055,2.0236686390532546,0.0,0.11341222879684418,0.01775147928994083,0.0,0.752465483234714,0.5285996055226825,0.0,0.023668639053254437,0.0
1653,1444,4,0.4174757281553398,0.08737864077669903,0.565880721220527,3.7115117891816922,0.0,0.0,0.0,0.08321775312066575,0.0,0.0,0.0,0.0,0.0,0.29680998613037446,0.10818307905686546,0.0,0.0,0.0,0.0,12.656033287101248,0.0,2.521497919556172,0.0,6.065187239944522,2.5686546463245494,0.2274618585298197,4.406380027739251,0.0,0.0,0.0,0.1289875173370319,0.0,0.0,17.760055478502082,2.350901525658807,0.0,0.0,0.09292649098474341,0.0,0.4133148404993065,0.5409153952843273,0.0,0.04160887656033287,0.0
1655,822,4,0.48205128205128206,0.08717948717948718,0.8666666666666667,2.830769230769231,0.0,0.0,0.0,0.0,0.0,0.0,0.0,0.0,0.0,0.0,0.0,0.0,0.0,0.0,0.0,9.692307692307692,0.11794871794871795,1.964102564102564,0.0,6.030769230769231,0.8974358974358975,0.11794871794871795,6.107692307692307,0.0,0.0,0.015384615384615385,0.0,0.0,0.0,14.34871794871795,1.5487179487179488,0.0,0.1282051282051282,0.0,0.0,0.4307692307692308,0.5743589743589743,0.0,0.02564102564102564,0.17435897435897435
1653,1260,4,0.5326797385620915,0.08496732026143791,0.5261437908496732,3.6143790849673203,0.0,0.0,0.0,0.0,0.0,0.0,0.042483660130718956,0.0,0.0,0.3627450980392157,0.12091503267973856,0.0,0.0,0.0,0.0,11.107843137254902,0.0,2.196078431372549,0.0,7.839869281045751,2.349673202614379,0.0,2.718954248366013,0.0,0.0,0.016339869281045753,0.0,0.0,0.0,15.862745098039216,2.5784313725490198,0.0,0.0,0.0,0.0,0.5326797385620915,0.5620915032679739,0.0,0.029411764705882353,0.19607843137254902
1660,457,4,0.45098039215686275,0.09803921568627451,1.5343137254901962,5.102941176470588,0.0,0.0,0.0,0.0,0.0,0.0,0.029411764705882353,0.0,0.0,0.049019607843137254,0.0,0.0,0.0,0.0,0.014705882352941176,17.99019607843137,0.0,2.1176470588235294,0.0,9.549019607843137,1.4705882352941178,0.12254901960784313,5.03921568627451,0.0,0.0,0.0,0.4411764705882353,0.0,0.0,20.323529411764707,2.6519607843137254,0.0,0.16176470588235295,0.0,0.0,1.0049019607843137,0.5294117647058824,0.0,0.0392156862745098,0.0
1655,1336,11,0.3941176470588235,0.08823529411764706,1.0235294117647058,2.5862745098039217,0.0,0.0,0.0,0.03137254901960784,0.0,0.0,0.0,0.0,0.0,0.06470588235294118,0.0,0.0,0.0,0.0196078431372549,0.0,15.011764705882353,0.00980392156862745,2.4352941176470586,0.0,7.170588235294118,1.1764705882352942,0.10980392156862745,5.684313725490196,0.0,0.0,0.17450980392156862,0.0,0.0,0.0,11.035294117647059,1.3647058823529412,0.0,0.29215686274509806,0.047058823529411764,0.0,0.49411764705882355,0.46078431372549017,0.0,0.03529411764705882,0.11764705882352941
1653,1930,4,0.41643835616438357,0.043835616438356165,0.7479452054794521,4.063013698630137,0.1780821917808219,0.24383561643835616,0.0,0.021917808219178082,0.0,0.0,0.0,0.0,0.0,2.2904109589041095,0.021917808219178082,0.0,0.0,0.1863013698630137,0.0,7.35068493150685,0.0273972602739726,1.7671232876712328,0.0,2.117808219178082,2.6301369863013697,0.5726027397260274,4.904109589041096,0.0,0.0,0.21643835616438356,0.0,0.0,2.2054794520547945,19.827397260273973,2.389041095890411,0.0,0.0273972602739726,0.12602739726027398,0.0,0.6465753424657534,0.5506849315068493,0.0,0.07123287671232877,0.9698630136986301
1656,228,4,0.608955223880597,0.08358208955223881,0.573134328358209,3.1164179104477614,0.0,0.0,0.0,0.0,0.0,0.0,0.0,0.0,0.0,0.0029850746268656717,0.0,0.0,0.0,0.0,0.0,9.286567164179104,0.0,2.2955223880597013,0.0,7.038805970149253,1.7253731343283583,0.041791044776119404,4.223880597014926,0.0,0.0955223880597015,0.18208955223880596,0.0,0.0,0.0,17.617910447761194,1.826865671641791,0.0,0.13134328358208955,0.0,0.0,0.5582089552238806,0.5611940298507463,0.0,0.020895522388059702,0.0
1658,1495,15,0.4179566563467492,0.07120743034055728,0.7894736842105263,2.2538699690402475,0.0,0.0,0.0,0.0804953560371517,0.0,0.0,0.0,0.0,0.0,0.11455108359133127,0.0,0.0,0.0,0.0,0.0,8.222910216718267,0.0,1.9009287925696594,0.0,5.947368421052632,1.2941176470588236,0.29102167182662536,6.2972136222910216,0.0,0.0,0.0,0.0,0.0,0.0,10.944272445820433,1.4086687306501549,0.0,0.04953560371517028,0.034055727554179564,0.0,0.3560371517027864,0.42724458204334365,0.0,0.02786377708978328,0.0
1662,1519,4,0.40226628895184136,0.059490084985835696,0.7762039660056658,3.169971671388102,0.0,0.0,0.0,0.43342776203966005,0.0,0.0,0.0,0.0,0.0,0.37677053824362605,0.0906515580736544,0.0,0.0,0.0226628895184136,0.0,8.779036827195467,0.05099150141643059,2.7025495750708215,0.0,6.943342776203966,1.8923512747875355,0.21813031161473087,5.611898016997167,0.0,0.0,0.09631728045325778,0.0,0.0,0.0,16.475920679886684,1.7308781869688386,0.0,0.17280453257790368,0.0,0.0,0.44192634560906513,0.6147308781869688,0.0,0.0453257790368272,0.34560906515580736
1654,393,4,0.4524271844660194,0.07766990291262135,0.7864077669902912,2.7864077669902914,0.0,0.0,0.0,0.0,0.0,0.0,0.0,0.0,0.0,0.05436893203883495,0.0,0.0,0.0,0.0,0.0,11.660194174757281,0.015533980582524271,2.044660194174757,0.0,6.840776699029126,1.120388349514563,0.19805825242718447,4.947572815533981,0.0,0.0,0.6233009708737864,0.0,0.0,0.14757281553398058,14.207766990291262,1.3805825242718446,0.0,0.19223300970873786,0.170873786407767,0.0,0.39611650485436894,0.5067961165048543,0.0,0.013592233009708738,0.031067961165048542
1653,733,6,0.49122807017543857,0.05847953216374269,0.47368421052631576,4.970760233918129,0.0,0.0,0.0,0.0,0.0,0.0,0.15789473684210525,0.0,0.0,0.25146198830409355,0.4678362573099415,0.0,0.0,0.0,0.0,13.152046783625732,0.0,1.3099415204678362,0.0,16.46783625730994,5.269005847953216,0.42105263157894735,5.871345029239766,0.0,0.0,0.06432748538011696,0.03508771929824561,0.0,0.0,19.35672514619883,3.0233918128654973,0.0,0.023391812865497075,0.0,0.0,1.0701754385964912,0.4327485380116959,0.0,0.04093567251461988,0.0
1656,1612,7,0.5102040816326531,0.05442176870748299,0.22448979591836735,3.4081632653061225,0.0,0.0,0.0,0.0,0.0,0.0,0.3673469387755102,0.0,0.1836734693877551,0.9591836734693877,0.6122448979591837,0.0,0.0,0.0,0.0,6.857142857142857,0.0,1.9047619047619047,0.0,6.448979591836735,3.6462585034013606,0.1360544217687075,4.45578231292517,0.0,0.0,0.07482993197278912,0.006802721088435374,0.0,0.0,16.591836734693878,2.687074829931973,0.0,0.0,0.11564625850340136,0.0,0.4217687074829932,0.48299319727891155,0.0,0.034013605442176874,0.7278911564625851
1656,1055,3,0.4356060606060606,0.12121212121212122,0.3181818181818182,4.912878787878788,0.0,0.0,0.0,0.13257575757575757,0.0,0.0,0.3068181818181818,0.0,0.0,0.7045454545454546,0.07196969696969698,0.0,0.026515151515151516,0.041666666666666664,0.5871212121212122,16.083333333333332,0.0,1.893939393939394,0.0,11.833333333333334,2.852272727272727,0.3446969696969697,5.181818181818182,0.0,0.0,0.0,0.16666666666666666,0.0,0.4166666666666667,23.40530303030303,2.553030303030303,0.0,0.0,0.011363636363636364,0.14393939393939395,0.7992424242424242,0.6022727272727273,0.0,0.06439393939393939,4.450757575757576
1656,1668,4,0.373015873015873,0.09523809523809523,0.5317460317460317,4.190476190476191,0.0,0.21428571428571427,0.0,0.0,0.0,0.0,0.0,0.0,0.0,0.5793650793650794,0.0,0.0,0.0,0.0,0.0,16.944444444444443,0.0,1.992063492063492,0.0,9.015873015873016,2.7857142857142856,0.4603174603174603,3.1031746031746033,0.0,0.0,0.0,0.2777777777777778,0.0,0.0,17.428571428571427,2.857142857142857,0.0,0.0,0.0,0.0,0.5158730158730159,0.5634920634920635,0.0,0.023809523809523808,0.3253968253968254
1668,97,4,0.5025906735751295,0.04145077720207254,0.25906735751295334,2.284974093264249,0.0,0.14507772020725387,0.0,0.06735751295336788,0.0,0.0,0.0,0.0,0.0,0.11917098445595854,0.0051813471502590676,0.0,0.0,0.0,0.0,5.176165803108808,0.0,2.160621761658031,0.0,2.0673575129533677,0.0,0.15025906735751296,6.647668393782383,0.0,0.0,0.0051813471502590676,0.0,0.0,0.0,13.036269430051814,0.9844559585492227,0.0,0.0,0.025906735751295335,0.0,0.0,0.5492227979274611,0.0,0.031088082901554404,0.0
1660,202,4,0.6188068756319515,0.09706774519716886,0.5015166835187057,3.0940343781597575,0.0,0.0,0.0,0.04044489383215369,0.0,0.0,0.0,0.0,0.0,0.13953488372093023,0.05358948432760364,0.0,0.0,0.0,0.0,13.472194135490394,0.0,2.5278058645096055,0.0,6.251769464105156,1.924165824064712,0.13346814964610718,5.498483316481294,0.0,0.0,0.0,0.06875631951466127,0.0,0.0,15.080889787664308,2.1577350859453994,0.0,0.5136501516683518,0.011122345803842264,0.0,0.3488372093023256,0.46814964610717896,0.0,0.06572295247724974,0.0262891809908999
1670,380,4,0.4989648033126294,0.11387163561076605,0.31262939958592134,2.8612836438923397,0.0,0.0,0.0,0.0,0.0,0.0,0.0,0.0,0.0,0.0,0.0,0.0,0.0,0.0,0.0,11.855072463768115,0.0,1.5776397515527951,0.0,9.074534161490684,1.5900621118012421,0.2401656314699793,3.5631469979296067,0.0,0.0,0.0,0.0,0.0,0.0,12.687370600414079,1.9565217391304348,0.0,0.008281573498964804,0.004140786749482402,0.0,0.546583850931677,0.4699792960662526,0.0,0.014492753623188406,0.0
1663,1996,14,0.39622641509433965,0.07442348008385745,0.27882599580712786,3.938155136268344,0.0,0.0,0.0,0.0,0.0,0.0,0.0,0.0,0.0,0.05241090146750524,0.0041928721174004195,0.0,0.0,0.0,0.0,11.454926624737945,0.0,1.9318658280922432,0.0,7.59853249475891,2.191823899371069,0.09958071278825996,3.288259958071279,0.0,0.0,0.03563941299790356,0.19077568134171907,0.0,0.0,15.69182389937107,2.442348008385744,0.0,0.07966457023060797,0.018867924528301886,0.0,0.5649895178197065,0.45073375262054505,0.0,0.03563941299790356,0.0
1659,530,4,0.6803455723542117,0.09503239740820735,0.5356371490280778,4.168466522678186,0.0,0.408207343412527,0.0,0.2203023758099352,0.0,0.0,0.08639308855291576,0.0,0.13174946004319654,1.2807775377969763,0.43844492440604754,0.0,0.0,0.0,0.0,12.118790496760258,0.0,2.7062634989200864,0.0,3.8941684665226783,3.611231101511879,2.0907127429805614,3.4190064794816415,0.0,0.0,0.0367170626349892,0.0,0.0,0.0,22.421166306695465,2.138228941684665,0.0,0.04319654427645788,0.0,0.0,0.7667386609071274,0.5788336933045356,0.10583153347732181,0.06047516198704104,4.514038876889849
1658,1068,4,0.3345323741007194,0.05755395683453238,0.39568345323741005,2.8633093525179856,0.0,0.0,0.0,0.0,0.0,0.0,0.0,0.0,0.0,0.0,0.0,0.0,0.0,0.0,0.0,9.964028776978417,0.046762589928057555,1.7661870503597121,0.0,7.485611510791367,1.0755395683453237,0.050359712230215826,3.816546762589928,0.0,0.0,0.09712230215827339,0.0,0.0,0.0,11.737410071942445,1.7949640287769784,0.0,0.28776978417266186,0.0,0.0,0.4028776978417266,0.460431654676259,0.0,0.0035971223021582736,0.0
1655,1720,4,0.3950617283950617,0.07407407407407407,0.6666666666666666,3.432098765432099,0.0,0.11728395061728394,0.0,0.0,0.0,0.0,0.0,0.0,0.0,0.2222222222222222,0.0,0.0,0.0,0.0,0.0,11.444444444444445,0.0,2.3518518518518516,0.0,5.604938271604938,1.8209876543209877,0.2716049382716049,3.1419753086419755,0.0,0.0,0.0,0.32098765432098764,0.0,0.0,16.160493827160494,2.228395061728395,0.0,0.0,0.0,0.0,0.38271604938271603,0.5493827160493827,0.0,0.024691358024691357,0.19753086419753085
1678,520,4,0.44680851063829785,0.0425531914893617,1.851063829787234,2.297872340425532,0.0,0.1595744680851064,0.0,0.35106382978723405,0.0,0.0,0.0,0.0,0.0,0.32978723404255317,0.010638297872340425,0.0,0.0,0.0,0.0,5.457446808510638,0.2765957446808511,3.3617021276595747,0.0,2.893617021276596,0.010638297872340425,1.0638297872340425,15.170212765957446,0.0,0.0,0.7127659574468085,0.0,0.0,0.0,11.914893617021276,0.8085106382978723,0.0,0.9361702127659575,0.26595744680851063,0.0,0.09574468085106383,0.5851063829787234,0.0,0.06382978723404255,0.0
1665,742,6,0.40898528272656853,0.08288148721920992,0.31680867544539115,2.8884585592563905,0.0,0.0,0.0,0.037955073586367155,0.0,0.0,0.024786986831913247,0.0,0.030209140201394268,0.139426800929512,0.054221533694810226,0.0,0.0,0.0,0.0,11.354763749031758,0.025561580170410533,1.9573973663826492,0.0,8.37722695584818,1.1789310611928738,0.13400464756003097,3.3872966692486446,0.0,0.0,0.12161115414407436,0.0,0.0,0.0,12.022463206816422,1.6235476374903175,0.0,0.2509682416731216,0.001549186676994578,0.0,0.5406661502711076,0.4275755228505035,0.0,0.020139426800929512,0.0
1659,835,4,0.47474747474747475,0.1414141414141414,0.20202020202020202,4.373737373737374,0.0,0.0,0.0,0.0,0.0,0.0,0.1919191919191919,0.0,0.20202020202020202,0.9393939393939394,0.3787878787878788,0.0,0.0,0.0,0.0,15.363636363636363,0.0,1.4696969696969697,0.0,11.676767676767676,2.525252525252525,0.0,5.02020202020202,0.010101010101010102,0.0,0.0,0.0,0.0,0.0,17.11111111111111,2.6565656565656566,0.0,0.0,0.0,0.0,0.898989898989899,0.6414141414141414,0.0,0.08080808080808081,1.8181818181818181
1669,1211,4,0.3902439024390244,0.024390243902439025,0.3252032520325203,2.934959349593496,0.0,0.0,0.0,0.0,0.0,0.0,0.0,0.0,0.0,0.032520325203252036,0.0,0.0,0.0,0.0,0.0,9.861788617886178,0.0,2.097560975609756,0.0,6.032520325203252,1.8373983739837398,0.0,2.2357723577235773,0.0,0.0,0.0,0.0,0.0,0.0,13.284552845528456,1.8780487804878048,0.0,0.056910569105691054,0.08943089430894309,0.0,0.3170731707317073,0.4634146341463415,0.0,0.016260162601626018,0.0
1661,1847,4,0.42217898832684825,0.08754863813229571,0.45525291828793774,3.463035019455253,0.0,0.005836575875486381,0.0,0.05252918287937743,0.0,0.0,0.0,0.0,0.0,0.14980544747081712,0.03501945525291829,0.0,0.0,0.0,0.0,15.552529182879377,0.007782101167315175,2.247081712062257,0.0,9.363813229571985,2.562256809338521,0.1245136186770428,3.842412451361868,0.0,0.0,0.01556420233463035,0.0,0.0,0.0,16.297665369649806,2.254863813229572,0.0,0.0019455252918287938,0.021400778210116732,0.0,0.6673151750972762,0.5622568093385214,0.0,0.02529182879377432,0.0
1669,790,12,0.5982142857142857,0.125,0.41369047619047616,4.3898809523809526,0.0,0.0,0.0,0.0,0.0,0.0,0.0,0.0,0.0,0.008928571428571428,0.0,0.0,0.0,0.0,0.0,12.491071428571429,0.0,2.9851190476190474,0.0,11.24702380952381,2.4107142857142856,0.23809523809523808,3.4523809523809526,0.0,0.05654761904761905,0.8839285714285714,0.10119047619047619,0.0,0.0,22.976190476190474,2.6904761904761907,0.0,0.18452380952380953,0.0,0.0,0.8005952380952381,0.5654761904761905,0.0,0.05952380952380952,0.0
1668,1315,12,0.5077720207253886,0.08981001727115717,0.022452504317789293,3.4974093264248705,0.0,0.12780656303972365,0.0,0.9740932642487047,0.0,0.03626943005181347,0.012089810017271158,0.0,0.0,0.9706390328151986,0.34024179620034545,0.0,0.0,0.3799654576856649,0.022452504317789293,10.098445595854923,0.0,3.4853195164075994,0.0,10.293609671848014,3.234887737478411,0.0,3.1986183074265977,0.0,0.0,0.03454231433506045,0.0,0.0,0.0,15.164075993091537,2.2521588946459414,0.0,0.0,0.0,0.0,1.1278065630397236,0.5233160621761658,0.0,0.06044905008635579,3.255613126079447
1663,1645,7,0.43705799151343705,0.09900990099009901,0.3564356435643564,3.6067892503536068,0.0,0.0,0.0,1.14992927864215,0.0,0.0,0.0,0.0,0.0,0.9321074964639321,0.40594059405940597,0.0,0.0,0.19377652050919378,0.0,11.408769448373409,0.0,2.5643564356435644,0.0,8.168316831683168,3.742574257425743,0.30834512022630833,4.162659123055163,0.0,0.009900990099009901,0.18387553041018387,0.042432814710042434,0.0,0.0,17.336633663366335,2.226308345120226,0.0,0.03536067892503536,0.024045261669024046,0.0,1.0763790664780764,0.5077793493635078,0.0,0.04950495049504951,4.875530410183876
1663,1913,4,0.4645161290322581,0.11612903225806452,0.1935483870967742,5.705376344086021,0.0,0.0,0.0,0.26666666666666666,0.0,0.0,0.43870967741935485,0.0,0.0,1.4688172043010752,0.16344086021505377,0.0,0.0,0.010752688172043012,1.5591397849462365,18.810752688172045,0.0,2.1978494623655913,0.0,11.587096774193549,4.382795698924731,0.1913978494623656,5.002150537634408,0.0,0.0,0.16559139784946236,0.0,0.24086021505376345,0.0,25.686021505376345,3.238709677419355,0.0,0.0,0.04516129032258064,0.0,0.7483870967741936,0.5591397849462365,0.0,0.047311827956989246,2.1032258064516127
1660,1158,4,0.5604838709677419,0.07661290322580645,0.7258064516129032,3.3870967741935485,0.0,0.0,0.0,0.0,0.0,0.0,0.0,0.0,0.0,0.012096774193548387,0.0,0.0,0.0,0.0,0.0,11.286290322580646,0.0,2.850806451612903,0.0,7.895161290322581,1.3387096774193548,0.11693548387096774,4.346774193548387,0.0,0.0,0.7701612903225806,0.0,0.0,0.0,20.10483870967742,2.060483870967742,0.0,0.6653225806451613,0.0,0.0,0.5241935483870968,0.6169354838709677,0.0,0.028225806451612902,0.0
1664,1439,7,0.35978835978835977,0.037037037037037035,1.1746031746031746,2.3386243386243386,0.0,0.0,0.0,0.005291005291005291,0.0,0.0,0.0,0.0,0.0,0.15873015873015872,0.0,0.0,0.0,0.0,0.042328042328042326,2.312169312169312,0.037037037037037035,2.2804232804232805,0.0,2.0,0.9365079365079365,0.0,6.216931216931217,0.0,0.0,0.15343915343915343,0.0,0.0,0.0,12.883597883597883,1.3756613756613756,0.0,0.3968253968253968,0.0,0.0,0.4603174603174603,0.5291005291005291,0.0,0.021164021164021163,0.0
1669,1580,4,0.4072727272727273,0.08363636363636363,0.7854545454545454,3.189090909090909,0.0,0.025454545454545455,0.0,0.09090909090909091,0.0,0.0,0.14909090909090908,0.0,0.0,0.31272727272727274,0.09454545454545454,0.0,0.0,0.0,0.4254545454545455,12.549090909090909,0.06909090909090909,2.2363636363636363,0.0,9.458181818181819,1.7272727272727273,0.4,5.956363636363636,0.0,0.0,0.3709090909090909,0.0,0.0036363636363636364,0.0,17.58909090909091,2.272727272727273,0.0,0.20727272727272728,0.0,0.04727272727272727,0.6327272727272727,0.6181818181818182,0.0,0.04727272727272727,0.3490909090909091
1664,578,7,0.44173140954495005,0.08546059933407325,0.5105438401775805,3.3684794672586014,0.0,0.0022197558268590455,0.0,0.03440621531631521,0.0,0.0,0.0244173140954495,0.0,0.0,0.10654827968923418,0.03773584905660377,0.0,0.0,0.0,0.05660377358490566,9.739178690344062,0.021087680355160933,2.4128745837957823,0.0,9.04661487236404,1.9334073251942285,0.13873473917869034,4.460599334073252,0.0,0.0,0.1320754716981132,0.0,0.0,0.0,18.0976692563818,2.2330743618202,0.0,0.1309655937846837,0.033296337402885685,0.0,0.6182019977802442,0.55826859045505,0.0,0.03440621531631521,0.0
1672,1088,4,0.4461538461538462,0.12307692307692308,0.4338461538461538,5.963076923076923,0.0,0.0,0.0,0.0,0.0,0.0,0.16307692307692306,0.0,0.015384615384615385,0.49846153846153846,0.06769230769230769,0.0,0.0,0.0,0.6707692307692308,16.68307692307692,0.015384615384615385,1.7076923076923076,0.0,15.547692307692307,5.569230769230769,0.1076923076923077,3.1138461538461537,0.0,0.0,0.15076923076923077,0.018461538461538463,0.0,0.0,22.464615384615385,4.024615384615385,0.0,0.3076923076923077,0.0,0.003076923076923077,0.9107692307692308,0.5169230769230769,0.0,0.04923076923076923,0.0
1664,1274,4,0.3588748787584869,0.07371483996120272,0.3850630455868089,3.5431619786614936,0.0,0.002909796314258002,0.0,0.0,0.0,0.0,0.0009699321047526673,0.0,0.0,0.019398642095053348,0.0,0.0,0.0,0.0,0.0,12.753637245392822,0.0009699321047526673,2.282250242483026,0.0,5.928225024248302,1.5838991270611058,0.0475266731328807,2.7400581959262853,0.0,0.0,0.33074684772065954,0.07565470417070805,0.0,0.0,15.720659553831231,2.2453928225024247,0.0,0.019398642095053348,0.03588748787584869,0.0,0.5121241513094084,0.5819592628516004,0.0,0.028128031037827354,0.0
1664,68,4,0.4417910447761194,0.15522388059701492,1.2477611940298508,5.916417910447761,0.0,0.0,0.0,0.0,0.0,0.0,0.0,0.0,0.0,0.026865671641791045,0.0,0.0,0.0,0.0,0.0,20.829850746268658,0.014925373134328358,1.68955223880597,0.0,14.080597014925374,2.002985074626866,0.041791044776119404,3.417910447761194,0.0,0.0,0.0,0.573134328358209,0.0,0.0,25.480597014925372,3.5850746268656715,0.0,0.1253731343283582,0.10746268656716418,0.0,1.1343283582089552,0.6268656716417911,0.0,0.023880597014925373,0.0
1668,1356,4,0.5425790754257908,0.09245742092457421,0.4233576642335766,2.0145985401459856,0.0,0.0,0.0,0.3284671532846715,0.0,0.0,0.0,0.0,0.0,0.36253041362530414,0.13138686131386862,0.0,0.0,0.038929440389294405,0.0,13.228710462287104,0.0,3.0145985401459856,0.0,2.895377128953771,0.8661800486618005,0.34793187347931875,6.031630170316301,0.0,0.0,0.0,0.021897810218978103,0.0,0.0,10.060827250608272,1.194647201946472,0.0,0.8077858880778589,0.09732360097323602,0.0,0.021897810218978103,0.4720194647201946,0.0,0.021897810218978103,0.1192214111922141
1670,313,12,0.44554455445544555,0.07178217821782178,0.7599009900990099,3.1113861386138613,0.0,0.0024752475247524753,0.0,0.0,0.0,0.0,0.0,0.0,0.0,0.2202970297029703,0.0,0.0,0.0,0.0,0.0,11.111386138613861,0.009900990099009901,2.1732673267326734,0.0,12.715346534653465,2.3193069306930694,0.13366336633663367,4.086633663366337,0.0,0.0,0.2623762376237624,0.0,0.0,0.01485148514851485,14.935643564356436,1.9678217821782178,0.1806930693069307,0.297029702970297,0.0,0.0,0.8985148514851485,0.5866336633663366,0.25742574257425743,0.04455445544554455,1.7722772277227723
1670,721,4,0.4738219895287958,0.06544502617801047,0.08900523560209424,2.8743455497382198,0.0,0.0,0.0,0.2879581151832461,0.0,0.0,0.0,0.0,0.0,0.5235602094240838,0.25654450261780104,0.0,0.0,0.08115183246073299,0.0,9.479057591623036,0.0,7.9319371727748695,0.0,11.450261780104713,2.0392670157068062,0.09424083769633508,3.3717277486910993,0.0,0.0,0.0,0.0,0.0,0.0,11.811518324607329,1.6465968586387434,0.0,0.0,0.005235602094240838,0.0,0.7408376963350786,0.49476439790575916,0.0,0.03926701570680628,2.243455497382199
1669,897,7,0.4745762711864407,0.10847457627118644,0.21016949152542372,4.906779661016949,0.0,0.0,0.0,0.02711864406779661,0.0,0.0,0.00847457627118644,0.0,0.0,0.06440677966101695,0.03220338983050847,0.0,0.0,0.0,0.0,16.161016949152543,0.0,1.5983050847457627,0.0,9.127118644067796,1.8694915254237288,0.09661016949152543,3.1152542372881356,0.0,0.0,0.011864406779661017,0.3423728813559322,0.0,0.0,20.742372881355934,3.3,0.0,0.0,0.005084745762711864,0.0,0.8813559322033898,0.4694915254237288,0.0,0.022033898305084745,0.010169491525423728
1668,339,12,0.47957371225577267,0.11900532859680284,0.5168738898756661,4.49911190053286,0.0,0.021314387211367674,0.0,0.2682060390763766,0.0,0.0,0.261101243339254,0.0,0.0,1.2948490230905862,0.3108348134991119,0.0,0.0,0.03019538188277087,0.7371225577264654,14.898756660746004,0.0,2.575488454706927,0.0,12.300177619893429,4.435168738898756,0.4280639431616341,5.746003552397869,0.0,0.0,0.0,0.0,0.0,0.0,19.163410301953817,2.80639431616341,0.0,0.1172291296625222,0.0017761989342806395,0.0,0.8010657193605684,0.4955595026642984,0.0,0.056838365896980464,0.0
1677,972,4,0.3888888888888889,0.06296296296296296,0.0,2.4925925925925925,0.0,0.0,0.0,0.12962962962962962,0.0,0.0,0.0,0.0,0.0,0.2740740740740741,0.025925925925925925,0.0,0.0,0.2518518518518518,0.0,9.3,0.0,11.903703703703703,0.0,9.940740740740742,1.6592592592592592,0.025925925925925925,2.9407407407407407,0.0,0.0,0.0,0.0,0.0,0.0,11.955555555555556,1.537037037037037,0.0,0.0,0.0,0.0,0.8703703703703703,0.5148148148148148,0.0,0.04814814814814815,9.092592592592593
1674,1403,12,0.36952554744525545,0.07937956204379562,0.7609489051094891,3.5812043795620436,0.0,0.0,0.0,0.01551094890510949,0.0,0.0,0.0,0.0,0.0,0.030109489051094892,0.0036496350364963502,0.0,0.0,0.0,0.0,13.800182481751825,0.03923357664233577,1.6131386861313868,0.0,7.361313868613139,1.813868613138686,0.016423357664233577,3.8312043795620436,0.0,0.0,0.0,0.08029197080291971,0.0,0.0,14.792883211678832,2.0547445255474455,0.0,0.0,0.03102189781021898,0.0,0.5656934306569343,0.5155109489051095,0.0,0.028284671532846715,0.0
1667,2013,8,0.6997742663656885,0.08465011286681716,0.42776523702031605,3.4390519187358914,0.0,0.013544018058690745,0.0,0.7155756207674944,0.0,0.0,0.046275395033860044,0.001128668171557562,0.01580135440180587,0.6241534988713319,0.2234762979683973,0.0,0.0,0.1252821670428894,0.0,9.18058690744921,0.002257336343115124,2.4130925507900676,0.0,7.553047404063205,3.311512415349887,0.08126410835214447,3.7437923250564333,0.0,0.1252821670428894,0.05869074492099323,0.0,0.0,0.0,17.159142212189618,1.997742663656885,0.3126410835214447,0.023702031602708805,0.0,0.0,0.572234762979684,0.5338600451467269,0.0,0.23024830699774265,4.571106094808126
1665,1972,6,0.7268041237113402,0.12886597938144329,0.010309278350515464,5.752577319587629,0.0,0.041237113402061855,0.0,0.09278350515463918,0.0,0.0,0.17525773195876287,0.0,0.0,0.8144329896907216,0.4175257731958763,0.0,0.0,0.0,0.0,14.690721649484535,0.0,2.1237113402061856,0.0,10.216494845360824,4.644329896907217,0.03608247422680412,2.4742268041237114,0.0,0.0,0.0,0.0,0.0,0.0,26.329896907216494,3.2422680412371134,0.0,0.0,0.0,0.0,0.8247422680412371,0.5515463917525774,1.731958762886598,0.061855670103092786,6.025773195876289
1677,144,4,0.6778523489932886,0.06711409395973154,1.25503355704698,2.3288590604026846,0.0,0.18120805369127516,0.0,0.2214765100671141,0.0,0.0,0.19463087248322147,0.0,0.12751677852348994,1.7181208053691275,0.7718120805369127,0.0,0.0,0.020134228187919462,0.0,5.355704697986577,0.0,2.865771812080537,0.0,1.4429530201342282,0.6375838926174496,0.46308724832214765,6.436241610738255,0.0,0.0,0.3221476510067114,0.0,0.0,0.0,13.161073825503356,0.6845637583892618,0.0,0.06711409395973154,0.013422818791946308,0.0,0.020134228187919462,0.5637583892617449,0.0,0.053691275167785234,12.704697986577182
1666,160,4,0.44745222929936307,0.07643312101910828,0.4299363057324841,3.4203821656050954,0.0,0.0,0.0,0.0,0.0,0.0,0.0,0.0,0.0,0.0,0.0,0.0,0.0,0.0,0.0,14.848726114649681,0.0,1.786624203821656,0.0,7.957006369426751,2.1480891719745223,0.012738853503184714,3.4156050955414012,0.0,0.0,0.0,0.0,0.0,0.0,14.109872611464969,2.0573248407643314,0.0,0.0,0.0,0.0,0.517515923566879,0.44745222929936307,0.0,0.02388535031847134,0.0
1676,358,4,0.3881278538812785,0.0410958904109589,0.3789954337899543,2.34703196347032,0.0,0.0,0.0,0.0,0.0,0.0,0.0,0.0,0.0,0.0,0.0,0.0,0.0,0.0,0.0,13.835616438356164,0.0,1.3196347031963471,0.0,3.5753424657534247,1.2602739726027397,0.1689497716894977,5.684931506849315,0.0,0.0,0.0,0.0,0.0,0.0,10.97716894977169,1.3972602739726028,0.0,0.0593607305936073,0.1963470319634703,0.0,0.1598173515981735,0.4383561643835616,0.0,0.0228310502283105,0.0
1679,121,4,0.43103448275862066,0.05818965517241379,0.8146551724137931,2.2650862068965516,0.0,0.0,0.0,0.07327586206896551,0.0,0.0,0.0,0.0,0.0,0.1400862068965517,0.00646551724137931,0.0,0.0,0.0,0.0,8.969827586206897,0.0,2.9827586206896552,0.0,2.8405172413793105,0.48060344827586204,0.3577586206896552,6.980603448275862,0.0,0.0,0.0,0.0,0.0,0.0,10.532327586206897,1.1551724137931034,0.0,0.08836206896551724,0.125,0.0,0.17456896551724138,0.49353448275862066,0.0,0.021551724137931036,0.07327586206896551
1672,842,4,0.48484848484848486,0.08333333333333333,0.5606060606060606,2.6893939393939394,0.0,0.0,0.0,0.04090909090909091,0.0,0.0,0.0,0.0,0.0,0.12878787878787878,0.0,0.0,0.0,0.0,0.0,9.142424242424243,0.0,2.734848484848485,0.0,8.43939393939394,1.5393939393939393,0.0696969696969697,4.046969696969697,0.0,0.0,0.0,0.0,0.0,0.0,12.087878787878788,1.6606060606060606,0.0,0.10151515151515152,0.0,0.0,0.4590909090909091,0.43636363636363634,0.0,0.021212121212121213,0.0
1676,1027,4,0.5017182130584192,0.09965635738831616,0.6838487972508591,3.020618556701031,0.0,0.0,0.0,0.08934707903780069,0.0,0.0,0.0,0.0,0.0,0.2268041237113402,0.030927835051546393,0.0,0.0,0.0,0.0,9.848797250859107,0.0,2.6323024054982818,0.0,4.6048109965635735,1.429553264604811,0.041237113402061855,3.5463917525773194,0.0,0.0,0.0,0.0,0.0,0.0,13.65635738831615,1.8213058419243986,0.0,0.06529209621993128,0.003436426116838488,0.0,0.40893470790378006,0.5498281786941581,0.0,0.024054982817869417,0.0
1670,1182,4,0.39325842696629215,0.07062600321027288,0.6725521669341894,2.9678972712680576,0.0,0.004815409309791332,0.0,0.26163723916532905,0.0,0.0,0.0,0.0,0.0,0.3723916532905297,0.12841091492776885,0.0,0.0,0.0,0.0,14.073836276083467,0.0,1.942215088282504,0.0,8.624398073836277,2.229534510433387,0.004815409309791332,4.223113964686998,0.0,0.0,0.07062600321027288,0.0,0.0,0.0,14.356340288924558,1.797752808988764,0.0,0.038523274478330656,0.048154093097913325,0.0,0.5842696629213483,0.5634028892455859,0.0,0.030497592295345103,0.028892455858747994
1671,1720,4,0.4127659574468085,0.10638297872340426,0.8893617021276595,2.8595744680851065,0.0,0.0,0.0,0.0,0.0,0.0,0.0,0.0,0.0,0.0,0.0,0.0,0.0,0.0,0.0,9.157446808510638,0.09787234042553192,2.548936170212766,0.0,10.927659574468086,1.6042553191489362,0.13617021276595745,4.093617021276596,0.0,0.0,0.8765957446808511,0.0,0.0,0.0,14.37872340425532,1.8425531914893618,0.0,0.30638297872340425,0.09361702127659574,0.0,0.8468085106382979,0.6042553191489362,0.0,0.01276595744680851,0.0
1667,1828,4,0.5125,0.08541666666666667,0.9145833333333333,3.0395833333333333,0.0,0.0,0.0,0.0,0.0,0.0,0.0,0.0,0.0,0.0,0.0,0.0,0.0,0.0,0.0,12.891666666666667,0.041666666666666664,2.6125,0.0,8.072916666666666,0.83125,0.5166666666666667,8.908333333333333,0.0,0.0,0.5541666666666667,0.0,0.0,0.0,15.541666666666666,1.5,0.0,0.3416666666666667,0.1125,0.0,0.525,0.5416666666666666,0.0,0.025,0.0
1673,190,4,0.5571428571428572,0.1,1.0095238095238095,4.166666666666667,0.0,0.0,0.0,0.0,0.0,0.0,0.0,0.0,0.0,0.03333333333333333,0.0,0.0,0.0,0.0,0.0,16.85238095238095,0.0,3.3142857142857145,0.0,14.99047619047619,2.0428571428571427,0.4380952380952381,7.728571428571429,0.0,1.0,0.44285714285714284,0.004761904761904762,0.0,0.0,22.404761904761905,2.6285714285714286,0.0,0.5619047619047619,0.0,0.0,0.9380952380952381,0.6095238095238096,0.0,0.04285714285714286,0.48095238095238096
1668,434,4,0.43490304709141275,0.11357340720221606,0.4155124653739612,3.0,0.0,0.0,0.0,0.0,0.0,0.0,0.0,0.0,0.0,0.0,0.0,0.0,0.0,0.0,0.0,10.31578947368421,0.008310249307479225,1.5789473684210527,0.0,5.905817174515235,1.5457063711911356,0.39058171745152354,4.587257617728532,0.0,0.0,0.0,0.13019390581717452,0.0,0.0,12.844875346260388,1.8698060941828254,0.0,0.05817174515235457,0.0,0.0,0.37119113573407203,0.48753462603878117,0.0,0.0221606648199446,0.0
1674,595,8,0.4385026737967914,0.0427807486631016,0.8342245989304813,2.823529411764706,0.0,0.0,0.0,0.026737967914438502,0.0,0.0,0.0,0.0,0.0,0.10695187165775401,0.0,0.0,0.0,0.0,0.0,3.176470588235294,0.0,2.0748663101604277,0.0,3.0748663101604277,1.320855614973262,0.3048128342245989,6.572192513368984,0.0,0.0,0.0,0.0,0.0,0.0,12.572192513368984,1.427807486631016,0.0,1.0481283422459893,0.32620320855614976,0.0,0.1443850267379679,0.6310160427807486,0.0,0.0213903743315508,0.0
1675,1054,4,0.3714902807775378,0.11447084233261338,1.1987041036717063,4.017278617710583,0.0,0.0,0.0,0.0,0.0,0.0,0.34557235421166305,0.0,0.12311015118790497,0.8077753779697624,0.4060475161987041,0.0,0.0,0.0,0.06479481641468683,13.704103671706264,0.03455723542116631,1.7084233261339092,0.0,7.16414686825054,5.19438444924406,0.5485961123110151,5.0950323974082075,0.0,0.0,0.23110151187904968,0.0,0.0,0.0,16.07343412526998,2.308855291576674,0.0,0.7818574514038877,0.06263498920086392,0.11231101511879049,0.367170626349892,0.5421166306695464,0.0,0.03455723542116631,2.423326133909287
1677,1376,4,0.30185185185185187,0.05555555555555555,0.6481481481481481,3.775925925925926,0.0,0.42407407407407405,0.0,0.0,0.0,0.0,0.0,0.0,0.0,1.0425925925925925,0.0,0.0,0.0,0.0,0.0,6.192592592592592,0.03888888888888889,1.6462962962962964,0.0,2.8185185185185184,2.9851851851851854,1.1703703703703703,3.9962962962962965,0.0,0.0,0.001851851851851852,0.001851851851851852,0.0,0.0,16.54259259259259,2.335185185185185,0.0,0.03518518518518519,0.024074074074074074,0.0,0.26481481481481484,0.5222222222222223,0.0,0.037037037037037035,2.6166666666666667
1672,1503,4,0.39954853273137697,0.07674943566591422,0.963882618510158,3.0857787810383748,0.0,0.0,0.0,0.12641083521444696,0.0,0.0,0.0,0.0,0.0,0.11060948081264109,0.040632054176072234,0.0,0.0,0.002257336343115124,0.0,9.914221218961625,0.0,2.505643340857788,0.0,10.765237020316027,2.18058690744921,0.12866817155756208,4.6072234762979685,0.0,0.0,0.4153498871331828,0.0,0.0,0.0,15.681715575620768,1.747178329571106,0.0,0.24604966139954854,0.0,0.0,0.654627539503386,0.5914221218961625,0.0,0.040632054176072234,1.144469525959368
1672,760,15,0.49282296650717705,0.07177033492822966,0.4258373205741627,2.9760765550239237,0.0,0.0,0.0,0.0,0.0,0.0,0.0,0.0,0.0,0.0,0.0,0.0,0.0,0.0,0.0,8.636363636363637,0.0,2.311004784688995,0.0,4.435406698564593,0.7129186602870813,0.16267942583732056,5.91866028708134,0.0,0.0,0.1291866028708134,0.0,0.0,0.0,16.401913875598087,1.708133971291866,0.0,0.05263157894736842,0.009569377990430622,0.0,0.32057416267942584,0.49760765550239233,0.0,0.014354066985645933,0.0
1673,1428,15,0.4857142857142857,0.11666666666666667,0.030952380952380953,3.807142857142857,0.0,0.02857142857142857,0.0,0.16666666666666666,0.0,0.0,0.0,0.0,0.0,0.25952380952380955,0.0880952380952381,0.0,0.0,0.007142857142857143,0.0,11.323809523809524,0.0,2.2404761904761905,0.0,13.145238095238096,2.5166666666666666,0.0,2.6785714285714284,0.3476190476190476,0.0,0.06190476190476191,0.0,0.0,0.0,15.923809523809524,2.5095238095238095,0.0,0.0,0.0,0.0,1.019047619047619,0.5904761904761905,0.0,0.0380952380952381,0.04285714285714286
1686,1554,4,0.39473684210526316,0.08333333333333333,0.40789473684210525,2.8508771929824563,0.0,0.06578947368421052,0.0,0.3026315789473684,0.0,0.0,0.017543859649122806,0.0,0.0,0.5789473684210527,0.013157894736842105,0.0,0.0,0.0,0.05263157894736842,11.741228070175438,0.0,2.3333333333333335,0.0,11.25438596491228,1.9473684210526316,0.4956140350877193,4.68859649122807,0.0,0.0,0.2236842105263158,0.0,0.0,0.039473684210526314,14.736842105263158,1.837719298245614,0.0,0.06578947368421052,0.0,0.0,0.8771929824561403,0.5307017543859649,0.0,0.03508771929824561,0.06140350877192982
1674,563,4,0.4195223260643821,0.06749740394600208,0.411214953271028,3.3665628245067496,0.0,0.0,0.0,0.0,0.0,0.0,0.0,0.0,0.0,0.0,0.005192107995846314,0.0,0.0,0.0,0.0,11.653167185877466,0.007268951194184839,2.307372793354102,0.0,8.328141225337488,1.5711318795430944,0.20456905503634476,4.224299065420561,0.0,0.013499480789200415,0.24402907580477673,0.0,0.0,0.0,16.852544132917966,2.0529595015576323,0.0,0.11838006230529595,0.06438213914849429,0.0,0.5181723779854621,0.5835929387331257,0.0,0.032191069574247146,0.0
1677,818,15,0.4055727554179567,0.05572755417956656,0.2755417956656347,3.003095975232198,0.0,0.0,0.0,0.021671826625386997,0.0,0.0,0.0030959752321981426,0.0,0.0,0.06191950464396285,0.030959752321981424,0.0,0.0,0.0,0.02786377708978328,10.328173374613003,0.0,1.9690402476780187,0.0,6.993808049535604,1.8390092879256965,0.12693498452012383,3.2043343653250775,0.0,0.0,0.25077399380804954,0.0,0.0,0.0,13.0,1.8173374613003095,0.0,0.38699690402476783,0.0,0.0,0.44891640866873067,0.5201238390092879,0.0,0.03715170278637771,0.0
1671,229,4,0.4896836313617607,0.08390646492434663,0.2751031636863824,3.185694635488308,0.0,0.03163686382393398,0.0,0.21320495185694635,0.0,0.0,0.0041265474552957355,0.0,0.0,0.42778541953232463,0.13204951856946354,0.0,0.0,0.016506189821182942,0.0,11.21595598349381,0.0,2.5584594222833563,0.0,10.636863823933975,2.385144429160935,0.07290233837689133,3.576341127922971,0.11416781292984869,0.0,0.0,0.0,0.0,0.0,15.05089408528198,2.171939477303989,0.0,0.0,0.0,0.0,0.672627235213205,0.547455295735901,0.0,0.06052269601100413,0.41127922971114167
1677,1232,15,0.48186528497409326,0.07772020725388601,1.5854922279792747,1.7772020725388602,0.0,0.0,0.0,0.11917098445595854,0.0,0.0,0.0,0.0,0.0,0.12953367875647667,0.0,0.0,0.0,0.0,0.0,7.419689119170984,0.0,1.6010362694300517,0.0,2.321243523316062,0.39896373056994816,0.5595854922279793,8.435233160621761,0.0,0.0,0.27461139896373055,0.0,0.0,0.0,9.191709844559586,0.8134715025906736,0.0,0.41450777202072536,0.0,0.0,0.05699481865284974,0.43005181347150256,0.0,0.031088082901554404,0.0
1683,1337,4,0.35945945945945945,0.05405405405405406,0.745945945945946,2.5675675675675675,0.0,0.04594594594594595,0.0,0.5918918918918918,0.0,0.0,0.0,0.0,0.0,0.2945945945945946,0.06486486486486487,0.0,0.0,0.010810810810810811,0.0,11.691891891891892,0.021621621621621623,2.4513513513513514,0.0,6.22972972972973,1.2486486486486486,0.34594594594594597,5.6567567567567565,0.0,0.0,0.1864864864864865,0.0,0.0,0.0,12.221621621621622,1.2297297297297298,0.0,0.21081081081081082,0.08378378378378379,0.0,0.3081081081081081,0.5,0.0,0.013513513513513514,0.5891891891891892
1677,614,4,0.45923460898502494,0.09317803660565724,0.3826955074875208,4.169717138103161,0.0,0.008319467554076539,0.0,0.17304492512479203,0.0,0.0,0.0,0.0,0.0,0.2995008319467554,0.11813643926788686,0.0,0.0,0.0033277870216306157,0.0,12.482529118136439,0.0,1.8469217970049916,0.0,6.429284525790349,3.3311148086522464,0.0632279534109817,3.9484193011647255,0.0,0.13810316139767054,0.3860232945091514,0.4509151414309484,0.0,0.0066555740432612314,19.292845257903494,2.487520798668885,0.016638935108153077,0.0016638935108153079,0.0,0.0,0.5806988352745425,0.5108153078202995,0.026622296173044926,0.03993344425956739,8.70216306156406
1674,1603,4,0.3927272727272727,0.05454545454545454,1.1381818181818182,2.4872727272727273,0.0,0.0,0.0,0.0,0.0,0.0,0.0,0.0,0.0,0.13818181818181818,0.0036363636363636364,0.0,0.0,0.0,0.0,9.665454545454546,0.0,1.7272727272727273,0.0,3.058181818181818,0.43636363636363634,0.4581818181818182,4.414545454545454,0.0,0.0,0.2690909090909091,0.0,0.0,0.0,10.963636363636363,1.1636363636363636,0.0,0.31272727272727274,0.08727272727272728,0.0,0.14181818181818182,0.4581818181818182,0.0,0.02909090909090909,0.12727272727272726
1674,1611,6,0.3979591836734694,0.08163265306122448,0.9795918367346939,2.357142857142857,0.0,0.0,0.0,0.16326530612244897,0.0,0.0,0.29591836734693877,0.0,0.23469387755102042,0.8775510204081632,0.47959183673469385,0.0,0.0,0.0,0.0,1.010204081632653,0.15306122448979592,3.63265306122449,0.0,1.3571428571428572,0.41836734693877553,0.5306122448979592,11.489795918367347,0.0,0.0,0.12244897959183673,0.0,0.23469387755102042,0.0,15.010204081632653,1.2959183673469388,0.0,0.08163265306122448,0.0,0.0,0.0,0.5714285714285714,0.0,0.01020408163265306,0.0
1690,653,4,0.4846153846153846,0.038461538461538464,0.4307692307692308,2.723076923076923,0.0,0.0,0.0,0.25384615384615383,0.0,0.0,0.6692307692307692,0.0,0.5153846153846153,1.6615384615384616,0.823076923076923,0.0,0.0,0.0,0.0,2.169230769230769,0.08461538461538462,3.1307692307692307,0.0,2.8384615384615386,1.1923076923076923,0.5153846153846153,9.915384615384616,0.0,0.0,0.007692307692307693,0.0,0.7384615384615385,0.0,17.407692307692308,1.823076923076923,0.0,0.0,0.007692307692307693,0.0,0.0,0.5076923076923077,0.0,0.05384615384615385,0.0
1679,1484,4,0.48584371460928655,0.06568516421291053,0.7032842582106456,2.8935447338618348,0.0,0.0,0.0,0.0,0.0,0.0,0.0,0.0,0.0,0.06681766704416761,0.0,0.0,0.0,0.0,0.0,11.251415628539071,0.0,2.0192525481313703,0.0,10.020385050962627,1.3873159682899208,0.3318233295583239,4.886749716874292,0.0,0.0,0.4110985277463194,0.0,0.0,0.06002265005662514,12.293318233295583,1.6409966024915061,0.0,0.5549263873159683,0.0,0.0,0.6432616081540203,0.5016987542468856,0.0,0.04190260475651189,0.004530011325028313
1676,216,4,0.36054421768707484,0.06802721088435375,0.47278911564625853,2.489795918367347,0.0,0.0,0.0,0.0,0.0,0.0,0.0,0.0,0.0,0.017006802721088437,0.0,0.0,0.0,0.0,0.0,7.799319727891157,0.0,2.064625850340136,0.0,2.241496598639456,0.5408163265306123,0.2789115646258503,6.659863945578231,0.0,0.0,0.16666666666666666,0.0,0.0,0.0,13.465986394557824,1.2959183673469388,0.0,0.13945578231292516,0.1870748299319728,0.0,0.0782312925170068,0.5578231292517006,0.0,0.02040816326530612,0.0
1681,702,4,0.4587628865979381,0.09278350515463918,0.0979381443298969,3.479381443298969,0.0,0.0,0.0,0.0,0.0,0.0,0.0,0.0,0.0,0.0,0.0,0.0,0.0,0.0,0.0,14.376288659793815,0.0,1.731958762886598,0.0,8.47938144329897,1.8608247422680413,0.08247422680412371,2.0309278350515463,0.0,0.0,0.010309278350515464,0.18041237113402062,0.0,0.0,13.917525773195877,2.314432989690722,0.0,0.015463917525773196,0.0,0.0,0.5824742268041238,0.4742268041237113,0.0,0.010309278350515464,0.0
1680,941,4,0.4662379421221865,0.07395498392282958,0.2990353697749196,4.086816720257235,0.0,0.0,0.0,0.13504823151125403,0.0,0.0,0.0,0.0,0.0,0.0,0.0,0.0,0.0,0.0,0.0,12.633440514469454,0.0,2.0257234726688105,0.0,6.315112540192926,1.4019292604501608,0.03536977491961415,3.829581993569132,0.0,0.0,0.01929260450160772,0.26688102893890675,0.0,0.0,17.655948553054664,2.6688102893890675,0.0,0.003215434083601286,0.0,0.0,0.842443729903537,0.49517684887459806,0.0,0.02572347266881029,0.0
1680,1007,15,0.3804347826086957,0.06793478260869565,0.8804347826086957,2.8614130434782608,0.0,0.07336956521739131,0.0,0.33695652173913043,0.0,0.0,0.0,0.0,0.0,0.1875,0.057065217391304345,0.0,0.0,0.0,0.0,10.30163043478261,0.0,2.0217391304347827,0.0,5.290760869565218,1.3396739130434783,0.0,3.4782608695652173,0.0,0.0,0.0,0.0,0.0,0.0,12.38586956521739,1.671195652173913,0.0,0.0,0.0,0.0,0.33967391304347827,0.5244565217391305,0.0,0.029891304347826088,0.0
1680,1847,4,0.31007751937984496,0.09302325581395349,0.47674418604651164,2.8372093023255816,0.0,0.0,0.0,0.7054263565891473,0.0,0.0,0.09302325581395349,0.0,0.0,1.0077519379844961,0.17054263565891473,0.0,0.06589147286821706,0.027131782945736434,0.0,5.961240310077519,0.050387596899224806,1.4069767441860466,0.0,3.050387596899225,1.8449612403100775,0.015503875968992248,5.124031007751938,0.0,0.0,0.0,0.0,0.0,0.12403100775193798,13.825581395348838,1.686046511627907,0.0,0.07751937984496124,0.0,0.0,0.6550387596899225,0.4806201550387597,0.0,0.06201550387596899,4.209302325581396
1679,549,6,0.5974304068522484,0.1349036402569593,0.3811563169164882,4.0513918629550325,0.0,0.0,0.0,0.0,0.0,0.0,0.0,0.0,0.0,0.06852248394004283,0.0,0.0,0.0,0.0,0.0,13.860813704496788,0.006423982869379015,3.0406852248394003,0.0,11.84796573875803,2.3918629550321198,0.21199143468950749,4.04710920770878,0.0,0.006423982869379015,0.19914346895074947,0.14346895074946467,0.0,0.0,21.16488222698073,2.314775160599572,0.0,0.1905781584582441,0.0,0.0,0.7922912205567452,0.5910064239828694,0.0,0.021413276231263382,0.1734475374732334
1681,1468,4,0.44549763033175355,0.08056872037914692,0.7867298578199052,2.7677725118483414,0.0,0.0,0.0,0.1848341232227488,0.0,0.0,0.4597156398104265,0.0,0.46445497630331756,1.7535545023696681,1.127962085308057,0.0,0.0,0.0,0.0,11.85308056872038,0.0,1.4786729857819905,0.0,4.38388625592417,1.4360189573459716,0.3744075829383886,8.563981042654028,0.0,0.0,0.3744075829383886,0.0,0.0,0.0,12.24170616113744,1.3649289099526067,0.0,0.3886255924170616,0.0,0.0,0.24170616113744076,0.5118483412322274,0.0,0.08056872037914692,2.824644549763033
1687,168,4,0.48742138364779874,0.06918238993710692,0.8490566037735849,4.223270440251572,0.0,0.0,0.0,0.0,0.0,0.0,0.0031446540880503146,0.0,0.0,0.03773584905660377,0.0,0.0,0.0,0.0,0.02830188679245283,12.028301886792454,0.015723270440251572,2.0220125786163523,0.0,9.19182389937107,2.289308176100629,0.2830188679245283,5.723270440251572,0.0,0.0,0.3490566037735849,0.18867924528301888,0.0,0.0,21.748427672955973,2.710691823899371,0.0,0.3522012578616352,0.0,0.0,0.5943396226415094,0.6132075471698113,0.0,0.04716981132075472,0.015723270440251572
1684,429,12,0.40705128205128205,0.07692307692307693,0.41346153846153844,2.5096153846153846,0.0,0.0,0.0,0.0,0.0,0.0,0.0,0.0,0.0,0.0,0.0,0.0,0.0,0.0,0.0,13.381410256410257,0.0,1.4791666666666667,0.0,4.450320512820513,1.0945512820512822,0.125,5.059294871794871,0.0,0.0,0.0,0.0,0.0,0.0,10.567307692307692,1.3782051282051282,0.0,0.04006410256410257,0.0016025641025641025,0.0,0.26282051282051283,0.41185897435897434,0.0,0.028846153846153848,0.0
1685,1451,7,0.4520547945205479,0.0702054794520548,0.6934931506849316,2.462328767123288,0.0,0.0,0.0,0.4469178082191781,0.0,0.0,0.0,0.0,0.0,0.3236301369863014,0.0,0.0,0.0,0.464041095890411,0.0,6.049657534246576,0.0,3.76027397260274,0.0,5.815068493150685,1.6815068493150684,0.3681506849315068,4.902397260273973,0.0,0.0,0.0,0.0,0.0,0.0,10.91095890410959,1.2996575342465753,0.0,0.2345890410958904,0.010273972602739725,0.0,0.5667808219178082,0.5154109589041096,0.0,0.039383561643835614,5.056506849315069
1684,922,4,0.4465811965811966,0.12393162393162394,0.23717948717948717,5.752136752136752,0.0,0.0,0.0,0.019230769230769232,0.0,0.0,0.391025641025641,0.0,0.0,1.170940170940171,0.43803418803418803,0.0,0.0,0.0,0.8162393162393162,15.143162393162394,0.0,1.7564102564102564,0.0,15.715811965811966,5.155982905982906,0.07905982905982906,3.9871794871794872,0.0,0.0,0.25427350427350426,0.0,0.2670940170940171,0.0,26.683760683760685,3.623931623931624,0.0,0.21794871794871795,0.0,0.038461538461538464,1.0512820512820513,0.5918803418803419,0.0,0.07692307692307693,4.410256410256411
1686,1632,4,0.3757115749525617,0.06072106261859583,0.7077798861480076,2.6546489563567364,0.0,0.0,0.0,0.020872865275142316,0.0,0.0,0.007590132827324478,0.0,0.0,0.16318785578747627,0.03795066413662239,0.0,0.0,0.0,0.07210626185958255,9.166982922201138,0.007590132827324478,2.1347248576850095,0.0,5.571157495256167,1.4402277039848197,0.174573055028463,3.1518026565464896,0.0,0.0,0.0,0.0,0.0,0.0,12.123339658444023,1.573055028462998,0.0,0.07210626185958255,0.0,0.0056925996204933585,0.42314990512333966,0.4686907020872865,0.0,0.04554079696394687,0.0
1676,76,4,0.44456521739130433,0.08369565217391305,0.46304347826086956,3.466304347826087,0.0,0.0,0.0,0.1532608695652174,0.0,0.0,0.03804347826086957,0.0,0.020652173913043477,0.5108695652173914,0.17391304347826086,0.0,0.0,0.02282608695652174,0.025,12.033695652173913,0.0010869565217391304,2.5510869565217393,0.0,6.145652173913043,2.042391304347826,0.20108695652173914,5.647826086956521,0.0,0.0,0.09565217391304348,0.08804347826086957,0.058695652173913045,0.0,17.781521739130437,1.8652173913043477,0.0,0.23369565217391305,0.13804347826086957,0.0,0.39891304347826084,0.5456521739130434,0.0,0.013043478260869565,0.15108695652173912
1689,629,4,1.1639344262295082,0.09836065573770492,0.0,3.459016393442623,0.0,0.0,0.0,0.0,0.0,0.0,0.0,0.0,0.0,0.0,0.0,0.0,0.0,0.0,0.0,3.7540983606557377,0.0,2.098360655737705,0.0,6.442622950819672,1.4098360655737705,0.2459016393442623,4.081967213114754,0.0,0.0,0.0,0.0,0.0,0.0,16.459016393442624,2.278688524590164,0.0,1.7049180327868851,0.0,0.0,0.09836065573770492,0.4918032786885246,0.0,0.04918032786885246,0.0
1689,1194,4,0.38445378151260506,0.0861344537815126,0.9642857142857143,2.3949579831932772,0.0,0.0,0.0,0.0,0.0,0.0,0.0,0.0,0.0,0.01680672268907563,0.0,0.0,0.0,0.0,0.0,11.588235294117647,0.004201680672268907,1.6596638655462186,0.0,4.109243697478991,0.5315126050420168,0.35714285714285715,5.004201680672269,0.0,0.0,0.5021008403361344,0.0,0.0,0.0,10.813025210084033,1.199579831932773,0.0,0.6974789915966386,0.012605042016806723,0.0,0.18907563025210083,0.4957983193277311,0.0,0.03991596638655462,0.0
1691,1516,4,0.40476190476190477,0.07142857142857142,0.5753968253968254,3.4325396825396823,0.0,0.0,0.0,0.0,0.0,0.0,0.0,0.0,0.0,0.0,0.0,0.0,0.0,0.0,0.0,10.373015873015873,0.0,1.7976190476190477,0.0,7.998015873015873,1.9404761904761905,0.15079365079365079,4.186507936507937,0.0,0.0,0.0,0.027777777777777776,0.0,0.0,16.261904761904763,2.2043650793650795,0.0,0.023809523809523808,0.0,0.0,0.5138888888888888,0.5555555555555556,0.0,0.03571428571428571,0.0
1691,1690,4,0.42510699001426533,0.07560627674750357,0.7774607703281027,3.7589158345221114,0.0,0.0,0.0,0.0,0.0,0.0,0.0,0.0,0.0,0.0014265335235378032,0.0,0.0,0.0,0.0,0.0,12.219686162624821,0.0,2.067047075606277,0.0,7.218259629101284,2.3880171184022823,0.28530670470756064,4.978601997146933,0.0,0.0,0.09557774607703282,0.0,0.0,0.0,18.399429386590583,2.1340941512125533,0.0,0.0898716119828816,0.05135520684736091,0.0,0.5392296718972895,0.5962910128388017,0.0,0.029957203994293864,0.0
1688,1823,4,0.4737631184407796,0.07496251874062969,0.43778110944527737,2.914542728635682,0.0,0.0,0.0,0.037481259370314844,0.0,0.0,0.0,0.0,0.0,0.005997001499250375,0.0,0.0,0.0,0.0,0.0,8.334332833583208,0.005997001499250375,2.232383808095952,0.0,6.9745127436281855,1.1244377811094453,0.15442278860569716,4.671664167916042,0.0,0.01649175412293853,0.13943028485757122,0.0,0.0,0.0,15.841079460269865,1.6746626686656672,0.0,0.10494752623688156,0.13193403298350825,0.0,0.44677661169415295,0.5502248875562219,0.0,0.017991004497751123,0.37181409295352325
1687,1939,4,0.5698234349919743,0.10272873194221509,0.4012841091492777,4.215088282504013,0.0,0.0,0.0,0.03210272873194221,0.0,0.0,0.006420545746388443,0.12199036918138041,0.0,0.30658105939004815,0.09951845906902086,0.0,0.0,0.0,0.0,12.44943820224719,0.0,2.088282504012841,0.0,7.524879614767255,4.191011235955056,0.048154093097913325,6.308186195826646,0.0,0.004815409309791332,0.25842696629213485,0.0,0.0,0.0,21.725521669341894,2.264847512038523,0.0,0.04012841091492777,0.0,0.0,0.6179775280898876,0.5634028892455859,0.8170144462279294,0.052969502407704656,6.791332263242376
1685,203,1,0.6545064377682404,0.07725321888412018,0.1759656652360515,2.3776824034334765,0.0,0.0,0.0,0.0,0.0,0.0,0.0,0.0,0.0,0.0,0.0,0.0,0.0,0.0,0.0,7.079399141630901,0.0,2.7060085836909873,0.0,5.371244635193133,0.8905579399141631,0.017167381974248927,2.4184549356223175,0.0,0.0,0.0536480686695279,0.0,0.0,0.0,13.510729613733906,1.2768240343347639,0.0,0.0,0.0,0.0,0.3240343347639485,0.47854077253218885,0.0,0.032188841201716736,0.0
1688,339,4,0.4180327868852459,0.06557377049180328,0.0,2.540983606557377,0.0,0.0,0.0,0.0,0.0,0.0,0.0,0.0,0.0,0.0,0.0,0.0,0.0,0.0,0.0,8.172131147540984,0.0,2.0327868852459017,0.0,7.278688524590164,1.8852459016393444,0.14754098360655737,2.5245901639344264,0.0,0.0,0.0,0.3524590163934426,0.0,0.0,11.631147540983607,1.860655737704918,0.0,0.0,0.03278688524590164,0.0,0.4918032786885246,0.39344262295081966,0.0,0.03278688524590164,0.0
1689,1776,12,0.42657342657342656,0.07925407925407925,0.4731934731934732,3.121212121212121,0.0,0.0,0.0,0.13752913752913754,0.0,0.0,0.0,0.0,0.0,0.20512820512820512,0.10023310023310024,0.0,0.0,0.0,0.0,11.405594405594405,0.0,3.536130536130536,0.0,7.247086247086247,1.9417249417249418,0.24708624708624707,4.228438228438228,0.0,0.0,0.0,0.0,0.0,0.0,12.911421911421911,1.8111888111888113,0.0,0.0,0.05827505827505827,0.0,0.4405594405594406,0.4731934731934732,0.0,0.02564102564102564,0.17249417249417248
1701,314,4,0.5288888888888889,0.10888888888888888,0.6111111111111112,3.4466666666666668,0.0,0.06,0.0,0.28,0.0,0.0,0.11333333333333333,0.0,0.0,1.16,0.32222222222222224,0.0,0.0,0.04888888888888889,0.0,10.757777777777777,0.017777777777777778,2.008888888888889,0.0,2.6755555555555555,2.362222222222222,0.6511111111111111,5.015555555555555,0.0,0.3377777777777778,0.3022222222222222,0.0,0.0,0.0,19.197777777777777,1.8377777777777777,0.0,0.07777777777777778,0.07111111111111111,0.0,0.3933333333333333,0.54,0.0,0.05555555555555555,3.8066666666666666
1686,1266,4,0.43472222222222223,0.07916666666666666,0.2375,3.151388888888889,0.0,0.0,0.0,0.027777777777777776,0.0,0.0,0.0,0.0,0.0,0.08819444444444445,0.030555555555555555,0.0,0.0,0.0,0.0,12.158333333333333,0.0,2.1145833333333335,0.0,7.790972222222222,2.5527777777777776,0.08888888888888889,2.782638888888889,0.0,0.0,0.0,0.034027777777777775,0.0,0.0,13.31875,1.9819444444444445,0.0,0.04791666666666667,0.024305555555555556,0.0,0.5152777777777777,0.4618055555555556,0.0,0.029861111111111113,0.14166666666666666
1684,1661,12,0.29081632653061223,0.025510204081632654,1.0612244897959184,2.193877551020408,0.0,0.0,0.0,0.3673469387755102,0.0,0.0,0.0,0.0,0.0,0.17346938775510204,0.0,0.0,0.0,0.0,0.0,4.275510204081633,0.00510204081632653,1.6173469387755102,0.0,1.0255102040816326,0.12755102040816327,0.25510204081632654,5.505102040816326,0.0,0.0,0.0,0.0,0.0,0.0,10.88265306122449,0.8418367346938775,0.0,0.10714285714285714,0.25,0.0,0.0,0.576530612244898,0.0,0.03571428571428571,0.0
1691,678,11,0.4796747967479675,0.04065040650406504,0.0,2.5121951219512195,0.0,0.0,0.0,0.6504065040650406,0.0,0.0,0.0,0.0,0.0,0.44715447154471544,0.21951219512195122,0.0,0.0,0.35772357723577236,0.0,4.048780487804878,0.0,2.9186991869918697,0.0,2.040650406504065,0.7886178861788617,0.15447154471544716,6.040650406504065,0.0,0.0,0.04065040650406504,0.0,0.0,0.0,16.24390243902439,1.7642276422764227,0.0,0.0,0.18699186991869918,0.0,0.0,0.5203252032520326,0.0,0.024390243902439025,9.325203252032521
1683,766,15,0.45504840940525587,0.0954356846473029,0.6721991701244814,4.390041493775934,0.0,0.09681881051175657,0.0,0.1479944674965422,0.0,0.0,0.0,0.0,0.0,0.9681881051175657,0.04426002766251729,0.0,0.05394190871369295,0.13278008298755187,0.0,12.381742738589212,0.0,1.4412171507607192,0.0,3.8367911479944676,3.995850622406639,0.5905947441217151,3.8852005532503457,0.0,0.07883817427385892,0.32226832641770403,0.0,0.0,1.9474412171507607,17.35131396957123,2.603042876901798,0.0,0.18948824343015214,0.0,0.0,0.7385892116182573,0.49654218533886585,0.0,0.0677731673582296,2.3817427385892116
1703,267,4,0.6166666666666667,0.1,0.0,4.7,0.0,0.075,0.0,0.23333333333333334,0.0,0.0,0.041666666666666664,0.0,0.0,0.5833333333333334,0.21666666666666667,0.0,0.0,0.0,0.13333333333333333,13.575,0.0,2.15,0.0,17.65,3.441666666666667,0.0,2.6,0.375,0.0,0.008333333333333333,0.0,0.0,0.0,18.325,2.8833333333333333,0.0,0.0,0.0,0.0,1.1583333333333334,0.6666666666666666,0.0,0.058333333333333334,0.0
1685,784,12,0.4305750350631136,0.08906030855539972,0.36816269284712483,2.901823281907433,0.0,0.0,0.0,0.0,0.0,0.0,0.0,0.0,0.0,0.0035063113604488078,0.0,0.0,0.0,0.0,0.0,11.52945301542777,0.0,1.5575035063113605,0.0,4.582748948106592,1.6451612903225807,0.10729312762973352,5.109396914446003,0.0,0.0,0.019635343618513323,0.0729312762973352,0.0,0.0,12.507713884992988,1.7812061711079943,0.0,0.061009817671809255,0.10308555399719495,0.0,0.28751753155680226,0.4361851332398317,0.0,0.03506311360448808,0.0
1698,876,4,0.5727272727272728,0.08181818181818182,0.0,2.827272727272727,0.0,0.24545454545454545,0.0,1.1545454545454545,0.0,0.0,0.0,0.0,0.0,1.0545454545454545,0.509090909090909,0.0,0.0,0.0,0.11818181818181818,10.336363636363636,0.0,2.9,0.0,10.036363636363637,2.2545454545454544,0.0,3.018181818181818,0.2909090909090909,0.0,0.0,0.0,0.0,0.0,13.181818181818182,1.9181818181818182,0.0,0.0,0.0,0.0,0.7272727272727273,0.4909090909090909,0.0,0.06363636363636363,0.0
1683,77,4,0.4852941176470588,0.07754010695187166,1.267379679144385,2.622994652406417,0.0,0.0,0.0,0.02406417112299465,0.0,0.0,0.0,0.0,0.0,0.09759358288770054,0.008021390374331552,0.0,0.0,0.0,0.009358288770053475,8.614973262032086,0.012032085561497326,2.108288770053476,0.0,4.434491978609626,1.393048128342246,0.303475935828877,4.692513368983957,0.0,0.0,0.017379679144385027,0.0,0.0,0.0,12.189839572192513,1.4839572192513368,0.0,0.12967914438502673,0.08288770053475936,0.0,0.28342245989304815,0.5066844919786097,0.0,0.0374331550802139,0.0
1690,214,4,0.7692307692307693,0.11538461538461539,0.0,2.7884615384615383,0.0,0.0,0.0,0.0,0.0,0.0,0.0,0.0,0.0,0.0,0.0,0.0,0.0,0.0,0.0,2.980769230769231,0.0,2.8076923076923075,0.0,3.730769230769231,0.8846153846153846,0.09615384615384616,4.519230769230769,0.0,0.0,0.0,0.0,0.0,0.0,15.115384615384615,2.0576923076923075,0.0,2.326923076923077,0.0,0.0,0.057692307692307696,0.4423076923076923,0.0,0.038461538461538464,0.0
1693,232,4,0.4619883040935672,0.06432748538011696,0.39766081871345027,2.742690058479532,0.0,0.0,0.0,0.0,0.0,0.0,0.0,0.0,0.0,0.0,0.0,0.0,0.0,0.0,0.0,9.146198830409357,0.0,1.6608187134502923,0.0,6.8654970760233915,2.0,0.14619883040935672,4.625730994152047,0.0,0.0,0.0,0.1111111111111111,0.0,0.0,11.771929824561404,1.6666666666666667,0.0,0.0,0.0,0.0,0.4444444444444444,0.36257309941520466,0.0,0.017543859649122806,0.0
1689,454,4,0.3826879271070615,0.08200455580865604,0.55125284738041,2.161731207289294,0.0,0.0,0.0,0.0,0.0,0.0,0.0,0.0,0.0,0.0,0.0,0.0,0.0,0.0,0.0,11.560364464692483,0.029612756264236904,1.3416856492027336,0.0,4.17995444191344,0.8086560364464692,0.20273348519362186,5.831435079726652,0.0,0.0,0.02733485193621868,0.0,0.0,0.0,9.466970387243736,1.1548974943052392,0.0,0.05239179954441914,0.08200455580865604,0.0,0.2164009111617312,0.4305239179954442,0.0,0.015945330296127564,0.0
1691,483,15,0.3793103448275862,0.08045977011494253,1.1206896551724137,2.853448275862069,0.0,0.0,0.0,0.06609195402298851,0.0,0.0,0.0,0.0,0.0,0.09770114942528736,0.0,0.0,0.0,0.020114942528735632,0.0,11.304597701149426,0.08333333333333333,2.9626436781609193,0.0,7.051724137931035,1.6091954022988506,0.3074712643678161,4.330459770114943,0.0,0.0,0.005747126436781609,0.0,0.0,0.0,12.224137931034482,1.5833333333333333,0.0,0.16379310344827586,0.0,0.0,0.5517241379310345,0.4511494252873563,0.0,0.034482758620689655,0.07758620689655173
1697,1293,12,0.4166666666666667,0.04523809523809524,1.1285714285714286,2.533333333333333,0.0,0.10476190476190476,0.0,0.5119047619047619,0.0,0.0,0.0,0.0,0.0,0.47619047619047616,0.0880952380952381,0.0,0.0,0.0,0.14047619047619048,3.6714285714285713,0.004761904761904762,2.0285714285714285,0.0,1.9857142857142858,1.1452380952380952,0.42142857142857143,5.423809523809524,0.0,0.0,0.05714285714285714,0.0,0.0,0.0,12.321428571428571,1.569047619047619,0.0,0.19523809523809524,0.0,0.0,0.14523809523809525,0.4523809523809524,0.0,0.04523809523809524,0.0
1691,1354,4,0.4143356643356643,0.08216783216783216,0.4125874125874126,2.8181818181818183,0.0,0.005244755244755245,0.0,0.5629370629370629,0.0,0.0,0.0,0.0,0.0,0.42832167832167833,0.12937062937062938,0.0,0.11538461538461539,0.8618881118881119,0.0,8.777972027972028,0.013986013986013986,3.952797202797203,0.0,6.945804195804196,1.8916083916083917,0.27797202797202797,4.4073426573426575,0.0,0.0,0.0,0.0,0.0,0.0,15.517482517482517,1.520979020979021,0.0,0.038461538461538464,0.050699300699300696,0.0,0.4458041958041958,0.5384615384615384,0.0,0.04020979020979021,7.6520979020979025
1688,1432,12,0.42105263157894735,0.09569377990430622,0.6220095693779905,4.435406698564593,0.0,0.0,0.0,0.2631578947368421,0.0,0.0,0.0,0.0,0.0,0.23444976076555024,0.21052631578947367,0.0,0.0,0.16267942583732056,0.0,9.454545454545455,0.0,2.4832535885167464,0.0,11.435406698564593,3.8421052631578947,0.0,3.9425837320574164,0.0,0.0,0.7799043062200957,0.0,0.0,0.0,19.148325358851675,2.172248803827751,1.0574162679425838,0.05263157894736842,0.0,0.0,0.9617224880382775,0.5454545454545454,3.588516746411483,0.07177033492822966,7.229665071770335
1692,1717,4,0.4117647058823529,0.08403361344537816,0.47478991596638653,2.73109243697479,0.0,0.07142857142857142,0.0,0.8697478991596639,0.0,0.0,0.16806722689075632,0.0,0.0,0.9747899159663865,0.3277310924369748,0.0,0.0,0.5084033613445378,0.5,9.159663865546218,0.0,3.995798319327731,0.0,6.382352941176471,1.2521008403361344,0.14705882352941177,6.126050420168068,0.0,0.0,0.0546218487394958,0.0,0.025210084033613446,0.0,14.46218487394958,1.3109243697478992,0.0,0.0,0.08823529411764706,0.05042016806722689,0.5336134453781513,0.4789915966386555,0.0,0.07142857142857142,2.9495798319327733
1698,391,4,0.47050147492625366,0.07227138643067847,0.6548672566371682,3.467551622418879,0.0,0.0,0.0,0.011799410029498525,0.0,0.0,0.0,0.0,0.0,0.07079646017699115,0.0,0.0,0.0,0.0,0.0,12.104719764011799,0.03392330383480826,2.359882005899705,0.0,13.628318584070797,1.761061946902655,0.22271386430678466,4.831858407079646,0.0,0.17699115044247787,0.5870206489675516,0.0,0.0,0.0,17.216814159292035,1.7433628318584071,0.0,0.5162241887905604,0.03982300884955752,0.0,0.9808259587020649,0.5663716814159292,0.0,0.030973451327433628,0.0
1694,1576,4,0.4276422764227642,0.07967479674796749,0.5951219512195122,2.894308943089431,0.0,0.0,0.0,0.0,0.0,0.0,0.0,0.0,0.0,0.0016260162601626016,0.0,0.0,0.0,0.0,0.0,13.001626016260163,0.0,2.0861788617886177,0.0,7.894308943089431,1.3073170731707318,0.2016260162601626,4.429268292682927,0.0,0.0,0.05040650406504065,0.0,0.0,0.0,11.534959349593496,1.5121951219512195,0.0,0.2048780487804878,0.0910569105691057,0.0,0.44390243902439025,0.4634146341463415,0.0,0.024390243902439025,0.0
1700,2005,4,0.4472361809045226,0.07035175879396985,0.5452261306532663,2.871859296482412,0.0,0.0,0.0,0.0,0.0,0.0,0.02763819095477387,0.0,0.0,0.13819095477386933,0.0,0.0,0.0,0.0,0.14824120603015076,7.685929648241206,0.02763819095477387,2.2839195979899496,0.0,5.326633165829146,1.4120603015075377,0.2914572864321608,5.409547738693467,0.0,0.0,0.14321608040201006,0.0,0.0,0.0,16.49497487437186,1.8517587939698492,0.0,0.0,0.01507537688442211,0.0,0.44974874371859297,0.5678391959798995,0.0,0.020100502512562814,0.0
1690,1536,4,0.6816431322207959,0.08729139922978177,0.7458279845956355,2.7342747111681645,0.0,0.012836970474967908,0.0,0.06803594351732992,0.0,0.0,0.0012836970474967907,0.0,0.0,0.18613607188703465,0.0834403080872914,0.0,0.0,0.0,0.0,9.783055198973042,0.007702182284980745,2.6919127086007704,0.0,7.58408215661104,1.3427471116816432,0.1681643132220796,3.3286264441591786,0.0,0.10783055198973042,0.17329910141206675,0.0,0.0,0.0,16.410783055198973,1.6213093709884467,0.0,0.17458279845956354,0.007702182284980745,0.0,0.5044929396662388,0.5609756097560976,0.04621309370988447,0.02053915275994865,0.3761232349165597
1690,190,4,0.39896373056994816,0.06735751295336788,0.44041450777202074,3.3108808290155443,0.0,0.0,0.0,0.0,0.0,0.0,0.0,0.0,0.0,0.0,0.0,0.0,0.0,0.0,0.0,9.984455958549223,0.0,2.383419689119171,0.0,7.860103626943006,2.088082901554404,0.37305699481865284,4.476683937823834,0.0,0.04145077720207254,0.15025906735751296,0.0,0.0,0.0,17.818652849740932,2.2072538860103625,0.0,0.2849740932642487,0.07253886010362694,0.0,0.5492227979274611,0.5025906735751295,0.0,0.025906735751295335,0.0
1691,756,3,0.3222748815165877,0.09004739336492891,0.33649289099526064,2.0995260663507107,0.0,0.0,0.0,0.0,0.0,0.0,0.0,0.0,0.0,0.0,0.0,0.0,0.0,0.0,0.0,12.289099526066352,0.0,0.995260663507109,0.0,3.2322274881516586,0.6208530805687204,0.052132701421800945,4.829383886255924,0.0,0.0,0.0,0.0,0.0,0.0,8.772511848341232,1.1184834123222749,0.0,0.0,0.052132701421800945,0.0,0.004739336492890996,0.3791469194312796,0.0,0.009478672985781991,0.0
1696,800,15,0.44881889763779526,0.1220472440944882,0.515748031496063,4.149606299212598,0.0,0.0,0.0,0.01968503937007874,0.0,0.0,0.18503937007874016,0.0,0.0,0.6535433070866141,0.3937007874015748,0.0,0.0,0.0,0.01968503937007874,18.177165354330707,0.0,1.562992125984252,0.0,10.484251968503937,3.937007874015748,0.07874015748031496,3.6811023622047245,0.007874015748031496,0.0,0.0,0.2874015748031496,0.09055118110236221,0.0,16.881889763779526,2.559055118110236,0.0,0.0,0.0,0.0,0.7992125984251969,0.5866141732283464,0.0,0.07480314960629922,0.610236220472441
1695,1163,4,0.4919908466819222,0.06636155606407322,0.13501144164759726,3.059496567505721,0.0,0.006864988558352402,0.0,0.15560640732265446,0.0,0.011441647597254004,0.006864988558352402,0.0,0.002288329519450801,0.32494279176201374,0.12814645308924486,0.0,0.0,0.0,0.043478260869565216,10.016018306636155,0.0,1.9588100686498855,0.0,7.814645308924485,1.608695652173913,0.043478260869565216,3.1098398169336385,0.14187643020594964,0.0,0.0,0.0,0.0,0.0,13.297482837528603,1.8855835240274599,0.0,0.0,0.05034324942791762,0.0,0.5606407322654462,0.540045766590389,0.0,0.036613272311212815,0.0
1699,1215,15,0.4563106796116505,0.09061488673139159,0.8381877022653722,3.3592233009708736,0.0,0.0,0.0,0.1488673139158576,0.0,0.0,0.0,0.0,0.0,0.0,0.006472491909385114,0.0,0.0,0.0,0.0,16.411003236245953,0.0,1.5372168284789645,0.0,3.621359223300971,0.5436893203883495,0.016181229773462782,3.8932038834951457,0.0,0.0,0.042071197411003236,0.3106796116504854,0.0,0.0,14.055016181229773,1.5566343042071198,0.0,0.025889967637540454,0.0,0.0,0.8576051779935275,0.5275080906148867,0.0,0.05825242718446602,0.0
1697,1371,4,0.4143126177024482,0.0847457627118644,1.2128060263653484,3.1186440677966103,0.0,0.03389830508474576,0.0,0.4011299435028249,0.0,0.0,0.0,0.0,0.0,0.1977401129943503,0.054613935969868174,0.0,0.018832391713747645,0.030131826741996232,0.0,9.892655367231638,0.022598870056497175,2.2711864406779663,0.0,5.160075329566855,2.097928436911488,0.2598870056497175,5.163841807909605,0.0,0.0,0.009416195856873822,0.0,0.0,0.0,15.757062146892656,1.951035781544256,0.0,0.0,0.0018832391713747645,0.0,0.3559322033898305,0.527306967984934,0.0,0.030131826741996232,1.0828625235404896
1702,81,4,0.3507853403141361,0.06544502617801047,0.9528795811518325,3.615183246073298,0.0,0.0,0.0,0.08638743455497382,0.0,0.0,0.010471204188481676,0.0,0.031413612565445025,0.20157068062827224,0.11780104712041885,0.0,0.0,0.08376963350785341,0.0,11.37696335078534,0.0,2.026178010471204,0.0,9.303664921465968,2.099476439790576,0.03926701570680628,3.9554973821989527,0.0,0.0,0.09424083769633508,0.2094240837696335,0.0,0.0,18.767015706806284,2.643979057591623,0.0,0.07068062827225131,0.0,0.0,0.5968586387434555,0.5523560209424084,0.03664921465968586,0.06282722513089005,1.3167539267015707
1696,845,12,0.5748560460652591,0.08349328214971209,0.04798464491362764,2.0307101727447217,0.0,0.0,0.0,0.0067178502879078695,0.0,0.0,0.0,0.018234165067178502,0.0,0.045105566218809984,0.0,0.0,0.0,0.0,0.0,7.25911708253359,0.0,2.0863723608445297,0.0,6.900191938579654,1.716890595009597,0.015355086372360844,2.5067178502879077,0.0,0.0,0.0,0.0,0.0,0.0,9.702495201535509,1.1257197696737045,0.0,0.3848368522072937,0.0,0.0,0.4731285988483685,0.4309021113243762,0.0,0.04894433781190019,5.846449136276392
1691,1018,11,0.4164305949008499,0.0764872521246459,0.21813031161473087,2.5609065155807365,0.0,0.014164305949008499,0.0,0.8923512747875354,0.0,0.0,0.0,0.0,0.0,0.773371104815864,0.11614730878186968,0.0,0.0,0.20396600566572237,0.0,8.21813031161473,0.0,2.3909348441926346,0.0,5.359773371104816,2.2436260623229463,0.059490084985835696,4.127478753541077,0.0,0.0,0.0056657223796034,0.0,0.0,0.0,12.71671388101983,1.6260623229461757,0.0,0.0,0.09631728045325778,0.0,0.6458923512747875,0.6147308781869688,0.0,0.025495750708215296,5.648725212464589
1704,1048,4,0.2923076923076923,0.08461538461538462,0.8384615384615385,3.1769230769230767,0.0,0.12307692307692308,0.0,1.3076923076923077,0.0,0.0,0.0,0.0,0.0,1.7461538461538462,0.36923076923076925,0.0,0.5153846153846153,0.33076923076923076,0.0,7.030769230769231,0.06153846153846154,1.5923076923076922,0.0,3.9615384615384617,2.4923076923076923,0.08461538461538462,4.976923076923077,0.0,0.0,0.0,0.0,0.0,1.9538461538461538,15.276923076923078,1.8076923076923077,0.0,0.046153846153846156,0.046153846153846156,0.0,0.5384615384615384,0.38461538461538464,0.0,0.05384615384615385,3.330769230769231
1692,1803,12,0.3317399617590822,0.07170172084130019,0.49235181644359466,3.0717017208413,0.0,0.03537284894837476,0.0,0.2112810707456979,0.0,0.0,0.0,0.0,0.0,0.23709369024856597,0.07648183556405354,0.0,0.0,0.0038240917782026767,0.0,11.550669216061186,0.011472275334608031,2.130975143403442,0.0,6.2122370936902485,1.997131931166348,0.05640535372848948,3.8432122370936903,0.0,0.0,0.0,0.0,0.0,0.0,13.933078393881454,1.8221797323135756,0.0,0.06022944550669216,0.029636711281070746,0.0,0.5,0.517208413001912,0.0,0.030592734225621414,0.0
1695,137,4,0.518796992481203,0.045112781954887216,0.03759398496240601,2.7142857142857144,0.0,0.2556390977443609,0.0,0.7593984962406015,0.0,0.0,0.0,0.0,0.13533834586466165,1.3458646616541354,0.45112781954887216,0.0,0.0,0.47368421052631576,0.0,4.2105263157894735,0.0,2.2406015037593985,0.0,1.849624060150376,1.586466165413534,0.06015037593984962,4.902255639097745,0.09774436090225563,0.0,0.045112781954887216,0.0,0.0,0.0,17.353383458646615,1.5714285714285714,0.0,0.0,0.21804511278195488,0.0,0.5037593984962406,0.5263157894736842,0.0,0.05263157894736842,7.195488721804511
1699,590,7,0.4068965517241379,0.0896551724137931,0.3586206896551724,2.3241379310344827,0.0,0.0,0.0,0.0,0.0,0.0,0.0,0.0,0.0,0.0,0.0,0.0,0.0,0.0,0.0,10.882758620689655,0.0,1.1724137931034482,0.0,4.4206896551724135,0.9172413793103448,0.0,3.1379310344827585,0.0,0.0,0.0,0.0,0.0,0.0,9.937931034482759,1.1586206896551725,0.0,0.0,0.0,0.0,0.16551724137931034,0.3931034482758621,0.0,0.013793103448275862,0.0
1700,778,7,0.4,0.09206349206349207,0.8714285714285714,3.9365079365079363,0.0,0.011111111111111112,0.0,0.18253968253968253,0.0,0.0,0.2984126984126984,0.0,0.0,0.8396825396825397,0.31587301587301586,0.0,0.0,0.020634920634920634,0.5079365079365079,13.785714285714286,0.047619047619047616,1.861904761904762,0.0,5.525396825396825,3.022222222222222,0.5682539682539682,3.8412698412698414,0.0,0.0,0.01904761904761905,0.10317460317460317,0.0,0.05238095238095238,16.728571428571428,2.511111111111111,0.0,0.11746031746031746,0.05238095238095238,0.0,0.44603174603174606,0.48253968253968255,0.0,0.04285714285714286,0.9904761904761905
1701,1233,12,0.5525727069351231,0.11185682326621924,0.06040268456375839,5.467561521252796,0.0,0.0,0.0,0.0,0.0,0.0,0.43847874720357943,0.0,0.14317673378076062,1.425055928411633,0.7897091722595079,0.0,0.0,0.0,0.9507829977628636,14.610738255033556,0.0,1.6241610738255035,0.0,15.152125279642059,5.2774049217002235,0.07829977628635347,3.3221476510067114,0.0,0.0,0.0,0.0,0.03131991051454139,0.053691275167785234,22.33109619686801,3.83668903803132,0.0,0.0,0.0,0.0,1.0425055928411633,0.5391498881431768,0.0,0.09172259507829977,1.4116331096196868
1698,1390,5,0.3710247349823322,0.06713780918727916,0.6042402826855123,2.3180212014134276,0.0,0.06713780918727916,0.0,2.176678445229682,0.0,0.0,0.0,0.0,0.0,1.2402826855123674,0.38162544169611307,0.0,0.4169611307420495,0.26501766784452296,0.0,9.565371024734983,0.06713780918727916,4.395759717314488,0.0,2.491166077738516,1.4876325088339222,0.657243816254417,6.6643109540636045,0.0,0.0,0.08833922261484099,0.0,0.0,0.0,13.229681978798586,1.088339222614841,0.0,0.0,0.0176678445229682,0.0,0.47703180212014135,0.5901060070671378,0.0,0.045936395759717315,8.487632508833922
1695,1655,12,0.4217252396166134,0.10223642172523961,1.1118210862619808,4.332268370607029,0.0,0.0,0.0,0.009584664536741214,0.0,0.0,0.2971246006389776,0.0,0.24281150159744408,1.1022364217252396,0.5846645367412141,0.0,0.0,0.0,0.0,11.929712460063898,0.04153354632587859,2.7284345047923324,0.23003194888178913,9.958466453674122,4.031948881789138,0.22364217252396165,5.984025559105431,0.0,0.0,0.07028753993610223,0.0,0.0,0.0,19.268370607028753,2.5686900958466454,0.0,0.12140575079872204,0.0,0.0,0.6325878594249201,0.6038338658146964,0.0,0.0670926517571885,1.29073482428115
1695,1177,4,0.3121951219512195,0.06829268292682927,0.05365853658536585,2.6682926829268294,0.0,0.0,0.0,0.36585365853658536,0.0,0.0,0.0,0.0,0.0,0.25365853658536586,0.004878048780487805,0.0,0.3073170731707317,1.2634146341463415,0.0,4.31219512195122,0.0,3.424390243902439,0.0,2.4146341463414633,1.0341463414634147,0.07317073170731707,6.034146341463415,0.0,0.0,0.18536585365853658,0.0,0.0,0.0,18.897560975609757,1.7658536585365854,0.0,0.0,0.00975609756097561,0.0,0.0,0.5609756097560976,0.0,0.05365853658536585,6.507317073170731
1701,1087,5,0.5855263157894737,0.07894736842105263,0.9144736842105263,3.085526315789474,0.0,0.0,0.0,0.05921052631578947,0.0,0.0,0.0,0.0,0.0,0.0,0.0,0.0,0.0,0.0,0.0,10.401315789473685,0.0,1.9210526315789473,0.0,3.0723684210526314,0.40789473684210525,0.0,5.1644736842105265,0.0,0.0,0.0,0.17105263157894737,0.0,0.0,13.177631578947368,1.1973684210526316,0.0,0.0,0.0,0.0,0.8881578947368421,0.48026315789473684,0.0,0.019736842105263157,0.0
1700,817,12,0.35647279549718575,0.0900562851782364,1.3470919324577861,4.202626641651032,0.0,0.01125703564727955,0.0,0.10694183864915573,0.20825515947467166,0.0,0.4071294559099437,0.0,0.17448405253283303,0.8818011257035647,0.4540337711069418,0.0,0.0,0.0,0.0,15.03564727954972,0.07879924953095685,2.5178236397748592,0.21575984990619138,12.75422138836773,5.367729831144465,0.5609756097560976,6.3883677298311445,0.0,0.0,0.054409005628517824,0.0,0.10131332082551595,0.0,17.474671669793622,2.148217636022514,0.0,0.3771106941838649,0.024390243902439025,0.0,0.7917448405253283,0.4371482176360225,0.0,0.05065666041275797,0.8536585365853658
1697,1345,15,0.5384615384615384,0.042735042735042736,0.21794871794871795,1.952991452991453,0.11538461538461539,0.31196581196581197,0.0,2.3076923076923075,0.0,0.16666666666666666,0.0,0.0,0.0811965811965812,0.9658119658119658,0.3504273504273504,0.0,0.0,0.02564102564102564,0.02564102564102564,4.803418803418803,0.0,2.948717948717949,0.0,3.1709401709401708,0.7222222222222222,0.1752136752136752,4.773504273504273,0.2264957264957265,0.0,0.0,0.0,0.0,0.0,9.743589743589743,0.9444444444444444,0.0,0.0,0.16666666666666666,0.0,0.48717948717948717,0.5854700854700855,0.0,0.06837606837606838,0.14102564102564102
1705,412,4,0.6455696202531646,0.10126582278481013,0.3670886075949367,4.379746835443038,0.0,0.0,0.0,0.5949367088607594,0.0,0.0,0.0,0.0,0.0,0.2911392405063291,0.3291139240506329,0.0,0.0,0.0,0.0,10.417721518987342,0.0,2.2658227848101267,0.0,11.113924050632912,4.987341772151899,0.0,3.569620253164557,0.0,0.0,0.16455696202531644,0.0,0.0,0.0,19.670886075949365,2.518987341772152,0.02531645569620253,0.0,0.0,0.0,0.7215189873417721,0.6455696202531646,0.0,0.0,3.9746835443037973
1700,558,12,0.3603411513859275,0.0767590618336887,0.5948827292110874,2.513859275053305,0.0,0.0,0.0,0.0255863539445629,0.0,0.0,0.0,0.0,0.0,0.021321961620469083,0.0,0.0,0.0,0.0,0.0,12.066098081023455,0.0,1.929637526652452,0.0,4.127931769722815,0.7739872068230277,0.32196162046908317,4.068230277185501,0.0,0.0,0.0,0.0,0.0,0.0,10.859275053304904,1.3667377398720681,0.0,0.0767590618336887,0.08742004264392324,0.0,0.21321961620469082,0.42857142857142855,0.0,0.021321961620469083,0.0
1707,917,7,0.4411764705882353,0.058823529411764705,0.19117647058823528,2.8088235294117645,0.00980392156862745,0.25,0.0,1.696078431372549,0.0,0.0,0.0,0.0,0.014705882352941176,1.6225490196078431,0.6225490196078431,0.0,0.47549019607843135,2.107843137254902,0.0,3.465686274509804,0.029411764705882353,2.872549019607843,0.0,2.2941176470588234,1.2941176470588236,0.6911764705882353,4.544117647058823,0.0,0.0,0.03431372549019608,0.0,0.0,0.0,14.877450980392156,1.7647058823529411,0.0,0.0,0.45588235294117646,0.0,0.29411764705882354,0.5931372549019608,0.0,0.09803921568627451,8.534313725490197
1702,1847,4,0.44310344827586207,0.08275862068965517,0.8103448275862069,3.268965517241379,0.0,0.0,0.0,0.07413793103448275,0.0,0.0,0.4051724137931034,0.0,0.0,1.710344827586207,0.8137931034482758,0.0,0.0,0.0,1.660344827586207,6.644827586206897,0.05,1.610344827586207,0.0,4.993103448275862,2.0620689655172413,0.35172413793103446,5.239655172413793,0.0,0.0,0.0,0.0,0.27413793103448275,0.0,15.796551724137931,2.239655172413793,0.0,0.10689655172413794,0.0,0.25517241379310346,0.29310344827586204,0.5103448275862069,0.0,0.0706896551724138,4.506896551724138
1712,438,4,0.6534954407294833,0.12462006079027356,0.4316109422492401,4.598784194528875,0.0,0.05167173252279635,0.0,0.15501519756838905,0.0,0.0,0.1033434650455927,0.0,0.0,0.6899696048632219,0.24012158054711247,0.0,0.0,0.0,0.0,16.477203647416413,0.0182370820668693,3.4012158054711246,0.0,10.890577507598785,4.711246200607903,0.3221884498480243,5.35258358662614,0.0,0.030395136778115502,0.12462006079027356,0.0,0.0,0.0,23.78723404255319,2.5440729483282674,0.0,0.0,0.02735562310030395,0.0,0.7446808510638298,0.6048632218844985,0.2613981762917933,0.057750759878419454,3.768996960486322
1703,966,4,0.4087912087912088,0.07582417582417582,0.3868131868131868,3.942857142857143,0.0,0.0,0.0,0.007692307692307693,0.0,0.0,0.0,0.0,0.0,0.0989010989010989,0.008791208791208791,0.0,0.0,0.02857142857142857,0.0,13.073626373626373,0.0,2.2296703296703297,0.0,10.454945054945055,2.231868131868132,0.20659340659340658,4.998901098901099,0.0,0.0,0.13846153846153847,0.13296703296703297,0.0,0.0,15.918681318681319,2.5065934065934066,0.0,0.0,0.03956043956043956,0.0,0.6956043956043956,0.46373626373626375,0.0,0.04285714285714286,0.08131868131868132
1705,1470,8,0.3746130030959752,0.07430340557275542,0.8142414860681114,3.065015479876161,0.0,0.0,0.0,0.0,0.0,0.0,0.0,0.0,0.0,0.0,0.0,0.0,0.0,0.0,0.0,8.969040247678018,0.021671826625386997,1.9752321981424148,0.0,4.8730650154798765,1.3529411764705883,0.0,3.7461300309597525,0.0,0.0,0.0,0.0,0.0,0.0,14.213622291021672,1.8761609907120742,0.0,0.0,0.0,0.0,0.4891640866873065,0.4953560371517028,0.0,0.04953560371517028,0.0
1704,463,4,0.3958333333333333,0.125,0.84375,5.36875,0.0,0.0,0.0,0.03125,0.0,0.0,0.3104166666666667,0.0,0.0375,1.59375,0.19166666666666668,0.0,0.0,0.0,0.07083333333333333,15.960416666666667,0.0375,1.8479166666666667,0.0,11.00625,4.366666666666666,0.17291666666666666,6.077083333333333,0.0,0.0,0.5916666666666667,0.0,0.0,0.0,23.591666666666665,3.08125,0.0,0.3333333333333333,0.035416666666666666,0.0,0.675,0.56875,0.4270833333333333,0.07708333333333334,4.616666666666666
1711,1316,4,0.4229607250755287,0.07250755287009064,0.6827794561933535,2.806646525679758,0.0,0.0,0.0,0.0,0.0,0.0,0.00906344410876133,0.0,0.0,0.17220543806646527,0.0,0.0,0.0,0.0,0.0,9.175226586102719,0.012084592145015106,2.123867069486405,0.0,6.4894259818731115,1.700906344410876,0.2326283987915408,3.9637462235649545,0.0,0.0,0.0,0.0,0.0,0.0,11.719033232628398,1.5709969788519638,0.0,0.0,0.0,0.0,0.48338368580060426,0.43202416918429004,0.0,0.030211480362537766,0.012084592145015106
1706,1401,5,0.436950146627566,0.07624633431085044,0.7932551319648093,3.2844574780058653,0.0,0.026392961876832845,0.0,0.21700879765395895,0.0,0.0,0.0,0.0,0.0,0.15249266862170088,0.06304985337243402,0.0,0.0,0.002932551319648094,0.0,8.552785923753666,0.02932551319648094,2.366568914956012,0.0,5.171554252199414,1.8695014662756597,0.25219941348973607,5.712609970674487,0.0,0.0,0.001466275659824047,0.0,0.0,0.0,17.13049853372434,2.1173020527859236,0.0,0.06304985337243402,0.01466275659824047,0.0,0.3563049853372434,0.5263929618768328,0.0,0.03519061583577713,0.2624633431085044
1714,190,4,0.48355263157894735,0.125,0.5493421052631579,5.6875,0.0,0.029605263157894735,0.0,0.23026315789473684,0.0,0.0,0.33881578947368424,0.0,0.3223684210526316,1.1875,0.5296052631578947,0.0,0.0,0.0,0.0,17.50657894736842,0.023026315789473683,2.125,0.39144736842105265,13.838815789473685,6.6743421052631575,0.26973684210526316,5.233552631578948,0.0,0.0,0.14144736842105263,0.0,0.0,0.0,23.95394736842105,3.151315789473684,0.0,0.14473684210526316,0.0,0.0,0.9144736842105263,0.5657894736842105,0.0,0.08881578947368421,0.7927631578947368
1709,1541,4,0.4666666666666667,0.08313725490196078,0.2384313725490196,3.0015686274509803,0.0,0.0,0.0,0.014901960784313726,0.0,0.0,0.0,0.0,0.0,0.013333333333333334,0.007058823529411765,0.0,0.0,0.0,0.0,10.734901960784313,0.0,1.8313725490196078,0.0,7.898039215686275,1.3435294117647059,0.1780392156862745,3.704313725490196,0.0,0.0,0.0,0.14745098039215687,0.0,0.0,12.886274509803922,1.820392156862745,0.0,0.027450980392156862,0.02980392156862745,0.0,0.5145098039215686,0.45725490196078433,0.0,0.025098039215686273,0.0
1706,1813,15,0.46703296703296704,0.06227106227106227,0.34798534798534797,3.3772893772893773,0.0,0.0,0.0,0.0,0.0,0.0,0.0,0.0,0.0,0.0,0.0,0.0,0.0,0.0,0.0,10.454212454212454,0.0,2.1575091575091574,0.0,8.534798534798535,2.2673992673992673,0.21245421245421245,3.60989010989011,0.0,0.06593406593406594,0.0641025641025641,0.0,0.0,0.0,17.85164835164835,2.3424908424908426,0.0,0.014652014652014652,0.0,0.0,0.6208791208791209,0.5311355311355311,0.0,0.023809523809523808,0.0
1709,1891,4,0.6113074204946997,0.10600706713780919,0.26855123674911663,4.978798586572438,0.0,0.007067137809187279,0.0,0.29328621908127206,0.0,0.0,0.08480565371024736,0.0,0.0989399293286219,0.8692579505300353,0.31095406360424027,0.0,0.0,0.0,0.0,6.4946996466431095,0.0,1.6996466431095407,0.0,8.162544169611307,3.6113074204946995,0.49469964664310956,4.88339222614841,0.18374558303886926,0.10954063604240283,0.0,0.0,0.0,0.0,25.586572438162545,2.851590106007067,0.0,0.028268551236749116,0.12014134275618374,0.0,0.5901060070671378,0.508833922261484,0.0,0.0706713780918728,2.756183745583039
1712,510,7,0.6161616161616161,0.08922558922558922,1.02020202020202,2.8383838383838382,0.0,0.026936026936026935,0.0,0.0016835016835016834,0.0,0.0,0.0,0.0,0.0,0.013468013468013467,0.0,0.0,0.0,0.0,0.0,10.538720538720538,0.006734006734006734,2.9983164983164983,0.0,6.223905723905724,1.0909090909090908,0.28114478114478114,7.225589225589226,0.0,0.0,0.3771043771043771,0.0,0.0,0.0,16.031986531986533,1.4898989898989898,0.0,0.27104377104377103,0.018518518518518517,0.0,0.35353535353535354,0.5808080808080808,0.0,0.02861952861952862,0.0
1718,1624,4,0.43774069319640563,0.07317073170731707,0.8973042362002568,3.7021822849807444,0.0,0.0,0.0,0.0,0.0,0.0,0.33889602053915274,0.0,0.0,0.8112965340179717,0.26572528883183566,0.0,0.0,0.0,1.1861360718870346,5.991014120667522,0.05391527599486521,1.6777920410783056,0.0,4.780487804878049,2.1822849807445444,0.7406931964056482,5.835686777920411,0.0,0.0,0.06290115532734275,0.0,0.17586649550706032,0.0,14.88831835686778,2.201540436456996,0.0,0.15917843388960207,0.043645699614890884,0.31322207958921694,0.24133504492939667,0.45186136071887034,0.0,0.05006418485237484,0.0
1706,1947,4,0.43846153846153846,0.07692307692307693,0.34923076923076923,3.05,0.0,0.0,0.0,0.14307692307692307,0.0,0.0,0.0,0.0,0.0,0.18153846153846154,0.04153846153846154,0.0,0.018461538461538463,0.031538461538461536,0.0,8.886153846153846,0.0,2.663076923076923,0.0,7.12,1.5015384615384615,0.026923076923076925,3.479230769230769,0.0,0.0,0.03769230769230769,0.0,0.0,0.0,16.677692307692308,1.9007692307692308,0.0,0.10538461538461538,0.02923076923076923,0.0,0.49615384615384617,0.52,0.0,0.023076923076923078,0.08923076923076922
1708,122,4,0.5400593471810089,0.08605341246290801,0.2551928783382789,2.2522255192878338,0.0,0.0,0.0,0.032640949554896145,0.0,0.0,0.0,0.0,0.0,0.017804154302670624,0.0,0.0,0.0,0.0,0.0,4.029673590504451,0.0,3.878338278931751,0.0,3.4391691394658754,0.6795252225519288,0.17210682492581603,2.599406528189911,0.0,0.0,0.020771513353115726,0.0,0.0,0.0,13.15727002967359,1.1483679525222552,0.0,0.020771513353115726,0.0,0.0,0.14540059347181009,0.5341246290801187,0.0,0.026706231454005934,0.0
1704,755,6,0.36496350364963503,0.05596107055961071,0.851581508515815,1.8394160583941606,0.0,0.0,0.0,0.0,0.0,0.0,0.0,0.0,0.0,0.0,0.0,0.0,0.0,0.0,0.0,2.965936739659367,0.0,1.6204379562043796,0.0,2.072992700729927,0.6618004866180048,0.0,4.970802919708029,0.0,0.0,0.0,0.0,0.0,0.0,8.944038929440389,1.0924574209245743,0.0,0.09002433090024331,0.0,0.0,0.0,0.44038929440389296,0.0,0.0170316301703163,0.0
1710,1668,12,0.5248868778280543,0.10407239819004525,0.5294117647058824,3.751131221719457,0.0,0.0,0.0,0.0,0.0,0.0,0.248868778280543,0.0,0.20361990950226244,0.9140271493212669,0.6244343891402715,0.0,0.0,0.0,0.03619909502262444,16.868778280542987,0.03167420814479638,1.737556561085973,0.0,8.76923076923077,2.832579185520362,0.23076923076923078,4.796380090497737,0.0,0.0,0.0,0.2895927601809955,0.18552036199095023,0.0,16.221719457013574,2.0361990950226243,0.0,0.0,0.0,0.0,0.7918552036199095,0.48868778280542985,0.0,0.06787330316742081,5.171945701357466
1716,1784,4,0.44,0.1011764705882353,0.12941176470588237,3.072941176470588,0.0,0.0,0.0,0.4211764705882353,0.0,0.0,0.0,0.0,0.0,0.38588235294117645,0.11764705882352941,0.0,0.4682352941176471,1.92,0.0,8.508235294117647,0.0,4.223529411764706,0.0,7.087058823529412,2.216470588235294,0.08235294117647059,4.065882352941176,0.0,0.0,0.0,0.0,0.0,0.0,17.903529411764705,1.6729411764705882,0.0,0.0,0.09176470588235294,0.0,0.4682352941176471,0.5882352941176471,0.0,0.058823529411764705,9.202352941176471
1709,620,12,0.5541958041958042,0.09527972027972027,0.826048951048951,3.5384615384615383,0.0,0.020104895104895104,0.0,0.04108391608391608,0.0,0.0,0.0,0.0,0.0,0.11101398601398602,0.043706293706293704,0.0,0.0,0.0,0.0,12.708916083916083,0.06643356643356643,2.3155594405594404,0.0,8.38548951048951,1.6713286713286712,0.45104895104895104,6.283216783216783,0.0,0.19230769230769232,0.16083916083916083,0.1660839160839161,0.0,0.0,20.388111888111887,2.254370629370629,0.0,0.09003496503496504,0.10839160839160839,0.0,0.5909090909090909,0.5891608391608392,0.0,0.043706293706293704,0.16783216783216784
1716,973,4,0.3693379790940767,0.05226480836236934,0.5679442508710801,2.132404181184669,0.0,0.3170731707317073,0.0,1.0209059233449478,0.0,0.0,0.0,0.0,0.0,0.794425087108014,0.2508710801393728,0.0,0.0,0.5435540069686411,0.003484320557491289,8.550522648083623,0.06968641114982578,1.5923344947735192,0.0,2.0418118466898956,0.9547038327526133,0.2578397212543554,4.951219512195122,0.0,0.0,0.08362369337979095,0.0,0.0,0.0,10.871080139372822,0.9303135888501742,0.0,0.25435540069686413,0.059233449477351915,0.0,0.6933797909407665,0.5017421602787456,0.28222996515679444,0.059233449477351915,8.104529616724738
1711,569,11,0.32577903682719545,0.08640226628895184,0.613314447592068,3.4022662889518416,0.0,0.0,0.0,0.0,0.0,0.0,0.0,0.0,0.0,0.0,0.0,0.0,0.0,0.0,0.0,12.228045325779037,0.0,2.441926345609065,0.0,5.9645892351274785,1.8498583569405098,0.0,3.2025495750708215,0.0,0.0,0.06373937677053824,0.0,0.0,0.0,14.614730878186968,1.9688385269121813,0.0,0.0,0.0,0.0,0.4461756373937677,0.4886685552407932,0.0,0.028328611898016998,0.0
1716,644,4,0.3948339483394834,0.09225092250922509,0.05166051660516605,4.321033210332104,0.0,0.06642066420664207,0.0,0.2767527675276753,0.0,0.0,0.0,0.0,0.0,1.0959409594095941,0.3284132841328413,0.0,0.0,0.23247232472324722,0.0,14.944649446494465,0.01107011070110701,2.339483394833948,0.0,3.3284132841328415,2.9003690036900367,0.5977859778597786,2.4907749077490773,0.0,0.0,0.12915129151291513,0.0,0.0,1.6125461254612545,17.14022140221402,2.4391143911439115,0.0,0.0,0.16236162361623616,0.0,0.6014760147601476,0.5202952029520295,0.0,0.08118081180811808,1.6457564575645756
1711,687,11,0.4074074074074074,0.05270655270655271,0.5797720797720798,2.864672364672365,0.0,0.005698005698005698,0.0,0.02564102564102564,0.0,0.0,0.01282051282051282,0.0,0.008547008547008548,0.07692307692307693,0.021367521367521368,0.0,0.0,0.0,0.0,9.535612535612536,0.02564102564102564,2.262108262108262,0.0,9.353276353276353,1.2435897435897436,0.1737891737891738,4.096866096866097,0.0,0.0,0.2222222222222222,0.0,0.0,0.0,12.750712250712251,1.7706552706552707,0.0,0.30626780626780625,0.1111111111111111,0.0,0.5954415954415955,0.5071225071225072,0.0,0.039886039886039885,0.29914529914529914
1711,1505,12,0.40932642487046633,0.09844559585492228,0.7150259067357513,4.196891191709844,0.0,0.02072538860103627,0.0,0.0,0.0,0.0,0.0,0.0,0.0,1.2046632124352332,0.16321243523316062,0.0,0.02849740932642487,0.35751295336787564,0.0,10.401554404145077,0.0,1.3160621761658031,0.0,3.593264248704663,4.018134715025907,0.44041450777202074,4.129533678756476,0.0,0.12435233160621761,0.3963730569948187,0.0,0.0,3.6632124352331608,18.251295336787564,2.621761658031088,0.0,0.3601036269430052,0.0,0.0,0.5259067357512953,0.5,0.0,0.07253886010362694,1.4766839378238341
1717,483,4,0.4110032362459547,0.05825242718446602,0.3268608414239482,3.1812297734627832,0.0,0.0,0.0,0.7119741100323624,0.0,0.0,0.05177993527508091,0.0,0.0,0.5792880258899676,0.15857605177993528,0.0,0.6828478964401294,0.9158576051779935,0.0,8.825242718446601,0.0,4.29126213592233,0.0,5.527508090614886,1.8414239482200647,0.3300970873786408,5.0453074433656955,0.0,0.0,0.6893203883495146,0.0,0.04854368932038835,0.0,18.802588996763753,1.7993527508090614,0.0,0.0,0.08737864077669903,0.0,0.8090614886731392,0.5533980582524272,0.0,0.04854368932038835,8.184466019417476
1717,858,12,0.44291338582677164,0.09448818897637795,0.6614173228346457,4.71259842519685,0.0,0.0,0.0,0.0,0.0,0.0,0.1594488188976378,0.0,0.0,0.6850393700787402,0.19881889763779528,0.0,0.0,0.0,0.02952755905511811,11.277559055118111,0.007874015748031496,1.580708661417323,0.0,8.145669291338583,4.480314960629921,0.2755905511811024,4.830708661417323,0.0,0.0,0.0,0.0,0.0,0.0,18.125984251968504,2.8208661417322833,0.0,0.0610236220472441,0.0,0.003937007874015748,0.5118110236220472,0.4862204724409449,0.0,0.06692913385826772,4.05511811023622
1709,1346,4,0.4573913043478261,0.09565217391304348,0.5356521739130434,3.6121739130434785,0.0,0.034782608695652174,0.0,0.4678260869565217,0.0,0.0,0.0,0.0,0.0,0.8660869565217392,0.1356521739130435,0.0,0.0,0.10956521739130434,0.0,13.128695652173914,0.0,2.311304347826087,0.0,8.615652173913043,3.52,0.2608695652173913,4.824347826086957,0.0,0.0,0.03826086956521739,0.0,0.0,0.0,16.339130434782607,2.1321739130434785,0.0,0.0,0.04869565217391304,0.0,0.591304347826087,0.5182608695652174,0.0,0.05391304347826087,2.608695652173913
1714,1360,4,0.44711538461538464,0.08653846153846154,0.4519230769230769,3.5528846153846154,0.0,0.0,0.0,0.004807692307692308,0.0,0.0,0.0,0.0,0.0,0.15384615384615385,0.009615384615384616,0.0,0.0,0.02403846153846154,0.0,11.591346153846153,0.014423076923076924,2.139423076923077,0.0,9.76923076923077,2.3028846153846154,0.014423076923076924,3.5576923076923075,0.0,0.0,0.15384615384615385,0.0,0.0,0.0,17.754807692307693,2.1346153846153846,0.0,0.19230769230769232,0.0,0.0,0.5528846153846154,0.44711538461538464,0.03365384615384615,0.014423076923076924,0.8413461538461539
1715,1720,4,0.4440789473684211,0.06578947368421052,0.2730263157894737,3.338815789473684,0.0,0.0,0.0,0.13157894736842105,0.0,0.0,0.0,0.0,0.0,0.22039473684210525,0.0625,0.0,0.0,0.04276315789473684,0.0,11.026315789473685,0.0,1.9144736842105263,0.0,9.68421052631579,2.348684210526316,0.0,3.2828947368421053,0.0,0.0,0.15460526315789475,0.0,0.0,0.0,17.07894736842105,2.0690789473684212,0.0,0.009868421052631578,0.0,0.0,0.7006578947368421,0.5493421052631579,0.02631578947368421,0.03618421052631579,1.2861842105263157
1713,1833,4,0.43617021276595747,0.07801418439716312,0.7180851063829787,3.778368794326241,0.0,0.0,0.0,0.0,0.0,0.0,0.0,0.0,0.0,0.8191489361702128,0.0,0.0,0.0,0.0,0.0,16.406028368794328,0.0797872340425532,2.3351063829787235,0.0,3.973404255319149,2.3421985815602837,0.675531914893617,6.138297872340425,0.0,0.17198581560283688,0.38120567375886527,0.0,0.0,0.0,18.833333333333332,1.9432624113475176,0.0,0.36347517730496454,0.06914893617021277,0.0,0.75,0.5425531914893617,0.0,0.0425531914893617,6.209219858156028
1723,293,4,0.5088967971530249,0.10676156583629894,0.46619217081850534,2.832740213523132,0.0,0.0,0.0,0.24555160142348753,0.0,0.0,0.014234875444839857,0.0,0.0,0.39501779359430605,0.2277580071174377,0.0,0.0,0.0,0.0,7.185053380782918,0.0071174377224199285,2.4234875444839856,0.0,9.238434163701067,2.078291814946619,0.3594306049822064,5.270462633451957,0.0,0.37722419928825623,0.0,0.0,0.0,0.0,16.466192170818506,1.3807829181494662,0.0,0.11743772241992882,0.0,0.0,0.7900355871886121,0.47686832740213525,1.4341637010676156,0.08185053380782918,4.377224199288256
1710,583,11,0.4031563845050215,0.08034433285509325,0.4533715925394548,2.6614060258249643,0.0,0.0,0.0,0.0,0.0,0.0,0.0,0.0,0.0,0.0,0.0,0.0,0.0,0.0,0.0,9.239598278335725,0.0,1.842180774748924,0.0,5.375896700143472,1.776183644189383,0.1492109038737446,5.591104734576757,0.0,0.0,0.0,0.0,0.0,0.0,12.014347202295552,1.7474892395982784,0.0,0.06456241032998565,0.014347202295552367,0.0,0.3357245337159254,0.4232424677187948,0.0,0.014347202295552367,0.0
1719,1098,4,0.34513274336283184,0.13274336283185842,0.0,4.68141592920354,0.0,0.0,0.0,0.13274336283185842,0.0,0.0,0.0,0.0,0.0,0.9203539823008849,0.07079646017699115,0.0,0.0,0.36283185840707965,0.0,11.530973451327434,0.0,1.238938053097345,0.0,3.938053097345133,2.8584070796460175,0.7699115044247787,1.6283185840707965,0.0,0.0,0.13274336283185842,0.0,0.0,3.433628318584071,17.761061946902654,2.893805309734513,0.0,0.0,0.0,0.0,0.9026548672566371,0.5309734513274337,0.0,0.07964601769911504,3.3451327433628317
1722,1029,4,0.39750445632798576,0.11229946524064172,0.6007130124777184,5.215686274509804,0.0,0.0,0.0,0.2620320855614973,0.3511586452762923,0.0,0.0106951871657754,0.0,0.0,1.0837789661319073,0.15151515151515152,0.0,0.0,0.0,0.0,16.98573975044563,0.03208556149732621,2.194295900178253,0.0,13.720142602495544,4.124777183600713,1.2442067736185383,4.778966131907309,0.0,0.0,0.0748663101604278,0.0,0.0,0.0,21.739750445632797,3.242424242424242,0.0,0.1800356506238859,0.016042780748663103,0.0,0.8306595365418895,0.5151515151515151,0.0,0.062388591800356503,0.0
1718,349,7,0.34045801526717556,0.07633587786259542,1.3938931297709924,3.1389312977099237,0.0,0.0,0.0,0.016793893129770993,0.0,0.0,0.0,0.0,0.0,0.013740458015267175,0.0030534351145038168,0.0,0.0,0.0,0.0,11.516030534351145,0.03969465648854962,1.9038167938931299,0.0,7.421374045801527,1.8931297709923665,0.1480916030534351,4.23206106870229,0.0,0.0,0.1083969465648855,0.0,0.0,0.0,14.395419847328244,1.816793893129771,0.0,0.3297709923664122,0.0,0.0,0.4916030534351145,0.5297709923664122,0.0,0.015267175572519083,0.0
1714,938,4,0.3674911660777385,0.0706713780918728,0.46996466431095407,3.2897526501766783,0.0,0.0,0.0,0.0,0.0,0.0,0.254416961130742,0.0,0.0,0.34275618374558303,0.0,0.0,0.0,0.0,0.9646643109540636,11.515901060070671,0.0,1.3180212014134276,0.0,5.4734982332155475,1.480565371024735,0.26855123674911663,5.102473498233215,0.0,0.0,0.0,0.0,0.0,0.0,12.314487632508834,1.7137809187279152,0.0,0.0,0.10247349823321555,0.0,0.1978798586572438,0.43462897526501765,0.0,0.0353356890459364,0.0
1717,1415,15,0.35795454545454547,0.07386363636363637,0.7102272727272727,2.477272727272727,0.0,0.0,0.0,0.0,0.0,0.0,0.0,0.0,0.0,0.0625,0.005681818181818182,0.0,0.0,0.0,0.005681818181818182,5.426136363636363,0.0,2.6363636363636362,0.0,1.7272727272727273,0.23863636363636365,0.0,4.454545454545454,0.0,0.0,0.0,0.0,0.0,0.0,11.977272727272727,1.1988636363636365,0.0,0.0,0.0,0.0,0.0,0.6136363636363636,0.0,0.06818181818181818,0.0
1724,1571,4,0.45427728613569324,0.10324483775811209,0.10324483775811209,3.342182890855457,0.0,0.10029498525073746,0.0,0.46607669616519176,0.0,0.0,0.05309734513274336,0.0,0.09144542772861357,0.7138643067846607,0.2890855457227139,0.0,0.0,0.04424778761061947,0.0,9.766961651917404,0.0,3.056047197640118,0.0,11.595870206489675,2.4926253687315634,0.07669616519174041,3.1946902654867255,0.0,0.0,0.08849557522123894,0.0,0.0,0.0,17.404129793510325,2.262536873156342,0.0,0.0,0.011799410029498525,0.0,0.9882005899705014,0.5427728613569321,0.0,0.04129793510324484,0.4808259587020649
1726,764,11,0.4382183908045977,0.09626436781609195,0.4339080459770115,3.968390804597701,0.0,0.0,0.0,0.0,0.0,0.0,0.0,0.0,0.0,0.010057471264367816,0.0,0.0,0.0,0.0,0.0,11.254310344827585,0.0,2.1048850574712645,0.0,5.714080459770115,2.579022988505747,0.1939655172413793,4.181034482758621,0.0,0.07040229885057471,0.033045977011494254,0.22413793103448276,0.0,0.0,20.617816091954023,2.550287356321839,0.0,0.007183908045977011,0.01867816091954023,0.0,0.4238505747126437,0.5617816091954023,0.0,0.03735632183908046,0.0
1729,802,15,0.4939081537019681,0.06747891283973759,0.408622305529522,2.7713214620431117,0.0,0.0,0.0,0.0,0.0,0.0,0.053420805998125584,0.0,0.01499531396438613,0.49109653233364575,0.10309278350515463,0.0,0.0,0.0,0.04311152764761012,9.087160262417994,0.011246485473289597,2.089971883786317,0.0,8.26335520149953,1.9728209934395502,0.20337394564198688,3.350515463917526,0.0,0.05154639175257732,0.04873477038425492,0.0009372071227741331,0.011246485473289597,0.5014058106841612,13.264292408622305,1.6850984067478914,0.0,0.059044048734770385,0.0,0.0,0.7516401124648547,0.5014058106841612,0.0,0.031865042174320526,0.028116213683223992
1716,236,15,0.48467569493941554,0.08339272986457591,0.3050605844618674,3.617248752672844,0.018531717747683536,0.02565930149679259,0.0,0.3699215965787598,0.0,0.036350677120456164,0.003563791874554526,0.0,0.01639344262295082,0.23521026372059872,0.07198859586600143,0.0,0.0,0.018531717747683536,0.020669992872416252,12.62152530292231,0.007127583749109052,2.021382751247327,0.0,8.303635067712046,2.270135424091233,0.02851033499643621,3.203136136849608,0.0007127583749109052,0.0,0.0,0.0962223806129722,0.0,0.07626514611546685,15.503207412687098,2.2295081967213113,0.0,0.0,0.022095509622238062,0.0,0.5616535994297933,0.4868139700641482,0.0,0.042052744119743406,0.036350677120456164
1728,1266,4,0.4724770642201835,0.05045871559633028,0.5963302752293578,1.5458715596330275,0.0,0.14220183486238533,0.0,0.3440366972477064,0.0,0.0,0.0,0.0,0.0,0.42660550458715596,0.18807339449541285,0.0,0.0,0.0,0.0,7.169724770642202,0.009174311926605505,3.9128440366972477,0.0,1.3623853211009174,0.44495412844036697,0.06422018348623854,7.591743119266055,0.0,0.0,0.0,0.0,0.0,0.0,8.619266055045872,0.7889908256880734,0.0,0.11467889908256881,0.5275229357798165,0.0,0.05045871559633028,0.481651376146789,0.0,0.027522935779816515,4.2110091743119265
1724,1690,4,0.43389830508474575,0.07457627118644068,0.7728813559322034,2.853107344632768,0.0,0.005649717514124294,0.0,0.23389830508474577,0.0,0.0,0.0,0.0,0.0,0.1480225988700565,0.04971751412429379,0.0,0.007909604519774011,0.0,0.0,11.853107344632768,0.021468926553672316,2.4440677966101694,0.0,8.885875706214689,1.8293785310734463,0.2711864406779661,5.769491525423729,0.0,0.0,0.11412429378531073,0.0,0.0,0.0,14.189830508474577,1.6768361581920903,0.0,0.0,0.05536723163841808,0.0,0.6372881355932203,0.5627118644067797,0.0,0.03502824858757062,0.2983050847457627
1717,836,12,0.5058430717863105,0.07345575959933222,1.0968280467445743,2.7495826377295494,0.0,0.0,0.0,0.01001669449081803,0.0,0.0,0.001669449081803005,0.0,0.0,0.15859766277128548,0.08347245409015025,0.0,0.0,0.0,0.0,10.686143572621035,0.045075125208681135,3.1552587646076793,0.0,6.250417362270451,1.4874791318864775,0.5041736227045075,7.504173622704507,0.0,0.0,0.01335559265442404,0.0,0.0,0.0,15.42737896494157,1.3839732888146912,0.0,0.07679465776293823,0.09515859766277128,0.0,0.4006677796327212,0.5342237061769616,0.0,0.045075125208681135,0.9649415692821369
1717,1222,12,0.45384615384615384,0.07692307692307693,0.023076923076923078,2.6538461538461537,0.0,0.16153846153846155,0.0,3.0384615384615383,0.0,0.0,0.0,0.0,0.0,1.3615384615384616,0.34615384615384615,0.0,0.6,0.8769230769230769,0.0,3.4,0.0,2.3846153846153846,0.0,1.1384615384615384,1.323076923076923,0.11538461538461539,3.8384615384615386,0.0,0.0,0.0,0.0,0.0,0.0,14.8,1.823076923076923,0.0,0.0,0.03076923076923077,0.0,1.323076923076923,0.4846153846153846,0.0,0.11538461538461539,14.26923076923077
1721,1371,4,0.38666666666666666,0.07555555555555556,0.5644444444444444,2.577777777777778,0.0,0.017777777777777778,0.0,0.7288888888888889,0.0,0.0,0.0,0.0,0.0,0.4266666666666667,0.18666666666666668,0.0,0.0,0.04888888888888889,0.0,9.386666666666667,0.0,2.382222222222222,0.0,4.093333333333334,1.8622222222222222,0.18222222222222223,4.573333333333333,0.0,0.0,0.0,0.0,0.0,0.0,14.684444444444445,1.8266666666666667,0.0,0.0,0.03111111111111111,0.0,0.3244444444444444,0.5155555555555555,0.0,0.02666666666666667,2.0444444444444443
1722,403,4,0.30612244897959184,0.0663265306122449,0.5918367346938775,3.11734693877551,0.0,0.0,0.0,0.0,0.0,0.0,0.0,0.0,0.0,0.0,0.0,0.0,0.0,0.0,0.0,9.887755102040817,0.0,1.9744897959183674,0.0,6.612244897959184,1.4438775510204083,0.04591836734693878,4.01530612244898,0.0,0.0,0.22959183673469388,0.0,0.0,0.0,15.739795918367347,1.903061224489796,0.0,0.25,0.0,0.0,0.40816326530612246,0.5918367346938775,0.0,0.025510204081632654,0.0
1725,138,4,0.37267080745341613,0.07142857142857142,0.9316770186335404,2.6832298136645965,0.0,0.0,0.0,0.0,0.0,0.0,0.0,0.0,0.0,0.009316770186335404,0.0,0.0,0.0,0.0,0.0,16.60248447204969,0.0,1.779503105590062,0.0,5.329192546583851,0.9130434782608695,0.6366459627329193,6.829192546583851,0.0,0.0,0.07453416149068323,0.0,0.0,0.0,11.720496894409937,1.31055900621118,0.0,0.2826086956521739,0.06832298136645963,0.0,0.22981366459627328,0.4968944099378882,0.0,0.018633540372670808,0.0
1721,1447,12,0.4738878143133462,0.06963249516441006,0.965183752417795,2.25531914893617,0.0,0.0,0.0,0.0,0.0,0.0,0.0,0.0,0.0,0.0,0.0,0.0,0.0,0.0,0.0,11.874274661508704,0.0,1.3926499032882012,0.0,5.056092843326886,0.7001934235976789,0.04448742746615087,6.266924564796906,0.0,0.0,0.0,0.0,0.0,0.0,9.758220502901354,1.2669245647969052,0.0,0.04448742746615087,0.0,0.0,0.32688588007736946,0.4119922630560928,0.0,0.017408123791102514,0.0
1723,1986,5,0.3389830508474576,0.07457627118644068,0.33220338983050846,3.2745762711864406,0.0,0.11864406779661017,0.0,1.0508474576271187,0.0,0.0,0.0,0.0,0.010169491525423728,1.064406779661017,0.28135593220338984,0.0,0.0,0.19661016949152543,0.0,7.627118644067797,0.0,3.216949152542373,0.0,7.583050847457627,1.4203389830508475,0.07796610169491526,4.972881355932204,0.0,0.0,0.18305084745762712,0.0,0.0,0.20677966101694914,17.864406779661017,1.993220338983051,0.0,0.17288135593220338,0.1016949152542373,0.0,0.6271186440677966,0.5220338983050847,0.0,0.03389830508474576,1.1491525423728814
1723,1430,12,0.7482993197278912,0.12018140589569161,0.36961451247165533,4.786848072562358,0.0,0.0,0.0,0.0,0.0,0.0,0.2108843537414966,0.0,0.04308390022675737,0.7346938775510204,0.6326530612244898,0.0,0.0045351473922902496,0.0,0.0,12.834467120181406,0.0,4.174603174603175,0.272108843537415,10.380952380952381,4.557823129251701,0.22675736961451248,3.5011337868480727,0.0,0.0,0.0022675736961451248,0.0,0.0,0.10884353741496598,25.727891156462587,2.7777777777777777,0.0,0.1360544217687075,0.0,0.0,0.6666666666666666,0.5306122448979592,0.0,0.05895691609977324,0.18594104308390022
1729,463,4,0.5121951219512195,0.042682926829268296,0.0,3.2134146341463414,0.0,0.32926829268292684,0.0,2.3353658536585367,0.0,0.0,0.0,0.0,0.10975609756097561,1.9085365853658536,0.7378048780487805,0.0,0.0,0.676829268292683,0.0,6.548780487804878,0.0,3.981707317073171,0.0,10.408536585365853,2.1341463414634148,0.2804878048780488,5.371951219512195,0.0,0.0,0.07926829268292683,0.0,0.0,1.2682926829268293,16.664634146341463,1.6219512195121952,0.0,0.0,0.18292682926829268,0.0,0.7439024390243902,0.49390243902439024,0.0,0.036585365853658534,0.5487804878048781
1726,1590,4,0.898238747553816,0.08414872798434442,0.6203522504892368,3.984344422700587,0.0,0.0,0.0,0.09393346379647749,0.0,0.0,0.06653620352250489,0.0,0.0,0.8669275929549902,0.09784735812133072,0.0,0.0,0.08610567514677103,0.0,11.336594911937377,0.0,1.99412915851272,0.0,8.688845401174168,3.3228962818003915,0.35812133072407043,6.262230919765166,0.0,0.0,0.0,0.0,0.0,0.0,16.250489236790607,2.2974559686888454,0.0,0.0136986301369863,0.0,0.0,0.675146771037182,0.4794520547945205,0.0,0.07436399217221135,1.913894324853229
1730,1964,11,0.4560669456066946,0.05439330543933055,0.21338912133891214,2.698744769874477,0.0,0.0,0.0,0.0,0.0,0.0,0.0,0.0,0.0,0.0,0.0,0.0,0.0,0.0,0.0,2.786610878661088,0.0,2.2635983263598325,0.0,2.5397489539748954,1.0460251046025104,0.17573221757322174,6.527196652719665,0.0,0.0,0.03765690376569038,0.0,0.0,0.0,16.192468619246863,1.8368200836820083,0.0,0.0,0.058577405857740586,0.0,0.02092050209205021,0.6401673640167364,0.0,0.012552301255230125,0.0
1735,334,4,0.888728323699422,0.1416184971098266,0.22687861271676302,4.644508670520231,0.0,0.0,0.005780346820809248,0.01300578034682081,0.0,0.0,0.1430635838150289,0.0,0.057803468208092484,0.8323699421965318,0.37427745664739887,0.0,0.024566473988439308,0.0,0.0,15.302023121387283,0.0,5.296242774566474,0.0,7.809248554913295,3.802023121387283,0.41763005780346824,3.5635838150289016,0.0,0.0,0.21242774566473988,0.0,0.0,0.3468208092485549,24.6257225433526,2.449421965317919,0.0,0.0,0.0,0.0,0.5433526011560693,0.5751445086705202,0.0,0.09971098265895954,0.7456647398843931
1722,581,12,0.40843507214206437,0.08546059933407325,0.290788013318535,3.460599334073252,0.0,0.0,0.0,0.0,0.0,0.0,0.0,0.0,0.0,0.0,0.0,0.0,0.0,0.0,0.0,11.04550499445061,0.0,1.781354051054384,0.0,6.963374028856825,2.6526082130965594,0.12874583795782463,2.9755826859045507,0.0,0.0,0.0,0.0,0.0,0.0,14.83795782463929,2.3851276359600444,0.0,0.005549389567147614,0.0244173140954495,0.0,0.4195338512763596,0.4794672586015538,0.0,0.01997780244173141,0.0
1727,1809,4,0.34965034965034963,0.07692307692307693,0.0,3.839160839160839,0.0,0.13286713286713286,0.0,1.8251748251748252,0.0,0.0,0.0,0.0,0.0,1.993006993006993,0.4825174825174825,0.0,0.0,0.07692307692307693,0.0,5.4825174825174825,0.0,1.3986013986013985,0.0,2.265734265734266,1.9230769230769231,0.43356643356643354,3.300699300699301,0.0,0.0,0.11188811188811189,0.0,0.0,0.11888111888111888,17.44055944055944,2.5594405594405596,0.0,0.0,0.26573426573426573,0.0,1.7272727272727273,0.4755244755244755,0.0,0.04195804195804196,9.755244755244755
1725,1884,4,0.5324675324675324,0.08441558441558442,0.829004329004329,3.4718614718614718,0.0,0.0,0.0,0.015151515151515152,0.0,0.0,0.0,0.0,0.0,0.004329004329004329,0.0,0.0,0.0,0.0,0.0,6.677489177489178,0.0,2.0086580086580086,0.0,1.6082251082251082,1.3614718614718615,0.6125541125541125,3.9545454545454546,0.0,0.170995670995671,0.2727272727272727,0.0,0.0,0.0,20.27922077922078,2.2987012987012987,0.0,0.15584415584415584,0.05411255411255411,0.0,0.0,0.5541125541125541,0.0,0.021645021645021644,0.0
1738,669,4,0.7048192771084337,0.08132530120481928,0.5602409638554217,4.066265060240964,0.0,0.0391566265060241,0.0,0.22590361445783133,0.0,0.0,0.0,0.0,0.0,0.20481927710843373,0.09036144578313253,0.0,0.0,0.0,0.0,11.72289156626506,0.04216867469879518,3.355421686746988,0.0,12.370481927710843,1.9367469879518073,0.21686746987951808,5.087349397590361,0.0,0.0,0.0391566265060241,0.0,0.0,0.0,21.674698795180724,2.3283132530120483,0.0,0.10542168674698796,0.0391566265060241,0.0,0.7048192771084337,0.7289156626506024,0.0,0.04216867469879518,0.09036144578313253
1729,722,4,0.446961894953656,0.08032955715756952,0.28321318228630277,3.361483007209063,0.024716786817713696,0.0,0.0,0.06591143151390319,0.0,0.0,0.09577754891864057,0.0,0.055612770339855816,0.44490216271884653,0.16889804325437693,0.0,0.06797116374871266,0.035015447991761074,0.0,11.566426364572605,0.0,1.9855818743563336,0.0,9.015447991761071,2.114315139031926,0.5406797116374872,3.5859938208032958,0.0,0.015447991761071062,0.19155509783728114,0.0,0.0,0.19361483007209063,14.529351184346035,2.008238928939238,0.0,0.09268795056642637,0.02368692070030896,0.0,0.631307929969104,0.4572605561277034,0.0,0.032955715756951595,1.325437693099897
1729,1345,4,0.476038338658147,0.08945686900958466,0.5399361022364217,2.8115015974440896,0.0,0.0,0.0,0.0,0.0,0.0,0.0,0.0,0.0,0.22364217252396165,0.004792332268370607,0.0,0.0,0.0,0.0,11.233226837060704,0.0,2.1405750798722045,0.0,8.289137380191693,1.9568690095846646,0.24920127795527156,4.2092651757188495,0.0,0.0,0.23322683706070288,0.0,0.0,0.1597444089456869,13.634185303514377,1.8961661341853036,0.0,0.2108626198083067,0.03514376996805112,0.0,0.5031948881789138,0.5079872204472844,0.0,0.023961661341853034,0.6565495207667732
1725,1393,4,0.474025974025974,0.06926406926406926,0.9567099567099567,2.9956709956709955,0.0,0.0,0.0,0.006493506493506494,0.0,0.0,0.0,0.0,0.0,0.0021645021645021645,0.0,0.0,0.0,0.0,0.0,11.46103896103896,0.008658008658008658,1.9242424242424243,0.0,7.913419913419913,2.0779220779220777,0.1038961038961039,4.562770562770563,0.0,0.0,0.36147186147186144,0.0,0.0,0.0,15.04978354978355,1.6926406926406927,0.0,0.4935064935064935,0.05844155844155844,0.0,0.5324675324675324,0.6038961038961039,0.0,0.03463203463203463,1.8831168831168832
1730,1849,12,0.4396551724137931,0.05603448275862069,0.6637931034482759,3.4051724137931036,0.0,0.0,0.0,0.0,0.0,0.0,0.008620689655172414,0.0,0.0,0.10344827586206896,0.10775862068965517,0.0,0.0,0.0,0.034482758620689655,8.39655172413793,0.008620689655172414,2.206896551724138,0.0,8.775862068965518,1.771551724137931,0.008620689655172414,4.375,0.0,0.0,0.04310344827586207,0.0,0.0,0.0,17.67241379310345,1.9913793103448276,0.0,0.0603448275862069,0.0,0.017241379310344827,0.5818965517241379,0.5689655172413793,0.0,0.017241379310344827,0.0
1731,1477,4,0.5385852090032154,0.10289389067524116,0.3295819935691318,3.059485530546624,0.0,0.05627009646302251,0.0,0.5482315112540193,0.0,0.0,0.0,0.0,0.03054662379421222,0.9662379421221865,0.3086816720257235,0.0,0.0,1.0434083601286173,0.0,8.969453376205788,0.03697749196141479,5.02572347266881,0.0,6.106109324758842,2.1157556270096465,0.39067524115755625,5.310289389067524,0.0,0.14630225080385853,0.16720257234726688,0.0,0.0,0.0,18.556270096463024,1.6382636655948553,0.0,0.04823151125401929,0.25562700964630225,0.0,0.48231511254019294,0.6302250803858521,0.0,0.07234726688102894,5.183279742765273
1742,59,4,0.443359375,0.05859375,0.84765625,3.779296875,0.0,0.0,0.0,0.29296875,0.0,0.0,0.0,0.10546875,0.0,0.015625,0.1171875,0.0,0.0,0.0,0.0,9.5703125,0.017578125,1.7421875,0.0,9.59375,2.927734375,0.0234375,4.7578125,0.0,0.0,0.61328125,0.0,0.0,0.0,19.201171875,2.13671875,0.462890625,0.193359375,0.0,0.0,0.763671875,0.54296875,1.009765625,0.056640625,14.62109375
1729,388,4,0.4794290512174643,0.08396305625524769,0.34424853064651556,2.1057934508816123,0.0,0.0,0.0,0.07724601175482787,0.0,0.0,0.0,0.0,0.0,0.13602015113350127,0.02686817800167926,0.0,0.014273719563392108,0.06968933669185558,0.0041981528127623844,12.595298068849706,0.0,3.283795130142737,0.0,5.10159529806885,1.382031905961377,0.05961376994122586,3.010915197313182,0.0,0.0,0.0,0.0,0.0,0.0,9.751469353484467,1.1897565071368599,0.0,0.05037783375314862,0.0,0.0,0.32997481108312343,0.40134340890008396,0.0,0.02686817800167926,0.6557514693534845
1735,623,4,0.352,0.068,0.62,2.676,0.0,0.0,0.0,0.0,0.0,0.0,0.0,0.0,0.0,0.016,0.0,0.0,0.0,0.0,0.0,10.068,0.0,2.684,0.0,6.008,1.288,0.244,5.648,0.0,0.0,0.0,0.096,0.0,0.0,10.908,1.464,0.0,0.024,0.032,0.0,0.456,0.468,0.0,0.044,0.0
1737,696,4,0.3783505154639175,0.08247422680412371,0.39278350515463917,2.9185567010309277,0.0,0.04020618556701031,0.0,0.1,0.0,0.0,0.042268041237113405,0.0,0.049484536082474224,0.26288659793814434,0.04845360824742268,0.0,0.0,0.013402061855670102,0.0,11.465979381443299,0.027835051546391754,1.702061855670103,0.0,5.195876288659794,1.6422680412371133,0.05463917525773196,3.3247422680412373,0.0,0.0,0.049484536082474224,0.0,0.0,0.0,13.575257731958763,1.4793814432989691,0.0,0.06597938144329897,0.04329896907216495,0.0,0.3680412371134021,0.48350515463917526,4.449484536082474,0.02577319587628866,3.5814432989690723
1729,1513,5,0.4470158343483557,0.08647990255785627,0.5249695493300852,3.400730816077954,0.0,0.0,0.0,0.015834348355663823,0.0,0.0,0.0,0.0,0.0,0.220462850182704,0.03654080389768575,0.0,0.0,0.0097442143727162,0.0,12.725943970767357,0.0,1.712545676004872,0.0,10.529841656516444,2.490864799025579,0.5030450669914738,5.026796589524969,0.1559074299634592,0.5542021924482339,0.4482338611449452,0.0438489646772229,0.0,0.06090133982947625,14.149817295980512,2.1339829476248475,0.0,0.29963459196102316,0.0060901339829476245,0.0,0.6747868453105969,0.51278928136419,0.0,0.05115712545676005,0.49695493300852617
1726,83,15,0.47619047619047616,0.09803921568627451,0.46218487394957986,3.619047619047619,0.0,0.0,0.0,0.3333333333333333,0.0,0.0,0.5210084033613446,0.011204481792717087,0.07282913165266107,1.1624649859943978,0.6918767507002801,0.0,0.0,0.09803921568627451,0.0,7.943977591036415,0.0196078431372549,2.6638655462184873,0.22408963585434175,6.184873949579832,3.327731092436975,0.2801120448179272,4.9411764705882355,0.0,0.0,0.16246498599439776,0.0,0.0896358543417367,0.0,21.2296918767507,2.711484593837535,0.10364145658263306,0.0,0.01680672268907563,0.0,0.5294117647058824,0.5126050420168067,0.0,0.07282913165266107,3.2745098039215685
1743,159,4,0.4421768707482993,0.034013605442176874,0.9115646258503401,1.782312925170068,0.0,0.0,0.0,0.5850340136054422,0.0,0.0,0.0,0.0,0.0,0.25170068027210885,0.09523809523809523,0.0,0.0,0.0,0.0,3.312925170068027,0.0,2.891156462585034,0.0,2.122448979591837,0.7959183673469388,0.07482993197278912,6.380952380952381,0.0,0.0,0.0,0.0,0.0,0.0,9.666666666666666,0.9115646258503401,0.0,0.2789115646258503,0.0,0.0,0.0,0.4489795918367347,0.0,0.05442176870748299,0.0
1730,369,4,0.4497907949790795,0.09309623430962342,0.5847280334728033,2.3410041841004183,0.0,0.0,0.0,0.0,0.0,0.0,0.0,0.0,0.0,0.0,0.0,0.0,0.0,0.0,0.0,10.827405857740585,0.0,1.6715481171548117,0.0,6.547071129707113,1.4131799163179917,0.13598326359832635,5.0240585774058575,0.0,0.0,0.0,0.0020920502092050207,0.0,0.0,10.646443514644352,1.4184100418410042,0.0,0.05753138075313807,0.0,0.0,0.3253138075313807,0.41841004184100417,0.0,0.032426778242677826,0.0
1745,553,12,0.4353312302839117,0.0694006309148265,0.38485804416403785,2.4227129337539433,0.0,0.0,0.0,0.0,0.0,0.0,0.0,0.0,0.0,0.0,0.0,0.0,0.0,0.0,0.0,6.832807570977918,0.0,1.7287066246056781,0.0,3.593059936908517,1.0694006309148265,0.13564668769716087,4.085173501577287,0.0,0.0,0.0,0.0,0.0,0.0,10.807570977917981,1.3501577287066246,0.0,0.0,0.1640378548895899,0.0,0.34069400630914826,0.3659305993690852,0.0,0.022082018927444796,0.0
1735,1217,4,0.3592057761732852,0.06227436823104693,0.26985559566787004,2.6037906137184117,0.009927797833935019,0.07490974729241877,0.0,0.6877256317689531,0.0,0.0,0.0,0.03700361010830325,0.0315884476534296,0.5911552346570397,0.16877256317689532,0.0,0.0036101083032490976,0.061371841155234655,0.005415162454873646,12.426895306859207,0.005415162454873646,2.6407942238267146,0.0,4.8483754512635375,1.6561371841155235,0.18953068592057762,4.080324909747293,0.016245487364620937,0.0,0.0,0.07942238267148015,0.0,0.0,11.601083032490974,1.3501805054151625,0.0,0.0,0.11732851985559567,0.0,0.41696750902527074,0.4720216606498195,3.4458483754512637,0.04332129963898917,7.830324909747293
1734,232,3,0.3891992551210428,0.061452513966480445,0.845437616387337,3.1731843575418996,0.0,0.0,0.0,0.17318435754189945,0.0,0.0,0.09497206703910614,0.0,0.0,0.3891992551210428,0.16573556797020483,0.0,0.0,0.0,0.22346368715083798,10.772811918063315,0.037243947858473,2.11731843575419,0.0,5.895716945996275,1.314711359404097,0.19366852886405958,5.324022346368715,0.0,0.0521415270018622,0.01675977653631285,0.0,0.0,0.0,14.422718808193668,1.5307262569832403,0.0,0.08752327746741155,0.0,0.0260707635009311,0.3612662942271881,0.5605214152700186,0.0,0.0297951582867784,0.9273743016759777
1734,937,4,0.3764705882352941,0.10392156862745099,0.2784313725490196,2.7784313725490195,0.0,0.025490196078431372,0.0,0.049019607843137254,0.0,0.0,0.029411764705882353,0.0,0.00980392156862745,0.3058823529411765,0.07450980392156863,0.0,0.0,0.0,0.0,13.170588235294117,0.0,2.619607843137255,0.0,6.715686274509804,1.780392156862745,0.025490196078431372,4.590196078431372,0.0,0.0,0.0,0.10196078431372549,0.0,0.0,11.590196078431372,1.5588235294117647,0.0,0.0,0.029411764705882353,0.0,0.49607843137254903,0.4568627450980392,0.0,0.0392156862745098,0.22549019607843138
1737,1314,4,0.3753581661891118,0.07306590257879657,0.5300859598853869,2.9212034383954153,0.0,0.0,0.0,0.0,0.0,0.0,0.0,0.0,0.0,0.0,0.0,0.0,0.0,0.0,0.0,10.230659025787965,0.0,2.2765042979942693,0.0,5.757879656160458,1.6045845272206303,0.07879656160458452,3.660458452722063,0.0,0.0,0.0,0.0,0.0,0.0,13.646131805157593,1.856733524355301,0.0,0.0,0.0,0.0,0.41260744985673353,0.5243553008595988,0.0,0.01862464183381089,0.0
1738,1461,4,0.4172876304023845,0.06706408345752608,0.5290611028315947,2.6110283159463488,0.0,0.013412816691505217,0.0,0.10879284649776454,0.0,0.0,0.0,0.0,0.0,0.09538002980625931,0.038748137108792845,0.0,0.0,0.0,0.0,8.278688524590164,0.029806259314456036,2.549925484351714,0.0,9.727272727272727,1.669150521609538,0.37853949329359166,5.502235469448584,0.0,0.0,0.18330849478390462,0.0,0.0,0.0,13.970193740685543,1.6289120715350223,0.0,0.15648286140089418,0.0,0.0,0.6929955290611028,0.5692995529061102,0.0,0.037257824143070044,0.0
1729,1539,4,0.49023861171366595,0.08459869848156182,0.6702819956616052,4.2017353579175705,0.0,0.0,0.0,0.013015184381778741,0.0,0.0,0.0,0.0,0.0,0.09978308026030369,0.03470715835140998,0.0,0.0,0.0,0.0,12.344902386117136,0.04121475054229935,2.2494577006507592,0.0,15.160520607375272,2.4251626898047722,0.08026030368763558,4.674620390455531,0.0,0.0,0.175704989154013,0.0,0.0,0.019522776572668113,21.288503253796094,2.7505422993492408,0.0,0.30151843817787416,0.0,0.0,0.913232104121475,0.5856832971800434,0.0,0.0368763557483731,0.3600867678958785
1736,274,4,0.4553191489361702,0.06808510638297872,0.6085106382978723,2.5361702127659576,0.0,0.0,0.0,0.0,0.0,0.0,0.02553191489361702,0.0,0.01276595744680851,0.05106382978723404,0.0425531914893617,0.0,0.0,0.0,0.0,5.43404255319149,0.01702127659574468,1.9489361702127659,0.0,1.9617021276595745,0.6,0.37872340425531914,7.493617021276596,0.0,0.0,0.17872340425531916,0.0,0.0,0.0,13.991489361702127,1.3872340425531915,0.0,0.17872340425531916,0.01702127659574468,0.0,0.09787234042553192,0.5914893617021276,0.0,0.01702127659574468,0.0
1731,1669,12,0.3993174061433447,0.07337883959044368,0.5,2.9180887372013653,0.0,0.0,0.0,0.0,0.0,0.0,0.0,0.0,0.0,0.006825938566552901,0.0,0.0,0.0,0.0,0.0,10.774744027303754,0.0,1.795221843003413,0.0,6.752559726962457,1.8088737201365188,0.11092150170648464,6.226962457337884,0.0,0.0,0.0,0.0,0.0,0.0,12.825938566552901,1.870307167235495,0.0,0.1348122866894198,0.04948805460750853,0.0,0.4880546075085324,0.4351535836177474,0.0,0.040955631399317405,0.0
1745,2001,4,0.49575070821529743,0.09348441926345609,0.3342776203966006,3.254957507082153,0.0,0.0,0.0,0.56657223796034,0.0,0.0056657223796034,0.0,0.0,0.0,0.8838526912181303,0.39943342776203966,0.0,0.0056657223796034,0.623229461756374,0.0,9.186968838526912,0.0,11.75070821529745,0.0,10.951841359773372,3.9263456090651556,0.311614730878187,5.385269121813031,0.0,0.0,0.0,0.0,0.0,0.0,19.1671388101983,1.906515580736544,0.0,0.0,0.08781869688385269,0.0,0.7252124645892352,0.5779036827195467,0.0,0.042492917847025496,2.776203966005666
1739,982,4,0.9674728940783986,0.09257714762301918,0.3786488740617181,3.8932443703085906,0.0,0.0,0.012510425354462052,0.012510425354462052,0.0,0.0,0.0,0.0,0.0,0.19432860717264386,0.0658882402001668,0.0,0.029190992493744787,0.0,0.0,9.462885738115096,0.0,5.0650542118432025,0.0,8.67556296914095,1.74395329441201,0.2652210175145955,4.307756463719766,0.0,0.0,0.0,0.0,0.0,0.17347789824854046,18.331943286071727,1.639699749791493,0.0,0.0,0.0,0.0,0.640533778148457,0.7431192660550459,0.0,0.041701417848206836,0.058381984987489574
1736,1914,11,0.35396687009590233,0.06451612903225806,0.47515257192676547,2.7175239755884917,0.0,0.0,0.0,0.0,0.0,0.0,0.007846556233653008,0.0,0.0034873583260680036,0.03051438535309503,0.03312990409764603,0.0,0.0,0.0,0.0,9.521360069747166,0.0,2.044463818657367,0.0,4.021795989537925,1.0680034873583262,0.0008718395815170009,2.7497820401046207,0.0,0.0,0.11857018308631212,0.1046207497820401,0.0,0.0,13.160418482999129,1.7585004359197907,0.0,0.0,0.015693112467306015,0.0,0.26155187445510025,0.5239755884917175,0.0,0.026155187445510025,0.0
1735,1935,3,0.546916890080429,0.128686327077748,0.21983914209115282,4.705093833780161,0.0,0.0,0.0,0.0,0.0,0.0,0.0,0.0,0.0,0.8418230563002681,0.23324396782841822,0.0,0.0,0.0,0.0,11.431635388739947,0.0,2.6675603217158175,0.0,4.825737265415549,4.857908847184986,0.4262734584450402,3.8927613941018766,0.0,0.0,0.08579088471849866,0.0,0.0,2.096514745308311,25.739946380697052,2.839142091152815,0.0,0.0,0.0,0.0,0.3806970509383378,0.5844504021447721,0.0,0.032171581769437,1.7211796246648794
1730,1405,4,0.5902004454342984,0.0935412026726058,0.5055679287305123,3.4097995545657014,0.0,0.0,0.0,0.0,0.0,0.0,0.0,0.0,0.0,0.0645879732739421,0.0467706013363029,0.0,0.0,0.0,0.0,10.474387527839644,0.0,3.77728285077951,0.0,9.483296213808464,1.9665924276169264,0.35412026726057905,4.017817371937639,0.0,0.0,0.0,0.0,0.0,0.1447661469933185,19.193763919821826,2.082405345211581,0.0,0.0,0.0,0.0,0.6971046770601337,0.5478841870824054,0.0,0.044543429844097995,1.1603563474387528
1740,1199,7,0.36538461538461536,0.1346153846153846,0.19230769230769232,5.461538461538462,0.0,0.0,0.0,0.0,0.0,0.0,0.0,0.0,0.0,0.11538461538461539,0.3076923076923077,0.0,0.0,0.0,0.0,17.98076923076923,0.0,2.173076923076923,0.0,25.557692307692307,4.288461538461538,0.0,1.9807692307692308,0.0,0.07692307692307693,0.038461538461538464,0.0,0.0,0.0,26.673076923076923,4.0,0.0,0.019230769230769232,0.0,0.0,1.6923076923076923,0.7884615384615384,0.0,0.07692307692307693,0.21153846153846154
1735,1421,4,0.47126436781609193,0.10344827586206896,0.7222222222222222,4.469348659003831,0.0,0.0,0.0,0.0,0.0,0.0,0.5919540229885057,0.0,0.0,1.10727969348659,0.6494252873563219,0.0,0.0,0.0,1.8333333333333333,15.567049808429118,0.0210727969348659,1.9770114942528736,0.0,12.46168582375479,3.2758620689655173,0.4789272030651341,6.390804597701149,0.0,0.0,0.11302681992337164,0.0,0.07854406130268199,0.0,20.047892720306514,2.578544061302682,0.0,0.09386973180076628,0.07471264367816093,0.2260536398467433,0.7662835249042146,0.5632183908045977,0.0,0.04980842911877394,2.2739463601532566
1737,203,4,0.4793814432989691,0.08762886597938144,1.0360824742268042,4.061855670103093,0.0,0.0,0.0,0.0,0.0,0.0,0.0,0.0,0.0,0.20103092783505155,0.14432989690721648,0.0,0.0,0.0,0.015463917525773196,11.144329896907216,0.0,2.3969072164948453,0.0,15.108247422680412,3.0876288659793816,0.005154639175257732,4.056701030927835,0.0,0.08762886597938144,0.31443298969072164,0.0,0.0,0.0,18.798969072164947,2.2216494845360826,0.0,0.0,0.0,0.0,0.9742268041237113,0.5154639175257731,0.0,0.08762886597938144,0.0
1747,249,5,0.4355716878402904,0.07622504537205081,0.6460980036297641,2.4301270417422867,0.0,0.0,0.0,0.0,0.0,0.0,0.0,0.0,0.0,0.14337568058076225,0.0,0.0,0.0,0.0,0.0,11.549909255898367,0.0,1.6569872958257714,0.0,3.8330308529945554,1.0,0.11070780399274047,6.047186932849365,0.0,0.0,0.0,0.15063520871143377,0.0,0.0,10.455535390199637,1.2849364791288567,0.0,0.0925589836660617,0.0,0.0,0.1705989110707804,0.39201451905626133,0.0,0.021778584392014518,0.0
1739,861,4,0.41652892561983473,0.09421487603305785,0.48925619834710743,3.4677685950413224,0.0,0.0,0.0,0.0,0.0,0.0,0.16363636363636364,0.0,0.026446280991735537,0.4991735537190083,0.35206611570247937,0.0,0.0,0.0,0.0,14.026446280991735,0.0,2.4132231404958677,0.16198347107438016,9.87107438016529,3.477685950413223,0.1024793388429752,5.236363636363636,0.0,0.0,0.0,0.0,0.0,0.0,14.044628099173554,1.9074380165289255,0.0,0.1884297520661157,0.019834710743801654,0.0,0.5900826446280992,0.4677685950413223,0.0,0.04628099173553719,3.3256198347107437
1747,1083,4,0.4794745484400657,0.06568144499178982,0.49589490968801314,3.3760262725779966,0.0,0.0,0.0,0.08866995073891626,0.0,0.0,0.0,0.0,0.0,0.021346469622331693,0.003284072249589491,0.0,0.0,0.0,0.0,10.770114942528735,0.026272577996715927,2.310344827586207,0.0,8.316912972085387,2.064039408866995,0.029556650246305417,3.3513957307060753,0.0,0.0,0.0,0.0,0.0,0.0,14.883415435139574,2.0311986863711002,0.0,0.0,0.009852216748768473,0.0,0.5845648604269293,0.5221674876847291,0.0,0.03776683087027915,0.0
1748,1293,4,0.3432682425488181,0.08119218910585817,0.6300102774922919,3.501541623843782,0.0,0.0,0.0,0.015416238437821172,0.020554984583761562,0.0,0.0,0.0,0.0,0.06372045220966084,0.0,0.0,0.0,0.0,0.0,12.063720452209662,0.009249743062692703,2.303186022610483,0.0,6.206577595066804,1.7019527235354575,0.10380267214799589,3.4892086330935252,0.0,0.0,0.0,0.0,0.0,0.0,15.627954779033916,2.0318602261048304,0.0,0.0,0.05755395683453238,0.0,0.43884892086330934,0.5005138746145941,0.0,0.02158273381294964,0.0
1735,1366,4,0.4341517857142857,0.1015625,0.28683035714285715,4.068080357142857,0.0,0.0,0.0,0.0,0.0,0.0,0.0,0.0,0.0,0.0,0.0,0.0,0.0,0.0,0.0,15.933035714285714,0.0011160714285714285,1.890625,0.0,10.606026785714286,2.7901785714285716,0.15066964285714285,4.353794642857143,0.0,0.0,0.09709821428571429,0.09486607142857142,0.0,0.0,18.756696428571427,2.5345982142857144,0.0,0.09263392857142858,0.0,0.0,0.6930803571428571,0.6037946428571429,0.0,0.04017857142857143,0.0
1744,1602,4,0.5,0.05263157894736842,0.5328947368421053,3.0065789473684212,0.0,0.0,0.0,0.0,0.0,0.0,0.0,0.0,0.0,0.0,0.0,0.0,0.0,0.0,0.0,3.5723684210526314,0.0,1.763157894736842,0.0,2.7171052631578947,1.368421052631579,0.0,4.6381578947368425,0.0,0.0,0.14473684210526316,0.0,0.0,0.0,15.30921052631579,1.8421052631578947,0.0,0.0,0.0,0.0,0.13815789473684212,0.46710526315789475,0.0,0.013157894736842105,0.0
1732,1722,15,0.4648370497427101,0.09262435677530018,0.6689536878216124,3.171526586620926,0.0,0.0,0.0,0.012006861063464836,0.0,0.0,0.0,0.0,0.0,0.058319039451114926,0.0017152658662092624,0.0,0.0,0.0,0.0,10.74442538593482,0.0,2.3104631217838767,0.0,5.274442538593482,1.4356775300171527,0.07375643224699828,6.20926243567753,0.0,0.0,0.0137221269296741,0.0,0.0,0.0,17.056603773584907,1.6912521440823327,0.0,0.0,0.0686106346483705,0.0,0.34305317324185247,0.5900514579759862,0.0,0.022298456260720412,0.0
1739,1730,15,0.5,0.037037037037037035,0.7129629629629629,3.074074074074074,0.0,0.0,0.0,0.6944444444444444,0.0,0.06481481481481481,0.0,0.0,0.0,0.9259259259259259,0.1388888888888889,0.0,0.0,0.009259259259259259,0.0,2.490740740740741,0.027777777777777776,2.5462962962962963,0.0,3.0555555555555554,1.7777777777777777,0.8055555555555556,8.666666666666666,0.0,0.0,0.1574074074074074,0.0,0.0,0.0,20.074074074074073,2.0833333333333335,0.0,0.027777777777777776,0.3425925925925926,0.0,0.10185185185185185,0.5648148148148148,0.0,0.037037037037037035,0.0
1732,1898,4,0.5255102040816326,0.05612244897959184,0.9387755102040817,2.693877551020408,0.0,0.0,0.0,0.6887755102040817,0.0,0.00510204081632653,0.0,0.0,0.0,0.7295918367346939,0.03571428571428571,0.0,0.0,0.0,0.0,1.4948979591836735,0.10204081632653061,2.38265306122449,0.0,2.183673469387755,0.9693877551020408,0.7448979591836735,9.918367346938776,0.0,0.0,0.14795918367346939,0.0,0.0,0.0,18.581632653061224,1.6989795918367347,0.0,0.05612244897959184,0.12244897959183673,0.0,0.08673469387755102,0.5969387755102041,0.0,0.05612244897959184,0.0
1743,94,12,0.797979797979798,0.050505050505050504,0.06060606060606061,4.97979797979798,0.0,0.0,0.0,0.0,0.0,0.0,0.0,0.0,0.0,0.10101010101010101,0.0,0.0,0.0,0.0,0.0,15.383838383838384,0.0,2.8484848484848486,0.0,14.383838383838384,2.757575757575758,0.1414141414141414,4.02020202020202,0.0,0.0,0.09090909090909091,0.0,0.0,0.0,25.848484848484848,3.2222222222222223,0.0,0.0,0.0,0.0,0.8787878787878788,0.6565656565656566,0.0,0.020202020202020204,0.0
1752,127,4,0.450402144772118,0.08042895442359249,0.25603217158176944,1.9410187667560321,0.0,0.0,0.0,0.5,0.0,0.0,0.002680965147453083,0.0,0.0,0.3873994638069705,0.13270777479892762,0.0,0.27479892761394104,0.7479892761394102,0.013404825737265416,8.516085790884718,0.0,8.994638069705093,0.0,9.285522788203753,1.4865951742627346,0.1447721179624665,3.792225201072386,0.0,0.0,0.0,0.0,0.0,0.0,10.202412868632708,1.1394101876675604,0.0,0.004021447721179625,0.06032171581769437,0.0,0.67828418230563,0.4477211796246649,0.0,0.0388739946380697,6.576407506702413
1737,308,4,0.41646489104116224,0.10411622276029056,0.2841000807102502,2.6505246166263117,0.0,0.0,0.0,0.03551251008878128,0.0,0.0,0.0,0.0,0.0,0.041969330104923326,0.0129136400322841,0.0,0.0,0.003228410008071025,0.0,14.535108958837773,0.0,2.457627118644068,0.0,7.3107344632768365,2.006456820016142,0.022598870056497175,3.9055690072639226,0.0,0.0,0.0,0.0,0.0,0.0,11.997578692493947,1.6327683615819208,0.0,0.06376109765940274,0.016142050040355124,0.0,0.4915254237288136,0.4116222760290557,0.0,0.0258272800645682,0.4293785310734463
1746,414,4,0.3807531380753138,0.058577405857740586,0.2217573221757322,2.5397489539748954,0.0,0.0,0.0,0.0,0.0,0.0,0.0,0.0,0.0,0.0,0.0,0.0,0.0,0.0,0.0,6.7866108786610875,0.0,1.5815899581589958,0.0,3.715481171548117,1.5899581589958158,0.1297071129707113,5.02092050209205,0.0,0.0,0.0,0.0,0.0,0.0,11.748953974895397,1.8410041841004183,0.0,0.0,0.0,0.0,0.05439330543933055,0.48535564853556484,0.0,0.03347280334728033,0.0
1733,444,4,0.46145374449339205,0.11674008810572688,0.3568281938325991,4.988986784140969,0.0,0.0011013215859030838,0.0,0.14647577092511013,0.0,0.0,0.0,0.0,0.0,0.1696035242290749,0.1299559471365639,0.0,0.0,0.016519823788546256,0.0,16.80286343612335,0.009911894273127754,2.2147577092511015,0.0,17.933920704845814,4.06057268722467,0.38215859030837,5.547356828193832,0.0,0.0,0.13656387665198239,0.0,0.0,0.0,19.50330396475771,2.6916299559471364,0.0,0.5638766519823789,0.05947136563876652,0.0,1.027533039647577,0.46916299559471364,0.0,0.024229074889867842,0.0
1739,1437,11,0.5925925925925926,0.037037037037037035,0.5703703703703704,1.6962962962962962,0.0,0.0,0.0,0.18518518518518517,0.0,0.0,0.0,0.0,0.0,0.4444444444444444,0.02962962962962963,0.0,0.0,0.3925925925925926,0.0,6.444444444444445,0.022222222222222223,2.7555555555555555,0.0,12.474074074074075,0.32592592592592595,0.43703703703703706,5.607407407407408,0.0,0.0,0.0,0.0,0.0,0.0,8.525925925925925,1.3185185185185184,0.0,0.037037037037037035,0.0,0.0,0.9037037037037037,0.5185185185185185,0.0,0.02962962962962963,0.5851851851851851
1742,1501,4,0.3835125448028674,0.0967741935483871,0.3548387096774194,4.440860215053763,0.0,0.12186379928315412,0.0,0.03225806451612903,0.0,0.0,0.0,0.0,0.0,0.8745519713261649,0.05734767025089606,0.0,0.0,0.08602150537634409,0.0,12.010752688172044,0.0,2.014336917562724,0.0,10.401433691756273,3.240143369175627,0.3835125448028674,2.8315412186379927,0.0,0.0,0.16129032258064516,0.03942652329749104,0.0,2.161290322580645,20.70967741935484,2.673835125448029,0.0,0.07526881720430108,0.0,0.0,0.946236559139785,0.5555555555555556,0.0,0.053763440860215055,1.2759856630824373
1745,580,12,0.4198782961460446,0.06896551724137931,0.36105476673427994,3.5922920892494927,0.0,0.02231237322515213,0.0,0.9087221095334685,0.0,0.0,0.006085192697768763,0.07910750507099391,0.0,0.4827586206896552,0.3772819472616633,0.0,0.0,0.11359026369168357,0.0,8.115618661257606,0.0,3.5517241379310347,0.0,6.862068965517241,2.870182555780933,0.04462474645030426,4.971602434077079,0.0,0.2697768762677485,0.3711967545638945,0.2129817444219067,0.0,0.0,17.30628803245436,1.7038539553752536,0.9310344827586207,0.0,0.0,0.0,0.7079107505070994,0.5334685598377282,0.6876267748478702,0.07302231237322515,10.245436105476674
1754,495,4,0.4305343511450382,0.07938931297709924,0.024427480916030534,2.351145038167939,0.0,0.010687022900763359,0.0,0.5282442748091603,0.0,0.0,0.0061068702290076335,0.0,0.0,0.7572519083969466,0.216793893129771,0.0,0.0732824427480916,0.5038167938931297,0.0,10.451908396946564,0.0,5.1709923664122135,0.0,8.062595419847328,1.6091603053435115,0.11603053435114503,3.2259541984732825,0.0,0.0,0.030534351145038167,0.0,0.0,0.0,11.75114503816794,1.300763358778626,0.0,0.0,0.19389312977099238,0.0,0.917557251908397,0.4015267175572519,0.6732824427480916,0.04732824427480916,11.218320610687023
1743,1405,7,0.43790849673202614,0.08986928104575163,0.5816993464052288,3.1584967320261437,0.0,0.0,0.0,0.0784313725490196,0.0,0.0,0.0,0.0,0.0,0.07679738562091504,0.008986928104575163,0.0,0.0,0.004084967320261438,0.0,13.440359477124183,0.015522875816993464,1.8047385620915033,0.0,5.009803921568627,1.3537581699346406,0.2826797385620915,6.927287581699346,0.0,0.0,0.35784313725490197,0.08006535947712418,0.0,0.0,12.982026143790849,1.6740196078431373,0.0,0.14215686274509803,0.0,0.0,0.29411764705882354,0.47058823529411764,0.0,0.03594771241830065,0.041666666666666664
1755,178,4,0.5349397590361445,0.12289156626506025,0.3686746987951807,6.395180722891566,0.0,0.0,0.0,0.0,0.0,0.0,0.23132530120481928,0.0,0.0,0.5108433734939759,0.18795180722891566,0.0,0.0,0.0,0.6048192771084338,16.17590361445783,0.0,1.730120481927711,0.0,19.70120481927711,4.790361445783133,0.0819277108433735,3.7759036144578313,0.0,0.09397590361445783,0.1180722891566265,0.19759036144578312,0.0,0.0,28.881927710843375,3.8265060240963855,0.0,0.1686746987951807,0.0,0.12289156626506025,1.23855421686747,0.4891566265060241,0.0,0.06506024096385542,1.8144578313253013
1746,1760,4,0.5034246575342466,0.0958904109589041,0.398972602739726,3.2226027397260273,0.0,0.0,0.0,0.0,0.0,0.0,0.0,0.0,0.0,0.14554794520547945,0.02910958904109589,0.0,0.0,0.0,0.0,11.191780821917808,0.0,1.4914383561643836,0.0,6.566780821917808,2.559931506849315,0.07705479452054795,5.049657534246576,0.0,0.0,0.0,0.12157534246575342,0.0,0.0,14.330479452054794,2.1284246575342465,0.0,0.15753424657534246,0.0,0.0,0.4469178082191781,0.4434931506849315,0.0,0.030821917808219176,0.03595890410958904
1738,1872,12,0.5442536327608983,0.10039630118890357,0.6922060766182299,3.233817701453104,0.0,0.009247027741083224,0.0,0.0,0.0,0.0,0.002642007926023778,0.0,0.0,0.10039630118890357,0.0488771466314399,0.0,0.0,0.0,0.036988110964332896,10.721268163804492,0.0488771466314399,2.527080581241744,0.0,9.714663143989432,1.6961690885072656,0.32100396301188905,5.6221928665786,0.0,0.001321003963011889,0.3342140026420079,0.0,0.0,0.007926023778071334,18.07001321003963,1.8639365918097754,0.0,0.2047556142668428,0.059445178335535004,0.0,0.6922060766182299,0.5561426684280053,0.26420079260237783,0.02906208718626156,0.09907529722589167
1753,381,4,0.671875,0.078125,0.046875,2.03125,0.0,0.0,0.0,0.546875,0.0,0.0,0.0,0.0,0.140625,0.921875,0.484375,0.0,0.0,0.6875,0.0,5.75,0.0,4.203125,0.0,2.015625,0.671875,0.359375,5.390625,0.0,0.0,0.3125,0.0,0.0,0.0,11.75,0.578125,0.0,0.0,0.234375,0.0,0.0625,0.515625,0.0,0.03125,9.0
1744,1386,4,0.4580712788259958,0.07651991614255765,0.3742138364779874,3.461215932914046,0.0,0.0,0.0,0.0,0.0,0.0,0.0,0.0,0.0,0.0,0.01781970649895178,0.0,0.0,0.0,0.0,10.743186582809225,0.0,2.1048218029350103,0.0,10.016771488469601,2.1373165618448637,0.16876310272536688,3.4454926624737947,0.0,0.0,0.0,0.1719077568134172,0.0,0.0,14.435010482180294,2.1561844863731654,0.0,0.025157232704402517,0.0010482180293501049,0.0,0.7044025157232704,0.4968553459119497,0.0,0.013626834381551363,0.0
1753,1535,6,0.42231075697211157,0.07569721115537849,0.8565737051792829,3.442231075697211,0.0,0.0,0.0,0.0,0.0,0.0,0.09561752988047809,0.0,0.0,0.2151394422310757,0.05976095617529881,0.0,0.0,0.0,0.2788844621513944,9.892430278884461,0.05179282868525897,1.6454183266932272,0.0,5.892430278884462,1.207171314741036,0.01195219123505976,5.908366533864542,0.0,0.0,0.035856573705179286,0.0,0.0,0.0,15.737051792828685,1.908366533864542,0.0,0.18725099601593626,0.06374501992031872,0.04780876494023904,0.4342629482071713,0.5219123505976095,0.0,0.04780876494023904,0.0
1746,1802,4,0.4180327868852459,0.06557377049180328,0.5292740046838408,3.929742388758782,0.0,0.12412177985948478,0.0,0.7459016393442623,0.0,0.0,0.32903981264637,0.0,0.2857142857142857,1.5901639344262295,0.765807962529274,0.0,0.0,0.0117096018735363,0.0,8.848946135831381,0.03161592505854801,3.243559718969555,0.0,6.923887587822014,3.2646370023419204,0.20374707259953162,5.820843091334894,0.0,0.0,0.1791569086651054,0.0,0.0,0.0,20.578454332552692,2.1850117096018735,0.0,0.11241217798594848,0.1451990632318501,0.04566744730679157,0.6346604215456675,0.5901639344262295,0.21779859484777517,0.06088992974238876,4.845433255269321
1743,1891,4,0.5044642857142857,0.07366071428571429,0.6830357142857143,3.40625,0.0,0.0,0.0,0.0,0.0,0.0,0.0,0.0,0.0,0.0,0.0,0.0,0.0,0.0,0.0,5.660714285714286,0.0,2.0066964285714284,0.0,1.7209821428571428,1.546875,0.34598214285714285,5.328125,0.0,0.625,0.40625,0.0,0.0,0.0,20.162946428571427,2.3013392857142856,0.0,0.3125,0.03794642857142857,0.0,0.0,0.5803571428571429,0.0,0.013392857142857142,0.0
1748,448,12,0.6327077747989276,0.12064343163538874,0.3699731903485255,3.453083109919571,0.0,0.0,0.0,0.002680965147453083,0.0,0.0,0.0,0.0,0.002680965147453083,0.10991957104557641,0.040214477211796246,0.0,0.0,0.0,0.0,10.72117962466488,0.024128686327077747,3.064343163538874,0.0,10.0,1.4906166219839143,0.13672922252010725,5.128686327077748,0.0,0.08579088471849866,0.08847184986595175,0.0,0.0,0.0,18.978552278820377,1.876675603217158,0.0,0.0,0.0,0.0,0.6621983914209115,0.579088471849866,0.0,0.04289544235924933,0.04289544235924933
1753,1581,12,1.0186046511627906,0.06279069767441861,0.541860465116279,1.7790697674418605,0.0,0.044186046511627906,0.0,0.5976744186046512,0.0,0.0,0.0,0.0,0.0,0.6697674418604651,0.20930232558139536,0.0,0.0,0.6046511627906976,0.0,6.553488372093023,0.027906976744186046,4.662790697674419,0.0,14.586046511627908,0.313953488372093,0.5906976744186047,6.3,0.0,0.0,0.10697674418604651,0.0,0.0,0.0,9.609302325581396,1.127906976744186,0.0,0.3674418604651163,0.1,0.0,1.7511627906976743,0.42093023255813955,0.0,0.2441860465116279,8.0
1751,1699,8,0.48484848484848486,0.1268939393939394,0.3106060606060606,4.8143939393939394,0.0,0.0,0.0,1.2291666666666667,0.0,0.0,0.0,0.0,0.0,1.0454545454545454,0.24242424242424243,0.0,0.30492424242424243,0.32386363636363635,0.0,11.924242424242424,0.0,4.9375,0.0,4.526515151515151,2.9981060606060606,0.2215909090909091,4.234848484848484,0.0,0.0,0.03787878787878788,0.0,0.0,0.2178030303030303,23.522727272727273,2.596590909090909,0.0,0.0,0.06628787878787878,0.0,0.32575757575757575,0.5738636363636364,0.0,0.08712121212121213,2.696969696969697
1748,733,4,0.5074906367041199,0.1254681647940075,0.33146067415730335,5.919475655430712,0.0,0.0149812734082397,0.0,0.18726591760299627,0.0,0.04681647940074907,0.26217228464419473,0.0,0.0,1.0374531835205993,0.5468164794007491,0.0,0.0,0.03745318352059925,0.0,12.822097378277153,0.02247191011235955,2.649812734082397,0.0,5.1835205992509366,3.1760299625468167,0.41198501872659177,6.400749063670412,0.0,0.0,0.0,0.0,0.0,0.0,29.707865168539325,3.709737827715356,0.0,0.0,0.0898876404494382,0.0,0.23782771535580524,0.5767790262172284,0.0,0.04681647940074907,2.095505617977528
1758,1667,4,0.4158215010141988,0.06693711967545639,0.7870182555780934,2.787018255578093,0.0,0.0,0.0,0.06693711967545639,0.0,0.0,0.0,0.0,0.0,0.10547667342799188,0.0,0.0,0.1724137931034483,0.0,0.0,10.413793103448276,0.0872210953346856,2.1196754563894524,0.0,7.9655172413793105,1.9513184584178498,0.5862068965517241,5.338742393509127,0.0,0.0,0.08316430020283976,0.0,0.0,0.0,13.085192697768763,1.791075050709939,0.0,0.2778904665314402,0.0,0.0,0.3975659229208925,0.43204868154158216,0.0,0.04056795131845842,1.1440162271805274
1744,1951,4,0.48306997742663654,0.07336343115124154,0.3160270880361174,3.2031602708803613,0.0,0.0,0.0,0.16591422121896163,0.0,0.033860045146726865,0.0,0.0,0.0,0.21670428893905191,0.08013544018058691,0.0,0.07674943566591422,0.13544018058690746,0.0,9.25959367945824,0.0,4.193002257336343,0.0,9.72686230248307,1.8566591422121896,0.28442437923250563,5.437923250564334,0.0,0.0,0.06320541760722348,0.0,0.0,0.0,17.646726862302483,1.935665914221219,0.0,0.0,0.050790067720090294,0.0,0.6613995485327314,0.5406320541760722,0.0,0.040632054176072234,0.6151241534988713
1751,355,4,0.8198198198198198,0.13513513513513514,0.7927927927927928,3.6036036036036037,0.0,0.0,0.009009009009009009,0.06306306306306306,0.0,0.0,0.0,0.0,0.0,0.18018018018018017,0.0,0.0,0.0,0.0,0.0,8.756756756756756,0.1891891891891892,5.882882882882883,0.0,9.045045045045045,2.099099099099099,0.4864864864864865,5.36036036036036,0.0,0.0,0.05405405405405406,0.0,0.0,0.0,20.486486486486488,2.09009009009009,0.0,0.0,0.0,0.0,0.7387387387387387,0.6306306306306306,0.0,0.05405405405405406,0.0
1752,602,8,0.41509433962264153,0.09056603773584905,0.8037735849056604,2.060377358490566,0.0,0.0,0.0,0.0,0.0,0.0,0.0,0.0,0.0,0.0,0.0,0.0,0.0,0.0,0.0,7.471698113207547,0.0,1.758490566037736,0.0,1.030188679245283,0.3018867924528302,0.38113207547169814,6.079245283018868,0.0,0.0,0.0,0.0,0.0,0.0,9.79245283018868,1.0339622641509434,0.0,0.007547169811320755,0.2,0.0,0.0,0.5169811320754717,0.0,0.033962264150943396,0.0
1754,1117,4,0.38080495356037153,0.10835913312693499,0.015479876160990712,2.5975232198142413,0.0,0.0,0.0,0.32507739938080493,0.0,0.0,0.4117647058823529,0.0,0.0,1.3746130030959753,0.28792569659442724,0.0,0.0,0.015479876160990712,0.0,12.507739938080496,0.0,3.523219814241486,0.0,4.30030959752322,0.8792569659442725,0.030959752321981424,3.1609907120743035,0.0,0.0,0.0,0.0,0.0,0.0,13.06501547987616,1.4024767801857585,0.0,0.0,0.07739938080495357,0.0,0.2755417956656347,0.43343653250773995,0.3065015479876161,0.04024767801857585,2.0123839009287927
1751,1179,6,0.3452631578947368,0.07157894736842105,0.9642105263157895,2.463157894736842,0.0,0.0,0.0,0.0,0.0,0.0,0.0,0.0,0.0,0.008421052631578947,0.0,0.0,0.0,0.0,0.0,10.130526315789474,0.002105263157894737,1.3873684210526316,0.0,1.6126315789473684,0.7115789473684211,0.24421052631578946,7.082105263157895,0.0,0.0,0.0,0.0,0.0,0.0,12.59578947368421,1.1621052631578948,0.0,0.0,0.14526315789473684,0.0,0.6484210526315789,0.5873684210526315,0.0,0.008421052631578947,0.0
1757,761,4,0.37920489296636084,0.07339449541284404,1.070336391437309,3.0458715596330275,0.0,0.0,0.0,0.1651376146788991,0.0,0.0,0.3333333333333333,0.0,0.39755351681957185,1.3730886850152906,0.7492354740061162,0.0,0.0,0.0,0.0,12.730886850152904,0.07033639143730887,2.165137614678899,0.0,4.489296636085627,1.72782874617737,0.5779816513761468,7.302752293577981,0.0,0.0,0.3211009174311927,0.0,0.6024464831804281,0.0,15.061162079510703,1.6269113149847094,0.0,0.0,0.10091743119266056,0.3241590214067278,0.27522935779816515,0.47706422018348627,0.0,0.045871559633027525,4.299694189602446
1756,854,4,0.4748700173310225,0.06412478336221837,0.779896013864818,2.4020797227036397,0.0,0.0,0.0,0.0,0.0,0.0,0.06239168110918544,0.0,0.0,0.28596187175043325,0.09185441941074524,0.0,0.0,0.0,0.0,8.351819757365684,0.0415944540727903,1.9220103986135182,0.0,7.036395147313692,1.1039861351819757,0.6308492201039861,5.220103986135182,0.0,0.0,0.30155979202772965,0.0,0.0,0.0,12.119584055459272,1.3639514731369151,0.0,0.3292894280762565,0.0,0.0,0.43327556325823224,0.389948006932409,0.0,0.02079722703639515,2.249566724436742
1752,946,4,0.4513888888888889,0.07465277777777778,0.5017361111111112,2.3506944444444446,0.0,0.0,0.0,0.0,0.0,0.0,0.0,0.0,0.0,0.0,0.0,0.0,0.0,0.0,0.0,11.675347222222221,0.05555555555555555,1.7170138888888888,0.0,9.366319444444445,1.3489583333333333,0.019097222222222224,3.828125,0.0,0.0,0.0,0.0,0.0,0.0,11.637152777777779,1.4878472222222223,0.0,0.0,0.125,0.0,0.6180555555555556,0.5104166666666666,0.0,0.03125,0.029513888888888888
1757,209,4,0.3651226158038147,0.0681198910081744,0.6348773841961853,2.542234332425068,0.0,0.0,0.0,0.0,0.0,0.0,0.0,0.0,0.0,0.0,0.0,0.0,0.0,0.0,0.0,7.580381471389646,0.0,2.0790190735694822,0.0,4.4577656675749315,1.228882833787466,0.0681198910081744,3.629427792915531,0.0,0.0,0.0,0.0,0.0,0.0,12.814713896457766,1.681198910081744,0.0,0.0,0.10354223433242507,0.0,0.21525885558583105,0.5395095367847411,0.0,0.01634877384196185,0.0
1754,1050,4,0.4317343173431734,0.07749077490774908,0.45387453874538747,2.7835178351783516,0.0,0.0,0.0,0.0,0.0,0.0,0.033210332103321034,0.0,0.03444034440344403,0.3161131611316113,0.11316113161131611,0.0,0.0,0.0,0.0,11.781057810578107,0.0,1.7281672816728166,0.0,6.217712177121771,1.7478474784747848,0.0984009840098401,4.6113161131611315,0.0,0.0,0.0,0.1931119311193112,0.0,0.0,12.488314883148831,1.937269372693727,0.0,0.04428044280442804,0.04551045510455105,0.0,0.4046740467404674,0.4108241082410824,0.0,0.01845018450184502,0.5904059040590406
1753,1443,11,0.34444444444444444,0.05555555555555555,1.4259259259259258,3.137037037037037,0.0,0.0,0.0,0.0,0.0,0.0,0.009259259259259259,0.0,0.0,0.24814814814814815,0.018518518518518517,0.0,0.0,0.0,0.0,10.922222222222222,0.06666666666666667,2.362962962962963,0.0,4.861111111111111,1.5740740740740742,0.10925925925925926,5.388888888888889,0.0,0.0,0.040740740740740744,0.0,0.0,0.0,14.222222222222221,1.6555555555555554,0.0,0.046296296296296294,0.0,0.0,0.35,0.5370370370370371,0.0,0.040740740740740744,0.0
1750,1785,4,0.40145985401459855,0.10948905109489052,0.5656934306569343,4.594890510948905,0.0,0.15328467153284672,0.0,0.0,0.0,0.0,0.0,0.0,0.0,0.5948905109489051,0.0,0.0,0.0,0.0,0.0,14.908759124087592,0.0,1.7773722627737227,0.0,8.22992700729927,2.8686131386861313,0.46715328467153283,3.408759124087591,0.0,0.0,0.5109489051094891,0.0036496350364963502,0.0,3.5328467153284673,20.324817518248175,2.372262773722628,0.0,0.12043795620437957,0.06204379562043796,0.0,0.6788321167883211,0.5364963503649635,0.0,0.058394160583941604,4.193430656934306
1755,472,12,0.41935483870967744,0.07526881720430108,0.43010752688172044,2.053763440860215,0.0,0.0,0.0,0.0,0.0,0.0,0.0,0.0,0.0,0.0,0.0,0.0,0.0,0.0,0.0,2.827956989247312,0.0,1.913978494623656,0.0,2.870967741935484,0.8064516129032258,0.3870967741935484,5.064516129032258,0.0,0.021505376344086023,0.0967741935483871,0.0,0.0,0.0,15.806451612903226,1.4516129032258065,0.0,0.0,0.0,0.0,0.0,0.5698924731182796,0.0,0.053763440860215055,0.0
1750,1940,4,7.271317829457364,0.06589147286821706,0.5658914728682171,2.887596899224806,0.0,0.0,0.0,0.6472868217054264,0.0,0.0,0.0,0.0,0.0,0.5503875968992248,0.1434108527131783,0.0,0.0,0.09302325581395349,0.0,4.0813953488372094,0.0,2.852713178294574,0.0,3.63953488372093,1.3837209302325582,0.5232558139534884,8.337209302325581,0.0,0.0,0.015503875968992248,0.0,0.0,0.0,14.220930232558139,1.7868217054263567,0.0,0.011627906976744186,0.09689922480620156,0.0,0.8565891472868217,0.5310077519379846,0.0,5.89922480620155,5.62015503875969
1756,314,15,0.7011494252873564,0.10344827586206896,0.1724137931034483,5.114942528735632,0.0,0.0,0.0,0.0,0.0,0.0,0.0,0.0,0.0,0.28735632183908044,0.0,0.0,0.0,0.0,0.0,15.068965517241379,0.0,3.4482758620689653,0.0,19.666666666666668,3.045977011494253,0.0,3.9080459770114944,0.0,0.0,0.3563218390804598,0.0,0.0,0.0,24.586206896551722,2.7471264367816093,0.0,0.0,0.0,0.0,1.206896551724138,0.6436781609195402,0.0,0.05747126436781609,0.0
1761,1418,4,0.4265975820379965,0.07081174438687392,0.6666666666666666,2.7184801381692574,0.0,0.0,0.0,0.3955094991364421,0.0,0.0,0.0,0.0,0.0,0.39378238341968913,0.15198618307426598,0.0,0.0,0.0,0.0,14.68566493955095,0.0069084628670120895,2.94300518134715,0.0,3.609671848013817,1.1433506044905009,0.17962003454231434,6.932642487046632,0.0,0.0,0.0,0.0,0.0,0.0,11.05699481865285,1.4058721934369602,0.0,0.012089810017271158,0.024179620034542316,0.0,0.3281519861830743,0.4421416234887737,0.0,0.027633851468048358,0.46113989637305697
1760,1647,4,0.4735249621785174,0.09228441754916793,0.18305597579425115,4.372163388804841,0.0,0.0,0.0,0.0,0.0,0.0,0.04236006051437216,0.0,0.0,0.2344931921331316,0.0529500756429652,0.0,0.0,0.0,0.1437216338880484,11.97730711043873,0.0,1.7851739788199696,0.0,12.40695915279879,3.222390317700454,0.03177004538577912,3.361573373676248,0.0,0.0,0.01664145234493192,0.19969742813918306,0.0,0.0,22.133131618759457,2.8199697428139183,0.0,0.0,0.0,0.015128593040847202,0.7670196671709532,0.5249621785173979,0.0,0.02723146747352496,0.006051437216338881
1764,815,4,0.44923857868020306,0.08121827411167512,0.1751269035532995,2.5862944162436547,0.0,0.0,0.0,0.08883248730964467,0.0,0.0,0.0,0.0,0.0,0.2969543147208122,0.030456852791878174,0.0,0.04314720812182741,0.1218274111675127,0.0,10.657360406091371,0.0,3.50253807106599,0.0,11.203045685279188,1.2944162436548223,0.2182741116751269,6.017766497461929,0.0,0.0,0.46446700507614214,0.0,0.0,0.0,15.784263959390863,1.4035532994923858,0.0,0.0,0.1802030456852792,0.0,0.6573604060913706,0.5761421319796954,0.0,0.04568527918781726,0.25888324873096447
1763,1721,2,0.4619188921859545,0.08110781404549951,0.5519287833827893,3.287833827893175,0.0,0.0,0.0,0.0,0.0,0.0,0.0,0.0,0.0,0.0,0.0,0.0,0.0,0.0,0.0,11.269040553907022,0.0,1.8259149357072206,0.0,5.7339268051434225,2.2611275964391693,0.11770524233432245,3.588526211671612,0.0,0.04451038575667656,0.09099901088031652,0.058358061325420374,0.0,0.0,15.332344213649852,2.2166172106824926,0.0,0.10286844708209693,0.03857566765578635,0.0,0.39564787339268054,0.5074183976261127,0.0,0.027695351137487636,0.2413452027695351
1761,997,5,0.6677018633540373,0.06366459627329192,0.531055900621118,2.6350931677018634,0.0,0.006211180124223602,0.0,0.09161490683229814,0.0,0.024844720496894408,0.0,0.09161490683229814,0.0,0.16304347826086957,0.04813664596273292,0.0,0.0,0.013975155279503106,0.0,5.4145962732919255,0.0,2.0031055900621118,0.0,3.593167701863354,2.2531055900621118,0.09782608695652174,3.4642857142857144,0.0,0.0,0.0,0.0,0.0,0.003105590062111801,16.295031055900623,1.5900621118012421,0.0,0.0,0.003105590062111801,0.0,0.2639751552795031,0.5854037267080745,1.173913043478261,0.046583850931677016,2.248447204968944
1759,1254,4,0.3346774193548387,0.09274193548387097,0.655241935483871,4.26008064516129,0.0,0.0,0.0,0.004032258064516129,0.0,0.0,0.28830645161290325,0.0,0.16733870967741934,1.4516129032258065,0.8346774193548387,0.0,0.0,0.0,0.0,9.173387096774194,0.0,1.6814516129032258,0.1592741935483871,5.709677419354839,4.425403225806452,0.11491935483870967,4.473790322580645,0.0,0.0,0.08669354838709678,0.0,0.0,0.0,19.60282258064516,2.844758064516129,0.0,0.09879032258064516,0.10685483870967742,0.08266129032258064,0.3245967741935484,0.5685483870967742,0.0,0.07258064516129033,0.0
1768,1561,12,0.36830357142857145,0.10044642857142858,0.5022321428571429,3.549107142857143,0.0,0.0,0.0,0.0,0.0,0.0,0.0,0.0,0.0,0.015625,0.0,0.0,0.0,0.0,0.0,10.316964285714286,0.0,2.142857142857143,0.0,9.247767857142858,1.671875,0.06473214285714286,5.484375,0.0,0.0,0.17857142857142858,0.002232142857142857,0.0,0.0,17.589285714285715,2.345982142857143,0.0,0.008928571428571428,0.0,0.0,0.6294642857142857,0.5223214285714286,0.0,0.022321428571428572,0.013392857142857142
1764,1936,4,0.41022280471821754,0.08781127129750983,0.47182175622542594,2.9960681520314547,0.0,0.04849279161205767,0.0,0.6972477064220184,0.0,0.0,0.02490170380078637,0.0,0.06028833551769332,0.9423328964613368,0.3564875491480996,0.0,0.08650065530799476,0.7863695937090432,0.0,8.515072083879422,0.007863695937090432,2.9436435124508518,0.0,8.34862385321101,2.395806028833552,0.30013106159895153,4.517693315858454,0.0,0.0,0.03145478374836173,0.0,0.0,0.0,17.53211009174312,1.6867627785058978,0.0,0.0,0.19003931847968544,0.009174311926605505,0.598951507208388,0.54521625163827,0.00655307994757536,0.045871559633027525,3.9947575360419396
1757,1955,4,0.6681818181818182,0.08636363636363636,0.3886363636363636,3.590909090909091,0.0,0.0,0.0,0.125,0.0,0.0,0.0,0.0,0.0,0.75,0.2681818181818182,0.0,0.0,0.0,0.0,11.277272727272727,0.00909090909090909,3.690909090909091,0.0,14.447727272727272,1.6022727272727273,0.3977272727272727,5.9772727272727275,0.0,0.0,0.056818181818181816,0.0,0.0,0.10681818181818181,20.986363636363638,2.125,0.0,0.0,0.0,0.0,1.0386363636363636,0.5931818181818181,0.0,0.029545454545454545,0.08863636363636364
1759,1462,4,0.8267148014440433,0.06859205776173286,0.555956678700361,3.0541516245487363,0.0,0.0,0.018050541516245487,0.22021660649819494,0.0,0.0,0.0,0.0,0.0,0.30685920577617326,0.04332129963898917,0.0,0.0,0.0,0.0,9.588447653429602,0.0036101083032490976,4.76173285198556,0.0,8.707581227436823,1.8014440433212997,0.37906137184115524,5.469314079422382,0.13357400722021662,0.0,0.36462093862815886,0.0,0.0,0.0,17.133574007220215,1.703971119133574,0.0,0.0,0.0,0.0,0.5812274368231047,0.5848375451263538,0.0,0.036101083032490974,0.0
1764,1499,12,0.42244224422442245,0.06930693069306931,0.6666666666666666,3.165016501650165,0.0,0.033003300330033,0.0,0.056105610561056105,0.0,0.0,0.006600660066006601,0.0,0.0,0.5610561056105611,0.2376237623762376,0.0,0.0,0.0,0.0858085808580858,7.877887788778878,0.0,2.4158415841584158,0.0,8.290429042904291,1.4158415841584158,0.3465346534653465,6.313531353135313,0.0,0.0,0.0429042904290429,0.0,0.0,0.24422442244224424,17.006600660066006,1.7524752475247525,0.0,0.19471947194719472,0.0,0.0,0.5544554455445545,0.5379537953795379,0.0,0.039603960396039604,0.9042904290429042
1755,1919,11,0.43741209563994377,0.07172995780590717,0.27285513361462727,3.8466947960618847,0.0,0.04219409282700422,0.0,1.1434599156118144,0.0,0.0,0.0,0.0,0.02390998593530239,0.9282700421940928,0.2967651195499297,0.0,0.0,0.29535864978902954,0.0,11.064697609001406,0.029535864978902954,7.182841068917019,0.0,12.924050632911392,3.962025316455696,0.2180028129395218,5.279887482419128,0.0,0.0,0.05625879043600562,0.0,0.0,0.0,18.724331926863574,2.20393811533052,0.0,0.03938115330520394,0.02812939521800281,0.0,1.0675105485232068,0.559774964838256,0.0,0.06188466947960619,2.821378340365682
1756,1322,4,0.5989847715736041,0.09644670050761421,0.10152284263959391,4.8578680203045685,0.0,0.0,0.0,0.06091370558375635,0.0,0.0,0.0,0.0,0.0,1.131979695431472,0.24873096446700507,0.0,0.0,0.0,0.0,10.746192893401016,0.0,2.5380710659898478,0.0,3.9289340101522843,3.5786802030456855,0.4010152284263959,3.730964467005076,0.0,0.0,0.15736040609137056,0.0,0.0,1.263959390862944,24.289340101522843,2.532994923857868,0.0,0.0,0.0,0.0,0.5329949238578681,0.5939086294416244,0.0,0.050761421319796954,1.0558375634517767
1759,531,15,0.44672131147540983,0.08196721311475409,0.36065573770491804,2.3811475409836067,0.0,0.0,0.0,0.0,0.0,0.0,0.0,0.0,0.0,0.0,0.0,0.0,0.0,0.0,0.0,7.647540983606557,0.0,1.7295081967213115,0.0,7.69672131147541,1.1188524590163935,0.3483606557377049,5.151639344262295,0.0,0.0,0.1721311475409836,0.0,0.0,0.0,12.545081967213115,1.3688524590163935,0.0,0.15163934426229508,0.15163934426229508,0.0,0.4426229508196721,0.5409836065573771,0.0,0.028688524590163935,0.0
1758,1156,4,0.4061433447098976,0.05802047781569966,0.8498293515358362,2.4436860068259385,0.0,0.017064846416382253,0.0,0.4334470989761092,0.0,0.0,0.0,0.0,0.0,1.4027303754266212,0.11262798634812286,0.0,0.0,0.0,0.3447098976109215,9.35494880546075,0.0,2.054607508532423,0.0,1.515358361774744,1.1262798634812288,0.6689419795221843,6.160409556313994,0.0,0.0,0.0,0.0,0.0,0.0,10.518771331058021,1.1126279863481228,0.0,0.0,0.1296928327645051,0.0,0.0,0.4948805460750853,0.0,0.04436860068259386,4.948805460750854
1765,1231,4,0.4302788844621514,0.06772908366533864,1.653386454183267,3.099601593625498,0.0,0.0,0.0,0.043824701195219126,0.0,0.0,0.0,0.0,0.0,0.33067729083665337,0.0,0.0,0.0,0.0,0.0,8.48605577689243,0.08764940239043825,1.7689243027888446,0.0,6.780876494023905,1.800796812749004,1.047808764940239,7.223107569721115,0.10358565737051793,0.0,0.12749003984063745,0.0,0.0,0.0,15.693227091633466,2.00796812749004,0.0,0.0,0.02390438247011952,0.0,0.4820717131474104,0.6254980079681275,0.0,0.05976095617529881,0.0
1758,1364,4,0.4346153846153846,0.1,0.5980769230769231,3.673076923076923,0.0,0.0,0.0,0.0,0.0,0.0,0.0,0.0,0.0,0.0,0.0,0.0,0.0,0.0,0.0,12.8,0.0038461538461538464,1.8134615384615385,0.0,9.36923076923077,2.6557692307692307,0.1519230769230769,3.8884615384615384,0.0,0.0,0.1326923076923077,0.11730769230769231,0.0,0.0,18.713461538461537,2.5134615384615384,0.0,0.0,0.0,0.0,0.5807692307692308,0.5692307692307692,0.0,0.03076923076923077,0.0
1770,1885,4,0.42083333333333334,0.029166666666666667,0.85,3.345833333333333,0.0,0.0,0.0,0.029166666666666667,0.0,0.0,0.0,0.0,0.0,0.32083333333333336,0.0,0.0,0.0,0.0,0.0,8.841666666666667,0.0375,1.6708333333333334,0.0,5.666666666666667,1.1791666666666667,0.0,2.9375,0.0,0.0,0.0,0.0,0.0,0.0,16.541666666666668,1.9625,0.0,0.0125,0.016666666666666666,0.0,0.2875,0.625,0.0,0.020833333333333332,0.0
1758,786,4,0.6196078431372549,0.09019607843137255,0.7058823529411765,3.2601307189542483,0.0,0.0,0.0,0.0,0.0,0.0,0.0,0.0,0.0,0.0,0.0,0.0,0.0,0.0,0.0,9.7359477124183,0.03790849673202614,2.4836601307189543,0.0,9.920261437908497,1.6784313725490196,0.2222222222222222,4.777777777777778,0.0,0.023529411764705882,0.18823529411764706,0.0,0.0,0.0,18.338562091503267,1.8248366013071895,0.0,0.0,0.0,0.0,0.6509803921568628,0.5594771241830065,0.0,0.047058823529411764,0.0
1759,1393,4,0.518918918918919,0.043243243243243246,0.2,2.189189189189189,0.0,0.0,0.0,0.0,0.0,0.0,0.0,0.0,0.0,0.0,0.0,0.0,0.0,0.0,0.0,3.9135135135135135,0.0,1.8108108108108107,0.0,1.481081081081081,0.08108108108108109,0.1945945945945946,3.8702702702702703,0.0,0.0,0.043243243243243246,0.0,0.0,0.0,10.491891891891893,1.0108108108108107,0.0,0.016216216216216217,0.0,0.0,0.0,0.42702702702702705,0.0,0.010810810810810811,0.0
1770,1906,4,0.35570469798657717,0.087248322147651,0.7315436241610739,3.523489932885906,0.0,0.0,0.0,0.0,0.0,0.0,0.006711409395973154,0.0,0.0,0.0,0.0,0.0,0.0,0.0,0.0,10.832214765100671,0.0,1.436241610738255,0.0,5.382550335570469,1.1409395973154361,0.0,5.651006711409396,0.0,0.0,0.0,0.0,0.0,0.0,16.248322147651006,1.738255033557047,0.0,0.0,0.0,0.0,0.5436241610738255,0.42953020134228187,0.0,0.006711409395973154,0.0
1772,41,4,0.6002766251728907,0.08713692946058091,0.5477178423236515,3.9944674965421854,0.0,0.0,0.0,0.0013831258644536654,0.0,0.0,0.0,0.0,0.0,0.040110650069156296,0.024896265560165973,0.0,0.0,0.0,0.0,11.663900414937759,0.0677731673582296,2.5352697095435683,0.0,8.334716459197788,2.1576763485477177,0.33748271092669435,4.781466113416321,0.0,0.02627939142461964,0.06224066390041494,0.14661134163208853,0.0,0.027662517289073305,22.107883817427386,2.2489626556016598,0.0,0.06224066390041494,0.0,0.0,0.5726141078838174,0.5532503457814661,0.0,0.02351313969571231,0.0
1759,1796,4,0.5053635280095352,0.07508939213349225,0.4374255065554231,2.092967818831943,0.0,0.0,0.0,0.0011918951132300357,0.0,0.0,0.0,0.0,0.0,0.017878426698450536,0.0,0.0,0.0,0.0,0.0,11.091775923718712,0.0,1.859356376638856,0.0,4.814064362336114,0.8057210965435042,0.12514898688915377,3.3170441001191895,0.0,0.0,0.0,0.1799761620977354,0.0,0.0,10.01668653158522,1.2431466030989273,0.0,0.14898688915375446,0.010727056019070322,0.0,0.24433849821215733,0.399284862932062,0.0,0.01907032181168057,0.0
1764,429,12,0.631578947368421,0.08552631578947369,0.09868421052631579,2.7828947368421053,0.0,0.0,0.0,0.0,0.0,0.0,0.0,0.0,0.0,0.0,0.0,0.0,0.0,0.0,0.0,5.940789473684211,0.0,2.2565789473684212,0.0,3.7697368421052633,1.0921052631578947,0.1118421052631579,4.25,0.0,0.0,0.09868421052631579,0.0,0.0,0.0,17.467105263157894,1.5855263157894737,0.0,0.0,0.0,0.0,0.10526315789473684,0.5986842105263158,0.0,0.019736842105263157,0.0
1771,629,2,0.35691318327974275,0.08038585209003216,0.3858520900321543,2.167202572347267,0.0,0.09003215434083602,0.0,0.8810289389067524,0.0,0.0,0.0,0.0,0.0,1.135048231511254,0.4115755627009646,0.0,0.0,0.14790996784565916,0.0,8.411575562700964,0.022508038585209004,12.009646302250804,0.0,4.141479099678457,1.0160771704180065,0.24437299035369775,5.086816720257235,0.0,0.0,0.0,0.0,0.0,0.0,10.62700964630225,0.8585209003215434,0.0,0.05787781350482315,0.05466237942122187,0.0,0.7009646302250804,0.5080385852090032,0.0,0.06430868167202572,2.598070739549839
1760,1856,4,0.3713490959666203,0.06815020862308763,0.4089012517385257,2.3504867872044506,0.0,0.0,0.0,0.11404728789986092,0.0,0.0,0.0027816411682892906,0.09318497913769123,0.0,0.1474269819193324,0.030598052851182198,0.0,0.0,0.04450625869262865,0.0,7.905424200278164,0.0,1.8831710709318499,0.0,4.62865090403338,1.3616133518776077,0.008344923504867872,4.186369958275383,0.0,0.0,0.0,0.0,0.0,0.0,11.774687065368568,1.3755215577190543,0.0,0.0,0.025034770514603615,0.0,0.35465924895688455,0.4520166898470097,1.3810848400556328,0.02642559109874826,7.5326842837273995
1766,681,11,0.4673913043478261,0.05434782608695652,0.657608695652174,2.135869565217391,0.0,0.0,0.0,0.0,0.0,0.0,0.0,0.0,0.0,0.005434782608695652,0.0,0.0,0.0,0.03260869565217391,0.0,5.038043478260869,0.0,2.0652173913043477,0.0,2.0217391304347827,0.15760869565217392,0.266304347826087,6.157608695652174,0.0,0.010869565217391304,0.5054347826086957,0.0,0.0,0.0,12.76086956521739,1.0326086956521738,0.0,0.0,0.32065217391304346,0.0,0.0,0.6195652173913043,0.0,0.016304347826086956,0.0
1774,706,4,0.39913232104121477,0.09544468546637744,0.08676789587852494,3.9154013015184383,0.10845986984815618,0.0,0.0,0.29718004338394793,0.0,0.0,0.0,0.0,0.0,0.6008676789587852,0.23427331887201736,0.0,0.7787418655097614,0.6420824295010846,0.0,10.336225596529284,0.0,1.5704989154013016,0.0,5.709327548806941,3.3926247288503255,2.9891540130151846,3.1019522776572668,0.0,0.0,0.0824295010845987,0.0,0.0,1.911062906724512,16.739696312364426,2.3774403470715835,0.0,0.0,0.01735357917570499,0.0,0.4945770065075922,0.4490238611713666,0.0,0.0650759219088937,3.598698481561822
1764,1131,4,0.42758620689655175,0.07862068965517241,0.833103448275862,2.6703448275862067,0.0,0.0,0.0,0.004137931034482759,0.0,0.0,0.006896551724137931,0.0,0.01793103448275862,0.21793103448275863,0.04827586206896552,0.0,0.0,0.0,0.0,13.289655172413793,0.0,1.9917241379310344,0.0,8.902068965517241,1.1944827586206896,0.3489655172413793,5.151724137931034,0.0,0.020689655172413793,0.2675862068965517,0.0,0.0,0.0,11.827586206896552,1.3144827586206898,0.0,0.5282758620689655,0.023448275862068966,0.0,0.5282758620689655,0.4910344827586207,0.0,0.022068965517241378,0.20275862068965517
1758,1770,4,0.3879781420765027,0.060109289617486336,1.2404371584699454,2.19672131147541,0.0,0.0,0.0,0.0,0.0,0.0,0.0,0.0,0.0,0.0,0.0,0.0,0.0,0.0,0.0,8.256830601092895,0.0,1.355191256830601,0.0,0.9781420765027322,0.47540983606557374,0.34972677595628415,6.918032786885246,0.0,0.0,0.0,0.0,0.0,0.0,11.737704918032787,1.0546448087431695,0.0,0.0,0.01639344262295082,0.0,0.7103825136612022,0.5027322404371585,0.0,0.01639344262295082,0.0
1775,460,4,0.6136363636363636,0.09090909090909091,0.5909090909090909,4.443181818181818,0.0,0.0,0.0,0.0,0.0,0.0,0.07954545454545454,0.0,0.0,0.2159090909090909,0.045454545454545456,0.0,0.0,0.0,0.1590909090909091,14.306818181818182,0.0,1.9772727272727273,0.0,20.78409090909091,3.1818181818181817,0.32954545454545453,4.659090909090909,0.0,0.0,0.4772727272727273,0.0,0.0,0.0,23.761363636363637,2.375,0.0,0.5568181818181818,0.0,0.0,1.3522727272727273,0.6704545454545454,0.0,0.03409090909090909,0.0
1779,1210,4,2.299338999055713,0.09442870632672333,0.5599622285174694,3.2077431539187913,0.0,0.0,0.0,0.07837582625118036,0.0,0.0,0.0,0.0,0.0,0.16902738432483475,0.08026440037771483,0.0,0.0,0.04154863078375826,0.0,13.015108593012275,0.0028328611898017,3.2653446647780924,0.0,7.138810198300283,1.954674220963173,0.18602455146364494,3.697828139754485,0.0,0.0,0.1397544853635505,0.26534466477809254,0.0,0.0,13.128423040604345,1.8838526912181304,0.0,0.10764872521246459,0.0169971671388102,0.0,0.7233238904627006,0.5750708215297451,0.0679886685552408,1.052880075542965,1.2162417374881964
1772,1376,4,0.3861751152073733,0.08940092165898618,0.5898617511520737,4.090322580645161,0.0,0.0,0.0,0.0,0.0,0.0,0.0,0.0,0.0,0.02304147465437788,0.0,0.0,0.0,0.0,0.005529953917050691,13.64516129032258,0.025806451612903226,1.8866359447004608,0.0,6.952995391705069,3.2285714285714286,0.223963133640553,3.7723502304147467,0.0,0.0,0.03778801843317972,0.19447004608294932,0.0,0.0,18.951152073732718,2.5797235023041476,0.0,0.08294930875576037,0.0,0.0,0.423963133640553,0.5087557603686635,0.0,0.02488479262672811,0.04976958525345622
1763,930,4,0.4036697247706422,0.06422018348623854,0.6,3.1743119266055047,0.0,0.0,0.0,0.003669724770642202,0.0,0.0,0.0,0.0,0.0,0.10825688073394496,0.027522935779816515,0.0,0.0,0.0,0.0,10.788990825688073,0.0,1.7486238532110092,0.0,7.746788990825688,1.5302752293577981,0.09174311926605505,2.8788990825688074,0.0,0.0,0.01834862385321101,0.0,0.0,0.0,16.420183486238532,1.9211009174311926,0.0,0.0,0.05137614678899083,0.0,0.5669724770642202,0.5357798165137615,0.0,0.014678899082568808,0.0
1766,1100,4,0.3333333333333333,0.049019607843137254,1.0588235294117647,1.8823529411764706,0.0,0.0,0.0,0.0,0.0,0.0,0.18627450980392157,0.0,0.0,0.8627450980392157,0.4803921568627451,0.0,0.0,0.0,0.0,7.2745098039215685,0.18627450980392157,2.372549019607843,0.0,2.303921568627451,0.6372549019607843,0.12745098039215685,4.813725490196078,0.0,0.0,0.0,0.0,0.0,0.0,9.431372549019608,1.0294117647058822,0.0,0.0,0.10784313725490197,0.0,0.0196078431372549,0.49019607843137253,0.0,0.049019607843137254,0.058823529411764705
1770,1479,4,0.44106463878326996,0.08365019011406843,1.0076045627376427,2.935361216730038,0.0,0.0,0.0,0.0,0.0,0.0,0.0,0.0,0.0,0.015209125475285171,0.0,0.0,0.0,0.0,0.0,9.570342205323193,0.03802281368821293,2.0152091254752853,0.0,8.114068441064639,1.7566539923954372,0.22813688212927757,5.155893536121673,0.0,0.0,0.0,0.0,0.0,0.0,14.220532319391635,1.7452471482889733,0.0,0.0,0.015209125475285171,0.0,0.6653992395437263,0.532319391634981,0.0,0.03802281368821293,0.0
1770,1743,11,0.49866666666666665,0.09333333333333334,0.5706666666666667,4.029333333333334,0.0,0.0,0.0,0.07733333333333334,0.0,0.0,0.008,0.0,0.005333333333333333,0.17333333333333334,0.032,0.0,0.0,0.005333333333333333,0.0,11.533333333333333,0.018666666666666668,2.8373333333333335,0.0,8.706666666666667,2.552,0.16,5.832,0.0,0.0,0.176,0.09866666666666667,0.0,0.0,21.152,2.7413333333333334,0.0,0.10933333333333334,0.0,0.0,0.64,0.5466666666666666,0.0,0.034666666666666665,0.048
1768,1781,4,0.56875,0.12291666666666666,0.30833333333333335,5.025,0.0,0.13125,0.0,0.0125,0.0,0.0,0.04583333333333333,0.03125,0.0,1.4416666666666667,0.15833333333333333,0.0,0.0,0.20208333333333334,0.12291666666666666,11.925,0.0,1.8791666666666667,0.0,3.8208333333333333,4.43125,0.125,3.3854166666666665,0.0,0.0,0.05416666666666667,0.0,0.0,2.5145833333333334,25.752083333333335,2.627083333333333,0.0,0.0,0.0,0.014583333333333334,0.43333333333333335,0.5895833333333333,2.6666666666666665,0.08541666666666667,15.625
1766,1065,4,0.5709342560553633,0.11072664359861592,0.48788927335640137,3.6262975778546713,0.0,0.0,0.0,0.0,0.0,0.0,0.0,0.0,0.0,0.0034602076124567475,0.0,0.0,0.0,0.0,0.010380622837370242,11.221453287197232,0.0,2.0449826989619377,0.0,13.98961937716263,1.8512110726643598,0.39100346020761245,4.705882352941177,0.0,0.0,0.2906574394463668,0.0,0.0,0.0,19.885813148788927,2.3356401384083045,0.0,0.1972318339100346,0.0,0.0,0.9100346020761245,0.5813148788927336,0.0,0.01730103806228374,0.0
1772,1352,12,0.32222222222222224,0.1,0.4111111111111111,3.4277777777777776,0.0,0.0,0.0,0.0,0.0,0.0,0.016666666666666666,0.0,0.05555555555555555,0.22777777777777777,0.12222222222222222,0.0,0.0,0.0,0.0,10.1,0.0,2.05,0.0,7.344444444444444,2.6666666666666665,0.0,2.7,0.0,0.0,0.0,0.0,0.044444444444444446,0.0,15.172222222222222,2.261111111111111,0.0,0.0,0.0,0.0,0.5444444444444444,0.5555555555555556,0.0,0.03888888888888889,0.0
1768,275,4,0.38421052631578945,0.11578947368421053,0.75,4.573684210526316,0.0,0.0,0.0,0.5631578947368421,0.0,0.0,0.0,0.0,0.0,0.7368421052631579,0.26052631578947366,0.0,0.0,0.5842105263157895,0.0,12.215789473684211,0.013157894736842105,2.15,0.0,6.076315789473684,4.842105263157895,0.27631578947368424,4.5394736842105265,0.0,0.0,0.11315789473684211,0.0,0.0,0.0,21.928947368421053,2.8131578947368423,0.0,0.26842105263157895,0.0,0.0,0.5236842105263158,0.5552631578947368,0.0,0.06315789473684211,1.3657894736842104
1776,1591,4,0.4418604651162791,0.08970099667774087,0.9036544850498339,2.6843853820598005,0.0,0.0,0.0,0.03322259136212625,0.0,0.0,0.0,0.0,0.0,0.0,0.0,0.0,0.0,0.0,0.0,9.857142857142858,0.0,2.5182724252491693,0.0,4.571428571428571,1.2524916943521596,0.23920265780730898,7.7574750830564785,0.0,0.0,0.0,0.0,0.0,0.0,12.172757475083056,1.5348837209302326,0.0,0.09302325581395349,0.04983388704318937,0.0,0.31893687707641194,0.4318936877076412,0.0,0.019933554817275746,0.0
1771,1762,7,0.44324324324324327,0.0891891891891892,0.7,3.5081081081081082,0.0,0.0013513513513513514,0.0,0.06756756756756757,0.0,0.0,0.0,0.0,0.0,0.08513513513513514,0.01891891891891892,0.0,0.0,0.005405405405405406,0.0,11.104054054054053,0.0,2.177027027027027,0.0,8.29054054054054,1.4256756756756757,0.12702702702702703,4.147297297297297,0.0,0.0972972972972973,0.05810810810810811,0.16756756756756758,0.0,0.0,18.41216216216216,2.1648648648648647,0.0,0.21351351351351353,0.02972972972972973,0.0,0.5891891891891892,0.5013513513513513,0.0,0.033783783783783786,0.016216216216216217
1772,596,12,0.4583333333333333,0.16071428571428573,0.5148809523809523,4.660714285714286,0.0,0.0,0.0,0.023809523809523808,0.0,0.0,0.20535714285714285,0.0,0.0,0.9583333333333334,0.5059523809523809,0.0,0.0,0.25297619047619047,1.068452380952381,18.092261904761905,0.0,2.3363095238095237,0.0,12.577380952380953,3.919642857142857,0.34523809523809523,4.080357142857143,0.0,0.0,0.17559523809523808,0.0,0.0,0.08928571428571429,24.764880952380953,2.7232142857142856,0.0,0.1130952380952381,0.0,0.15178571428571427,0.8898809523809523,0.5505952380952381,0.0,0.10119047619047619,7.744047619047619
1782,1178,4,0.37317073170731707,0.07804878048780488,0.012195121951219513,2.5926829268292684,0.0,0.13170731707317074,0.0,0.8390243902439024,0.0,0.0,0.01707317073170732,0.0,0.0,0.7609756097560976,0.1902439024390244,0.0,0.0,0.35121951219512193,0.0,8.834146341463414,0.0,5.429268292682927,0.0,4.521951219512195,2.3292682926829267,0.09024390243902439,3.375609756097561,0.0,0.0,0.0,0.0,0.0,0.0,13.324390243902439,1.5365853658536586,0.0,0.0,0.0951219512195122,0.0,0.5829268292682926,0.44878048780487806,0.2,0.05853658536585366,7.646341463414634
1778,362,4,0.411070780399274,0.06896551724137931,0.41379310344827586,3.4147005444646097,0.0,0.0,0.0,0.004537205081669692,0.0,0.0,0.009074410163339383,0.0,0.009981851179673321,0.39473684210526316,0.020871143375680582,0.0,0.0,0.0,0.0,10.31760435571688,0.010889292196007259,2.0172413793103448,0.0,8.9010889292196,2.174228675136116,0.31851179673321234,4.868421052631579,0.0,0.0,0.0852994555353902,0.0,0.0,0.0,16.896551724137932,2.1279491833030852,0.0,0.024500907441016333,0.0,0.0018148820326678765,0.6279491833030852,0.5362976406533575,0.0,0.02631578947368421,0.0
1774,1845,4,0.41495124593716143,0.10184182015167931,0.323943661971831,4.173347778981582,0.0,0.0,0.0,0.0032502708559046588,0.0,0.0,0.0,0.0,0.0,0.007583965330444204,0.0,0.0,0.0,0.0,0.0,18.45937161430119,0.0,1.1180931744312026,0.0,8.240520043336945,2.2795232936078005,0.41170097508125675,5.881906825568797,0.0,0.0,0.0,0.0,0.0,0.0,16.70530877573131,2.1397616468039002,0.0,0.5926327193932828,0.021668472372697724,0.0,0.4452871072589382,0.8602383531960996,0.0,0.0314192849404117,0.0
1786,652,12,0.522202486678508,0.07815275310834814,0.7229129662522202,3.4262877442273534,0.0,0.0,0.0,0.0,0.0,0.0,0.0,0.0,0.0,0.037300177619893425,0.0017761989342806395,0.0,0.0,0.0,0.0,12.330373001776199,0.0,2.003552397868561,0.0,4.808170515097691,1.1314387211367674,0.3623445825932504,5.140319715808171,0.0,0.012433392539964476,0.11545293072824156,0.20071047957371227,0.0,0.0,18.13854351687389,1.6802841918294849,0.0,0.13143872113676733,0.02486678507992895,0.0,0.32326820603907636,0.605683836589698,0.0,0.02664298401420959,0.0
1778,1266,4,0.41231593038821956,0.08969210174029452,0.0107095046854083,2.8032128514056227,0.0,0.09236947791164658,0.0,0.8688085676037484,0.0,0.0,0.0,0.0,0.0,1.1124497991967872,0.34404283801874164,0.0,0.07630522088353414,0.6693440428380187,0.0,9.995983935742972,0.0,3.781793842034806,0.0,3.8273092369477912,2.0642570281124497,0.1713520749665328,3.6639892904953144,0.0,0.0,0.0,0.0,0.0,0.12985274431057564,13.410977242302543,1.6238286479250335,0.0,0.0,0.27710843373493976,0.0,0.6680053547523427,0.46720214190093706,0.0107095046854083,0.0535475234270415,6.92235609103079
1770,792,4,0.42700729927007297,0.08029197080291971,0.5985401459854015,3.3996350364963503,0.0,0.0,0.0,0.04927007299270073,0.0,0.0,0.0,0.0,0.0,0.02737226277372263,0.005474452554744526,0.0,0.0,0.0,0.0,11.596715328467154,0.0,2.5583941605839415,0.0,10.591240875912408,1.7153284671532847,0.16423357664233576,5.625912408759124,0.0,0.0,0.12226277372262774,0.0,0.0,0.0,16.65875912408759,2.0638686131386863,0.0,0.0,0.0,0.0,0.6678832116788321,0.5821167883211679,0.0,0.03102189781021898,0.0
1775,852,4,0.3816793893129771,0.05343511450381679,0.2900763358778626,2.213740458015267,0.0,0.0,0.0,0.0,0.0,0.0,0.0,0.0,0.0,0.0,0.0,0.0,0.0,0.0,0.0,5.893129770992366,0.0,1.8778625954198473,0.0,1.916030534351145,0.3053435114503817,0.35877862595419846,4.732824427480916,0.0,0.0,0.07633587786259542,0.0,0.0,0.0,10.969465648854962,0.9389312977099237,0.0,0.0,0.0,0.0,0.08396946564885496,0.4580152671755725,0.0,0.015267175572519083,0.0
1773,879,4,0.4972067039106145,0.054003724394785846,0.5754189944134078,3.0502793296089385,0.0,0.0,0.0,0.0,0.0,0.0,0.0223463687150838,0.0,0.0,0.05027932960893855,0.0,0.0,0.0,0.0,0.037243947858473,8.830540037243948,0.0446927374301676,1.6517690875232776,0.0,8.318435754189943,1.9851024208566108,0.0,3.2905027932960893,0.0,0.0,0.0,0.0,0.0,0.0,14.17877094972067,1.8901303538175047,0.0,0.0,0.0,0.0,0.4729981378026071,0.4823091247672253,0.0,0.03165735567970205,0.04655493482309125
1772,1294,4,0.3689839572192513,0.058823529411764705,1.5935828877005347,2.7058823529411766,0.0,0.0,0.0,0.0,0.0,0.0,0.0,0.0,0.0,0.0,0.0,0.0,0.0,0.0,0.0,3.518716577540107,0.11229946524064172,1.588235294117647,0.0,2.946524064171123,1.3315508021390374,0.1657754010695187,5.25668449197861,0.0,0.0,0.0,0.0,0.0,0.0,13.62566844919786,1.9946524064171123,0.0,0.06951871657754011,0.0213903743315508,0.0,0.06417112299465241,0.47058823529411764,0.0,0.026737967914438502,1.0909090909090908
1777,155,4,0.3354632587859425,0.038338658146964855,1.1501597444089458,2.1757188498402558,0.0,0.0,0.0,0.0,0.0,0.0,0.0,0.0,0.0,0.0,0.0,0.0,0.0,0.0,0.0,5.907348242811501,0.054313099041533544,1.5399361022364217,0.0,2.8817891373801916,0.43130990415335463,0.28115015974440893,7.738019169329074,0.0,0.0,0.18210862619808307,0.0,0.0,0.0,11.169329073482428,0.8977635782747604,0.0,0.5942492012779552,0.10543130990415335,0.0,0.08945686900958466,0.5431309904153354,0.0,0.02875399361022364,0.0
1769,193,4,0.45253576072821844,0.09102730819245773,0.2886866059817945,3.390117035110533,0.0,0.0,0.0,0.013003901170351105,0.0,0.0,0.0,0.0,0.0,0.022106631989596878,0.0,0.0,0.0,0.002600780234070221,0.0,11.081924577373211,0.0,1.553966189856957,0.0,6.555266579973992,2.6163849154746424,0.02340702210663199,3.5357607282184653,0.0,0.0,0.0,0.10403120936280884,0.0,0.0,15.253576072821847,2.2730819245773732,0.0,0.01950585175552666,0.0,0.0,0.42002600780234073,0.4057217165149545,0.0,0.018205461638491547,0.0247074122236671
1779,773,4,0.46825396825396826,0.06349206349206349,1.373015873015873,2.8412698412698414,0.0,0.0,0.0,0.0,0.0,0.0,0.0,0.0,0.0,0.7222222222222222,0.2698412698412698,0.0,0.0,0.0,0.0,2.9126984126984126,0.0,1.0158730158730158,0.0,3.9682539682539684,2.134920634920635,0.3412698412698413,7.865079365079365,0.0,0.0,0.0,0.0,0.0,0.0,12.714285714285714,1.7380952380952381,0.0,0.3333333333333333,0.0,0.0,0.38095238095238093,0.3968253968253968,0.0,0.06349206349206349,4.674603174603175
1780,938,4,0.5017064846416383,0.040955631399317405,0.8720136518771331,2.2832764505119454,0.0,0.0,0.0,0.0,0.0,0.0,0.0,0.0,0.0,0.0034129692832764505,0.0,0.0,0.0,0.0,0.0,9.319112627986348,0.020477815699658702,2.0665529010238908,0.0,8.979522184300341,1.0,0.40955631399317405,4.022184300341297,0.0,0.0,0.24744027303754265,0.0,0.0,0.0,11.824232081911262,1.3276450511945392,0.0,0.21331058020477817,0.0,0.0,0.5784982935153583,0.515358361774744,0.0,0.02901023890784983,0.005119453924914676
1779,1639,12,0.5389527458492975,0.08556832694763729,0.8991060025542784,3.033205619412516,0.0,0.0,0.0,0.0,0.0,0.0,0.0,0.0,0.0,0.1123882503192848,0.0,0.0,0.0,0.0,0.0,9.480204342273307,0.06257982120051085,2.6411238825031926,0.0,7.422733077905492,2.4022988505747125,0.21583652618135377,4.84418901660281,0.0,0.0,0.0,0.0,0.0,0.0,14.74712643678161,1.7407407407407407,0.0,0.0,0.002554278416347382,0.0,0.43039591315453385,0.5312899106002554,0.0,0.18901660280970625,0.28607918263090676
1773,1799,4,0.433852140077821,0.09922178988326848,0.26264591439688717,3.254863813229572,0.0,0.029182879377431907,0.0,0.38715953307393,0.0,0.0,0.0,0.0,0.06809338521400778,0.6556420233463035,0.20428015564202334,0.0,0.14396887159533073,0.6303501945525292,0.0,8.733463035019454,0.0,5.647859922178989,0.0,9.916342412451362,2.955252918287938,0.25486381322957197,5.346303501945525,0.0,0.019455252918287938,0.03501945525291829,0.0,0.0,0.0,19.912451361867703,1.9630350194552528,0.0,0.05252918287937743,0.08560311284046693,0.0,0.6400778210116731,0.5622568093385214,0.0,0.04474708171206226,3.698443579766537
1776,568,4,0.6094890510948905,0.08759124087591241,0.40145985401459855,3.408759124087591,0.0,0.0,0.0,0.0,0.0,0.0,0.0,0.0,0.0,0.16423357664233576,0.0,0.0,0.0,0.0,0.0,12.543795620437956,0.0,2.3905109489051095,0.0,13.91970802919708,1.8759124087591241,0.2956204379562044,5.934306569343065,0.0,0.0,0.17883211678832117,0.0,0.0,0.0,19.864963503649633,2.204379562043796,0.0,0.18613138686131386,0.01824817518248175,0.0,0.8978102189781022,0.5182481751824818,0.0,0.01824817518248175,0.0
1774,1047,5,0.3700787401574803,0.08923884514435695,0.4225721784776903,2.4803149606299213,0.0,0.0,0.0,0.14435695538057744,0.0,0.0,0.0,0.007874015748031496,0.09711286089238845,0.18635170603674542,0.04199475065616798,0.0,0.0,0.0,0.0,13.46719160104987,0.0,3.648293963254593,0.0,4.083989501312336,1.3070866141732282,0.07874015748031496,5.587926509186352,0.0,0.0,0.18635170603674542,0.0,0.0,0.0,11.669291338582678,1.073490813648294,0.0,0.0,0.015748031496062992,0.0,0.35170603674540685,0.48031496062992124,5.146981627296588,0.026246719160104987,4.3858267716535435
1782,1332,7,0.5,0.07142857142857142,1.5097402597402598,4.516233766233766,0.0,0.0,0.0,0.0,0.0,0.0,0.3246753246753247,0.0,0.3116883116883117,1.25,0.7597402597402597,0.0,0.0,0.0,0.0,7.623376623376624,0.08766233766233766,1.7597402597402598,0.24025974025974026,5.490259740259741,4.058441558441558,0.18181818181818182,5.454545454545454,0.0,0.0,0.05519480519480519,0.0,0.24025974025974026,0.0,21.36038961038961,3.103896103896104,0.0,0.2857142857142857,0.0,0.0,0.36363636363636365,0.5292207792207793,0.0,0.07142857142857142,1.2629870129870129
1781,252,4,0.3622641509433962,0.07169811320754717,0.4075471698113208,2.860377358490566,0.0,0.0,0.0,0.016981132075471698,0.0,0.0,0.1169811320754717,0.0,0.0,0.6132075471698113,0.32452830188679244,0.0,0.0,0.052830188679245285,0.31886792452830187,10.077358490566038,0.0,1.9566037735849056,0.0,9.756603773584906,1.2320754716981133,0.3905660377358491,5.271698113207547,0.0,0.04716981132075472,0.24339622641509434,0.0,0.0,0.0,15.4,1.8037735849056604,0.0,0.11320754716981132,0.007547169811320755,0.0,0.6339622641509434,0.5471698113207547,0.0,0.04716981132075472,0.007547169811320755
1782,1003,12,0.41502463054187194,0.09359605911330049,0.5788177339901478,3.1995073891625614,0.0,0.0,0.0,0.0049261083743842365,0.0,0.0,0.0,0.0,0.0,0.0603448275862069,0.0,0.0,0.0,0.0,0.0,11.864532019704434,0.0,1.9729064039408868,0.0,6.463054187192118,1.7339901477832513,0.11945812807881774,5.596059113300493,0.0,0.0,0.0,0.0,0.0,0.0,14.001231527093596,1.9458128078817734,0.0,0.0049261083743842365,0.13177339901477833,0.0,0.4482758620689655,0.4248768472906404,0.0,0.0332512315270936,0.0
1779,1154,4,0.3553875236294896,0.0888468809073724,0.4914933837429111,2.6219281663516067,0.0,0.0,0.0,0.4120982986767486,0.0,0.0,0.022684310018903593,0.017013232514177693,0.015122873345935728,0.994328922495274,0.05671077504725898,0.0,0.0,0.09262759924385633,0.0,8.733459357277884,0.00945179584120983,1.66351606805293,0.0,1.2911153119092627,1.6446124763705103,0.5822306238185255,3.7901701323251418,0.0,0.0,0.09262759924385633,0.0,0.0,0.2003780718336484,11.76937618147448,1.158790170132325,0.0,0.10586011342155009,0.015122873345935728,0.0,0.062381852551984876,0.5274102079395085,0.22873345935727787,0.04914933837429111,7.177693761814745
1780,1432,4,0.41530054644808745,0.08378870673952642,0.4371584699453552,3.1876138433515484,0.0273224043715847,0.06375227686703097,0.0,0.08196721311475409,0.0,0.0,0.0,0.0,0.0,0.45901639344262296,0.056466302367941715,0.0,0.0,0.0,0.02185792349726776,11.808743169398907,0.007285974499089253,1.657559198542805,0.0,10.910746812386156,3.0327868852459017,1.7431693989071038,5.408014571948998,0.3114754098360656,0.0,0.0,0.0,0.0,0.0,16.018214936247723,2.132969034608379,0.0,0.0,0.056466302367941715,0.0,0.825136612021858,0.546448087431694,0.0,0.04918032786885246,0.13114754098360656
1787,679,4,0.47387387387387386,0.07567567567567568,0.34954954954954953,4.524324324324325,0.0,0.0,0.0,0.0,0.0,0.0,0.0,0.0,0.0,0.2774774774774775,0.07387387387387387,0.0,0.0,0.0,0.25585585585585585,12.441441441441441,0.0,2.0252252252252254,0.0,13.394594594594595,3.572972972972973,0.11171171171171171,4.491891891891892,0.0,0.0,0.010810810810810811,0.1945945945945946,0.0,0.0,22.05045045045045,2.938738738738739,0.0,0.0,0.005405405405405406,0.0,0.8936936936936937,0.5315315315315315,0.0,0.055855855855855854,0.0972972972972973
1792,1062,4,0.4669260700389105,0.0946822308690013,0.4293125810635538,3.335927367055772,0.0,0.007782101167315175,0.0,0.09208819714656291,0.0,0.0,0.011673151750972763,0.0,0.00648508430609598,0.2529182879377432,0.06744487678339818,0.0,0.0,0.016861219195849545,0.0,11.27626459143969,0.0,2.0038910505836576,0.0,8.701686121919584,2.5149156939040207,0.20752269779507135,3.040207522697795,0.0,0.0,0.02594033722438392,0.0,0.0,0.0,14.913099870298314,2.0674448767833984,0.0,0.06874189364461739,0.0012970168612191958,0.0,0.5797665369649806,0.5136186770428015,0.0,0.023346303501945526,0.020752269779507133
1788,289,4,0.36896877956480606,0.07190160832544938,0.8278145695364238,2.9905392620624407,0.0,0.0,0.0,0.0,0.0,0.0,0.015137180700094607,0.0,0.02270577105014191,0.17880794701986755,0.0879848628192999,0.0,0.0,0.0,0.0,11.2317880794702,0.04446546830652791,2.151371807000946,0.0,6.876064333017975,1.5950804162724692,0.24976348155156103,4.232734153263954,0.0,0.0,0.0,0.0,0.046357615894039736,0.0,14.192999053926206,1.7568590350047304,0.0,0.02838221381267739,0.01608325449385052,0.0,0.5458845789971618,0.5014191106906338,0.0,0.03595080416272469,0.06906338694418164
1781,427,12,0.4231843575418994,0.0824022346368715,0.4231843575418994,2.9315642458100557,0.0,0.0,0.0,0.20251396648044692,0.0,0.0,0.0,0.0,0.0,0.18435754189944134,0.05027932960893855,0.0,0.0,0.0,0.0,11.294692737430168,0.0,2.893854748603352,0.0,7.312849162011173,1.9343575418994414,0.03770949720670391,4.479050279329609,0.0,0.0,0.0,0.0,0.0,0.0,12.96368715083799,1.9483240223463687,0.0,0.0,0.0,0.0,0.5,0.44553072625698326,0.0,0.023743016759776536,0.11871508379888268
1786,1245,4,0.455,0.0925,0.35,2.6225,0.0,0.0,0.0,0.2875,0.0,0.0175,0.0,0.0,0.0,0.6825,0.2275,0.0,0.0,0.165,0.0,9.2075,0.0275,8.4125,0.0,5.7975,2.2325,0.21,4.64,0.0,0.0,0.0125,0.0,0.0,0.0,11.3275,1.3225,0.0,0.055,0.07,0.0,0.5825,0.3475,0.0,0.0575,3.455
1797,1999,4,0.4096109839816934,0.08009153318077804,0.2242562929061785,3.5675057208237986,0.0,0.0,0.0,0.05491990846681922,0.0,0.0,0.0,0.0,0.0,0.036613272311212815,0.018306636155606407,0.0,0.0,0.0,0.0,11.556064073226544,0.0,1.8764302059496567,0.0,8.835240274599542,2.5697940503432495,0.13043478260869565,2.8672768878718538,0.0,0.0,0.13043478260869565,0.17848970251716248,0.0,0.0,17.709382151029747,2.3180778032036615,0.0,0.0,0.07093821510297482,0.0,0.6086956521739131,0.551487414187643,0.0,0.02288329519450801,0.0
1785,1095,4,1.2372065021071643,0.09151113786875377,0.1547260686333534,3.4431065623118604,0.0,0.0,0.003612281757977122,0.018663455749548464,0.0,0.0,0.007826610475617099,0.0,0.0,0.23479831426851294,0.026490066225165563,0.0,0.0,0.0,0.024683925346177003,10.25105358217941,0.0,4.074653822998194,0.0,7.609873570138471,2.087296809151114,0.3034316676700783,3.3202889825406383,0.0,0.002408187838651415,0.02588801926550271,0.20048163756773027,0.0006020469596628537,0.05358217940999398,19.783865141481037,1.9283564118001204,0.0,0.017459361830222758,0.0,0.004214328717639976,0.5460565924142083,0.5562913907284768,0.0,0.2197471402769416,0.1053582179409994
1780,126,4,0.35179640718562877,0.07335329341317365,0.5973053892215568,3.7410179640718564,0.14820359281437126,0.0,0.0,0.0,0.0,0.0,0.0,0.0,0.0,0.30538922155688625,0.0,0.0,0.0,0.0,0.0,10.482035928143713,0.005988023952095809,1.8817365269461077,0.0,16.211077844311376,3.0209580838323356,4.637724550898204,5.9431137724550895,0.9266467065868264,0.0,0.4221556886227545,0.0,0.0,0.0,16.7874251497006,2.19311377245509,0.0,0.0,0.0,0.0,1.2125748502994012,0.49850299401197606,0.0,0.08233532934131736,5.083832335329341
1782,87,4,0.4337899543378995,0.0821917808219178,0.1872146118721461,2.452054794520548,0.0,0.0,0.0,0.0,0.0,0.0,0.0,0.0,0.0,0.0502283105022831,0.0,0.0,0.0,0.0,0.0,8.374429223744292,0.0,1.7808219178082192,0.0,4.136986301369863,1.1141552511415524,0.045662100456621,4.598173515981735,0.0,0.0,0.0,0.0,0.0,0.0,11.561643835616438,1.6164383561643836,0.0,0.0,0.0,0.0,0.1506849315068493,0.4703196347031963,0.0,0.0182648401826484,0.0
1782,829,4,0.4581005586592179,0.0335195530726257,0.441340782122905,1.9776536312849162,0.0,0.0,0.0,0.0,0.0,0.0,0.0,0.0,0.0,0.0,0.0,0.0,0.0,0.0,0.0,4.798882681564246,0.0,2.223463687150838,0.0,1.3631284916201116,0.18435754189944134,0.12849162011173185,6.039106145251397,0.0,0.0,1.111731843575419,0.0,0.0,0.0,9.078212290502794,1.1955307262569832,0.0,0.0,0.0,0.0,0.8659217877094972,0.45251396648044695,0.0,0.0111731843575419,0.0
1787,1024,4,0.5045871559633027,0.0779816513761468,0.45871559633027525,3.8256880733944953,0.0,0.0,0.0,0.0,0.0,0.0,0.0,0.0,0.0,0.01834862385321101,0.0,0.0,0.0,0.0,0.0,12.412844036697248,0.0,1.6972477064220184,0.0,7.215596330275229,2.623853211009174,0.0,2.981651376146789,0.0,0.0,0.0,0.09174311926605505,0.0,0.0,16.243119266055047,2.555045871559633,0.0,0.0,0.19724770642201836,0.0,0.42660550458715596,0.5137614678899083,0.0,0.01834862385321101,0.0
1782,1700,4,0.46697038724373574,0.07289293849658314,0.45558086560364464,2.5330296127562644,0.0,0.0,0.0,0.1366742596810934,0.0,0.0,0.0,0.029612756264236904,0.0,0.23234624145785876,0.0,0.0,0.0,0.0,0.0,5.744874715261959,0.0,1.6970387243735763,0.0,6.1548974943052395,1.4965831435079726,0.1252847380410023,4.29384965831435,0.0,0.0,0.018223234624145785,0.0,0.0,0.0,11.920273348519363,1.3052391799544418,0.0,0.00683371298405467,0.04555808656036447,0.0,0.3712984054669704,0.5375854214123007,0.009111617312072893,0.05922551252847381,4.341685649202733
1787,531,12,0.46153846153846156,0.06043956043956044,1.2692307692307692,1.9175824175824177,0.0,0.0,0.0,0.0,0.0,0.0,0.0,0.0,0.0,0.01098901098901099,0.0,0.0,0.0,0.0,0.0,5.2967032967032965,0.21428571428571427,1.6868131868131868,0.0,2.4945054945054945,0.25274725274725274,0.6318681318681318,9.615384615384615,0.0,0.5164835164835165,0.46703296703296704,0.0,0.0,0.0,13.307692307692308,0.8296703296703297,0.0,0.3956043956043956,0.0,0.0,0.0,0.5659340659340659,0.0,0.04945054945054945,0.31868131868131866
1796,553,4,0.3695652173913043,0.09486166007905138,0.5928853754940712,2.7430830039525693,0.0,0.1422924901185771,0.0,0.6758893280632411,0.0,0.0,0.0,0.0,0.0,0.8952569169960475,0.35177865612648224,0.0,0.0,0.45454545454545453,0.029644268774703556,12.320158102766799,0.01383399209486166,2.952569169960474,0.0,5.770750988142293,1.8616600790513833,0.38537549407114624,4.543478260869565,0.0,0.0,0.03557312252964427,0.0,0.0,0.0,11.938735177865613,1.4288537549407114,0.0,0.039525691699604744,0.09090909090909091,0.0,0.5810276679841897,0.4644268774703557,0.11857707509881422,0.05138339920948617,6.879446640316205
1786,1403,6,0.3722794959908362,0.07560137457044673,0.18442153493699887,2.9209621993127146,0.0,0.003436426116838488,0.0,0.09507445589919816,0.0,0.0,0.0,0.058419243986254296,0.0,0.1775486827033219,0.046964490263459335,0.0,0.0,0.0057273768613974796,0.0,10.638029782359679,0.0,2.2302405498281788,0.0,5.674684994272623,1.9049255441008017,0.033218785796105384,3.4169530355097364,0.0,0.0,0.010309278350515464,0.0,0.0,0.0,12.969072164948454,1.6277205040091638,0.0,0.0,0.043528064146620846,0.0,0.4765177548682703,0.4570446735395189,0.03665521191294387,0.024054982817869417,5.575028636884307
1786,1542,12,0.4530612244897959,0.061224489795918366,1.1061224489795918,3.436734693877551,0.0,0.0,0.0,0.0,0.0,0.0,0.2857142857142857,0.0,0.33877551020408164,0.8816326530612245,0.6857142857142857,0.0,0.0,0.0,0.0,9.555102040816326,0.08163265306122448,1.6612244897959183,0.0,6.648979591836735,1.8571428571428572,0.15918367346938775,5.653061224489796,0.0,0.0,0.5265306122448979,0.0,0.0,0.0,16.848979591836734,1.6040816326530611,0.0,0.0,0.024489795918367346,0.0,0.4857142857142857,0.5836734693877551,0.0,0.0653061224489796,0.0
1790,795,4,0.43265993265993263,0.08249158249158249,0.4478114478114478,3.734006734006734,0.0,0.03535353535353535,0.0,0.27946127946127947,0.0,0.0,0.0,0.0,0.0016835016835016834,0.3771043771043771,0.1111111111111111,0.0,0.0,0.06397306397306397,0.0016835016835016834,11.506734006734007,0.011784511784511785,3.5033670033670035,0.0,7.754208754208754,1.7104377104377104,0.0723905723905724,3.8367003367003365,0.0,0.0,0.06902356902356903,0.19696969696969696,0.0,0.0,20.27104377104377,2.420875420875421,0.0,0.0,0.015151515151515152,0.0,0.7289562289562289,0.5387205387205387,0.265993265993266,0.03872053872053872,0.4494949494949495
1789,891,4,0.41634980988593157,0.0817490494296578,0.6197718631178707,3.3536121673003803,0.0,0.0,0.0,0.0,0.0,0.0,0.0,0.0,0.0,0.0,0.0,0.0,0.0,0.0,0.0,14.070342205323193,0.0,1.9809885931558935,0.0,9.393536121673003,2.0513307984790874,0.311787072243346,4.5494296577946765,0.0,0.0,0.2832699619771863,0.0,0.0,0.0,14.775665399239545,1.9866920152091254,0.0,0.1806083650190114,0.0,0.0,0.5874524714828897,0.49429657794676807,0.0,0.026615969581749048,0.17110266159695817
1780,902,4,0.42685370741482964,0.06212424849699399,0.6813627254509018,3.024048096192385,0.0,0.0,0.0,0.0,0.0,0.0,0.0,0.0,0.0,0.05410821643286573,0.02404809619238477,0.0,0.0,0.0,0.0,10.162324649298597,0.028056112224448898,1.8837675350701404,0.0,8.769539078156313,2.130260521042084,0.004008016032064128,2.9258517034068134,0.0,0.0,0.03406813627254509,0.0,0.0,0.0,14.196392785571142,2.0160320641282565,0.0,0.0,0.04208416833667335,0.0,0.5250501002004008,0.4188376753507014,0.0,0.01603206412825651,0.9859719438877755
1793,1117,4,0.37142857142857144,0.04285714285714286,0.3142857142857143,1.5571428571428572,0.0,0.0,0.0,0.0,0.0,0.0,0.0,0.0,0.0,0.0,0.0,0.0,0.0,0.0,0.0,4.185714285714286,0.0,1.1142857142857143,0.0,2.0,0.3,0.0,1.8285714285714285,0.0,0.0,0.1,0.0,0.0,0.0,8.614285714285714,0.6857142857142857,0.0,0.0,0.5857142857142857,0.0,0.0,0.42857142857142855,0.0,0.014285714285714285,0.0
1789,1466,6,0.34750462107208874,0.07763401109057301,0.43622920517560076,3.377079482439926,0.0,0.0,0.0,0.022181146025878003,0.0,0.0,0.0,0.0,0.0,0.009242144177449169,0.0018484288354898336,0.0,0.0,0.0,0.0,14.513863216266174,0.005545286506469501,1.88909426987061,0.0,8.070240295748613,1.9741219963031422,0.5360443622920518,3.966728280961183,0.08687615526802218,0.0,0.0018484288354898336,0.0,0.0,0.0,15.726432532347504,2.0314232902033273,0.0,0.0,0.012939001848428836,0.0,0.6746765249537893,0.49353049907578556,0.0,0.036968576709796676,0.2513863216266174
1788,749,5,0.43490304709141275,0.08033240997229917,0.3601108033240997,3.858725761772853,0.0,0.0,0.0,0.0,0.0,0.0,0.33518005540166207,0.0,0.2853185595567867,0.9806094182825484,0.4930747922437673,0.0,0.0,0.0,0.0,8.92797783933518,0.0,2.5844875346260388,0.0,6.93628808864266,5.423822714681441,0.24930747922437674,4.930747922437673,0.0,0.0,0.07479224376731301,0.0,0.0,0.0,21.48753462603878,2.698060941828255,0.0,0.1634349030470914,0.030470914127423823,0.0,0.4487534626038781,0.5318559556786704,0.0,0.055401662049861494,2.119113573407202
1788,1416,4,0.5854700854700855,0.07051282051282051,0.6794871794871795,2.9594017094017095,0.0,0.0,0.0,0.38461538461538464,0.0,0.0,0.3547008547008547,0.0,0.2564102564102564,0.6217948717948718,0.11965811965811966,0.0,0.0,0.0,0.03418803418803419,3.626068376068376,0.08333333333333333,1.9294871794871795,0.10897435897435898,4.604700854700854,2.5662393162393164,1.1388888888888888,6.985042735042735,0.0,0.0,0.09829059829059829,0.0,0.0,0.0,15.459401709401709,1.9658119658119657,0.0,0.1452991452991453,0.017094017094017096,0.0,0.3055555555555556,0.48504273504273504,0.0,0.09829059829059829,0.1452991452991453
1795,1932,4,0.4444444444444444,0.08695652173913043,0.24154589371980675,4.352657004830918,0.0,0.0,0.0,0.0,0.0,0.0,0.004830917874396135,0.0,0.004830917874396135,0.05314009661835749,0.05314009661835749,0.0,0.0,0.0,0.0,12.434782608695652,0.0,1.78743961352657,0.0,15.144927536231885,3.0386473429951693,0.024154589371980676,2.2270531400966185,0.0,0.0,0.0,0.34782608695652173,0.0,0.0,21.579710144927535,2.7729468599033815,0.0,0.0,0.0,0.0,1.0241545893719808,0.5797101449275363,0.0,0.04830917874396135,0.0
1791,1788,4,0.5251908396946565,0.08091603053435115,0.433587786259542,2.6366412213740458,0.0,0.0,0.0,0.004580152671755725,0.0,0.0,0.0,0.0,0.0,0.00916030534351145,0.0030534351145038168,0.0,0.0,0.0,0.0,8.148091603053436,0.0,2.685496183206107,0.0,6.141984732824428,0.6946564885496184,0.11603053435114503,7.087022900763359,0.0,0.0,0.20916030534351146,0.0,0.0,0.0,15.435114503816793,1.299236641221374,0.0,0.13893129770992366,0.0,0.0,0.38778625954198476,0.5755725190839694,0.0,0.03816793893129771,0.0
1796,329,4,0.577054794520548,0.09417808219178082,0.351027397260274,3.904109589041096,0.0,0.0,0.0,0.0,0.0,0.0,0.0,0.0,0.0,0.025684931506849314,0.003424657534246575,0.0,0.0,0.0017123287671232876,0.0,11.91609589041096,0.0,2.1695205479452055,0.0,10.434931506849315,1.9914383561643836,0.15924657534246575,4.376712328767123,0.0,0.0,0.1113013698630137,0.11301369863013698,0.0,0.0,20.977739726027398,2.25,0.0,0.04965753424657534,0.0,0.0,0.7277397260273972,0.6044520547945206,0.0,0.025684931506849314,0.1386986301369863
1789,866,4,0.41578327444051827,0.0706713780918728,0.6348645465253239,2.497055359246172,0.0,0.0,0.0,0.13191990577149587,0.0,0.0,0.0,0.0,0.0,0.2061248527679623,0.008244994110718492,0.0,0.0,0.0,0.0,10.440518256772673,0.0,4.162544169611308,0.0,4.392226148409894,1.176678445229682,0.08244994110718493,4.726737338044758,0.0,0.0,0.0,0.05653710247349823,0.0,0.0,11.40871613663133,1.519434628975265,0.0,0.016489988221436984,0.04122497055359246,0.0,0.3050647820965842,0.42402826855123676,0.0,0.03180212014134275,0.0
1794,1491,4,0.3888888888888889,0.08823529411764706,0.4477124183006536,2.4379084967320264,0.0,0.0,0.0,0.0,0.0,0.0,0.06209150326797386,0.0,0.0,0.1111111111111111,0.0,0.0,0.0,0.0,0.16993464052287582,8.957516339869281,0.03594771241830065,1.6143790849673203,0.0,8.248366013071895,1.84640522875817,0.0,3.519607843137255,0.0,0.0,0.006535947712418301,0.0,0.0,0.0,12.392156862745098,1.607843137254902,0.0,0.0,0.11764705882352941,0.0,0.40522875816993464,0.477124183006536,0.0,0.026143790849673203,0.3333333333333333
1786,1615,3,0.46499339498018494,0.07001321003963012,0.21532364597093792,3.3117569352708056,0.0,0.0,0.0,0.023778071334214,0.0,0.0,0.0,0.0,0.0,0.05019815059445178,0.013210039630118891,0.0,0.0,0.011889035667107,0.0,10.11889035667107,0.010568031704095112,2.3672391017173053,0.0,7.359313077939234,1.892998678996037,0.04227212681638045,4.0303830911492735,0.0,0.0,0.5416116248348745,0.07397622192866579,0.0,0.0,17.90092470277411,2.233817701453104,0.0,0.12417437252311757,0.10568031704095113,0.0,0.5389696169088507,0.49801849405548215,0.0,0.02509907529722589,0.05812417437252312
1797,1766,12,0.4382716049382716,0.08641975308641975,0.5,2.0617283950617282,0.0,0.030864197530864196,0.0,0.19753086419753085,0.0,0.0,0.0,0.0,0.0,0.11728395061728394,0.018518518518518517,0.0,0.0,0.0,0.0,2.3395061728395063,0.0,2.067901234567901,0.0,2.0864197530864197,0.7283950617283951,0.0,4.537037037037037,0.0,0.0,0.0,0.0,0.0,0.0,15.216049382716049,1.3209876543209877,0.0,0.0,0.24691358024691357,0.0,0.05555555555555555,0.4876543209876543,0.0,0.018518518518518517,1.7469135802469136
1797,969,4,0.48097826086956524,0.07336956521739131,0.1644021739130435,3.2907608695652173,0.0,0.05434782608695652,0.0,0.31521739130434784,0.0,0.0,0.0,0.0,0.0,0.6453804347826086,0.15353260869565216,0.0,0.0,0.4470108695652174,0.04755434782608696,9.300271739130435,0.0,2.817934782608696,0.0,8.964673913043478,3.042119565217391,0.11548913043478261,4.09375,0.0,0.0,0.5665760869565217,0.0,0.0,0.0,19.98913043478261,1.798913043478261,0.0,0.001358695652173913,0.035326086956521736,0.001358695652173913,0.6413043478260869,0.483695652173913,0.33967391304347827,0.05434782608695652,6.297554347826087
1795,1314,7,0.38666666666666666,0.07111111111111111,0.28296296296296297,3.1525925925925926,0.0,0.0044444444444444444,0.0,0.0,0.0,0.0,0.0,0.0,0.0,0.19111111111111112,0.0044444444444444444,0.0,0.0,0.0,0.0,10.528888888888888,0.002962962962962963,2.545185185185185,0.0,10.96888888888889,1.842962962962963,0.28444444444444444,3.7037037037037037,0.0,0.0,0.0,0.0,0.0,0.06222222222222222,14.927407407407408,1.9881481481481482,0.0,0.0,0.0,0.0,0.7111111111111111,0.4962962962962963,0.0,0.04,0.07555555555555556
1793,1351,4,0.3770491803278688,0.0471311475409836,0.7889344262295082,3.1454918032786887,0.0,0.0,0.0,0.07581967213114754,0.0,0.0,0.1680327868852459,0.0,0.0,1.2459016393442623,0.2889344262295082,0.0,0.0,0.0,0.32786885245901637,5.434426229508197,0.0,1.709016393442623,0.0,3.817622950819672,2.1413934426229506,0.35040983606557374,6.307377049180328,0.0,0.0,0.01639344262295082,0.0,0.0,0.0,17.24590163934426,2.0635245901639343,0.0,0.14754098360655737,0.010245901639344262,0.0,0.22745901639344263,0.5061475409836066,0.0,0.0389344262295082,0.0
1802,1661,4,0.4407894736842105,0.07236842105263158,0.6447368421052632,3.0657894736842106,0.0,0.0,0.0,0.16776315789473684,0.0,0.0,0.0,0.0,0.0,0.14802631578947367,0.01644736842105263,0.0,0.0,0.019736842105263157,0.0,9.276315789473685,0.0,2.0328947368421053,0.0,12.226973684210526,1.700657894736842,0.6282894736842105,4.532894736842105,0.0,0.019736842105263157,0.2993421052631579,0.0,0.0,0.0,15.960526315789474,1.9638157894736843,0.0,0.29605263157894735,0.0,0.0,0.868421052631579,0.48026315789473684,0.0,0.05592105263157895,0.029605263157894735
1795,395,4,0.4816753926701571,0.10052356020942409,0.4031413612565445,3.4952879581151834,0.0,0.0,0.0,0.05863874345549738,0.0,0.0,0.0,0.0,0.0,0.20104712041884817,0.06387434554973823,0.0,0.030366492146596858,0.11727748691099477,0.0,11.425130890052356,0.0,2.6586387434554974,0.0,6.492146596858639,1.8858638743455498,0.20523560209424083,4.428272251308901,0.0,0.0,0.0010471204188481676,0.08795811518324607,0.0,0.0,18.69633507853403,1.956020942408377,0.0,0.0020942408376963353,0.030366492146596858,0.0,0.4544502617801047,0.5738219895287958,0.0,0.028272251308900525,0.5392670157068062
1795,914,4,0.4529058116232465,0.0781563126252505,0.6172344689378757,3.408817635270541,0.0,0.0,0.0,0.0,0.0,0.0,0.23046092184368738,0.0,0.0,0.46292585170340683,0.24448897795591182,0.0,0.0,0.0,0.0,10.50501002004008,0.006012024048096192,2.224448897795591,0.0,9.743486973947896,4.18436873747495,0.20641282565130262,6.086172344689379,0.0,0.0,0.0,0.08617234468937876,0.0,0.0,15.30060120240481,2.2685370741482966,0.0,0.2124248496993988,0.03206412825651302,0.0,0.591182364729459,0.49298597194388777,0.0,0.04809619238476954,1.8316633266533067
1791,1864,4,0.4358353510895884,0.08958837772397095,0.4116222760290557,3.331719128329298,0.0,0.0,0.0,0.0,0.0,0.0,0.0,0.0,0.0,0.048426150121065374,0.004842615012106538,0.0,0.0,0.0,0.0,10.041162227602905,0.0,1.7941888619854722,0.0,10.319612590799032,1.820823244552058,0.009685230024213076,2.920096852300242,0.0,0.45036319612590797,0.0,0.0,0.0,0.0,14.200968523002421,2.016949152542373,0.0,0.0,0.004842615012106538,0.0,0.6803874092009685,0.48668280871670705,0.0,0.024213075060532687,0.7046004842615012
1796,32,4,0.5435540069686411,0.10452961672473868,0.6132404181184669,3.9825783972125435,0.0,0.0,0.0,0.0,0.0,0.0,0.0,0.0,0.0,0.0313588850174216,0.0,0.0,0.0,0.0,0.0,12.606271777003485,0.024390243902439025,2.3240418118466897,0.0,10.27177700348432,1.735191637630662,0.3240418118466899,5.344947735191638,0.0,0.0,0.17421602787456447,0.0,0.0,0.0,21.968641114982578,2.3588850174216027,0.0,0.0,0.0,0.0,0.6167247386759582,0.5400696864111498,0.0,0.04878048780487805,0.0
1805,1961,4,0.5402298850574713,0.08045977011494253,0.3160919540229885,2.5,0.0,0.0,0.0,0.0,0.0,0.0,0.0,0.0,0.0,0.08045977011494253,0.0,0.0,0.0,0.0,0.0,13.454022988505747,0.0,2.0919540229885056,0.0,9.471264367816092,2.17816091954023,0.367816091954023,4.793103448275862,0.0,0.0,0.0,0.0,0.0,0.0,11.82183908045977,1.2586206896551724,0.0,0.4482758620689655,0.13793103448275862,0.0,0.5344827586206896,0.39655172413793105,0.0,0.022988505747126436,0.0
1797,215,12,0.7219152854511971,0.08195211786372007,0.6998158379373849,3.1095764272559854,0.0,0.0,0.0,0.0,0.0,0.0,0.02117863720073665,0.0,0.0,0.1289134438305709,0.0,0.0,0.0,0.0,0.06445672191528545,9.348987108655617,0.0,2.998158379373849,0.0,10.915285451197054,1.7651933701657458,0.26519337016574585,6.632596685082873,0.0,0.0,0.3241252302025783,0.053406998158379376,0.0,0.0,18.11510128913444,1.8296500920810312,0.0,0.23296500920810312,0.0,0.0,0.7228360957642725,0.5331491712707183,0.0,0.04880294659300184,0.0
1787,1372,15,0.4172494172494173,0.04428904428904429,0.3356643356643357,1.878787878787879,0.0,0.0,0.0,0.5827505827505828,0.0,0.0,0.0,0.0,0.002331002331002331,0.5058275058275058,0.1655011655011655,0.0,0.0,0.05827505827505827,0.055944055944055944,4.233100233100233,0.0,5.696969696969697,0.0,2.237762237762238,0.9044289044289044,0.1048951048951049,5.766899766899767,0.0,0.0,0.0,0.0,0.0,0.0,10.137529137529137,1.2727272727272727,0.0,0.055944055944055944,0.13752913752913754,0.0,0.0,0.42657342657342656,0.0,0.030303030303030304,0.0
1795,165,12,0.41509433962264153,0.03773584905660377,0.5754716981132075,2.660377358490566,0.0,0.0,0.0,0.6981132075471698,0.0,0.0,0.0,0.0,0.0,1.0188679245283019,0.1320754716981132,0.0,0.0,0.0,0.0,10.679245283018869,0.0,1.2641509433962264,0.0,2.349056603773585,1.4622641509433962,0.2830188679245283,5.2075471698113205,0.0,0.0,0.12264150943396226,0.0,0.0,0.0,13.452830188679245,1.1886792452830188,0.0,0.10377358490566038,0.0,0.0,0.11320754716981132,0.4339622641509434,0.0,0.02830188679245283,0.0
1793,814,4,0.43161634103019536,0.07460035523978685,0.4511545293072824,2.5932504440497337,0.0,0.0,0.0,0.20603907637655416,0.0,0.0,0.0017761989342806395,0.0,0.0,0.5062166962699822,0.17584369449378331,0.0,0.0,0.13676731793960922,0.0,9.962699822380106,0.0,4.36056838365897,0.0,9.184724689165186,1.8507992895204264,0.11190053285968028,4.728241563055062,0.0,0.0,0.0,0.035523978685612786,0.0,0.0,11.822380106571936,1.403197158081705,0.0,0.03374777975133215,0.0,0.0,0.5719360568383659,0.3765541740674956,0.0,0.047957371225577264,2.9982238010657194
1793,1845,4,0.49411764705882355,0.0784313725490196,0.396078431372549,3.6862745098039214,0.0,0.0,0.0,0.0,0.0,0.0,0.0,0.0,0.0,0.0,0.0,0.0,0.0,0.0,0.0,10.137254901960784,0.0,2.0901960784313727,0.0,13.556862745098039,1.8901960784313725,0.01568627450980392,2.635294117647059,0.0,0.0,0.21176470588235294,0.3254901960784314,0.0,0.0,15.925490196078432,2.2705882352941176,0.0,0.08627450980392157,0.0,0.0,0.8862745098039215,0.5843137254901961,0.0,0.0196078431372549,0.0
1796,109,4,0.555984555984556,0.11196911196911197,0.3474903474903475,3.606177606177606,0.0,0.0,0.0,0.0,0.0,0.0,0.0,0.0,0.0,0.007722007722007722,0.0,0.0,0.0,0.0,0.0,9.849420849420849,0.0,1.9189189189189189,0.0,9.714285714285714,1.6872586872586872,0.30115830115830117,5.297297297297297,0.0,0.007722007722007722,0.05791505791505792,0.0,0.0,0.0,20.536679536679536,2.444015444015444,0.0,0.03861003861003861,0.0,0.0,0.6216216216216216,0.528957528957529,0.0,0.03474903474903475,0.0
1797,128,4,0.4452296819787986,0.09187279151943463,0.7420494699646644,1.9434628975265018,0.0,0.0,0.0,0.0,0.0,0.0,0.0,0.0,0.0,0.127208480565371,0.0,0.0,0.0,0.0,0.0,6.134275618374558,0.0,2.045936395759717,0.0,2.5936395759717317,0.7314487632508834,0.2332155477031802,5.568904593639576,0.0,0.0,0.0035335689045936395,0.0,0.0,0.0,9.63250883392226,1.303886925795053,0.0,0.21554770318021202,0.11307420494699646,0.0,0.007067137809187279,0.43109540636042404,0.0,0.01060070671378092,0.0
1807,1535,15,0.5013623978201635,0.05722070844686648,1.106267029972752,2.0,0.0,0.0,0.0,0.3024523160762943,0.0,0.0,0.0,0.0,0.0,0.3133514986376022,0.0,0.0,0.0,0.0,0.0,4.9046321525885554,0.0,2.4686648501362396,0.0,3.035422343324251,0.8692098092643051,0.4032697547683924,6.700272479564033,0.0,0.0,0.0,0.0,0.0,0.0,10.182561307901908,1.2670299727520435,0.0,0.2670299727520436,0.0,0.0,0.0,0.4223433242506812,0.0,0.035422343324250684,0.0
1801,1634,15,0.4173648134044174,0.08225437928408226,0.39756283320639757,3.2147753236862147,0.0,0.04036557501904037,0.0,0.2932216298552932,0.0,0.0,0.0,0.0,0.010662604722010662,0.2322924600152323,0.07616146230007616,0.0,0.0,0.009900990099009901,0.003808073115003808,10.594059405940595,0.006854531607006854,2.2658035034272657,0.0,7.426504188880426,1.8522467631378523,0.07920792079207921,3.1972581873571975,0.0,0.0,0.014470677837014471,0.017517136329017517,0.0,0.0,17.723533891850725,2.102056359482102,0.0,0.026656511805026657,0.0297029702970297,0.0,0.5217060167555218,0.5285605483625285,0.0,0.022086824067022087,0.00913937547600914
1805,1822,4,0.41776937618147447,0.0888468809073724,0.22873345935727787,3.499054820415879,0.0,0.15689981096408318,0.0,0.7901701323251418,0.0,0.0,0.0,0.0,0.05671077504725898,1.0793950850661627,0.277882797731569,0.0,0.0,0.02835538752362949,0.0,10.427221172022684,0.0,2.833648393194707,0.0,7.655954631379962,2.4196597353497165,0.06994328922495274,4.353497164461247,0.0,0.0,0.0,0.20793950850661624,0.0,0.0,20.746691871455578,2.183364839319471,0.0,0.0,0.020793950850661626,0.0,0.5746691871455577,0.5633270321361059,0.0,0.03213610586011342,0.24007561436672967
1803,448,12,0.5722160970231532,0.10584343991179714,0.9117971334068358,2.847850055126792,0.0,0.0,0.0,0.0,0.0,0.0,0.04630650496141125,0.0,0.0,0.13230429988974643,0.0011025358324145535,0.0,0.0,0.0,0.18632855567805953,9.337375964718854,0.04189636163175303,2.202866593164278,0.0,13.01212789415656,1.6824696802646086,0.27783902976846747,6.588754134509371,0.0,0.06284454244762955,0.42337375964718854,0.0,0.0,0.0,17.736493936052923,1.6934950385887542,0.0,0.37927232635060637,0.0,0.0,0.8831312017640573,0.5942668136714443,0.06063947078280044,0.04189636163175303,0.6504961411245865
1798,850,7,0.7567567567567568,0.0936936936936937,0.1045045045045045,2.5441441441441444,0.0,0.0,0.0,0.16576576576576577,0.0,0.0,0.0,0.0,0.0,0.14594594594594595,0.018018018018018018,0.0,0.0,0.08468468468468468,0.0,10.758558558558558,0.0,1.89009009009009,0.0,4.381981981981982,1.228828828828829,0.0,2.4342342342342342,0.0,0.0,0.0,0.0,0.0,0.0,10.756756756756756,0.9819819819819819,0.0,0.0,0.0,0.0,0.5891891891891892,0.4594594594594595,0.7513513513513513,0.2882882882882883,10.257657657657658
1800,928,4,0.3957845433255269,0.10070257611241218,0.36533957845433257,3.8852459016393444,0.0,0.0,0.0,0.0,0.0,0.0,0.5620608899297423,0.0,0.0,0.8548009367681498,0.0,0.0,0.0,0.0,1.0281030444964872,15.276346604215457,0.0,1.9180327868852458,0.0,8.852459016393443,3.2552693208430914,0.00468384074941452,3.4918032786885247,0.0,0.0,0.0468384074941452,0.0,0.0,0.03747072599531616,16.074941451990632,2.2248243559718968,0.0,0.0117096018735363,0.0,0.0,0.531615925058548,0.4613583138173302,0.0,0.05620608899297424,3.306791569086651
1801,989,4,7.269372693726937,0.06642066420664207,0.36900369003690037,3.4833948339483394,0.0,0.0,0.0,0.0,0.0,0.0,0.0,0.0,0.0,0.12177121771217712,0.0,0.0,0.0,0.0,0.0,11.55719557195572,0.0,1.937269372693727,0.0,10.616236162361623,1.848708487084871,0.02952029520295203,3.7306273062730626,0.0,0.4095940959409594,0.0,0.0,0.0,0.0,15.29520295202952,1.959409594095941,0.0,0.0,0.0,0.0,0.7306273062730627,0.6014760147601476,0.0,4.125461254612546,0.974169741697417
1799,1233,4,0.3584905660377358,0.09056603773584905,1.1169811320754717,3.2452830188679247,0.0,0.0,0.0,0.19245283018867926,0.0,0.0,0.0,0.0,0.0,0.3886792452830189,0.0,0.0,0.0,0.0,0.0,13.728301886792453,0.13584905660377358,2.309433962264151,0.0,12.09811320754717,2.0641509433962266,0.19622641509433963,5.40377358490566,0.0,0.0,0.0,0.0,0.0,0.0,15.924528301886792,1.9924528301886792,0.0,0.0,0.0,0.0,0.9245283018867925,0.5207547169811321,0.0,0.033962264150943396,0.0
1801,1693,4,0.3993055555555556,0.0763888888888889,0.6180555555555556,2.8368055555555554,0.0,0.0,0.0,0.0,0.0,0.0,0.0,0.0,0.0,0.0,0.0,0.0,0.0,0.0,0.0,13.11111111111111,0.0,1.5798611111111112,0.0,5.8125,1.5381944444444444,0.2534722222222222,4.788194444444445,0.0,0.0,0.059027777777777776,0.0,0.0,0.0,14.25,1.6215277777777777,0.0,0.0,0.0,0.0,0.3854166666666667,0.4166666666666667,0.0,0.03125,0.0
1793,55,4,0.4537037037037037,0.0787037037037037,0.5308641975308642,2.8487654320987654,0.0,0.0,0.0,0.0,0.0,0.0,0.0,0.0,0.0,0.14814814814814814,0.0,0.0,0.0,0.16049382716049382,0.0,12.287037037037036,0.05864197530864197,1.904320987654321,0.0,7.307098765432099,1.1728395061728396,0.1882716049382716,5.944444444444445,0.0,0.30864197530864196,0.4074074074074074,0.0,0.0,0.0,15.958333333333334,1.4074074074074074,0.0,0.2222222222222222,0.018518518518518517,0.0,0.3888888888888889,0.5231481481481481,0.0,0.018518518518518517,0.24382716049382716
1796,476,4,0.45263157894736844,0.031578947368421054,0.5473684210526316,1.1789473684210525,0.0,0.0,0.0,0.0,0.0,0.0,0.0,0.0,0.0,0.0,0.0,0.0,0.0,0.0,0.0,5.88421052631579,0.0,1.0,0.0,0.6526315789473685,0.05263157894736842,0.12631578947368421,6.010526315789473,0.0,0.0,0.0,0.0,0.0,0.0,6.705263157894737,0.5578947368421052,0.0,0.12631578947368421,0.17894736842105263,0.0,0.0,0.4842105263157895,0.0,0.031578947368421054,0.0
1799,636,12,1.0,0.028985507246376812,0.5893719806763285,2.0628019323671496,0.0,0.0,0.0,0.2995169082125604,0.0,0.0,0.0,0.0,0.0,0.4251207729468599,0.0821256038647343,0.0,0.0,0.0,0.0,6.642512077294686,0.01932367149758454,4.0772946859903385,0.0,3.6280193236714977,1.1642512077294687,0.178743961352657,4.618357487922705,0.0,0.0,0.043478260869565216,0.0,0.0,0.0,9.31400966183575,1.0289855072463767,0.0,0.14492753623188406,0.06763285024154589,0.0,0.30917874396135264,0.4492753623188406,1.8454106280193237,0.24154589371980675,0.6666666666666666
1804,1592,4,0.44405594405594406,0.055944055944055944,0.0034965034965034965,3.055944055944056,0.0,0.024475524475524476,0.045454545454545456,0.479020979020979,0.0,0.0,0.006993006993006993,0.0,0.01048951048951049,0.6538461538461539,0.18181818181818182,0.0,0.0,1.5874125874125875,0.0034965034965034965,7.786713286713287,0.0,4.77972027972028,0.0,3.2517482517482517,1.972027972027972,0.07692307692307693,3.104895104895105,0.0,0.0,0.0,0.0,0.0,0.0,15.304195804195805,2.027972027972028,0.0,0.0,0.027972027972027972,0.0,0.6048951048951049,0.458041958041958,1.3426573426573427,0.04195804195804196,2.6013986013986012
1803,699,6,0.4631432545201669,0.06815020862308763,0.8511821974965229,2.9068150208623087,0.0,0.0,0.0,0.043115438108484005,0.0,0.0,0.0,0.0,0.0,0.03337969401947149,0.008344923504867872,0.0,0.0,0.0,0.0,9.977746870653686,0.0,2.3838664812239223,0.0,6.552155771905424,1.1502086230876216,0.0,4.336578581363004,0.0,0.0,0.0,0.0,0.0,0.0,16.212795549374132,1.6467315716272601,0.0,0.11543810848400557,0.012517385257301807,0.0,0.5785813630041725,0.48400556328233657,0.0,0.022253129346314324,0.0
1805,1037,4,0.47191011235955055,0.10112359550561797,0.49063670411985016,4.586142322097379,0.0,0.0,0.0,0.0,0.0,0.0,0.18726591760299627,0.0,0.2247191011235955,0.8089887640449438,0.6198501872659176,0.0,0.0,0.0,0.0,16.694756554307116,0.0,2.0842696629213484,0.0,10.305243445692884,3.438202247191011,0.12172284644194757,3.7247191011235956,0.0,0.0,0.0299625468164794,0.0,0.0,0.0,18.249063670411985,2.752808988764045,0.0,0.04119850187265917,0.0,0.0,0.6348314606741573,0.46254681647940077,0.0,0.07865168539325842,0.9288389513108615
1799,234,15,0.33127572016460904,0.07818930041152264,0.6358024691358025,3.2818930041152266,0.0,0.0,0.0,0.0,0.0,0.0,0.0,0.0,0.0,0.22016460905349794,0.0,0.0,0.0,0.0,0.0,9.24485596707819,0.06378600823045268,2.685185185185185,0.0,10.139917695473251,3.1934156378600824,0.8930041152263375,5.318930041152264,0.2962962962962963,0.0,0.0102880658436214,0.0,0.0,0.0,14.981481481481481,2.065843621399177,0.0,0.08847736625514403,0.04938271604938271,0.0,0.6378600823045267,0.5164609053497943,0.0,0.06584362139917696,2.314814814814815
1804,260,4,0.46122448979591835,0.04897959183673469,0.30612244897959184,1.8244897959183672,0.0,0.0,0.0,0.22448979591836735,0.0,0.0,0.024489795918367346,0.0,0.0,0.3224489795918367,0.00816326530612245,0.0,0.0,0.0,0.12244897959183673,4.795918367346939,0.0,3.436734693877551,0.0,3.126530612244898,1.1877551020408164,0.08979591836734693,5.722448979591837,0.0,0.0,0.0,0.0,0.0,0.0,10.738775510204082,1.3591836734693878,0.0,0.0,0.15510204081632653,0.0,0.04081632653061224,0.4,0.0,0.0326530612244898,0.07346938775510205
1805,1747,12,0.4016393442622951,0.07103825136612021,0.3907103825136612,2.8456284153005464,0.0,0.0,0.0,0.14207650273224043,0.0,0.0,0.0,0.0,0.0,0.1871584699453552,0.03551912568306011,0.0,0.0,0.00546448087431694,0.01092896174863388,9.509562841530055,0.0,2.8524590163934427,0.0,7.479508196721311,2.1748633879781423,0.11202185792349727,4.6816939890710385,0.0,0.0,0.0,0.0,0.0,0.0,13.094262295081966,1.924863387978142,0.0,0.01912568306010929,0.0,0.0,0.505464480874317,0.4262295081967213,0.0,0.031420765027322405,0.0
1802,826,4,0.4793187347931874,0.06326034063260341,0.051094890510948905,2.734793187347932,0.0,0.1435523114355231,0.0,0.38929440389294406,0.0,0.0,0.0,0.0,0.0,0.8953771289537713,0.23114355231143552,0.0,0.0,0.22384428223844283,0.0,9.761557177615572,0.0,2.934306569343066,0.0,3.265206812652068,2.0924574209245743,0.0364963503649635,3.5985401459854014,0.0,0.0,0.051094890510948905,0.0,0.0,0.0,16.097323600973237,1.4063260340632604,0.0,0.009732360097323601,0.10948905109489052,0.0,0.30656934306569344,0.48905109489051096,0.46228710462287104,0.06326034063260341,5.029197080291971
1804,1380,4,0.5139442231075697,0.08366533864541832,0.3904382470119522,3.4382470119521913,0.0,0.0,0.0,0.0,0.0,0.0,0.0398406374501992,0.0,0.0,0.07171314741035857,0.0,0.0,0.0,0.0,0.055776892430278883,9.884462151394422,0.0,2.1673306772908365,0.0,12.49800796812749,1.657370517928287,0.01593625498007968,2.7250996015936253,0.0,0.0,0.00398406374501992,0.3386454183266932,0.0,0.0,15.549800796812749,2.1593625498007967,0.0,0.0398406374501992,0.00398406374501992,0.0,0.8127490039840638,0.5219123505976095,0.0,0.00796812749003984,0.0
1807,191,5,0.3772357723577236,0.07479674796747968,0.5382113821138211,3.616260162601626,0.0,0.0,0.0,0.10569105691056911,0.0,0.0,0.0,0.0,0.0,0.3170731707317073,0.061788617886178863,0.0,0.0,0.0,0.0,10.06829268292683,0.0,1.648780487804878,0.0,8.580487804878048,3.4943089430894307,0.23089430894308943,3.5902439024390245,0.0,0.08617886178861789,0.36097560975609755,0.0,0.0,0.0,18.81138211382114,2.3203252032520325,0.0,0.04065040650406504,0.02926829268292683,0.0,0.5869918699186992,0.5398373983739837,0.0,0.05203252032520325,0.0
1807,1873,4,0.43270622286541244,0.07959479015918958,0.23733719247467439,3.0549927641099854,0.0,0.0,0.0,0.22431259044862517,0.0,0.0,0.23154848046309695,0.0,0.10274963820549927,0.9681620839363242,0.48914616497829233,0.0,0.0,0.12301013024602026,0.0,10.956584659913169,0.0,3.377713458755427,0.24312590448625182,11.56150506512301,3.7062228654124456,0.09261939218523878,4.933429811866859,0.0,0.0,0.00723589001447178,0.0,0.0,0.0,13.050651230101302,1.8060781476121563,0.0,0.09985528219971057,0.01447178002894356,0.0,0.8234442836468886,0.42547033285094066,0.0,0.05499276410998553,1.0578871201157742
1804,1430,4,0.5489130434782609,0.11413043478260869,0.42391304347826086,3.5652173913043477,0.0,0.0,0.0,0.0,0.0,0.0,0.0,0.0,0.0,0.08423913043478261,0.0,0.0,0.0,0.0,0.0,11.16304347826087,0.035326086956521736,2.296195652173913,0.0,12.26086956521739,1.8967391304347827,0.10054347826086957,4.883152173913044,0.0,0.0,0.1331521739130435,0.0,0.0,0.0,19.410326086956523,1.951086956521739,0.0,0.0,0.002717391304347826,0.0,0.7608695652173914,0.5842391304347826,0.0,0.03804347826086957,0.0
1802,1891,4,0.37813211845102507,0.07517084282460136,0.4328018223234624,4.300683371298406,0.0,0.0,0.0,0.0,0.0,0.0,0.0,0.0,0.0,0.0,0.0,0.0,0.0,0.0,0.0,13.535307517084282,0.025056947608200455,1.542141230068337,0.0,12.933940774487471,2.580865603644647,0.06378132118451026,3.724373576309795,0.0,0.0,0.0,0.20273348519362186,0.0,0.0,21.82232346241458,2.85876993166287,0.0,0.0,0.00683371298405467,0.0,0.7767653758542141,0.4920273348519362,0.0,0.04328018223234624,0.0
1809,51,4,0.645320197044335,0.10344827586206896,0.9753694581280788,2.980295566502463,0.0,0.0,0.0,0.0,0.0,0.0,0.0,0.0,0.0,0.0,0.0,0.0,0.0,0.0,0.0,8.975369458128078,0.09852216748768473,3.4088669950738915,0.0,7.87192118226601,1.0935960591133005,0.3842364532019704,6.280788177339901,0.0,0.0,0.024630541871921183,0.0,0.0,0.0,17.44334975369458,1.8226600985221675,0.0,0.09359605911330049,0.0,0.0,0.541871921182266,0.6009852216748769,0.0,0.014778325123152709,0.0
1810,359,4,0.5067796610169492,0.09830508474576272,0.35423728813559324,2.216949152542373,0.0,0.0,0.0,0.0,0.0,0.0,0.0,0.0,0.0,0.05084745762711865,0.0,0.0,0.0,0.0,0.0,10.450847457627118,0.0,1.8457627118644069,0.0,7.8830508474576275,1.1355932203389831,0.11864406779661017,3.2203389830508473,0.0,0.0,0.0,0.0,0.0,0.0,10.515254237288136,1.323728813559322,0.0,0.09152542372881356,0.0,0.0,0.4067796610169492,0.3677966101694915,0.0,0.025423728813559324,0.0
1809,489,15,0.4329004329004329,0.08946608946608947,0.6031746031746031,2.6897546897546896,0.0,0.0,0.0,0.2049062049062049,0.0,0.050505050505050504,0.001443001443001443,0.0,0.0,0.30014430014430016,0.12842712842712842,0.0,0.0,0.0,0.0,8.522366522366521,0.010101010101010102,3.787878787878788,0.0,5.240981240981241,1.468975468975469,0.07647907647907648,5.712842712842713,0.0,0.0,0.0,0.0,0.0,0.0,12.617604617604618,1.6911976911976911,0.0,0.05339105339105339,0.01443001443001443,0.0,0.38095238095238093,0.4805194805194805,0.0,0.03318903318903319,0.0
1806,730,6,0.657314629258517,0.05811623246492986,0.06012024048096192,2.100200400801603,0.0,0.0,0.0,0.18236472945891782,0.0,0.0,0.0,0.0,0.0,0.13026052104208416,0.022044088176352707,0.0,0.0,0.0,0.0,6.4509018036072145,0.0,2.9579158316633265,0.0,3.8196392785571143,1.4208416833667334,0.03006012024048096,2.188376753507014,0.0,0.0,0.0,0.0,0.0,0.0,9.188376753507015,1.1242484969939879,0.0,0.17234468937875752,0.0,0.0,0.3687374749498998,0.4028056112224449,1.6693386773547094,0.19238476953907815,4.825651302605211
1806,745,15,0.47410358565737054,0.09163346613545817,0.30278884462151395,2.681274900398406,0.0,0.0,0.0,0.0,0.0,0.0,0.27091633466135456,0.0,0.26294820717131473,0.8207171314741036,0.6254980079681275,0.0,0.0,0.0,0.0,10.952191235059761,0.0,1.5219123505976095,0.0,8.856573705179283,1.406374501992032,0.1952191235059761,3.852589641434263,0.0,0.0,0.05179282868525897,0.0,0.0,0.0,11.92430278884462,1.5059760956175299,0.0,0.21912350597609562,0.0,0.0,0.47808764940239046,0.47808764940239046,0.0,0.035856573705179286,0.0
1803,1344,4,0.45726495726495725,0.09829059829059829,0.10683760683760683,3.4358974358974357,0.0,0.0,0.0,0.11965811965811966,0.0,0.0,0.06837606837606838,0.0,0.0811965811965812,0.6196581196581197,0.27350427350427353,0.0,0.0,0.0,0.0,12.098290598290598,0.004273504273504274,1.794871794871795,0.0,7.132478632478633,2.1538461538461537,0.29914529914529914,3.1153846153846154,0.0,0.0,0.038461538461538464,0.0,0.0,0.0,15.73076923076923,2.213675213675214,0.0,0.029914529914529916,0.0,0.0,0.5512820512820513,0.4700854700854701,0.0,0.05128205128205128,0.0
1805,1409,4,0.4166666666666667,0.07407407407407407,0.37962962962962965,3.0925925925925926,0.0,0.0,0.0,0.0,0.0,0.0,0.0,0.0,0.0,0.10648148148148148,0.07407407407407407,0.0,0.0,0.0,0.0,11.171296296296296,0.0,1.8287037037037037,0.0,12.402777777777779,1.5416666666666667,0.2777777777777778,4.217592592592593,0.0,0.013888888888888888,0.3101851851851852,0.0,0.0,0.0,15.680555555555555,1.8333333333333333,0.0,0.16666666666666666,0.0,0.0,0.7546296296296297,0.4583333333333333,0.0,0.013888888888888888,0.027777777777777776
1813,386,4,0.3592592592592593,0.05925925925925926,0.6888888888888889,3.3185185185185184,0.0,0.0,0.0,0.1037037037037037,0.0,0.0,0.007407407407407408,0.0,0.007407407407407408,0.2,0.1111111111111111,0.0,0.0,0.0,0.0,10.062962962962963,0.003703703703703704,2.1777777777777776,0.0,8.92962962962963,1.6703703703703703,0.0962962962962963,3.362962962962963,0.0,0.0,0.0,0.0,0.0,0.0,16.455555555555556,2.0925925925925926,0.0,0.0,0.06296296296296296,0.0,0.7777777777777778,0.5148148148148148,0.0,0.03333333333333333,0.0
1803,941,4,0.4095744680851064,0.10460992907801418,0.26595744680851063,2.6773049645390072,0.0,0.0,0.0,0.03900709219858156,0.0,0.04609929078014184,0.008865248226950355,0.0,0.0,0.2198581560283688,0.06914893617021277,0.0,0.0,0.0,0.0,12.664893617021276,0.0,2.882978723404255,0.0,5.134751773049645,1.824468085106383,0.015957446808510637,4.031914893617022,0.0,0.0,0.0,0.11702127659574468,0.0,0.0,12.02836879432624,1.6099290780141844,0.0,0.0,0.010638297872340425,0.0,0.3670212765957447,0.38652482269503546,0.0,0.031914893617021274,0.0
1810,1804,4,5.745454545454545,0.02727272727272727,0.8818181818181818,3.590909090909091,0.0,0.0,0.0,0.0,0.0,0.0,0.0,0.0,0.0,0.0,0.0,0.0,0.0,0.0,0.0,12.2,0.0,2.5,0.0,7.554545454545455,1.209090909090909,0.33636363636363636,6.745454545454545,0.0,0.0,0.0,0.0,0.0,0.0,14.881818181818181,1.6636363636363636,0.0,0.0,0.0,0.0,0.5181818181818182,0.6363636363636364,0.0,2.7181818181818183,0.0
1807,1856,4,0.603225806451613,0.08064516129032258,0.7258064516129032,2.838709677419355,0.0,0.07096774193548387,0.0,0.14516129032258066,0.0,0.0,0.012903225806451613,0.0,0.0,0.35161290322580646,0.0935483870967742,0.0,0.0,0.0,0.12580645161290321,8.948387096774194,0.02258064516129032,2.945161290322581,0.0,15.625806451612902,1.9129032258064516,0.3548387096774194,4.964516129032258,0.0,0.0,0.14516129032258066,0.0,0.0,0.0,16.822580645161292,1.6451612903225807,0.0,0.24838709677419354,0.05806451612903226,0.0,1.0129032258064516,0.5709677419354838,0.0,0.07096774193548387,2.8774193548387097
1806,1099,4,0.7127659574468085,0.11170212765957446,0.40425531914893614,3.595744680851064,0.0,0.0,0.0,0.0,0.0,0.0,0.0,0.0,0.0,0.0,0.0,0.0,0.0,0.0,0.0,9.77127659574468,0.0,2.154255319148936,0.0,10.404255319148936,1.452127659574468,0.0797872340425532,4.712765957446808,0.0,0.0,0.0851063829787234,0.0,0.0,0.0,19.893617021276597,2.0638297872340425,0.0,0.0,0.0,0.0,0.7180851063829787,0.6223404255319149,0.0,0.02127659574468085,0.0
1814,161,4,0.30726256983240224,0.061452513966480445,0.5083798882681564,3.642458100558659,0.00558659217877095,0.0,0.0,0.0,0.0,0.0,0.0,0.0,0.0,0.03910614525139665,0.0,0.0,0.0,0.0,0.0,11.162011173184357,0.0,1.6201117318435754,0.0,7.893854748603352,1.8547486033519553,0.8324022346368715,3.536312849162011,0.0335195530726257,0.0,0.0223463687150838,0.0,0.0,0.0,16.83240223463687,2.100558659217877,0.0,0.0,0.0,0.0,1.0391061452513966,0.5195530726256983,0.0,0.01675977653631285,0.0782122905027933
1812,894,4,0.4071969696969697,0.0625,0.2196969696969697,2.6193181818181817,0.0,0.0,0.0,0.05113636363636364,0.0,0.0,0.0,0.0,0.0,0.12121212121212122,0.054924242424242424,0.0,0.0,0.0,0.0,8.886363636363637,0.0,2.039772727272727,0.0,7.255681818181818,1.946969696969697,0.011363636363636364,3.4791666666666665,0.0,0.0,0.0,0.0,0.0,0.0,12.482954545454545,1.8238636363636365,0.0,0.043560606060606064,0.05113636363636364,0.0,0.4621212121212121,0.36742424242424243,0.0,0.03787878787878788,0.028409090909090908
1819,1136,12,0.436046511627907,0.09883720930232558,0.5852713178294574,3.8488372093023258,0.0,0.0,0.0,0.0,0.0,0.0,0.0,0.0,0.0,0.8333333333333334,0.30426356589147285,0.0,0.0,0.0,0.0,15.24031007751938,0.001937984496124031,1.4631782945736433,0.0,11.001937984496124,3.2868217054263567,0.007751937984496124,4.4689922480620154,0.0,0.0,0.01937984496124031,0.0,0.0,0.0,16.329457364341085,2.189922480620155,0.0,0.0,0.009689922480620155,0.0,0.6395348837209303,0.5310077519379846,0.0,0.040697674418604654,0.8682170542635659
1823,1485,4,0.33753943217665616,0.07255520504731862,0.3643533123028391,2.8359621451104102,0.0,0.0,0.0,0.3138801261829653,0.0,0.0,0.0,0.0,0.0,0.5205047318611987,0.13249211356466878,0.0,0.02050473186119874,0.6766561514195584,0.0,10.728706624605678,0.0,2.417981072555205,0.0,6.2239747634069404,1.4353312302839116,0.4116719242902208,4.211356466876971,0.0,0.0,0.0,0.0,0.0,0.0,13.858044164037855,1.3470031545741326,0.0,0.015772870662460567,0.04100946372239748,0.0,1.389589905362776,0.5078864353312302,0.0,0.0473186119873817,11.545741324921135
1810,1901,4,0.4289308176100629,0.08679245283018867,0.7459119496855345,2.810062893081761,0.0,0.0,0.0,0.0,0.0,0.0,0.0025157232704402514,0.0,0.0,0.007547169811320755,0.0,0.0,0.0,0.0,0.0,10.338364779874214,0.022641509433962263,2.1220125786163524,0.0,4.860377358490566,1.2452830188679245,0.20125786163522014,5.242767295597484,0.0,0.0,0.03270440251572327,0.0,0.0,0.0,14.831446540880503,1.4528301886792452,0.0,0.007547169811320755,0.0012578616352201257,0.0,0.26163522012578616,0.5471698113207547,0.0,0.02012578616352201,0.03522012578616352
1816,284,4,0.5555555555555556,0.11851851851851852,0.22962962962962963,2.8814814814814813,0.0,0.0,0.0,0.0,0.0,0.0,0.0,0.0,0.0,0.0,0.0,0.0,0.0,0.0,0.0,9.525925925925925,0.0,2.785185185185185,0.0,6.5851851851851855,1.0814814814814815,0.3111111111111111,4.088888888888889,0.0,0.0,0.0962962962962963,0.0,0.0,0.0,16.244444444444444,1.6888888888888889,0.0,0.05925925925925926,0.14074074074074075,0.0,0.3925925925925926,0.5925925925925926,0.0,0.037037037037037035,0.0
1812,804,4,0.4348441926345609,0.0679886685552408,0.5977337110481586,2.5736543909348444,0.0,0.0,0.0,0.043909348441926344,0.0,0.0,0.0,0.0,0.0,0.19121813031161472,0.0028328611898017,0.0,0.0,0.0,0.0,7.760623229461756,0.0,3.454674220963173,0.0,6.0127478753541075,1.4844192634560907,0.014164305949008499,4.181303116147308,0.0,0.0,0.0,0.0,0.0,0.0,12.127478753541077,1.7563739376770537,0.0,0.07790368271954674,0.0,0.0,0.28328611898017,0.4065155807365439,0.0,0.0339943342776204,0.0
1813,834,4,0.46153846153846156,0.07932692307692307,0.7283653846153846,2.5264423076923075,0.0,0.0,0.0,0.0,0.0,0.0,0.0,0.0,0.0,0.0,0.0,0.0,0.0,0.0,0.0,10.223557692307692,0.009615384615384616,2.09375,0.0,10.84375,1.7836538461538463,0.3870192307692308,3.7283653846153846,0.0,0.0,0.3894230769230769,0.0,0.0,0.0,12.475961538461538,1.6394230769230769,0.0,0.37259615384615385,0.0,0.0,0.7860576923076923,0.47836538461538464,0.0,0.036057692307692304,1.0745192307692308
1818,1735,4,0.5251798561151079,0.08633093525179857,0.579136690647482,3.449640287769784,0.0,0.0,0.0,0.0,0.0,0.0,0.08633093525179857,0.0,0.0,0.18705035971223022,0.017985611510791366,0.0,0.0,0.0,0.1618705035971223,12.553956834532373,0.0035971223021582736,2.3597122302158273,0.0,13.33093525179856,1.4316546762589928,0.02877697841726619,3.6906474820143886,0.0,0.0,0.0,0.08633093525179857,0.0,0.07194244604316546,14.913669064748202,1.9460431654676258,0.0,0.0035971223021582736,0.0,0.0,0.8489208633093526,0.4568345323741007,0.0,0.046762589928057555,0.06474820143884892
1822,107,4,0.5444126074498568,0.06876790830945559,0.30945558739255014,2.773638968481375,0.0,0.0028653295128939827,0.0,0.15472779369627507,0.0,0.0,0.0,0.0,0.0,0.22636103151862463,0.15759312320916904,0.0,0.0,0.2034383954154728,0.0,7.538681948424069,0.0,2.438395415472779,0.0,9.765042979942693,1.6074498567335243,0.24068767908309455,5.160458452722063,0.0,0.0,0.38108882521489973,0.0,0.0,0.0,16.441260744985673,1.679083094555874,0.0,0.45558739255014324,0.0,0.0,0.5959885386819485,0.5186246418338109,0.0,0.045845272206303724,1.4641833810888252
1824,708,4,0.4630541871921182,0.11576354679802955,0.5431034482758621,3.041871921182266,0.0,0.0,0.0,0.07019704433497537,0.0,0.0,0.0,0.0,0.0,0.0665024630541872,0.0,0.0,0.0,0.0,0.0,12.608374384236454,0.0,2.4729064039408866,0.0,7.103448275862069,2.5714285714285716,0.06403940886699508,4.429802955665025,0.0,0.0,0.0,0.0,0.0,0.0,12.410098522167488,1.7315270935960592,0.0,0.07019704433497537,0.013546798029556651,0.0,0.5024630541871922,0.40763546798029554,0.0,0.01847290640394089,0.0
1828,767,15,0.3988888888888889,0.06333333333333334,0.3411111111111111,3.2844444444444445,0.0,0.0,0.0,0.0,0.0,0.0,0.0011111111111111111,0.0,0.0022222222222222222,0.035555555555555556,0.0077777777777777776,0.0,0.0,0.0,0.0,13.46888888888889,0.0,1.8422222222222222,0.0,6.546666666666667,1.88,0.07222222222222222,2.868888888888889,0.0,0.0,0.07555555555555556,0.0,0.0,0.0,14.55,2.168888888888889,0.0,0.13444444444444445,0.021111111111111112,0.0,0.37222222222222223,0.49444444444444446,0.0,0.01888888888888889,0.0
1813,1088,4,0.47088866189989786,0.0755873340143003,0.40755873340143,2.955056179775281,0.0,0.0,0.0,0.40960163432073543,0.0,0.0,0.0,0.0,0.006128702757916241,0.44228804902962204,0.02247191011235955,0.0,0.0,0.0,0.0,9.744637385086824,0.0,1.7477017364657814,0.0,5.981613891726251,1.5219611848825332,0.22982635342185903,3.131767109295199,0.0,0.0,0.054136874361593465,0.18283963227783454,0.0,0.0,13.813074565883555,1.8130745658835548,0.0,0.054136874361593465,0.0,0.0,0.41470888661899896,0.491317671092952,0.0,0.04698672114402452,0.21450459652706844
1815,1180,4,0.3488372093023256,0.046511627906976744,0.813953488372093,2.7674418604651163,0.0,0.0,0.0,0.0,0.0,0.0,0.0,0.0,0.0,0.011627906976744186,0.0,0.0,0.0,0.0,0.0,5.573643410852713,0.0,1.7945736434108528,0.0,4.5852713178294575,0.9767441860465116,0.562015503875969,4.437984496124031,0.0,0.0,0.0,0.0,0.0,0.0,14.87984496124031,1.8953488372093024,0.0,0.0,0.0,0.0,1.4844961240310077,0.4883720930232558,0.0,0.01937984496124031,0.0
1816,126,4,0.43333333333333335,0.07333333333333333,0.9066666666666666,3.091111111111111,0.0,0.0,0.0,0.0,0.0,0.0,0.0,0.0,0.0,0.04,0.0022222222222222222,0.0,0.0,0.0,0.0,13.53111111111111,0.0,1.8111111111111111,0.0,5.8933333333333335,1.1355555555555557,0.6177777777777778,7.093333333333334,0.0,0.05333333333333334,0.1511111111111111,0.0,0.0,0.0,15.38888888888889,1.6511111111111112,0.0,0.4577777777777778,0.03111111111111111,0.0,0.30666666666666664,0.5355555555555556,0.0,0.028888888888888888,0.0
1816,232,7,0.41916167664670656,0.08682634730538923,0.6497005988023952,2.317365269461078,0.0,0.0,0.0,0.0718562874251497,0.0,0.0,0.0,0.0,0.0,0.17365269461077845,0.0,0.0,0.0,0.0,0.0,11.449101796407186,0.0,2.3982035928143715,0.0,5.224550898203593,1.2275449101796407,0.1437125748502994,5.787425149700598,0.0,0.0,0.0,0.0,0.0,0.0,10.640718562874252,1.2904191616766467,0.0,0.02694610778443114,0.0,0.0,0.2694610778443114,0.4041916167664671,0.0,0.041916167664670656,0.0
1830,307,4,0.4505703422053232,0.07984790874524715,0.43155893536121676,4.344106463878327,0.0,0.0,0.0,0.024714828897338403,0.0,0.0,0.1596958174904943,0.0,0.0,0.7053231939163498,0.024714828897338403,0.0,0.0,0.0019011406844106464,0.8745247148288974,13.690114068441064,0.0,2.925855513307985,0.0,11.726235741444867,3.173003802281369,0.045627376425855515,5.144486692015209,0.0,0.0,0.0,0.0,0.0,0.0,16.785171102661597,2.5399239543726235,0.0,0.0,0.0,0.0,0.6197718631178707,0.41634980988593157,0.0,0.06273764258555133,1.1596958174904943
1812,1263,4,0.47136150234741786,0.07793427230046948,0.6056338028169014,2.9577464788732395,0.0,0.0,0.0,0.02535211267605634,0.0,0.0,0.0,0.0,0.0,0.22535211267605634,0.0,0.0,0.0,0.0,0.006572769953051643,12.104225352112676,0.0,2.5098591549295777,0.0,5.204694835680751,1.2976525821596243,0.03192488262910798,5.347417840375587,0.0,0.0,0.0,0.0,0.0,0.0,12.786854460093897,1.8112676056338028,0.0,0.036619718309859155,0.005633802816901409,0.0,0.3145539906103286,0.40938967136150234,0.0,0.028169014084507043,0.0
1820,1114,4,0.3135593220338983,0.11016949152542373,0.6864406779661016,3.389830508474576,0.0,0.0,0.0,0.2711864406779661,0.0,0.0,0.0,0.0,0.0,0.19491525423728814,0.059322033898305086,0.0,0.0,0.06779661016949153,0.0,10.05084745762712,0.0,2.110169491525424,0.0,6.923728813559322,1.3389830508474576,0.3135593220338983,6.389830508474576,0.0,0.0,0.06779661016949153,0.0847457627118644,0.0,0.0,17.66949152542373,2.0677966101694913,0.0,0.1440677966101695,0.0,0.0,0.6186440677966102,0.5423728813559322,0.0,0.03389830508474576,0.0
1817,1345,11,0.391812865497076,0.07017543859649122,0.24561403508771928,4.019493177387914,0.0,0.0,0.0,0.0,0.0,0.0,0.0,0.0,0.0,0.04873294346978557,0.0,0.0,0.0,0.0,0.0,15.116959064327485,0.0,1.922027290448343,0.0,9.372319688109162,2.2046783625730995,0.13060428849902533,2.8908382066276803,0.0,0.0,0.0,0.0,0.0,0.0,17.63157894736842,2.405458089668616,0.0,0.0,0.042884990253411304,0.0,0.6081871345029239,0.571150097465887,0.0,0.03313840155945419,0.0
1817,71,4,0.3881278538812785,0.08904109589041095,0.954337899543379,3.5114155251141552,0.0,0.0,0.0,0.13013698630136986,0.0,0.0,0.0,0.0,0.0,0.5251141552511416,0.08904109589041095,0.0,0.0,0.0,0.0,13.077625570776256,0.07990867579908675,1.6415525114155252,0.0,3.3858447488584473,2.767123287671233,0.5776255707762558,6.1826484018264845,0.0,0.0776255707762557,0.19406392694063926,0.0,0.0,0.6461187214611872,16.625570776255707,1.730593607305936,0.0,0.14383561643835616,0.0,0.0,0.23059360730593606,0.6004566210045662,0.0,0.03424657534246575,3.6187214611872145
1823,946,4,0.4919786096256685,0.0374331550802139,0.37433155080213903,1.4598930481283423,0.0,0.0,0.0,0.0,0.0,0.0,0.0,0.0,0.0,0.0374331550802139,0.0,0.0,0.0,0.0,0.0,6.711229946524064,0.0,1.2780748663101604,0.0,3.0320855614973263,0.25668449197860965,0.0106951871657754,3.4705882352941178,0.0,0.0,0.10695187165775401,0.0,0.0,0.0,6.946524064171123,0.7433155080213903,0.0,0.31016042780748665,0.0374331550802139,0.0,0.12299465240641712,0.47593582887700536,0.0,0.016042780748663103,0.0
1818,1195,4,2.0644028103044496,0.07494145199063232,0.8360655737704918,3.13231850117096,0.0,0.01288056206088993,0.0,0.0,0.0,0.0,0.0,0.0,0.0,0.1288056206088993,0.00468384074941452,0.0,0.00819672131147541,0.00351288056206089,0.0,10.997658079625293,0.0,1.8266978922716628,0.0,10.111241217798595,1.959016393442623,0.14168618266978922,4.336065573770492,0.0,0.0,0.07611241217798595,0.0,0.0,0.14988290398126464,13.89344262295082,1.7236533957845432,0.0,0.06908665105386416,0.02224824355971897,0.0,0.6814988290398126,0.5152224824355972,0.0,1.050351288056206,3.160421545667447
1825,1278,4,0.42410714285714285,0.0625,0.7901785714285714,2.9732142857142856,0.0,0.0,0.0,0.0,0.0,0.0,0.0,0.0,0.0,0.0,0.0,0.0,0.0,0.0,0.0,11.638392857142858,0.0,2.1830357142857144,0.0,4.924107142857143,0.8258928571428571,0.6473214285714286,8.276785714285714,0.0,0.0,0.026785714285714284,0.0,0.0,0.0,15.357142857142858,1.5401785714285714,0.0,0.04017857142857143,0.0,0.0,0.29017857142857145,0.5446428571428571,0.0,0.04017857142857143,0.0
1822,1402,4,0.4388185654008439,0.07876230661040788,0.5260196905766527,3.548523206751055,0.0,0.0,0.0,0.02250351617440225,0.0,0.0,0.0,0.0,0.0,0.03656821378340366,0.008438818565400843,0.0,0.0,0.0,0.0,11.70604781997187,0.0,1.9578059071729959,0.0,12.0,2.50210970464135,0.20815752461322082,4.523206751054852,0.0,0.005625879043600563,0.08016877637130802,0.20675105485232068,0.0,0.0,17.58931082981716,2.30239099859353,0.0,0.10548523206751055,0.005625879043600563,0.0,0.7172995780590717,0.5161744022503516,0.0,0.0450070323488045,0.20956399437412096
1820,1722,4,0.377431906614786,0.07782101167315175,0.11284046692607004,4.392996108949417,0.0,0.0,0.0,0.0,0.0,0.0,0.0,0.0,0.0,0.007782101167315175,0.027237354085603113,0.0,0.0,0.0,0.0,12.424124513618677,0.0,1.54863813229572,0.0,12.832684824902724,4.712062256809339,0.0,1.972762645914397,0.0,0.0,0.0,0.0,0.0,0.0,21.470817120622566,3.0505836575875485,0.0,0.0,0.0,0.0,0.8132295719844358,0.42412451361867703,0.0,0.03501945525291829,0.0
1836,141,4,0.6127946127946128,0.10437710437710437,0.8249158249158249,3.2525252525252526,0.0,0.010101010101010102,0.0,0.08417508417508418,0.0,0.0,0.0,0.0,0.0,0.19865319865319866,0.037037037037037035,0.0,0.0,0.3400673400673401,0.0,9.656565656565656,0.09427609427609428,2.3097643097643097,0.0,10.262626262626263,1.5521885521885521,0.3939393939393939,4.7272727272727275,0.0,0.19528619528619529,0.5791245791245792,0.02356902356902357,0.0,0.0,17.757575757575758,1.7878787878787878,0.0,0.6094276094276094,0.09764309764309764,0.0,0.7003367003367004,0.6195286195286195,0.0,0.04040404040404041,0.9966329966329966
1817,852,11,0.43915827996340345,0.08142726440988106,0.3458371454711802,2.745654162854529,0.0,0.0,0.0,0.024702653247941447,0.0,0.0,0.0,0.0,0.0,0.043000914913083256,0.0,0.0,0.0,0.0,0.0,11.418115279048491,0.0,1.5059469350411712,0.0,7.583714547118023,2.0338517840805124,0.10064043915827996,4.068618481244282,0.0,0.0,0.0,0.0,0.0,0.0,11.432753888380605,1.5416285452881977,0.0,0.06404391582799634,0.0,0.0,0.4556267154620311,0.37328453796889294,0.0,0.025617566331198535,0.0
1829,1616,4,0.4523809523809524,0.0992063492063492,0.36904761904761907,3.619047619047619,0.0,0.0,0.0,0.0,0.0,0.0,0.17857142857142858,0.0,0.0,1.507936507936508,0.0,0.0,0.4166666666666667,0.0,0.3253968253968254,14.952380952380953,0.003968253968253968,1.7896825396825398,0.0,2.8134920634920637,2.757936507936508,0.30952380952380953,3.8134920634920637,0.0,0.0,0.2976190476190476,0.0,0.0,7.579365079365079,16.13888888888889,1.8333333333333333,0.0,0.023809523809523808,0.06349206349206349,0.0,0.36507936507936506,0.4722222222222222,0.0,0.06349206349206349,2.9523809523809526
1818,1628,15,0.45006839945280436,0.07660738714090287,0.3625170998632011,3.4035567715458277,0.0,0.016415868673050615,0.0,0.08344733242134063,0.0,0.0,0.0,0.0,0.0,0.0506155950752394,0.03283173734610123,0.0,0.0,0.0,0.0,12.08344733242134,0.0,2.1928864569083446,0.0,4.92749658002736,1.4131326949384404,0.0027359781121751026,2.9945280437756496,0.0,0.0,0.0,0.08207934336525308,0.0,0.0,18.98358413132695,2.0984952120383036,0.0,0.0,0.03556771545827633,0.0,0.2982216142270862,0.5075239398084815,0.0,0.02051983584131327,0.0
1822,1848,4,0.4868421052631579,0.10964912280701754,0.25,3.8026315789473686,0.0,0.03508771929824561,0.0,0.2719298245614035,0.0,0.0,0.0,0.0,0.0,0.2324561403508772,0.09649122807017543,0.0,0.0,0.0,0.0,13.320175438596491,0.0,2.2982456140350878,0.0,5.7105263157894735,1.4649122807017543,0.0,2.4342105263157894,0.0,0.0,0.0,0.10087719298245613,0.0,0.0,19.714912280701753,1.9605263157894737,0.0,0.0,0.0,0.0,0.4692982456140351,0.5,0.0,0.03508771929824561,0.0
1824,1891,12,0.5675105485232067,0.05907172995780591,0.6540084388185654,2.852320675105485,0.0,0.0,0.0,0.0,0.0,0.0,0.0,0.0,0.0,0.0189873417721519,0.0,0.0,0.0,0.0,0.014767932489451477,8.025316455696203,0.02109704641350211,2.221518987341772,0.0,7.715189873417722,1.0590717299578059,0.24050632911392406,5.166666666666667,0.0,0.0,0.1371308016877637,0.0,0.0,0.0,17.156118143459917,1.5675105485232068,0.0,0.0759493670886076,0.0,0.0,0.510548523206751,0.5654008438818565,0.0,0.027426160337552744,0.1729957805907173
1817,1911,4,0.581888246628131,0.08285163776493257,0.2909441233140655,3.2061657032755297,0.0,0.0,0.0,0.0,0.0,0.0,0.0,0.0,0.0,0.42196531791907516,0.15028901734104047,0.0,0.16184971098265896,0.44315992292870904,0.0,10.865125240847783,0.0,2.5895953757225434,0.0,9.366088631984585,1.3121387283236994,0.13680154142581888,3.6820809248554913,0.0,0.0,0.07129094412331406,0.046242774566473986,0.0,0.0,18.063583815028903,1.6820809248554913,0.0,0.01348747591522158,0.04238921001926782,0.0,0.7071290944123314,0.5953757225433526,0.0,0.036608863198458574,0.24470134874759153
1824,594,6,0.7015706806282722,0.09947643979057591,0.7277486910994765,2.93717277486911,0.0,0.0,0.0,0.05759162303664921,0.0,0.0,0.0,0.0,0.0,0.03664921465968586,0.0,0.0,0.0,0.0,0.0,11.188481675392671,0.031413612565445025,2.602094240837696,0.0,6.701570680628272,1.031413612565445,0.27225130890052357,6.2460732984293195,0.0,0.0,0.18324607329842932,0.2198952879581152,0.0,0.0,17.335078534031414,1.4240837696335078,0.0,0.2094240837696335,0.13089005235602094,0.0,0.4083769633507853,0.49214659685863876,0.0,0.020942408376963352,0.0
1824,972,11,0.5663900414937759,0.056016597510373446,0.004149377593360996,3.4771784232365146,0.0,0.056016597510373446,0.0,0.5809128630705395,0.0,0.0,0.3921161825726141,0.0,0.38589211618257263,2.1970954356846475,0.46680497925311204,0.0,0.0,0.0,0.05186721991701245,8.46058091286307,0.0,3.854771784232365,0.0,4.8962655601659755,2.809128630705394,0.18464730290456433,3.1493775933609958,0.0,0.0,0.0,0.0,0.2012448132780083,0.0,15.686721991701244,2.1701244813278007,0.0,0.0,0.0,0.0,0.43568464730290457,0.45643153526970953,0.016597510373443983,0.07883817427385892,4.3029045643153525
1816,987,4,0.4224137931034483,0.08620689655172414,0.24568965517241378,4.543103448275862,0.0,0.2521551724137931,0.0,0.0,0.0,0.0,0.0,0.0,0.0,1.4353448275862069,0.032327586206896554,0.0,0.1314655172413793,0.11853448275862069,0.0,15.02155172413793,0.0,1.4051724137931034,0.0,4.366379310344827,3.25,0.5517241379310345,3.1336206896551726,0.0,0.0,0.2413793103448276,0.0,0.0,4.698275862068965,18.739224137931036,2.415948275862069,0.0,0.14439655172413793,0.09267241379310345,0.0,0.7629310344827587,0.4676724137931034,0.0,0.07112068965517242,5.0
1825,642,6,0.30857142857142855,0.045714285714285714,0.3942857142857143,2.525714285714286,0.0,0.0,0.0,0.0,0.0,0.0,0.0,0.0,0.0,0.07428571428571429,0.0,0.0,0.0,0.0,0.0,6.8,0.0,1.7257142857142858,0.0,6.022857142857143,1.8057142857142856,0.03428571428571429,3.0628571428571427,0.0,0.0,0.0,0.0,0.0,0.06857142857142857,13.451428571428572,1.5714285714285714,0.0,0.0,0.0,0.0,0.3485714285714286,0.6114285714285714,0.0,0.011428571428571429,0.0
1821,909,4,0.3844660194174757,0.07184466019417475,0.02524271844660194,3.50873786407767,0.0,0.1145631067961165,0.0,1.1650485436893203,0.0,0.0,0.47378640776699027,0.0,0.35145631067961164,2.353398058252427,0.43106796116504853,0.0,0.0,0.1145631067961165,0.26019417475728157,6.794174757281553,0.0,3.4970873786407766,0.0,2.9514563106796117,1.970873786407767,0.39223300970873787,5.398058252427185,0.0,0.0,0.009708737864077669,0.0,0.0,0.0,16.25631067961165,2.3398058252427183,0.0,0.0,0.07572815533980583,0.0,0.3766990291262136,0.4563106796116505,0.0,0.1087378640776699,5.326213592233009
1830,1560,4,0.5102880658436214,0.06995884773662552,0.45267489711934156,3.2551440329218106,0.0,0.0,0.0,0.0,0.0,0.0,0.0,0.0,0.0,0.20987654320987653,0.02880658436213992,0.0,0.0,0.0,0.0,11.91769547325103,0.0,1.7078189300411524,0.0,12.325102880658436,1.8930041152263375,0.00823045267489712,2.8847736625514404,0.0,0.0,0.5720164609053497,0.0,0.0,0.0,15.950617283950617,2.316872427983539,0.0,0.0,0.0,0.0,0.7818930041152263,0.5267489711934157,0.0,0.03292181069958848,0.05761316872427984
1826,1986,7,0.4250720461095101,0.06772334293948126,0.45244956772334294,2.9985590778097984,0.0,0.0,0.0,0.0,0.0,0.0,0.0,0.0,0.0,0.012968299711815562,0.0,0.0,0.0,0.0,0.0,8.997118155619596,0.020172910662824207,2.2521613832853027,0.0,4.6138328530259365,1.4755043227665705,0.09221902017291066,3.5288184438040346,0.0,0.0,0.0,0.07060518731988473,0.0,0.0,16.854466858789625,1.8443804034582132,0.0,0.021613832853025938,0.01440922190201729,0.0,0.30835734870317005,0.537463976945245,0.0,0.027377521613832854,0.0
1832,800,4,0.7682926829268293,0.10278745644599303,0.5174216027874564,4.656794425087108,0.0,0.0,0.0,0.027874564459930314,0.0,0.0,0.2874564459930314,0.0,0.0,0.6794425087108014,0.2787456445993031,0.0,0.0,0.0,0.7752613240418118,13.189895470383275,0.0,4.116724738675958,0.0,14.066202090592334,2.991289198606272,0.4634146341463415,4.020905923344948,0.0,0.0,0.35365853658536583,0.0017421602787456446,0.21080139372822299,0.0,23.86759581881533,2.4285714285714284,0.0,0.0975609756097561,0.0,0.13066202090592335,0.9041811846689896,0.5993031358885017,0.0,0.06097560975609756,0.0
1832,1392,4,0.421978021978022,0.07252747252747253,0.46263736263736266,2.467032967032967,0.0,0.0,0.0,0.05934065934065934,0.0,0.0,0.0,0.0,0.0,0.2175824175824176,0.05384615384615385,0.0,0.0,0.0,0.0,7.861538461538461,0.0,1.756043956043956,0.0,6.321978021978022,1.376923076923077,0.23076923076923078,3.3483516483516484,0.0,0.0,0.08791208791208792,0.0,0.0,0.005494505494505495,12.915384615384616,1.634065934065934,0.0,0.07142857142857142,0.0,0.0,0.4054945054945055,0.5197802197802198,0.0,0.026373626373626374,0.1054945054945055
1824,1437,4,0.40828402366863903,0.07544378698224852,0.39644970414201186,3.239644970414201,0.0,0.0,0.0,0.03254437869822485,0.0,0.0,0.04881656804733728,0.0,0.0,0.2559171597633136,0.19822485207100593,0.0,0.014792899408284023,0.004437869822485207,0.0,9.525147928994082,0.022189349112426034,1.717455621301775,0.0,7.887573964497041,2.853550295857988,0.378698224852071,4.4674556213017755,0.0,0.0695266272189349,0.0621301775147929,0.0,0.0,0.09319526627218935,17.115384615384617,1.952662721893491,0.0,0.0,0.0,0.0,0.45710059171597633,0.5162721893491125,0.0,0.04142011834319527,0.0
1833,47,4,0.47980997624703087,0.08788598574821853,0.16864608076009502,3.2375296912114013,0.0,0.0,0.0,0.0,0.0,0.0,0.0,0.0,0.0,0.05463182897862233,0.0,0.0,0.0,0.0,0.0,10.073634204275534,0.0,2.02375296912114,0.0,15.270783847980997,1.990498812351544,0.04275534441805225,2.4536817102137767,0.0,0.0,0.0,0.0,0.0,0.0,16.985748218527316,2.021377672209026,0.0,0.0,0.0,0.0,0.9786223277909739,0.4679334916864608,0.0,0.028503562945368172,0.12351543942992874
1829,740,4,0.435634328358209,0.07929104477611941,0.19682835820895522,2.111940298507463,0.0,0.0,0.0,0.0,0.0,0.0,0.0,0.0,0.0,0.014925373134328358,0.0,0.0,0.0,0.0,0.0,10.127798507462687,0.0,1.919776119402985,0.0,5.819962686567164,1.4598880597014925,0.054104477611940295,2.8544776119402986,0.0,0.0,0.007462686567164179,0.0,0.0,0.0,9.662313432835822,1.2276119402985075,0.0,0.0708955223880597,0.058768656716417914,0.0,0.34048507462686567,0.4216417910447761,0.0,0.020522388059701493,0.0
1834,1583,4,0.45148247978436656,0.08490566037735849,0.32075471698113206,3.266846361185984,0.0,0.0,0.0,0.0,0.0,0.0,0.018867924528301886,0.0,0.02830188679245283,0.08221024258760108,0.04582210242587601,0.0,0.0,0.0,0.0,11.130727762803234,0.0,1.8477088948787062,0.0,8.181940700808624,2.0768194070080863,0.10512129380053908,3.243935309973046,0.0,0.0,0.07951482479784366,0.004043126684636119,0.0,0.0,15.18867924528302,2.150943396226415,0.0,0.16037735849056603,0.02021563342318059,0.0,0.5471698113207547,0.48787061994609165,0.0,0.0215633423180593,0.0
1822,1417,3,0.46496815286624205,0.07643312101910828,0.8089171974522293,2.8038216560509555,0.0,0.0,0.0,0.0,0.0,0.0,0.0,0.0,0.0,0.005095541401273885,0.0,0.0,0.0,0.0,0.0,7.9197452229299365,0.0,2.045859872611465,0.0,3.608917197452229,1.1210191082802548,0.003821656050955414,3.9987261146496813,0.0,0.0,0.0,0.0,0.0,0.0,16.354140127388536,1.6751592356687899,0.0,0.06624203821656051,0.0,0.0,0.21910828025477708,0.575796178343949,0.0,0.04076433121019108,0.0
1825,1704,12,0.4131455399061033,0.07042253521126761,0.3755868544600939,3.4741784037558685,0.0,0.0,0.0,0.0,0.0,0.0,0.0,0.0,0.0,0.09859154929577464,0.0,0.0,0.0,0.0,0.0,11.12206572769953,0.0,2.3051643192488265,0.0,9.103286384976526,1.6338028169014085,0.0,4.136150234741784,0.0,0.0,0.0,0.0,0.0,0.0,17.11737089201878,2.0985915492957745,0.0,0.0,0.0,0.0,0.5915492957746479,0.4647887323943662,0.0,0.04225352112676056,0.22065727699530516
1830,508,15,0.46384039900249374,0.10972568578553615,0.13466334164588528,4.062344139650873,0.0,0.0,0.0,0.0,0.0,0.0,0.0,0.0,0.0,0.18703241895261846,0.0,0.0,0.0,0.4164588528678304,0.0,13.169576059850375,0.004987531172069825,1.940149625935162,0.0,9.354114713216958,2.4463840399002494,0.08229426433915212,3.1546134663341645,0.0,0.1970074812967581,0.49625935162094764,0.2718204488778055,0.0,0.0,22.620947630922693,2.6134663341645887,0.0,0.10224438902743142,0.0199501246882793,0.0,0.6109725685785536,0.5361596009975063,0.0,0.057356608478802994,0.19201995012468828
1832,560,12,0.6123595505617978,0.09410112359550561,0.02247191011235955,3.157303370786517,0.0,0.10674157303370786,0.0,0.3862359550561798,0.0,0.0,0.018258426966292134,0.0,0.0,1.2654494382022472,0.014044943820224719,0.0,0.0,0.0,0.04353932584269663,8.469101123595506,0.0,1.0941011235955056,0.0,6.560393258426966,3.491573033707865,0.0,1.4382022471910112,0.0,0.0,0.0,0.0,0.0,0.0,13.57865168539326,2.202247191011236,0.0,0.0,0.0,0.0,0.4311797752808989,0.35814606741573035,0.13342696629213482,0.05758426966292135,0.6882022471910112
1830,998,4,0.45255474452554745,0.07846715328467153,0.06386861313868614,2.8576642335766422,0.0,0.17883211678832117,0.0,0.9306569343065694,0.0,0.0,0.012773722627737226,0.010948905109489052,0.0,1.5656934306569343,0.30474452554744524,0.0,0.0,0.30474452554744524,0.040145985401459854,10.892335766423358,0.0,3.164233576642336,0.0,6.532846715328467,1.968978102189781,0.21350364963503649,3.3886861313868613,0.0,0.0,0.0,0.0,0.0,0.0,13.357664233576642,1.7281021897810218,0.0,0.0,0.058394160583941604,0.0,0.6624087591240876,0.3905109489051095,0.0,0.058394160583941604,2.184306569343066
1831,1208,4,0.3929889298892989,0.06088560885608856,0.3081180811808118,2.822878228782288,0.0,0.01845018450184502,0.0,0.0,0.0,0.0,0.0,0.0,0.0,0.06273062730627306,0.0,0.0,0.0,0.0,0.0,11.599630996309964,0.0,1.8763837638376384,0.0,11.188191881918819,1.6642066420664208,0.16605166051660517,3.123616236162362,0.0,0.0,0.025830258302583026,0.0,0.0,0.06457564575645756,14.642066420664207,1.8892988929889298,0.0,0.01107011070110701,0.0,0.0,0.7084870848708487,0.522140221402214,0.0,0.016605166051660517,0.0
1830,1326,4,0.4153846153846154,0.07521367521367521,0.6358974358974359,4.242735042735043,0.0,0.0,0.0,0.0017094017094017094,0.0,0.0,0.0,0.0,0.0,0.07008547008547009,0.042735042735042736,0.0,0.0,0.020512820512820513,0.0,14.441025641025641,0.023931623931623933,2.1162393162393163,0.0,8.2991452991453,3.046153846153846,0.35384615384615387,4.181196581196581,0.0,0.0,0.08034188034188035,0.19487179487179487,0.0,0.0,20.81025641025641,2.7094017094017095,0.0,0.06666666666666667,0.0,0.0,0.6478632478632479,0.5333333333333333,0.0,0.037606837606837605,0.0
1827,1680,4,0.38881491344873503,0.09054593874833555,0.8468708388814914,3.0732356857523304,0.0,0.0,0.0,0.02529960053262317,0.0,0.0,0.0,0.0,0.0,0.03462050599201065,0.0,0.0,0.0,0.0,0.0,11.655126498002662,0.017310252996005325,1.966711051930759,0.0,7.328894806924101,2.4713715046604525,0.19973368841544606,5.250332889480692,0.0,0.0,0.0758988015978695,0.12117177097203728,0.0,0.0,16.166444740346204,1.9906790945406125,0.0,0.007989347536617843,0.0,0.0,0.5099866844207723,0.5392809587217043,0.0,0.022636484687083888,0.011984021304926764
1829,1761,15,0.5306122448979592,0.07551020408163266,0.40408163265306124,2.9673469387755103,0.0,0.0,0.0,0.02857142857142857,0.0,0.0,0.0,0.0,0.0,0.18979591836734694,0.0,0.0,0.0,0.0,0.0,10.079591836734695,0.0,2.8755102040816327,0.0,11.426530612244898,2.126530612244898,0.012244897959183673,4.214285714285714,0.0,0.0,0.2693877551020408,0.0,0.0,0.0,17.322448979591837,1.6326530612244898,0.0,0.0,0.0673469387755102,0.0,0.753061224489796,0.5857142857142857,0.0,0.030612244897959183,0.0
1834,205,4,0.5156657963446475,0.07702349869451697,0.26762402088772846,2.643603133159269,0.0,0.0,0.0,0.18929503916449086,0.0,0.0,0.0,0.0,0.0,0.36553524804177545,0.05483028720626632,0.0,0.0,0.0013054830287206266,0.0,8.2532637075718,0.0,1.8002610966057442,0.0,7.825065274151436,1.0639686684073106,0.14882506527415143,4.734986945169712,0.0,0.024804177545691905,0.2558746736292428,0.0,0.0,0.0,17.233681462140993,1.731070496083551,0.0,0.185378590078329,0.06657963446475196,0.0,0.5182767624020888,0.5287206266318538,0.0,0.033942558746736295,0.10182767624020887
1822,924,4,0.45161290322580644,0.08279569892473118,0.3333333333333333,2.8967741935483873,0.0,0.0,0.0,0.03333333333333333,0.0,0.0,0.0,0.0,0.0,0.20430107526881722,0.05161290322580645,0.0,0.0,0.03763440860215054,0.01827956989247312,12.078494623655914,0.0,2.3913978494623658,0.0,6.470967741935484,1.8365591397849463,0.04946236559139785,4.386021505376344,0.0,0.0,0.16774193548387098,0.0,0.0,0.0,12.688172043010752,1.7634408602150538,0.0,0.004301075268817204,0.0,0.0,0.4021505376344086,0.4053763440860215,0.0,0.03655913978494624,0.0
1835,175,4,0.9101123595505618,0.06741573033707865,0.4606741573033708,2.0,0.0,0.02247191011235955,0.0,0.056179775280898875,0.0,0.0,0.0,0.0,0.0,0.2808988764044944,0.06741573033707865,0.0,0.0,0.0,0.0,4.831460674157303,0.0,1.348314606741573,0.0,2.6853932584269664,0.3258426966292135,0.1348314606741573,4.49438202247191,0.0,0.0,0.0,0.0,0.0,0.0,11.07865168539326,1.146067415730337,0.0,0.0,0.25842696629213485,0.0,0.5730337078651685,0.6179775280898876,0.0,0.2247191011235955,0.0
1831,1081,7,0.48326055312954874,0.07569141193595343,0.3289665211062591,2.8253275109170306,0.0,0.0,0.0,0.0,0.0,0.0,0.0,0.0,0.0,0.021834061135371178,0.050946142649199416,0.0,0.0,0.0,0.0,10.733624454148472,0.0,1.6826783114992723,0.0,6.74235807860262,1.5705967976710336,0.011644832605531296,4.039301310043668,0.0,0.0,0.0,0.07569141193595343,0.0,0.0,12.065502183406114,1.6419213973799127,0.0,0.22998544395924309,0.0,0.0,0.4497816593886463,0.388646288209607,0.0,0.05240174672489083,0.0
1836,1643,4,0.3526405451448041,0.07495741056218058,0.645655877342419,3.676320272572402,0.0,0.0,0.0,0.0,0.0,0.0,0.23339011925042588,0.0,0.0,0.8977853492333902,0.06473594548551959,0.0,0.0,0.0,0.43270868824531517,12.671209540034072,0.02385008517887564,1.7751277683134583,0.0,5.34412265758092,2.3833049403747872,0.20272572402044292,5.792163543441227,0.0,0.0,0.0,0.10732538330494037,0.0,0.0,17.862010221465077,2.2265758091993186,0.0,0.0,0.0,0.0,0.6507666098807495,0.4940374787052811,0.0,0.06643952299829642,3.148211243611584
1833,90,4,0.44513137557959814,0.05409582689335394,0.794435857805255,3.1391035548686244,0.0,0.0,0.0,0.02627511591962906,0.0,0.0,0.0,0.0,0.0,0.00927357032457496,0.0,0.0,0.0,0.0,0.0,8.530139103554868,0.0,2.1483771251931993,0.0,4.707882534775889,0.990726429675425,0.10046367851622875,5.1112828438949,0.0,0.16383307573415765,0.00927357032457496,0.0,0.0,0.0,16.595054095826892,1.6136012364760433,0.0,0.10819165378670788,0.0077279752704791345,0.0,0.30602782071097373,0.482225656877898,0.0,0.02627511591962906,0.0
1831,327,4,0.43973941368078173,0.10749185667752444,0.5179153094462541,2.504885993485342,0.0,0.0,0.0,0.02280130293159609,0.0,0.0,0.0,0.0,0.0,0.02280130293159609,0.0,0.0,0.0,0.0,0.0,14.221498371335505,0.0,1.521172638436482,0.0,4.687296416938111,1.4657980456026058,0.06514657980456026,5.201954397394137,0.0,0.0,0.0,0.0749185667752443,0.0,0.0,10.977198697068404,1.50814332247557,0.0,0.13680781758957655,0.0,0.0,0.2996742671009772,0.46254071661237783,0.0,0.019543973941368076,0.0
1829,664,12,0.452991452991453,0.1111111111111111,0.4230769230769231,2.08974358974359,0.0,0.0,0.0,0.0,0.0,0.0,0.0,0.0,0.0,0.13675213675213677,0.0,0.0,0.0,0.0,0.0,9.649572649572649,0.0,1.811965811965812,0.0,3.1025641025641026,0.7863247863247863,0.0,6.4743589743589745,0.0,0.0,0.0,0.0,0.0,0.0,11.02991452991453,1.2264957264957266,0.0,0.0,0.15384615384615385,0.0,0.16666666666666666,0.48717948717948717,0.0,0.004273504273504274,0.0
1837,861,11,0.3888888888888889,0.06209150326797386,0.14705882352941177,1.892156862745098,0.0,0.11764705882352941,0.0,1.1633986928104576,0.0,0.0,0.0032679738562091504,0.0,0.0032679738562091504,1.0686274509803921,0.3202614379084967,0.0,0.0,0.03594771241830065,0.032679738562091505,8.03921568627451,0.0,2.5980392156862746,0.0,1.9640522875816993,0.8464052287581699,0.4803921568627451,3.3594771241830066,0.0,0.1568627450980392,0.0718954248366013,0.0,0.0,0.0,9.663398692810457,0.8594771241830066,0.0,0.00980392156862745,0.20261437908496732,0.0,0.1895424836601307,0.49019607843137253,0.0,0.0392156862745098,5.506535947712418
1833,1229,4,0.45141065830721006,0.08150470219435736,0.23824451410658307,3.3385579937304075,0.0,0.06896551724137931,0.0,0.3338557993730408,0.0,0.0,0.0,0.0,0.0,0.7476489028213166,0.19122257053291536,0.0,0.2946708463949843,0.2115987460815047,0.0,10.30564263322884,0.0,1.9247648902821317,0.0,7.615987460815047,2.4780564263322886,0.047021943573667714,3.2868338557993733,0.0,0.0,0.12539184952978055,0.0,0.0,2.156739811912226,15.38871473354232,1.9702194357366771,0.0,0.10344827586206896,0.0109717868338558,0.0,0.6896551724137931,0.4827586206896552,0.0,0.05172413793103448,7.5266457680250785
1834,242,12,0.4588859416445623,0.09018567639257294,0.3713527851458886,3.5676392572944295,0.0,0.0,0.0,0.0,0.0,0.0,0.0,0.0,0.0,0.0,0.0,0.0,0.0,0.0,0.0,11.625994694960212,0.0,1.9655172413793103,0.0,13.026525198938993,2.8249336870026527,0.15649867374005305,3.3793103448275863,0.0,0.0,0.07957559681697612,0.0,0.0,0.0,18.082228116710876,2.323607427055703,0.0,0.04509283819628647,0.0,0.0,0.7984084880636605,0.7214854111405835,0.0,0.023872679045092837,0.0
1830,577,7,0.4606741573033708,0.05056179775280899,0.5730337078651685,2.140449438202247,0.0,0.0,0.0,0.48314606741573035,0.0,0.0,0.016853932584269662,0.0,0.0,0.599250936329588,0.10861423220973783,0.0,0.0,0.36142322097378277,0.11797752808988764,6.915730337078652,0.0,5.415730337078652,0.0,9.464419475655431,1.848314606741573,0.0,5.048689138576779,0.0,0.0,0.0,0.0,0.0,0.0,10.48314606741573,1.1872659176029963,0.0,0.0,0.0,0.0,0.7790262172284644,0.33707865168539325,0.0,0.06741573033707865,4.421348314606742
1846,1461,3,0.37349397590361444,0.060240963855421686,0.0,2.3313253012048194,0.0,0.1144578313253012,0.0,0.25301204819277107,0.0,0.0,0.5662650602409639,0.0,0.23493975903614459,2.2228915662650603,0.8674698795180723,0.0,0.0,0.1746987951807229,0.7469879518072289,9.337349397590362,0.0,4.168674698795181,0.0,3.5963855421686746,1.072289156626506,0.6746987951807228,5.126506024096385,0.0,0.0,0.0,0.0,0.0783132530120482,0.0,12.120481927710843,1.0180722891566265,0.0,0.0,0.0,0.0,0.4457831325301205,0.4457831325301205,0.0,0.08433734939759036,4.271084337349397
1832,1812,7,0.4707112970711297,0.10146443514644352,0.3880753138075314,4.328451882845188,0.0,0.0,0.0,0.0,0.0,0.0,0.06380753138075314,0.0,0.0,0.350418410041841,0.07635983263598327,0.0,0.0,0.0,0.15690376569037656,12.098326359832637,0.0,1.8158995815899581,0.0,16.502092050209207,2.2698744769874475,0.1579497907949791,3.5972803347280333,0.0,0.0,0.0,0.0,0.0,0.014644351464435146,21.985355648535563,2.7018828451882846,0.0,0.0,0.0010460251046025104,0.0,1.0209205020920502,0.5240585774058577,0.0,0.03765690376569038,0.34414225941422594
1842,1909,4,0.49612403100775193,0.12015503875968993,0.45542635658914726,3.2790697674418605,0.0,0.05426356589147287,0.0,0.2616279069767442,0.0,0.0,0.2771317829457364,0.046511627906976744,0.0,0.9728682170542635,0.09496124031007752,0.0,0.0,0.0,0.872093023255814,9.883720930232558,0.01744186046511628,2.3294573643410854,0.0,6.4689922480620154,2.6569767441860463,0.13178294573643412,4.9689922480620154,0.0,0.09108527131782945,0.027131782945736434,0.0,0.0,0.0,18.32170542635659,1.813953488372093,0.11627906976744186,0.0,0.005813953488372093,0.001937984496124031,0.4069767441860465,0.4418604651162791,1.0271317829457365,0.0562015503875969,3.1686046511627906
1829,343,4,0.49881516587677727,0.08886255924170616,0.514218009478673,2.7571090047393363,0.0,0.0,0.0,0.027251184834123223,0.0,0.0,0.0,0.0,0.0,0.0509478672985782,0.0,0.0,0.0,0.001184834123222749,0.0,8.716824644549764,0.016587677725118485,2.3317535545023698,0.0,6.368483412322274,1.1398104265402844,0.21445497630331753,5.015402843601896,0.0,0.0,0.04265402843601896,0.14336492890995262,0.0,0.0,16.648104265402843,1.514218009478673,0.0,0.041469194312796206,0.02014218009478673,0.0,0.4087677725118483,0.5201421800947867,0.0,0.027251184834123223,0.08530805687203792
1839,426,8,0.35384615384615387,0.03076923076923077,0.3230769230769231,2.0,0.0,0.0,0.0,0.0,0.0,0.0,0.015384615384615385,0.0,0.0,0.1076923076923077,0.0,0.0,0.0,0.0,0.0,2.246153846153846,0.0,1.2153846153846153,0.0,2.9846153846153847,0.6307692307692307,0.03076923076923077,4.584615384615384,0.0,0.0,0.0,0.0,0.0,0.0,10.092307692307692,1.123076923076923,0.0,0.0,0.07692307692307693,0.0,0.0,0.3230769230769231,0.0,0.046153846153846156,0.0
1837,905,4,2.6721311475409837,0.11475409836065574,0.33383010432190763,3.557377049180328,0.0,0.0,0.0,0.2473919523099851,0.0,0.0,0.30402384500745155,0.0,0.0,1.4083457526080476,0.17585692995529062,0.0,0.0,0.0029806259314456036,0.2518628912071535,12.98956780923994,0.0,4.487332339791356,0.0,8.228017883755589,2.27123695976155,0.11773472429210134,5.5201192250372575,0.0,0.0,0.0,0.0,0.0,0.0,15.682563338301044,1.8837555886736215,0.0,0.17734724292101342,0.0,0.0,0.4485842026825633,0.5052160953800298,0.0,1.1922503725782414,2.329359165424739
1845,355,4,0.46215139442231074,0.07569721115537849,0.2921646746347942,2.853917662682603,0.0,0.05312084993359894,0.0,0.08632138114209828,0.0,0.0,0.0,0.0,0.0,0.3758300132802125,0.04780876494023904,0.0,0.0,0.0,0.0,10.915006640106242,0.0,1.8911022576361223,0.0,9.074369189907038,1.5723771580345285,0.11420982735723771,3.4395750332005313,0.0,0.0,0.021248339973439574,0.0,0.0,0.0,14.00265604249668,1.749003984063745,0.0,0.0026560424966799467,0.013280212483399735,0.0,0.7144754316069057,0.5219123505976095,0.0,0.06640106241699867,0.043824701195219126
1833,375,4,0.39602649006622515,0.06754966887417219,0.6410596026490066,2.581456953642384,0.0,0.0,0.0,0.039735099337748346,0.0,0.0,0.0013245033112582781,0.0,0.0,0.13642384105960265,0.026490066225165563,0.0,0.0,0.0,0.0,9.831788079470199,0.046357615894039736,2.295364238410596,0.0,4.935099337748344,1.262251655629139,0.08079470198675497,5.071523178807947,0.0,0.0,0.0,0.0,0.0,0.0,11.637086092715231,1.519205298013245,0.0,0.031788079470198675,0.022516556291390728,0.0,0.3033112582781457,0.4384105960264901,0.0,0.031788079470198675,0.0
1841,1032,4,0.4100418410041841,0.06276150627615062,1.096234309623431,2.01255230125523,0.0,0.0,0.0,0.16736401673640167,0.0,0.0,0.0,0.0,0.0,0.1506276150627615,0.07112970711297072,0.0,0.0,0.0,0.0,8.430962343096235,0.0,2.4602510460251046,0.0,2.4686192468619246,0.602510460251046,0.1799163179916318,8.589958158995817,0.0,0.0,0.0,0.0,0.0,0.0,9.828451882845188,1.0794979079497908,0.0,0.0,0.0,0.0,0.11297071129707113,0.3305439330543933,0.0,0.016736401673640166,0.0
1830,1861,4,0.3610719322990127,0.07193229901269393,0.8081805359661495,3.011283497884344,0.0,0.0,0.0,0.0,0.0,0.0,0.0,0.0,0.0,0.0,0.0,0.0,0.0,0.0,0.0,9.370944992947814,0.00846262341325811,1.627644569816643,0.0,7.188998589562765,2.4132581100141044,0.3004231311706629,4.966149506346968,0.27926657263751764,0.0,0.09026798307475317,0.0,0.0,0.0,15.029619181946403,1.9125528913963328,0.0,0.12976022566995768,0.009873060648801129,0.0,0.4287729196050776,0.4936530324400564,0.0,0.011283497884344146,0.0
1852,269,4,0.5871559633027523,0.08256880733944955,0.09174311926605505,3.1743119266055047,0.0,0.0,0.0,0.0,0.0,0.0,0.0,0.0,0.0,0.0,0.0,0.0,0.0,0.0,0.0,11.1651376146789,0.0,2.220183486238532,0.0,11.917431192660551,1.5871559633027523,0.07339449541284404,2.403669724770642,0.0,0.0,0.06422018348623854,0.0,0.0,0.0,16.73394495412844,2.0458715596330275,0.0,0.0,0.0,0.0,0.8256880733944955,0.6238532110091743,0.0,0.05504587155963303,0.0
1834,338,4,0.4691119691119691,0.0888030888030888,0.4240669240669241,2.879021879021879,0.0,0.0,0.0,0.1287001287001287,0.0,0.0,0.007722007722007722,0.0,0.0,0.2676962676962677,0.07207207207207207,0.0,0.0,0.002574002574002574,0.0,11.964607464607464,0.0,2.4736164736164734,0.0,4.596525096525096,1.5038610038610039,0.14864864864864866,5.988416988416988,0.0,0.0,0.0,0.16666666666666666,0.0,0.0,13.293436293436294,1.7516087516087515,0.0,0.029601029601029602,0.01673101673101673,0.0,0.277992277992278,0.39510939510939513,0.0,0.03346203346203346,0.02445302445302445
1842,609,12,0.328125,0.0625,0.96875,1.71875,0.0,0.0,0.0,0.0,0.0,0.0,0.0,0.0,0.0,0.140625,0.0,0.0,0.0,0.0,0.0,2.0,0.0,1.65625,0.0,2.625,0.453125,0.109375,7.515625,0.0,0.0,0.0,0.0,0.0,0.0,9.640625,0.921875,0.0,0.25,0.125,0.0,0.0,0.421875,0.0,0.0,0.0
1842,839,15,0.4116541353383459,0.08834586466165413,0.046992481203007516,3.112781954887218,0.0,0.35150375939849626,0.0,1.8928571428571428,0.0,0.0,0.03571428571428571,0.0,0.04887218045112782,1.7894736842105263,0.3157894736842105,0.0,0.37030075187969924,0.231203007518797,0.03007518796992481,13.520676691729323,0.0,2.441729323308271,0.0,3.486842105263158,2.2274436090225564,0.7988721804511278,4.2518796992481205,0.0,0.0,0.0,0.0,0.0,1.599624060150376,14.00563909774436,1.5526315789473684,0.0,0.0,0.0,0.0,0.793233082706767,0.4548872180451128,0.007518796992481203,0.06954887218045112,3.9661654135338344
1847,1947,4,0.4455252918287938,0.09533073929961089,0.44357976653696496,3.350194552529183,0.0,0.0,0.0,0.6809338521400778,0.0,0.0,0.033073929961089495,0.0,0.03696498054474708,0.7626459143968871,0.20817120622568094,0.0,0.0,0.0,0.0,9.712062256809338,0.009727626459143969,1.850194552529183,0.0,4.871595330739299,2.799610894941634,0.10505836575875487,3.791828793774319,0.0,0.0,0.0019455252918287938,0.0,0.0,0.0,15.624513618677042,1.88715953307393,0.0,0.0,0.07003891050583658,0.0,0.35797665369649806,0.556420233463035,0.0,0.058365758754863814,2.527237354085603
1845,1014,4,0.6196319018404908,0.08588957055214724,0.6104294478527608,2.7658486707566463,0.0,0.0,0.0,0.013292433537832311,0.0,0.0,0.0,0.0,0.0,0.07259713701431493,0.0,0.0,0.050102249488752554,0.06952965235173825,0.0,10.291411042944786,0.02556237218813906,2.3231083844580778,0.0,8.78323108384458,1.1901840490797546,0.2985685071574642,6.556237218813906,0.0,0.0,0.4887525562372188,0.0,0.0,0.18711656441717792,16.62269938650307,1.4447852760736197,0.0,0.278118609406953,0.003067484662576687,0.0,0.5511247443762781,0.5715746421267893,0.0,0.02147239263803681,0.7750511247443763
1842,1871,12,0.39589442815249265,0.05571847507331378,0.31378299120234604,2.868035190615836,0.0,0.0,0.0,0.0,0.0,0.0,0.0,0.0,0.0,0.0,0.0,0.0,0.0,0.0,0.0,13.595307917888563,0.0,1.964809384164223,0.0,12.932551319648093,1.9090909090909092,0.08504398826979472,2.5513196480938416,0.0,0.0,0.07624633431085044,0.0,0.0,0.0,14.607038123167156,1.9237536656891496,0.0,0.07038123167155426,0.0,0.0,0.8328445747800587,0.5131964809384164,0.0,0.03812316715542522,0.0
1839,400,4,0.5782178217821782,0.08712871287128712,0.6673267326732674,2.8237623762376236,0.0,0.0,0.0,0.05742574257425743,0.0,0.0,0.0,0.0,0.0,0.201980198019802,0.08316831683168317,0.0,0.3069306930693069,0.693069306930693,0.0,10.734653465346534,0.0,2.0475247524752476,0.0,6.976237623762376,0.7445544554455445,0.26534653465346536,6.300990099009901,0.0,0.0,0.2,0.0,0.0,0.0,16.0,1.4118811881188118,0.0,0.07128712871287128,0.005940594059405941,0.0,0.41386138613861384,0.5544554455445545,0.0,0.031683168316831684,2.758415841584158
1841,1120,4,0.4367816091954023,0.07183908045977011,0.8764367816091954,2.7011494252873565,0.0,0.0,0.0,0.1781609195402299,0.0,0.0,0.005747126436781609,0.0,0.0,0.2614942528735632,0.0,0.0,0.0,0.0,0.005747126436781609,7.89367816091954,0.0,2.8706896551724137,0.0,2.2873563218390807,1.0603448275862069,0.08045977011494253,6.660919540229885,0.0,0.0,0.0,0.0,0.0,0.0,12.597701149425287,1.5517241379310345,0.0,0.0,0.008620689655172414,0.0,0.11781609195402298,0.4281609195402299,0.0,0.028735632183908046,0.0
1842,1174,5,0.42606516290726815,0.08270676691729323,0.2982456140350877,4.819548872180451,0.0,0.0,0.0,0.0,0.0,0.0,0.0,0.0,0.0,0.13533834586466165,0.0,0.0,0.0,0.0,0.0,10.461152882205514,0.0,1.7619047619047619,0.0,12.63408521303258,4.007518796992481,0.07268170426065163,4.518796992481203,0.0,0.0,0.002506265664160401,0.0,0.0,0.0,21.68421052631579,3.0651629072681703,0.0,0.0,0.0,0.0,0.9022556390977443,0.43107769423558895,0.0,0.02756892230576441,0.06265664160401002
1841,1417,11,0.36401673640167365,0.09623430962343096,0.702928870292887,3.2698744769874475,0.0,0.0,0.0,0.14853556485355648,0.0,0.0,0.19246861924686193,0.0,0.23430962343096234,1.3305439330543933,0.9309623430962343,0.0,0.0,0.03765690376569038,0.0041841004184100415,8.397489539748953,0.0,2.303347280334728,0.18828451882845187,7.054393305439331,2.51673640167364,0.3786610878661088,5.02928870292887,0.0,0.0,0.03765690376569038,0.0,0.0,0.0,17.179916317991633,2.0292887029288704,0.0,0.07112970711297072,0.01882845188284519,0.0,0.5794979079497908,0.5460251046025104,0.0,0.08786610878661087,2.7405857740585775
1849,1432,4,0.39591836734693875,0.08979591836734693,0.4448979591836735,3.089795918367347,0.0,0.04081632653061224,0.0,0.2,0.0,0.0,0.0,0.0,0.0,0.710204081632653,0.3224489795918367,0.0,0.0653061224489796,0.06938775510204082,0.0326530612244898,10.142857142857142,0.0,1.7428571428571429,0.0,5.9918367346938775,2.0653061224489795,0.27346938775510204,4.96734693877551,0.0,0.0,0.0,0.0,0.0,0.3836734693877551,16.36326530612245,1.7142857142857142,0.0,0.0,0.0,0.0,0.3551020408163265,0.5551020408163265,0.0,0.05714285714285714,8.910204081632653
1841,1849,4,0.3959537572254335,0.06647398843930635,0.7803468208092486,3.4364161849710984,0.0,0.08670520231213873,0.0,0.002890173410404624,0.0,0.0,0.002890173410404624,0.0,0.0,0.3265895953757225,0.049132947976878616,0.0,0.0,0.0,0.014450867052023121,11.124277456647398,0.0,2.7947976878612715,0.0,6.4508670520231215,1.5115606936416186,0.11560693641618497,3.5433526011560694,0.0,0.0,0.0,0.0,0.0,0.0,17.072254335260116,1.80635838150289,0.0,0.0,0.0,0.0,0.4046242774566474,0.5606936416184971,0.0,0.03757225433526012,0.06358381502890173
1841,1443,7,0.5543071161048689,0.07116104868913857,0.30337078651685395,3.0749063670411987,0.0,0.0,0.0,0.10112359550561797,0.0,0.0,0.056179775280898875,0.0,0.0,0.41947565543071164,0.16853932584269662,0.0,0.0,0.0,0.0,8.03370786516854,0.0,2.400749063670412,0.0,8.408239700374532,1.3707865168539326,0.20224719101123595,4.775280898876405,0.0,0.0,0.7453183520599251,0.0,0.0,0.0,18.131086142322097,1.794007490636704,0.0,0.08614232209737828,0.0,0.0,0.6254681647940075,0.45692883895131087,0.0,0.0299625468164794,1.1123595505617978
1846,1711,4,0.4444444444444444,0.0821256038647343,0.357487922705314,3.502415458937198,0.0,0.0,0.0,0.0,0.0,0.0,0.08695652173913043,0.0,0.0,0.5072463768115942,0.07729468599033816,0.0,0.0,0.0,0.3333333333333333,9.599033816425122,0.0,1.826086956521739,0.0,17.603864734299517,2.236714975845411,0.028985507246376812,3.0966183574879227,0.0,0.0,0.0,0.0,0.0,0.0,18.169082125603865,2.135265700483092,0.0,0.0,0.0,0.0,0.9516908212560387,0.5410628019323671,0.0,0.05314009661835749,0.6231884057971014
1839,1733,4,0.46226415094339623,0.10377358490566038,0.10377358490566038,4.1572327044025155,0.0,0.0,0.0,0.0,0.0,0.0,0.0,0.0,0.0,0.0,0.0,0.0,0.0,0.0,0.0,10.90880503144654,0.0,2.1226415094339623,0.0,10.39308176100629,2.811320754716981,0.012578616352201259,2.6289308176100628,0.0,0.0,0.015723270440251572,0.16352201257861634,0.0,0.0,23.040880503144653,2.59748427672956,0.0,0.0,0.0,0.0,0.6949685534591195,0.5314465408805031,0.0,0.018867924528301886,0.0
1840,1836,7,0.577639751552795,0.055900621118012424,0.5590062111801242,3.400621118012422,0.0,0.0,0.0,0.0,0.0,0.0,0.0,0.0,0.0,0.015527950310559006,0.0,0.0,0.0,0.0,0.0,9.74223602484472,0.0,2.186335403726708,0.0,12.531055900621118,1.8850931677018634,0.20186335403726707,4.627329192546584,0.0,0.0,0.39751552795031053,0.003105590062111801,0.0,0.0,18.98447204968944,2.0372670807453415,0.0,0.5683229813664596,0.0,0.0,0.7950310559006211,0.5217391304347826,0.0,0.040372670807453416,0.0
1843,81,4,0.6111111111111112,0.05555555555555555,0.4666666666666667,5.3,0.0,0.0,0.0,0.08888888888888889,0.0,0.0,0.28888888888888886,0.0,0.0,1.2666666666666666,0.4,0.0,0.0,0.0,0.2777777777777778,3.5,0.022222222222222223,2.1555555555555554,0.0,4.688888888888889,2.8222222222222224,0.07777777777777778,7.811111111111111,0.0,0.0,0.0,0.0,0.0,0.0,27.8,2.8444444444444446,0.0,0.0,0.0,0.0,0.3333333333333333,0.5777777777777777,0.5555555555555556,0.03333333333333333,5.311111111111111
1848,1690,4,0.44,0.09333333333333334,0.7555555555555555,2.2266666666666666,0.0,0.0,0.0,0.0,0.0,0.0,0.0,0.0,0.0,0.0,0.0,0.0,0.0,0.0,0.0,10.12888888888889,0.0,1.4844444444444445,0.0,3.44,0.8977777777777778,0.08,5.386666666666667,0.0,0.0,0.0,0.044444444444444446,0.0,0.0,9.564444444444444,1.0933333333333333,0.0,0.19111111111111112,0.0,0.0,0.26666666666666666,0.38666666666666666,0.0,0.0044444444444444444,0.0
1844,1790,7,0.5315985130111525,0.07992565055762081,0.2825278810408922,3.2026022304832713,0.0,0.0,0.0,0.02973977695167286,0.0,0.0,0.0,0.0,0.0,0.07806691449814127,0.0,0.0,0.0,0.0,0.0,10.423791821561338,0.0,2.570631970260223,0.0,14.420074349442379,2.7546468401486988,0.0762081784386617,3.1189591078066914,0.0,0.0,0.2825278810408922,0.0,0.0,0.0,18.24721189591078,1.9721189591078068,0.0,0.0,0.0,0.0,0.9256505576208178,0.550185873605948,0.0,0.03717472118959108,0.0
1845,456,11,0.5528455284552846,0.12195121951219512,0.5501355013550135,3.5582655826558267,0.0,0.0,0.0,0.06775067750677506,0.0,0.0,0.1002710027100271,0.0,0.0,0.5989159891598916,0.3821138211382114,0.0,0.0,0.0,0.3983739837398374,9.10840108401084,0.0,2.989159891598916,0.0,12.642276422764228,2.0704607046070462,0.14363143631436315,5.168021680216802,0.0,0.0,0.3008130081300813,0.0,0.0,0.0,20.715447154471544,2.078590785907859,0.0,0.3170731707317073,0.0027100271002710027,0.0,0.8184281842818428,0.5745257452574526,0.0,0.037940379403794036,0.8265582655826558
1851,1774,4,0.6464379947229552,0.06068601583113457,0.21108179419525067,2.519788918205805,0.0,0.6675461741424802,0.0,0.42480211081794195,0.0,0.0,0.0,0.1741424802110818,0.0,1.7519788918205805,0.0,0.0,0.0,0.48548812664907653,0.0,12.242744063324539,0.0,1.403693931398417,0.0,2.1556728232189974,1.0686015831134565,0.24538258575197888,2.3060686015831133,0.0,0.0,0.0,0.0,0.0,3.229551451187335,11.366754617414248,0.8759894459102903,0.0,0.0,0.0,0.0,0.23746701846965698,0.37730870712401055,0.7651715039577837,0.1424802110817942,7.200527704485488
1843,385,4,0.5666666666666667,0.09487179487179487,0.20512820512820512,3.6205128205128205,0.0,0.0,0.0,0.0,0.0,0.0,0.0,0.0,0.0,0.01282051282051282,0.0,0.0,0.0,0.0,0.0,11.4,0.0,1.994871794871795,0.0,15.771794871794873,2.174358974358974,0.06666666666666667,3.387179487179487,0.0,0.010256410256410256,0.24102564102564103,0.0,0.0,0.0,20.764102564102565,2.2384615384615385,0.0,0.2205128205128205,0.0,0.0,0.9743589743589743,0.6384615384615384,0.0,0.038461538461538464,0.0
1842,586,6,0.4,0.0761904761904762,1.2476190476190476,2.342857142857143,0.0,0.0,0.0,0.10476190476190476,0.0,0.0,0.0,0.0,0.0,0.11428571428571428,0.0,0.0,0.0,0.0,0.0,9.40952380952381,0.0,2.8285714285714287,0.0,2.8857142857142857,0.6,0.14285714285714285,9.438095238095238,0.0,0.0,0.0,0.0,0.0,0.0,10.076190476190476,1.0285714285714285,0.0,0.0,0.0,0.0,0.24761904761904763,0.49523809523809526,0.0,0.02857142857142857,0.0
1864,1203,4,0.417910447761194,0.08955223880597014,0.04477611940298507,4.373134328358209,0.014925373134328358,0.0,0.0,0.0,0.0,0.0,0.31343283582089554,0.0,0.43283582089552236,2.343283582089552,0.8208955223880597,0.0,0.0,0.0,0.08955223880597014,4.313432835820896,0.0,2.1791044776119404,0.0,2.2686567164179103,1.8656716417910448,0.6567164179104478,3.5223880597014925,0.0,0.0,0.0,0.0,0.0,0.0,19.62686567164179,2.955223880597015,0.0,0.0,0.0,0.0,0.2537313432835821,0.40298507462686567,0.0,0.04477611940298507,7.373134328358209
1852,1373,4,0.3945945945945946,0.06918918918918919,0.46594594594594596,3.2356756756756755,0.0,0.002162162162162162,0.0,0.2,0.0,0.0,0.0,0.0,0.0,0.41621621621621624,0.16756756756756758,0.0,0.0,0.19027027027027027,0.0,7.957837837837838,0.0,1.9113513513513514,0.0,9.454054054054055,2.6443243243243244,0.09513513513513513,4.0389189189189185,0.0,0.0,0.017297297297297298,0.0,0.0,0.05189189189189189,16.098378378378378,1.8291891891891892,0.0,0.0,0.004324324324324324,0.0,0.7481081081081081,0.4983783783783784,0.0,0.04216216216216216,5.148108108108108
1848,593,6,0.39870689655172414,0.07974137931034483,0.3168103448275862,2.824353448275862,0.0,0.0,0.0,0.14331896551724138,0.0,0.0,0.0,0.0,0.0,0.20474137931034483,0.05818965517241379,0.0,0.023706896551724137,0.1584051724137931,0.0,9.681034482758621,0.016163793103448277,1.8394396551724137,0.0,6.520474137931035,1.5926724137931034,0.6454741379310345,5.869612068965517,0.0,0.0,0.005387931034482759,0.04849137931034483,0.0,0.0,15.654094827586206,1.6077586206896552,0.0,0.2510775862068966,0.0,0.0,0.5818965517241379,0.5226293103448276,0.0,0.03017241379310345,0.8706896551724138
1849,968,11,0.5393258426966292,0.06741573033707865,0.1404494382022472,3.50561797752809,0.0,0.0056179775280898875,0.0,0.4550561797752809,0.0,0.0,0.3089887640449438,0.0,0.43258426966292135,2.455056179775281,0.8707865168539326,0.0,0.0,0.0,0.0,3.8707865168539324,0.0,2.6797752808988764,0.0,1.797752808988764,1.904494382022472,0.3089887640449438,5.129213483146067,0.0,0.0,0.0,0.0,0.0,0.0,16.168539325842698,2.2134831460674156,0.0,0.0,0.0,0.0,0.0449438202247191,0.4157303370786517,0.0,0.11235955056179775,2.3707865168539324
1848,1817,4,0.3634020618556701,0.06958762886597938,0.8788659793814433,2.713917525773196,0.0,0.0,0.0,0.0,0.0,0.0,0.0,0.0,0.0,0.7319587628865979,0.0,0.0,0.0,0.0,0.0,10.868556701030927,0.0,1.3324742268041236,0.0,2.1262886597938144,1.7474226804123711,0.4484536082474227,5.162371134020619,0.0,0.0,0.28865979381443296,0.0,0.0,0.7938144329896907,13.224226804123711,1.4175257731958764,0.0,0.13144329896907217,0.07474226804123711,0.0,0.8195876288659794,0.44072164948453607,0.0,0.04381443298969072,7.847938144329897
1846,574,14,0.7576470588235295,0.11058823529411765,0.3764705882352941,4.291764705882353,0.0,0.0,0.0,0.0,0.0,0.0,0.08470588235294117,0.09411764705882353,0.0,0.40941176470588236,0.0,0.0,0.0,0.0,0.16,10.350588235294119,0.0,2.1858823529411766,0.0,9.044705882352941,3.1976470588235295,0.0,6.04,0.0,0.06588235294117648,0.33647058823529413,0.0,0.0,0.0,23.275294117647057,2.4,0.49176470588235294,0.0,0.0,0.14823529411764705,0.7058823529411765,0.668235294117647,1.2164705882352942,0.06352941176470588,18.891764705882352
1855,1485,8,0.39111111111111113,0.07111111111111111,0.08444444444444445,2.493333333333333,0.022222222222222223,0.0,0.0,0.057777777777777775,0.0,0.0,0.0044444444444444444,0.0,0.02666666666666667,1.0355555555555556,0.35555555555555557,0.0,0.0,0.0,0.03111111111111111,12.44,0.0,2.497777777777778,0.0,3.986666666666667,1.4,2.6577777777777776,3.448888888888889,0.0,0.0,0.0,0.0,0.013333333333333334,0.0,11.96888888888889,1.488888888888889,0.0,0.0,0.0,0.0,0.4311111111111111,0.4222222222222222,0.0,0.08,7.9688888888888885
1855,107,4,0.4583333333333333,0.11805555555555555,0.37037037037037035,5.24537037037037,0.0,0.0,0.0,0.0,0.0,0.0,0.3912037037037037,0.0,0.0,1.2199074074074074,0.09953703703703703,0.0,0.0,0.0,0.0,16.02314814814815,0.0,1.8125,0.0,18.02777777777778,3.990740740740741,0.20601851851851852,4.270833333333333,0.0,0.0,0.05092592592592592,0.0,0.0,0.1574074074074074,23.689814814814813,2.5324074074074074,0.0,0.0,0.0,0.0,1.1875,0.4930555555555556,0.0,0.08101851851851852,0.8958333333333334
1844,984,4,0.42691903259726605,0.09989484752891693,0.22082018927444794,2.7854889589905363,0.0,0.0,0.0,0.0,0.0,0.0,0.0,0.0,0.0,0.0,0.0,0.0,0.0,0.0,0.0,13.27024185068349,0.0,1.377497371188223,0.0,6.570977917981073,1.982124079915878,0.0,3.2250262881177707,0.0,0.0,0.0,0.0,0.0,0.0,11.444794952681388,1.5888538380651944,0.0,0.0031545741324921135,0.0,0.0,0.42481598317560465,0.3932702418506835,0.0,0.016824395373291272,0.0
1850,1003,4,0.3793103448275862,0.0,0.25862068965517243,3.2586206896551726,0.0,0.13793103448275862,0.0,0.0,0.0,0.0,0.0,0.0,0.0,0.017241379310344827,0.0,0.0,0.0,0.0,0.0,4.672413793103448,0.0,1.5862068965517242,0.0,2.9827586206896552,1.3275862068965518,0.1896551724137931,5.620689655172414,0.0,0.0,0.3275862068965517,0.0,0.0,0.0,15.948275862068966,2.1379310344827585,0.0,0.41379310344827586,0.0,0.0,0.20689655172413793,0.46551724137931033,0.0,0.034482758620689655,0.0
1850,1339,12,0.3617021276595745,0.05851063829787234,0.35106382978723405,2.904255319148936,0.0,0.0,0.0,0.0,0.0,0.0,0.0,0.0,0.0,0.0,0.0,0.0,0.0,0.0,0.0,12.409574468085106,0.0,1.8297872340425532,0.0,11.925531914893616,1.574468085106383,0.1702127659574468,3.1382978723404253,0.0,0.0,0.20212765957446807,0.0,0.0,0.0,13.829787234042554,1.8191489361702127,0.0,0.2872340425531915,0.0,0.0,0.8031914893617021,0.5691489361702128,0.0,0.005319148936170213,0.0
1853,323,7,0.4483260553129549,0.08296943231441048,1.1426491994177583,3.011644832605531,0.0,0.0,0.0,0.3901018922852984,0.0,0.0,0.0,0.0,0.0,0.22998544395924309,0.09461426491994178,0.0,0.0,0.07860262008733625,0.0,10.569141193595343,0.03202328966521106,2.378457059679767,0.0,7.981077147016012,3.339155749636099,0.32751091703056767,5.765647743813683,0.0,0.0,0.38719068413391555,0.11062590975254731,0.0,0.0,16.036390101892284,1.8893740902474527,0.0,0.19213973799126638,0.004366812227074236,0.0,0.6739446870451238,0.5269286754002911,0.0,0.036390101892285295,0.4978165938864629
1853,739,4,0.444007858546169,0.08644400785854617,0.4656188605108055,3.654223968565815,0.0,0.0,0.0,0.003929273084479371,0.0,0.0,0.1905697445972495,0.0,0.0,0.5343811394891945,0.14145383104125736,0.0,0.0,0.0,0.7544204322200393,12.764243614931237,0.0,1.5206286836935168,0.0,12.695481335952849,3.5579567779960706,0.009823182711198428,4.662082514734774,0.0,0.0,0.0,0.0,0.0,0.0,15.864440078585462,2.2455795677799606,0.0,0.060903732809430254,0.005893909626719057,0.07465618860510806,0.7288801571709234,0.45972495088408644,0.0,0.04518664047151277,1.2475442043222005
1853,1139,12,0.5,0.08952702702702703,0.5861486486486487,2.875,0.0,0.0033783783783783786,0.0,0.07432432432432433,0.0,0.0,0.0,0.0,0.0,0.1266891891891892,0.013513513513513514,0.0,0.0,0.010135135135135136,0.0,9.945945945945946,0.0,1.7736486486486487,0.0,6.391891891891892,1.8429054054054055,0.14695945945945946,3.8969594594594597,0.0,0.0,0.13006756756756757,0.0,0.0,0.0,14.152027027027026,1.8429054054054055,0.0,0.4172297297297297,0.05574324324324324,0.0,0.42736486486486486,0.48817567567567566,0.0,0.016891891891891893,0.0
1863,215,4,0.384765625,0.04296875,0.30078125,3.037109375,0.0,0.0,0.0,0.251953125,0.0,0.0,0.0,0.0,0.0,0.375,0.12109375,0.0,0.0,0.251953125,0.0,9.947265625,0.0,2.8984375,0.0,8.421875,1.677734375,0.20703125,3.689453125,0.0,0.0,0.0,0.0,0.0,0.0,15.349609375,1.92578125,0.0,0.05859375,0.033203125,0.0,0.900390625,0.544921875,0.0,0.029296875,1.337890625
1853,245,4,0.45930644019815997,0.08917197452229299,0.09412597310686482,3.0736022646850674,0.0,0.0,0.0,0.005661712668082095,0.0,0.0,0.0,0.0,0.0,0.04953998584571833,0.0,0.0,0.0,0.0,0.0,11.616418966737438,0.0,1.8959660297239915,0.0,7.067940552016985,1.927105449398443,0.0007077140835102619,3.6737438075017694,0.0,0.0,0.0,0.11606510969568294,0.0,0.0,13.62349610757254,1.9582448690728946,0.0,0.0007077140835102619,0.10191082802547771,0.0,0.46850672328379334,0.42179759377211606,0.0,0.03043170559094126,0.01627742392073602
1855,1724,4,0.4423076923076923,0.08012820512820513,0.5,2.6378205128205128,0.0,0.0,0.0,0.1891025641025641,0.0,0.0,0.0,0.0,0.0,0.2564102564102564,0.09294871794871795,0.0,0.0,0.0,0.0,6.532051282051282,0.0,2.7628205128205128,0.0,4.157051282051282,2.173076923076923,0.07692307692307693,5.330128205128205,0.0,0.0,0.0,0.009615384615384616,0.0,0.0,13.14423076923077,1.9102564102564104,0.0,0.0,0.0,0.0,0.22115384615384615,0.3525641025641026,0.0,0.04807692307692308,0.0
1851,2000,4,0.5036764705882353,0.08455882352941177,0.3786764705882353,3.4558823529411766,0.0,0.014705882352941176,0.0,0.125,0.0,0.007352941176470588,0.0,0.0,0.0,0.23529411764705882,0.11029411764705882,0.0,0.0,0.0,0.0,9.830882352941176,0.03676470588235294,2.488970588235294,0.0,7.393382352941177,1.8419117647058822,0.20955882352941177,5.419117647058823,0.0,0.0,0.44485294117647056,0.14705882352941177,0.0,0.0,18.988970588235293,1.8308823529411764,0.0,0.23529411764705882,0.09926470588235294,0.0,0.47794117647058826,0.5330882352941176,0.0,0.03676470588235294,0.27941176470588236
1853,1239,4,0.7416107382550335,0.06375838926174497,0.8187919463087249,2.204697986577181,0.0,0.0,0.0,0.0,0.0,0.0,0.04697986577181208,0.0,0.003355704697986577,0.15771812080536912,0.0436241610738255,0.0,0.0,0.0,0.17785234899328858,2.9295302013422817,0.0,2.8422818791946307,0.0,2.2684563758389262,0.9932885906040269,1.110738255033557,6.630872483221476,0.0,0.0,0.0,0.0,0.0,0.0,14.654362416107382,1.3691275167785235,0.0,0.030201342281879196,0.0,0.0,0.03691275167785235,0.46308724832214765,0.0,0.04697986577181208,0.0
1857,169,4,0.40852130325814534,0.08521303258145363,0.2882205513784461,3.7493734335839597,0.0,0.0,0.0,0.0,0.0,0.0,0.0,0.0,0.0,0.012531328320802004,0.0,0.0,0.0,0.0,0.0,11.869674185463658,0.0,2.0676691729323307,0.0,12.719298245614034,2.6215538847117794,0.18045112781954886,2.754385964912281,0.0,0.0,0.047619047619047616,0.0,0.0,0.0,17.779448621553886,2.2706766917293235,0.0,0.0,0.0,0.0,0.849624060150376,0.5338345864661654,0.0,0.022556390977443608,0.0
1851,410,4,0.43717728055077454,0.07917383820998279,0.4509466437177281,2.7091222030981066,0.0,0.0,0.0,0.0,0.0,0.0,0.0,0.0,0.0,0.0,0.0,0.0,0.0,0.0,0.0,11.590361445783133,0.0,1.4561101549053357,0.0,6.370051635111876,1.3287435456110155,0.05163511187607573,5.061962134251291,0.0,0.0,0.0,0.0,0.0,0.0,11.757314974182444,1.4819277108433735,0.0,0.18760757314974183,0.029259896729776247,0.0,0.33907056798623064,0.40619621342512907,0.0,0.024096385542168676,0.0
1855,1219,4,0.48,0.03428571428571429,0.4342857142857143,2.72,0.0,0.0,0.0,0.0,0.0,0.0,0.02857142857142857,0.0,0.0,0.03428571428571429,0.0,0.0,0.0,0.0,0.005714285714285714,10.028571428571428,0.0,1.4,0.0,3.0685714285714285,1.5257142857142858,0.0,3.2742857142857145,0.0,0.0,0.0,0.0,0.0,0.0,14.034285714285714,1.8457142857142856,0.0,0.0,0.0,0.0,0.2342857142857143,0.38857142857142857,0.0,0.02857142857142857,0.0
1860,2013,6,0.45161290322580644,0.11436950146627566,0.34017595307917886,4.809384164222874,0.0,0.0,0.0,0.0,0.0,0.0,0.0,0.0,0.0,0.08797653958944282,0.18475073313782991,0.0,0.0,0.0,0.0,19.21407624633431,0.0,2.5219941348973607,0.0,12.164222873900293,3.9472140762463344,0.2316715542521994,4.023460410557185,0.0,0.0,0.3343108504398827,0.15835777126099707,0.0,0.0,24.33724340175953,3.334310850439883,0.0,0.0,0.0,0.0,0.9032258064516129,0.6011730205278593,0.0,0.04105571847507331,0.7214076246334311
1858,373,4,0.6545454545454545,0.10545454545454545,0.68,3.8363636363636364,0.0,0.0,0.0,0.0,0.0,0.0,0.20727272727272728,0.0,0.14909090909090908,0.6254545454545455,0.32727272727272727,0.0,0.0,0.0,0.0,9.603636363636364,0.0,2.68,0.0,3.5090909090909093,2.1236363636363635,0.72,5.810909090909091,0.0,0.0,0.0,0.0,0.0,0.0,22.30909090909091,1.989090909090909,0.0,0.01090909090909091,0.0,0.0,0.24,0.5636363636363636,0.0,0.04727272727272727,0.0
1852,483,2,0.3870967741935484,0.08294930875576037,0.684331797235023,2.640552995391705,0.0,0.0,0.0,0.06682027649769585,0.0,0.0,0.0,0.0,0.0,0.04377880184331797,0.0,0.0,0.0,0.0,0.0,9.481566820276498,0.0,1.7142857142857142,0.0,4.539170506912442,1.2258064516129032,0.30184331797235026,5.087557603686636,0.0,0.0,0.0,0.0,0.0,0.0,11.430875576036867,1.4608294930875576,0.0,0.0,0.01152073732718894,0.0,0.34101382488479265,0.42626728110599077,0.0,0.03225806451612903,0.0
1855,1757,4,0.703030303030303,0.04242424242424243,0.3575757575757576,1.793939393939394,0.0,0.006060606060606061,0.0,0.04242424242424243,0.0,0.0,0.0,0.14545454545454545,0.0,0.28484848484848485,0.03636363636363636,0.0,0.0,0.0,0.0,5.8,0.0,1.2666666666666666,0.0,2.018181818181818,0.7090909090909091,0.0,1.8484848484848484,0.0,0.0,0.0,0.0,0.0,0.0,8.303030303030303,0.8363636363636363,0.0,0.0,0.0,0.0,0.14545454545454545,0.3696969696969697,0.0,0.13333333333333333,1.0303030303030303
1856,800,11,0.6120996441281139,0.05338078291814947,0.498220640569395,2.903914590747331,0.0,0.0,0.0,0.03558718861209965,0.0,0.0,0.0,0.0,0.0,0.010676156583629894,0.0,0.0,0.0,0.0,0.0,7.629893238434164,0.0,1.4733096085409252,0.0,3.704626334519573,1.3416370106761566,0.2775800711743772,4.06049822064057,0.0,0.3202846975088968,0.6298932384341637,0.0,0.0,0.0,18.676156583629894,1.8683274021352314,0.0,0.498220640569395,0.0,0.0,0.27402135231316727,0.5231316725978647,0.0,0.021352313167259787,0.0
1862,1073,11,0.43356643356643354,0.07692307692307693,0.1048951048951049,4.414918414918415,0.0,0.0,0.0,0.3682983682983683,0.0,0.0,0.0,0.0,0.0,1.7575757575757576,0.42657342657342656,0.0,0.0,0.0,0.0,10.435897435897436,0.0,1.1491841491841492,0.0,2.988344988344988,2.9743589743589745,0.2097902097902098,2.710955710955711,0.0,0.0,0.002331002331002331,0.0,0.0,3.2564102564102564,19.363636363636363,2.8764568764568765,0.0,0.0,0.009324009324009324,0.0,0.8881118881118881,0.5151515151515151,0.0,0.04428904428904429,4.200466200466201
1862,75,4,0.32413793103448274,0.10344827586206896,0.3120689655172414,4.196551724137931,0.16896551724137931,0.4879310344827586,0.0,0.010344827586206896,0.0,0.0,0.0,0.0,0.01206896551724138,1.910344827586207,0.6775862068965517,0.0,0.42758620689655175,0.3310344827586207,0.0,11.651724137931035,0.0017241379310344827,1.1758620689655173,0.0,2.93448275862069,2.3844827586206896,0.4362068965517241,3.475862068965517,0.0603448275862069,0.0,0.16896551724137931,0.0,0.0,4.572413793103448,19.131034482758622,2.5068965517241377,0.0,0.0,0.010344827586206896,0.0,0.5568965517241379,0.5293103448275862,0.0,0.06379310344827586,4.039655172413793
1852,988,4,0.46245733788395904,0.07167235494880546,0.5426621160409556,2.3139931740614332,0.0,0.0,0.0,0.0,0.0,0.13822525597269625,0.0,0.0,0.0,0.0,0.0,0.0,0.0,0.0,0.0,9.750853242320819,0.0,1.819112627986348,0.0,5.465870307167235,1.3839590443686007,0.032423208191126277,3.63481228668942,0.0,0.0,0.027303754266211604,0.0,0.0,0.0,10.320819112627987,1.2918088737201365,0.0,0.29180887372013653,0.04607508532423208,0.0,0.7133105802047781,0.4232081911262799,0.0,0.020477815699658702,1.3310580204778157
1864,1575,4,0.4028776978417266,0.050359712230215826,1.3741007194244603,2.5107913669064748,0.0,0.0,0.0,0.0,0.0,0.0,0.0,0.0,0.0,0.02158273381294964,0.0,0.0,0.0,0.0,0.0,3.0431654676258995,0.16546762589928057,1.8489208633093526,0.0,2.5323741007194243,1.0719424460431655,0.4748201438848921,7.661870503597123,0.0,0.0,0.4676258992805755,0.0,0.0,0.0,14.748201438848922,1.618705035971223,0.0,0.7482014388489209,0.014388489208633094,0.0,0.014388489208633094,0.5755395683453237,0.0,0.050359712230215826,2.870503597122302
1867,394,12,0.41362126245847175,0.07308970099667775,0.42857142857142855,3.29734219269103,0.0,0.0,0.0,0.0,0.0,0.0,0.0,0.0,0.0,0.11794019933554817,0.0,0.0,0.0,0.0,0.019933554817275746,10.152823920265782,0.0,2.240863787375415,0.0,8.641196013289036,1.6146179401993355,0.02159468438538206,2.9867109634551494,0.0,0.0,0.11960132890365449,0.0,0.0,0.0,17.875415282392026,2.046511627906977,0.0,0.07475083056478406,0.0,0.0,0.9534883720930233,0.553156146179402,0.0,0.023255813953488372,0.0
1858,468,15,0.44837758112094395,0.08259587020648967,0.3702064896755162,2.8466076696165192,0.0,0.0,0.0,0.6533923303834809,0.0,0.0,0.0,0.0,0.0,0.3495575221238938,0.035398230088495575,0.0,0.0,0.11651917404129794,0.0,8.943952802359883,0.0,2.066371681415929,0.0,4.988200589970502,1.6740412979351031,0.18289085545722714,4.210914454277286,0.0,0.0,0.0,0.0,0.0,0.0,12.584070796460177,1.705014749262537,0.0,0.1430678466076696,0.008849557522123894,0.0,0.9705014749262537,0.39823008849557523,0.0,0.06637168141592921,6.056047197640118
1862,1557,4,0.686046511627907,0.0872093023255814,0.0872093023255814,2.5348837209302326,0.0,0.11046511627906977,0.0,0.20930232558139536,0.0,0.0,0.06395348837209303,0.0872093023255814,0.05232558139534884,0.7965116279069767,0.12209302325581395,0.0,0.0,0.0,0.0,9.767441860465116,0.0,1.686046511627907,0.0,3.9244186046511627,1.2209302325581395,0.03488372093023256,3.558139534883721,0.0,0.0,0.0,0.0,0.0,0.03488372093023256,11.104651162790697,0.877906976744186,0.0,0.0,0.0,0.0,0.36046511627906974,0.4127906976744186,1.127906976744186,0.12790697674418605,3.011627906976744
1860,775,4,0.3687002652519894,0.10610079575596817,0.36074270557029176,3.3474801061007957,0.0,0.0,0.0,0.0,0.0,0.0,0.0,0.0,0.0,0.0,0.0,0.0,0.0,0.0,0.0,10.23342175066313,0.0,2.2546419098143238,0.0,8.535809018567639,1.5198938992042441,0.0,2.938992042440318,0.0,0.0,0.042440318302387266,0.0,0.0,0.0,18.312997347480106,1.8753315649867375,0.0,0.05570291777188329,0.0,0.0,0.8647214854111406,0.6127320954907162,0.0,0.026525198938992044,0.0
1868,874,11,0.4113636363636364,0.08409090909090909,0.32045454545454544,3.0386363636363636,0.0,0.0,0.0,0.029545454545454545,0.0,0.0,0.01818181818181818,0.0,0.0,0.18863636363636363,0.03636363636363636,0.0,0.0,0.0,0.03409090909090909,10.111363636363636,0.0,2.0568181818181817,0.0,6.9795454545454545,1.8727272727272728,0.09318181818181819,3.4045454545454548,0.0,0.0,0.15681818181818183,0.0,0.0,0.0,14.020454545454545,1.9477272727272728,0.0,0.29545454545454547,0.0,0.0,0.47954545454545455,0.5386363636363637,0.0,0.01818181818181818,0.05227272727272727
1867,1513,4,0.44952893674293404,0.08075370121130551,0.180349932705249,3.7039030955585464,0.06056527590847914,0.1426648721399731,0.0,0.48183041722745623,0.0,0.0,0.0,0.0,0.0026917900403768506,1.6621803499327052,0.18977119784656796,0.0,0.09959623149394348,0.03768506056527591,0.0,10.372812920592194,0.0,1.569313593539704,0.0,2.9434724091520863,2.9434724091520863,0.1009421265141319,3.1561238223418573,0.0,0.0,0.2718707940780619,0.0,0.0,3.224764468371467,15.950201884253028,2.07671601615074,0.0,0.017496635262449527,0.0,0.0,0.40511440107671604,0.47240915208613726,0.0,0.052489905787348586,3.028263795423957
1866,1830,5,0.4097693351424695,0.08276797829036635,0.6431478968792401,3.611940298507463,0.0,0.0,0.0,0.0,0.0,0.0,0.0,0.0,0.0,0.0,0.03934871099050204,0.0,0.0,0.0,0.0,10.683853459972863,0.014925373134328358,2.355495251017639,0.0,8.430122116689281,2.1682496607869743,0.20488466757123475,4.28629579375848,0.0,0.0,0.0,0.12754409769335143,0.0,0.0,18.602442333785618,2.2469470827679783,0.0,0.04613297150610583,0.0,0.0,0.6241519674355496,0.5440976933514247,0.0,0.027137042062415198,0.0
1858,1421,7,0.5483870967741935,0.1010752688172043,0.07096774193548387,3.729032258064516,0.0,0.0,0.0,0.03870967741935484,0.0,0.0,0.27956989247311825,0.0,0.0967741935483871,0.6064516129032258,0.38924731182795697,0.0,0.0,0.0,0.034408602150537634,8.83010752688172,0.0,1.3741935483870968,0.08602150537634409,6.137634408602151,4.479569892473118,0.034408602150537634,2.7161290322580647,0.0,0.0,0.21505376344086022,0.0,0.0,0.0,20.518279569892474,2.1655913978494623,0.0,0.010752688172043012,0.0,0.0,1.2408602150537635,0.4967741935483871,2.286021505376344,0.03655913978494624,3.2
1869,36,4,0.47244094488188976,0.07874015748031496,1.015748031496063,3.0708661417322833,0.0,0.06299212598425197,0.0,0.023622047244094488,0.0,0.0,0.41732283464566927,0.0,0.0,1.7086614173228347,0.6456692913385826,0.0,0.10236220472440945,0.0,1.062992125984252,10.204724409448819,0.0,1.6929133858267718,0.0,5.425196850393701,1.9921259842519685,0.3228346456692913,5.0078740157480315,0.0,0.0,0.14173228346456693,0.0,0.0,0.031496062992125984,14.330708661417322,1.2913385826771653,0.0,0.0,0.0,0.0,0.2755905511811024,0.49606299212598426,0.0,0.08661417322834646,6.094488188976378
1865,496,16,0.5,0.06136363636363636,0.2772727272727273,2.2181818181818183,0.0,0.0,0.0,0.0,0.0,0.0,0.0,0.0,0.0,0.04090909090909091,0.0,0.0,0.0,0.0,0.038636363636363635,12.427272727272728,0.0,1.5068181818181818,0.0,5.515909090909091,0.9318181818181818,0.16363636363636364,3.6136363636363638,0.0,0.0,0.21363636363636362,0.0,0.0,0.0,9.229545454545455,1.0522727272727272,0.0,0.006818181818181818,0.0,0.0,0.29772727272727273,0.3613636363636364,0.0,0.025,0.045454545454545456
1861,568,12,0.34814814814814815,0.06666666666666667,0.24444444444444444,4.051851851851852,0.0,0.0,0.0,0.06666666666666667,0.0,0.0,0.03209876543209877,0.0,0.0,0.9259259259259259,0.11358024691358025,0.0,0.0,0.0,0.08641975308641975,13.192592592592593,0.0,2.6098765432098765,0.0,5.597530864197531,2.740740740740741,0.1728395061728395,3.511111111111111,0.0,0.0,0.05925925925925926,0.0,0.0,0.0,16.94814814814815,2.4024691358024692,0.0,0.10617283950617284,0.027160493827160494,0.0,0.37777777777777777,0.4049382716049383,0.0,0.04197530864197531,0.4765432098765432
1869,1123,4,0.39880952380952384,0.11011904761904762,0.24107142857142858,2.7976190476190474,0.7619047619047619,0.0,0.0,0.0,0.0,0.0,0.05952380952380952,0.0,0.0,1.2261904761904763,0.36904761904761907,0.0,0.0,0.0,0.21726190476190477,12.0625,0.0,2.5535714285714284,0.0,5.574404761904762,1.5505952380952381,13.94047619047619,3.7589285714285716,0.0,0.0,0.0,0.0,0.17857142857142858,0.0,12.422619047619047,1.4166666666666667,0.0,0.0,0.0,0.0,0.4880952380952381,0.4642857142857143,0.0,0.050595238095238096,7.157738095238095
1866,1984,4,0.4103641456582633,0.08543417366946779,0.6848739495798319,3.11624649859944,0.0,0.0,0.0,0.0028011204481792717,0.0,0.0,0.0,0.0,0.0,0.0392156862745098,0.004201680672268907,0.0,0.0,0.0014005602240896359,0.0,11.232492997198879,0.0028011204481792717,1.8221288515406162,0.0,7.917366946778712,1.5406162464985995,0.07142857142857142,4.060224089635854,0.0,0.0,0.008403361344537815,0.0,0.0,0.0,15.484593837535014,1.7549019607843137,0.0,0.014005602240896359,0.011204481792717087,0.0,0.592436974789916,0.48179271708683474,0.0,0.02661064425770308,0.0056022408963585435
1866,847,5,0.5933147632311978,0.10027855153203342,0.6949860724233984,3.1545961002785514,0.0,0.0,0.0,0.020891364902506964,0.0,0.0,0.005571030640668524,0.0,0.0,0.10306406685236769,0.011142061281337047,0.0,0.0,0.0,0.005571030640668524,9.785515320334262,0.0,12.391364902506965,0.0,9.309192200557103,1.4791086350974931,0.532033426183844,5.181058495821727,0.0,0.0,0.10445682451253482,0.002785515320334262,0.0,0.0,17.13091922005571,1.6545961002785516,0.0,0.0,0.009749303621169917,0.0,0.7047353760445683,0.5668523676880223,0.0,0.04874651810584958,0.0
1861,910,4,0.43833017077798864,0.11005692599620494,0.07590132827324478,4.4573055028463,0.0,0.015180265654648957,0.0,0.015180265654648957,0.0,0.0,0.25616698292220114,0.0,0.10815939278937381,0.969639468690702,0.5787476280834914,0.0,0.015180265654648957,0.0,0.0,13.23719165085389,0.0,2.0872865275142316,0.4174573055028463,12.516129032258064,5.681214421252372,0.0,2.6072106261859584,0.0,0.0,0.011385199240986717,0.0,0.0,0.3111954459203036,19.110056925996204,2.6318785578747628,0.0,0.0,0.011385199240986717,0.0,0.8709677419354839,0.4990512333965844,0.0,0.04933586337760911,1.808349146110057
1862,1795,16,0.4,0.09787234042553192,0.7957446808510639,2.3404255319148937,0.0,0.0,0.0,0.0,0.0,0.0,0.0,0.0,0.0,0.24680851063829787,0.0,0.0,0.0425531914893617,0.0,0.0,10.080851063829787,0.0,1.348936170212766,0.0,4.523404255319149,0.26382978723404255,0.0,5.957446808510638,0.0,0.0,0.0,0.0,0.0,0.0,11.306382978723404,1.1446808510638298,0.0,0.43829787234042555,0.08936170212765958,0.0,0.451063829787234,0.5276595744680851,0.0,0.059574468085106386,0.04680851063829787
1860,722,12,0.6636363636363637,0.1303030303030303,0.20606060606060606,6.327272727272727,0.0,0.0,0.0,0.0,0.0,0.0,0.05757575757575758,0.0,0.0,0.6515151515151515,0.24242424242424243,0.0,0.0,0.0,0.0,15.33030303030303,0.0,1.7121212121212122,0.0,15.49090909090909,5.930303030303031,0.00909090909090909,4.378787878787879,0.0,0.0,0.15151515151515152,0.0,0.0,0.0,31.793939393939393,3.5515151515151517,0.0,0.18787878787878787,0.0,0.0,1.0,0.48787878787878786,0.0,0.05757575757575758,3.396969696969697
1868,1049,4,0.4056603773584906,0.03773584905660377,0.16981132075471697,2.4622641509433962,0.0,0.2641509433962264,0.0,2.056603773584906,0.0,0.0,0.0,0.0,0.0,1.4056603773584906,0.1792452830188679,0.0,0.0,0.4811320754716981,0.0,2.8962264150943398,0.0,1.8867924528301887,0.0,1.4339622641509433,0.9622641509433962,0.02830188679245283,4.150943396226415,0.0,0.0,0.0,0.0,0.0,0.0,12.5,1.320754716981132,0.0,0.0,0.0,0.0,0.29245283018867924,0.4056603773584906,0.0,0.16981132075471697,0.0
1871,1680,4,0.3299595141700405,0.048582995951417005,0.5850202429149798,2.1639676113360324,0.004048582995951417,0.016194331983805668,0.0,0.02834008097165992,0.0,0.0,0.0020242914979757085,0.0,0.0,0.20445344129554655,0.05465587044534413,0.0,0.020242914979757085,0.0,0.0,4.560728744939271,0.044534412955465584,1.4979757085020242,0.0,2.9615384615384617,0.631578947368421,0.1214574898785425,5.734817813765182,0.0,0.0,0.012145748987854251,0.0,0.0,0.2125506072874494,12.609311740890687,1.437246963562753,0.0,0.044534412955465584,0.15991902834008098,0.0,0.1437246963562753,0.4676113360323887,0.0,0.030364372469635626,0.0
1872,333,3,0.519774011299435,0.046610169491525424,0.5494350282485876,2.7104519774011298,0.0,0.0,0.0,0.0635593220338983,0.0,0.0,0.0,0.0,0.0,0.23728813559322035,0.1327683615819209,0.0,0.0,0.0,0.0,7.6341807909604515,0.0,2.097457627118644,0.0,8.103107344632768,1.3855932203389831,0.07344632768361582,3.7612994350282487,0.0,0.12146892655367232,0.026836158192090395,0.0,0.0,0.0,15.747175141242938,1.573446327683616,0.0,0.07627118644067797,0.01977401129943503,0.0,0.518361581920904,0.5169491525423728,0.0,0.04096045197740113,0.0
1866,419,4,0.4300385109114249,0.06418485237483953,0.3581514762516046,2.214377406931964,0.0,0.008985879332477536,0.0,0.13222079589216945,0.0,0.0,0.0,0.0,0.0,0.13607188703465983,0.0038510911424903724,0.0,0.0,0.006418485237483954,0.08600770218228498,9.916559691912708,0.0,1.8664955070603337,0.0,4.993581514762516,1.1578947368421053,0.0,2.92811296534018,0.0,0.0,0.0,0.0,0.0,0.0,10.880616174582798,1.220795892169448,0.0,0.0,0.044929396662387676,0.0,0.32605905006418484,0.4197689345314506,0.0,0.01797175866495507,0.33119383825417203
1869,753,4,0.4644808743169399,0.06557377049180328,0.6994535519125683,2.3251366120218577,0.0,0.0,0.0,0.1830601092896175,0.0,0.0,0.00546448087431694,0.0,0.0,0.2568306010928962,0.01092896174863388,0.0,0.0,0.00546448087431694,0.0,6.478142076502732,0.0,1.6311475409836065,0.0,2.448087431693989,0.9726775956284153,0.13387978142076504,4.418032786885246,0.0,0.0,0.0,0.0,0.0,0.0,11.065573770491802,1.325136612021858,0.0,0.0,0.0,0.0,0.09016393442622951,0.4207650273224044,0.0,0.06284153005464481,0.0
1864,1356,4,0.4305177111716621,0.05449591280653951,0.6839237057220708,2.931880108991826,0.0,0.0,0.0,0.0,0.0,0.0,0.0,0.0,0.0,0.027247956403269755,0.0,0.0,0.0,0.0,0.0,11.133514986376023,0.0,1.8283378746594006,0.0,5.6730245231607626,1.5449591280653951,0.22343324250681199,4.1880108991825615,0.0,0.0,0.0681198910081744,0.0,0.0,0.0,13.038147138964577,1.6103542234332424,0.0,0.23978201634877383,0.0,0.0,0.2997275204359673,0.47956403269754766,0.0,0.008174386920980926,0.0
1877,1400,4,0.3464052287581699,0.058823529411764705,1.607843137254902,2.3006535947712417,0.0,0.0,0.0,0.23529411764705882,0.0,0.0,0.0,0.0,0.0,0.41830065359477125,0.1437908496732026,0.0,0.0,0.477124183006536,0.0,9.0,0.0457516339869281,1.5032679738562091,0.0,2.0130718954248366,1.2679738562091503,0.8169934640522876,6.607843137254902,0.0,0.0,0.006535947712418301,0.0,0.0,0.0,12.745098039215685,1.0784313725490196,0.0,0.0784313725490196,0.0,0.0,0.5228758169934641,0.48366013071895425,0.0,0.0392156862745098,4.104575163398692
1879,1173,12,0.4093484419263456,0.09277620396600567,0.42492917847025496,3.669971671388102,0.0,0.028328611898016998,0.0,0.024787535410764873,0.0,0.0,0.00141643059490085,0.0,0.0,0.06515580736543909,0.021954674220963172,0.0,0.06444759206798867,0.0084985835694051,0.021954674220963172,11.143767705382436,0.002124645892351275,1.7832861189801699,0.0,8.711756373937677,2.5212464589235126,0.20113314447592068,3.2790368271954673,0.0,0.0,0.043909348441926344,0.1529745042492918,0.0,0.08144475920679886,19.36756373937677,2.4157223796033995,0.0,0.0,0.0,0.0,0.6182719546742209,0.5283286118980169,0.0,0.02762039660056657,0.08286118980169972
1876,1261,4,0.4368836291913215,0.07988165680473373,0.2564102564102564,2.9072978303747536,0.0,0.07692307692307693,0.0,0.33530571992110453,0.0,0.0,0.0,0.0,0.0,0.5483234714003945,0.21597633136094674,0.0,0.07593688362919132,0.5779092702169625,0.0,9.642011834319527,0.0,4.563116370808679,0.0,10.691321499013807,2.4714003944773175,0.5108481262327417,4.686390532544379,0.0,0.0,0.016765285996055226,0.0,0.0,0.0,16.503944773175544,1.8431952662721893,0.0,0.009861932938856016,0.09861932938856016,0.0,1.4812623274161736,0.5384615384615384,0.0,0.05917159763313609,4.655818540433925
1866,1473,4,0.3980154355016538,0.08930540242557883,0.49503858875413453,3.6273428886438808,0.0,0.0,0.0,0.0,0.0,0.0,0.0,0.0,0.0,0.18853362734288864,0.0,0.0,0.0,0.0,0.0,13.351708930540243,0.0,1.5865490628445424,0.0,7.69239250275634,2.21058434399118,0.16648291069459759,3.9812568908489525,0.0,0.002205071664829107,0.002205071664829107,0.2657111356119074,0.0,0.0,18.03417861080485,2.276736493936053,0.0,0.006615214994487321,0.0033076074972436605,0.0,0.4895259095920617,0.5115766262403528,0.0,0.026460859977949284,0.0
1875,474,5,0.4429530201342282,0.0738255033557047,0.0,4.758389261744966,0.0,0.0,0.0,0.0,0.0,0.0,0.053691275167785234,0.0,0.0,0.20134228187919462,0.0,0.0,0.0,0.0,0.0,12.114093959731544,0.0,1.6375838926174497,0.0,18.06040268456376,2.3221476510067114,0.0,1.4093959731543624,0.0,0.0,0.06711409395973154,0.0,0.0,0.0,23.20805369127517,3.221476510067114,0.0,0.0,0.0,0.0,1.2080536912751678,0.5704697986577181,0.0,0.013422818791946308,0.0
1873,823,11,0.5225903614457831,0.11746987951807229,0.14156626506024098,4.200301204819277,0.0,0.0,0.0,0.007530120481927711,0.0,0.0,0.17771084337349397,0.0,0.060240963855421686,0.5798192771084337,0.29518072289156627,0.0,0.0,0.0,0.0,13.341867469879517,0.0,2.450301204819277,0.3433734939759036,12.50301204819277,4.478915662650603,0.3960843373493976,3.5481927710843375,0.0,0.0,0.0,0.0,0.0,0.0,16.68222891566265,2.4262048192771086,0.0,0.0,0.015060240963855422,0.0,0.8117469879518072,0.4367469879518072,0.0,0.0572289156626506,0.03463855421686747
1880,120,4,0.446,0.08,0.084,3.502,0.0,0.0,0.0,0.002,0.0,0.0,0.012,0.0,0.012,0.268,0.118,0.0,0.0,0.0,0.0,11.04,0.0,1.998,0.0,6.174,2.402,0.034,2.734,0.0,0.0,0.008,0.014,0.0,0.504,16.04,2.314,0.0,0.0,0.07,0.0,0.418,0.506,0.0,0.054,0.082
1882,285,15,0.48372093023255813,0.09395348837209302,0.3293023255813953,3.2437209302325583,0.0,0.0,0.0,0.0,0.0,0.0,0.0,0.0,0.0,0.0,0.0,0.0,0.0,0.0,0.0,11.107906976744186,0.0,1.5404651162790697,0.0,8.272558139534883,1.916279069767442,0.026976744186046512,3.5106976744186045,0.0,0.0,0.0,0.19627906976744186,0.0,0.0,13.690232558139535,1.9274418604651162,0.0,0.14511627906976743,0.013953488372093023,0.0,0.6139534883720931,0.39813953488372095,0.0,0.02883720930232558,0.0
1870,1025,5,0.476878612716763,0.06454720616570328,0.2976878612716763,2.3333333333333335,0.0,0.002890173410404624,0.0,0.4730250481695568,0.0,0.0,0.02023121387283237,0.0,0.0,0.41329479768786126,0.10115606936416185,0.0,0.0,0.012524084778420038,0.0,6.190751445086705,0.0,1.76878612716763,0.0,3.978805394990366,1.5828516377649327,0.12716763005780346,6.133911368015414,0.0,0.0,0.0,0.0,0.0,0.0,12.139691714836223,1.617533718689788,0.0,0.0,0.03371868978805395,0.0,0.2678227360308285,0.3969171483622351,0.0,0.04431599229287091,0.01348747591522158
1875,1708,12,0.3611111111111111,0.07264957264957266,0.8739316239316239,4.222222222222222,0.0,0.0,0.0,0.0,0.0,0.0,0.25427350427350426,0.0,0.0,0.5790598290598291,0.2799145299145299,0.0,0.0,0.0,0.0,10.217948717948717,0.042735042735042736,1.8226495726495726,0.27136752136752135,7.551282051282051,4.64957264957265,0.1388888888888889,5.69017094017094,0.0,0.0,0.1752136752136752,0.0,0.0,0.0,20.057692307692307,2.7393162393162394,0.0,0.14316239316239315,0.0,0.0,0.47435897435897434,0.49572649572649574,0.0,0.05982905982905983,0.0
1870,1811,5,0.44276094276094274,0.10101010101010101,0.3367003367003367,3.6936026936026938,0.0,0.021885521885521887,0.0,0.05555555555555555,0.0,0.0016835016835016834,0.0,0.0,0.0,0.5016835016835017,0.1750841750841751,0.0,0.0,0.29292929292929293,0.0,10.722222222222221,0.010101010101010102,4.28956228956229,0.0,5.124579124579125,2.3013468013468015,0.021885521885521887,4.119528619528619,0.0,0.0,0.14309764309764308,0.0,0.0,0.0,21.114478114478114,2.1161616161616164,0.0,0.0707070707070707,0.06060606060606061,0.0,0.38047138047138046,0.5185185185185185,0.0,0.03535353535353535,3.242424242424242
1870,1956,11,0.5343283582089552,0.07462686567164178,0.056716417910447764,4.88955223880597,0.0,0.0,0.0,0.0,0.0,0.0,0.22686567164179106,0.0,0.026865671641791045,0.9432835820895522,0.582089552238806,0.0,0.0,0.0,0.008955223880597015,12.626865671641792,0.0,2.1582089552238806,0.31343283582089554,17.52238805970149,5.949253731343283,0.01791044776119403,3.1223880597014926,0.0,0.0,0.1044776119402985,0.0,0.0,0.0,27.15820895522388,3.008955223880597,0.10746268656716418,0.12835820895522387,0.0,0.0,1.2656716417910447,0.5402985074626866,0.07164179104477612,0.0955223880597015,3.0776119402985076
1875,1765,4,0.5966850828729282,0.09668508287292818,0.26795580110497236,3.8232044198895028,0.0,0.0,0.0,0.3701657458563536,0.0,0.0,0.0,0.0,0.0,0.7513812154696132,0.0,0.0,0.23480662983425415,0.31767955801104975,0.0,9.828729281767956,0.0,2.0110497237569063,0.0,2.3646408839779007,2.229281767955801,1.1104972375690607,4.328729281767956,0.0,0.0,0.1712707182320442,0.0,0.0,1.5082872928176796,20.276243093922652,1.8950276243093922,0.0,0.04696132596685083,0.0,0.0,0.17403314917127072,0.5994475138121547,0.0,0.03314917127071823,2.345303867403315
1881,153,4,0.5203938115330521,0.07735583684950774,0.5625879043600562,3.2025316455696204,0.0,0.0,0.0,0.015471167369901548,0.0,0.0,0.0,0.0,0.0,0.009845288326300985,0.0,0.0,0.0,0.0,0.0,9.462728551336147,0.029535864978902954,2.0534458509142053,0.0,7.018284106891702,1.3938115330520393,0.11251758087201125,4.8452883263009845,0.0,0.4317862165963432,0.379746835443038,0.1631504922644163,0.0,0.0,18.609001406469762,1.8073136427566807,0.0,0.26441631504922647,0.0,0.0,0.5133614627285513,0.559774964838256,0.0,0.02390998593530239,0.0
1878,443,7,0.5077473182359953,0.07628128724672228,0.3432657926102503,2.833134684147795,0.0,0.0023837902264600714,0.0,0.04648390941597139,0.0,0.0,0.0,0.0,0.0,0.06793802145411204,0.007151370679380214,0.0,0.0,0.00834326579261025,0.0,10.147794994040524,0.0,1.8271752085816448,0.0,6.034564958283671,1.796185935637664,0.03098927294398093,3.99880810488677,0.0,0.0,0.0,0.1537544696066746,0.0,0.0,12.558998808104887,1.7163289630512515,0.0,0.01907032181168057,0.10727056019070322,0.0,0.4541120381406436,0.42908224076281287,0.0,0.028605482717520857,0.0166865315852205
1877,729,12,0.42902208201892744,0.07097791798107256,0.2555205047318612,3.141955835962145,0.0,0.0,0.0,0.20189274447949526,0.0,0.0,0.16876971608832808,0.0,0.04416403785488959,1.22397476340694,0.15615141955835962,0.0,0.0,0.007886435331230283,0.5110410094637224,13.107255520504731,0.0,1.9053627760252365,0.0,6.917981072555205,1.88801261829653,0.7981072555205048,4.547318611987381,0.0,0.0,0.0,0.0,0.0,0.0,12.447949526813881,1.5425867507886435,0.0,0.0,0.08201892744479496,0.0,0.4416403785488959,0.443217665615142,0.0,0.08990536277602523,0.4305993690851735
1875,1007,4,0.3960720130932897,0.09001636661211129,0.29623567921440264,2.718494271685761,0.0,0.15548281505728315,0.0,0.4795417348608838,0.0,0.0,0.0,0.0,0.0,0.8216039279869067,0.176759410801964,0.0,0.0,0.08346972176759411,0.0,12.805237315875614,0.0,1.9574468085106382,0.0,4.783960720130933,1.67430441898527,0.088379705400982,3.7463175122749592,0.0,0.0,0.0425531914893617,0.0,0.0,0.0,13.281505728314238,1.55810147299509,0.0,0.0032733224222585926,0.0,0.0,0.48936170212765956,0.45990180032733224,0.0,0.05073649754500818,0.0
1884,1238,4,0.36742424242424243,0.06439393939393939,0.7803030303030303,2.7007575757575757,0.0,0.0,0.0,0.0,0.0,0.0,0.026515151515151516,0.0,0.0,0.8522727272727273,0.29545454545454547,0.0,0.0,0.0,0.0,2.696969696969697,0.045454545454545456,1.4431818181818181,0.0,2.9886363636363638,1.3977272727272727,0.125,5.071969696969697,0.0,0.0,0.2159090909090909,0.0,0.0,0.0,15.215909090909092,1.7196969696969697,0.0,0.14015151515151514,0.0,0.0,0.11363636363636363,0.44696969696969696,0.0,0.05303030303030303,1.5643939393939394
1878,1429,4,0.40843373493975904,0.07590361445783132,0.4566265060240964,3.7132530120481926,0.0,0.0,0.0,0.0,0.0,0.0,0.02289156626506024,0.0,0.0,0.1216867469879518,0.008433734939759036,0.0,0.0,0.0,0.05542168674698795,11.801204819277109,0.0,1.916867469879518,0.0,7.1,1.6337349397590362,0.2963855421686747,3.683132530120482,0.0,0.0,0.39518072289156625,0.29156626506024097,0.0,0.00963855421686747,17.689156626506023,2.283132530120482,0.0,0.0024096385542168677,0.0,0.0,0.6409638554216868,0.5566265060240964,0.0,0.03132530120481928,0.13132530120481928
1888,542,15,0.4684466019417476,0.06796116504854369,0.5364077669902912,3.529126213592233,0.0,0.0,0.0,0.019417475728155338,0.0,0.0,0.0,0.0,0.0,0.10436893203883495,0.009708737864077669,0.0,0.0,0.0,0.012135922330097087,7.75,0.0,2.0218446601941746,0.0,12.924757281553399,2.2184466019417477,0.19174757281553398,4.584951456310679,0.0,0.0,0.23058252427184467,0.0,0.0,0.0,18.237864077669904,2.296116504854369,0.0,0.0,0.0,0.0,0.8567961165048543,0.46359223300970875,0.0,0.024271844660194174,0.012135922330097087
1874,613,4,0.42078488372093026,0.07703488372093023,0.35101744186046513,2.9069767441860463,0.0,0.0,0.0,0.26453488372093026,0.0,0.0,0.015261627906976744,0.0,0.0,0.29069767441860467,0.061046511627906974,0.0,0.0,0.00944767441860465,0.046511627906976744,11.448401162790697,0.00872093023255814,3.181686046511628,0.0,8.512354651162791,1.2725290697674418,0.16424418604651161,3.3088662790697674,0.0,0.0,0.06758720930232558,0.0,0.0,0.0,12.37936046511628,1.5036337209302326,0.0,0.06031976744186047,0.02616279069767442,0.0,0.5545058139534884,0.4738372093023256,0.0,0.03924418604651163,0.036337209302325583
1872,806,11,0.3848684210526316,0.04276315789473684,0.6743421052631579,1.9210526315789473,0.0,0.0,0.0,0.07236842105263158,0.0,0.0,0.0,0.0,0.0,0.3717105263157895,0.0,0.0,0.0,0.0,0.0,2.5921052631578947,0.0,1.8355263157894737,0.0,1.7532894736842106,0.29605263157894735,0.2138157894736842,4.927631578947368,0.0,0.0,0.0,0.0,0.0,0.0,10.213815789473685,0.9736842105263158,0.0,0.0,0.0,0.0,0.0,0.4769736842105263,0.0,0.039473684210526314,0.0
1878,935,7,0.41919191919191917,0.08080808080808081,0.1919191919191919,4.5,0.0,0.0,0.0,0.0,0.0,0.0,0.0,0.0,0.0,0.9343434343434344,0.20707070707070707,0.0,0.0,0.0,0.0,10.303030303030303,0.0,1.1919191919191918,0.0,4.277777777777778,4.015151515151516,0.050505050505050504,2.2373737373737375,0.0,0.0,0.12626262626262627,0.0,0.0,3.808080808080808,20.37878787878788,3.0757575757575757,0.0,0.04040404040404041,0.0,0.0,0.5505050505050505,0.5050505050505051,0.0,0.025252525252525252,0.6515151515151515
1879,901,6,0.8478260869565217,0.09683794466403162,0.5375494071146245,4.106719367588933,0.0,0.0,0.0,0.0,0.0,0.0,0.3675889328063241,0.0,0.0,0.5988142292490118,0.0,0.0,0.0,0.0,0.2924901185770751,9.780632411067193,0.009881422924901186,1.5889328063241106,0.0,7.150197628458498,2.994071146245059,0.019762845849802372,3.9288537549407114,0.0,0.0,0.017786561264822136,0.0,0.0,0.0,18.723320158102766,2.8102766798418974,0.0,0.015810276679841896,0.0,0.0,0.5197628458498024,0.4762845849802372,0.0,0.12845849802371542,2.7015810276679844
1878,510,7,0.4289340101522843,0.07614213197969544,0.3223350253807107,2.8984771573604062,0.03299492385786802,0.10406091370558376,0.0,1.0913705583756346,0.0,0.0,0.3730964467005076,0.0,0.467005076142132,2.7055837563451774,1.3756345177664975,0.0,0.0,0.0,0.0,7.258883248730965,0.0,1.700507614213198,0.0,5.350253807106599,2.149746192893401,0.08121827411167512,5.266497461928934,0.0,0.0,0.017766497461928935,0.0,0.0,0.007614213197969543,14.644670050761421,1.5736040609137056,0.0,0.0,0.0,0.13451776649746192,0.3629441624365482,0.5,0.0,0.0532994923857868,2.4238578680203045
1884,639,4,0.3779264214046823,0.08695652173913043,0.6755852842809364,3.5819397993311037,0.0,0.0,0.0,0.0,0.0,0.0,0.47157190635451507,0.0,0.0,1.1505016722408026,0.5083612040133779,0.0,0.0,0.0,1.9899665551839465,12.123745819397993,0.033444816053511704,2.9297658862876252,0.0,5.558528428093646,2.0869565217391304,0.22073578595317725,5.782608695652174,0.0,0.0,0.03678929765886288,0.0,0.0,0.0,14.779264214046822,1.8127090301003344,0.0,0.2140468227424749,0.0,0.25418060200668896,0.25418060200668896,0.4180602006688963,0.0,0.04013377926421405,3.05685618729097
1874,1459,4,0.37983706720977595,0.07535641547861507,0.6120162932790224,2.425661914460285,0.0,0.0,0.0,0.0010183299389002036,0.0,0.0,0.0,0.0,0.0,0.08044806517311609,0.0,0.0,0.0,0.0,0.0,9.772912423625254,0.008146639511201629,2.054989816700611,0.0,5.485743380855397,0.7759674134419552,0.1395112016293279,4.09979633401222,0.0,0.0,0.018329938900203666,0.0,0.0,0.0,11.480651731160895,1.3279022403258656,0.0,0.07942973523421588,0.020366598778004074,0.0,0.3380855397148676,0.5020366598778004,0.0,0.02240325865580448,0.0
1876,1490,4,0.45493562231759654,0.06437768240343347,0.44206008583690987,3.2832618025751072,0.0,0.0,0.0,0.11587982832618025,0.0,0.0,0.0,0.0,0.0,0.24034334763948498,0.06437768240343347,0.0,0.0,0.017167381974248927,0.0,7.952789699570816,0.0,2.0472103004291844,0.0,12.231759656652361,1.145922746781116,0.0944206008583691,3.772532188841202,0.0,0.0,0.13733905579399142,0.0,0.0,0.0,18.38197424892704,2.03862660944206,0.0,0.0,0.21030042918454936,0.0,0.7339055793991416,0.4978540772532189,0.0,0.03862660944206009,0.6008583690987125
1878,1643,4,0.391304347826087,0.07729468599033816,0.36231884057971014,3.2028985507246377,0.0,0.0,0.0,0.0,0.0,0.0,0.09178743961352658,0.0,0.0,0.2028985507246377,0.06280193236714976,0.0,0.0,0.0,0.0,5.903381642512077,0.0,1.9903381642512077,0.0,8.632850241545894,1.9033816425120773,0.0,4.396135265700483,0.0,0.0,0.0,0.0,0.0,0.0,16.17391304347826,1.821256038647343,0.0,0.0,0.0,0.0,0.5845410628019324,0.463768115942029,0.0,0.028985507246376812,0.0
1880,674,8,0.4373259052924791,0.06128133704735376,0.7715877437325905,2.183844011142061,0.0,0.005571030640668524,0.0,0.14484679665738162,0.0,0.0,0.0,0.0,0.0,0.13370473537604458,0.036211699164345405,0.0,0.0,0.0,0.0,3.883008356545961,0.0,2.0612813370473537,0.0,1.9777158774373258,0.5487465181058496,0.04456824512534819,5.303621169916434,0.0,0.0,0.08913649025069638,0.0,0.0,0.0,14.292479108635098,1.2451253481894151,0.0,0.09192200557103064,0.16991643454038996,0.0,0.002785515320334262,0.45125348189415043,0.0,0.03064066852367688,0.08635097493036212
1874,791,4,0.39182282793867124,0.09710391822827939,0.7103918228279387,2.901192504258944,0.0,0.0,0.0,0.008517887563884156,0.0,0.0,0.3321976149914821,0.0,0.0,0.7137989778534923,0.08006814310051108,0.0,0.0,0.0,0.0,14.959114139693357,0.0,1.6422487223168654,0.0,4.03236797274276,1.2691652470187393,0.20442930153321975,4.4054514480408855,0.0,0.0,0.04088586030664395,0.0,0.0,0.0,13.565587734241909,1.68824531516184,0.0,0.06984667802385008,0.056218057921635436,0.0,0.16524701873935263,0.444633730834753,0.0,0.034071550255536626,2.7444633730834753
1882,987,4,0.48120300751879697,0.05263157894736842,0.22556390977443608,3.3233082706766917,0.0,0.0,0.0,0.0,0.0,0.0,0.015037593984962405,0.0,0.0,0.21804511278195488,0.03007518796992481,0.0,0.0,0.0,0.03759398496240601,12.819548872180452,0.0,1.8421052631578947,0.0,8.466165413533835,2.8045112781954886,0.015037593984962405,1.3984962406015038,0.0,0.0,0.015037593984962405,0.0,0.0,0.14285714285714285,14.74436090225564,2.112781954887218,0.0,0.045112781954887216,0.0,0.0,0.6015037593984962,0.39097744360902253,0.0,0.05263157894736842,0.0
1877,1441,4,0.35118110236220473,0.07716535433070866,0.5149606299212598,2.341732283464567,0.0,0.0,0.0,0.0,0.0,0.0,0.0,0.0,0.0,0.05669291338582677,0.01889763779527559,0.0,0.0,0.0,0.0,12.658267716535432,0.015748031496062992,1.8724409448818897,0.0,9.050393700787401,0.9133858267716536,0.05826771653543307,2.7874015748031495,0.0,0.0,0.25826771653543307,0.0,0.0,0.0,12.034645669291338,1.388976377952756,0.0,0.29606299212598425,0.08818897637795275,0.0,0.47716535433070867,0.46141732283464565,0.0,0.029921259842519685,0.6771653543307087
1886,1918,4,0.42038216560509556,0.06369426751592357,0.445859872611465,3.6815286624203822,0.0,0.0,0.0,0.16560509554140126,0.0,0.0,0.0,0.0,0.0,0.3057324840764331,0.0,0.0,0.0,0.006369426751592357,0.0,7.407643312101911,0.0,1.7643312101910829,0.0,11.955414012738853,2.0636942675159236,0.1464968152866242,4.579617834394904,0.0,0.0,0.3248407643312102,0.0,0.0,0.05732484076433121,18.1656050955414,2.0764331210191083,0.0,0.0,0.17197452229299362,0.0,0.821656050955414,0.5732484076433121,0.0,0.025477707006369428,0.0
1880,175,4,0.5488826815642458,0.06983240223463687,0.6005586592178771,2.7779329608938546,0.0,0.0,0.0,0.07402234636871509,0.0,0.0,0.0,0.0,0.0,0.14804469273743018,0.0,0.0,0.0,0.0,0.0,8.585195530726256,0.00558659217877095,2.122905027932961,0.0,5.509776536312849,0.9567039106145251,0.2276536312849162,5.801675977653631,0.0,0.0,0.1424581005586592,0.06424581005586592,0.0,0.0,17.16759776536313,1.5810055865921788,0.0,0.09916201117318436,0.009776536312849162,0.0,0.3854748603351955,0.5111731843575419,0.0,0.025139664804469275,0.0
1884,241,15,0.3935309973045822,0.07547169811320754,0.7493261455525606,2.5660377358490565,0.0,0.0,0.0,0.0,0.0,0.0,0.0,0.0,0.0,0.0,0.0,0.0,0.0,0.0,0.0,10.452830188679245,0.0,1.4016172506738545,0.0,3.849056603773585,0.9433962264150944,0.1752021563342318,5.180592991913747,0.0,0.0,0.0,0.1320754716981132,0.0,0.0,10.177897574123989,1.2695417789757413,0.0,0.1347708894878706,0.0889487870619946,0.0,0.19946091644204852,0.41778975741239893,0.0,0.018867924528301886,0.0
1883,774,7,0.4880382775119617,0.09409888357256778,0.6810207336523126,3.398724082934609,0.0,0.0,0.0,0.22009569377990432,0.0,0.0,0.17862838915470494,0.0,0.007974481658692184,0.8596491228070176,0.4130781499202552,0.0,0.0,0.007974481658692184,0.0,9.007974481658692,0.0,1.7177033492822966,0.0,7.37799043062201,4.0047846889952154,0.1467304625199362,5.850079744816587,0.0,0.0,0.0,0.0,0.0,0.0,15.087719298245615,2.18341307814992,0.0,0.13875598086124402,0.05263157894736842,0.0,0.4864433811802233,0.4258373205741627,0.0,0.05741626794258373,0.5151515151515151
1884,1592,7,0.49355432780847147,0.1141804788213628,0.5046040515653776,4.519337016574585,0.0,0.0,0.0,0.0718232044198895,0.0,0.0,0.3425414364640884,0.0,0.0,0.9318600368324125,0.34990791896869244,0.0,0.0,0.0,0.7071823204419889,15.970534069981584,0.01289134438305709,1.5267034990791897,0.0,12.615101289134438,3.701657458563536,0.3830570902394107,3.7329650092081033,0.0,0.0,0.08287292817679558,0.15469613259668508,0.0,0.0,19.688766114180478,2.7753222836095763,0.0,0.29097605893186,0.0,0.09023941068139964,0.8766114180478821,0.5064456721915286,0.0,0.05156537753222836,2.712707182320442
1881,1866,4,0.42115768463073855,0.14570858283433133,0.6686626746506986,5.467065868263473,0.0,0.0,0.0,0.0,0.0,0.0,0.25748502994011974,0.0,0.0,0.780439121756487,0.0,0.0,0.0,0.0,1.0239520958083832,16.800399201596807,0.0,1.656686626746507,0.0,8.313373253493014,6.2395209580838324,0.0658682634730539,4.399201596806387,0.0,0.0,0.29740518962075846,0.0,0.0,0.0,26.397205588822356,3.0059880239520957,0.0,0.21357285429141717,0.0,0.0,0.6007984031936128,0.5169660678642715,0.0,0.03592814371257485,1.624750499001996
1885,576,4,0.6081370449678801,0.09421841541755889,0.5717344753747323,3.182012847965739,0.0,0.0,0.0,0.0,0.0,0.0,0.0,0.0,0.0,0.0,0.0,0.0,0.0,0.044967880085653104,0.0,9.97644539614561,0.0,2.5610278372591004,0.0,9.027837259100643,1.0877944325481799,0.139186295503212,5.777301927194861,0.0,0.0,0.04068522483940043,0.004282655246252677,0.0,0.0,17.886509635974303,1.6423982869379015,0.0,0.021413276231263382,0.008565310492505354,0.0,0.5010706638115632,0.5717344753747323,0.0,0.029978586723768737,0.0
1883,1089,11,0.41,0.07857142857142857,0.33714285714285713,2.412857142857143,0.0,0.0,0.0,0.06142857142857143,0.0,0.0,0.037142857142857144,0.0,0.0,0.19285714285714287,0.025714285714285714,0.0,0.0,0.0,0.005714285714285714,10.368571428571428,0.0,2.2485714285714287,0.0,4.925714285714286,0.8442857142857143,0.7728571428571429,3.3,0.0,0.0,0.2571428571428571,0.0,0.0,0.0,11.59142857142857,1.3885714285714286,0.0,0.22857142857142856,0.05142857142857143,0.0,0.27714285714285714,0.46,0.0,0.037142857142857144,0.0
1882,1145,12,0.3219047619047619,0.08952380952380952,0.4895238095238095,4.041904761904762,0.0,0.08761904761904762,0.0,0.0,0.0,0.0,0.01904761904761905,0.0,0.015238095238095238,1.0457142857142858,0.10476190476190476,0.0,0.18857142857142858,0.2019047619047619,0.0,9.51047619047619,0.007619047619047619,1.3485714285714285,0.0,3.3923809523809525,3.758095238095238,0.2857142857142857,3.4247619047619047,0.0,0.0,0.29523809523809524,0.0,0.0,3.6933333333333334,19.676190476190477,2.676190476190476,0.0,0.0,0.05523809523809524,0.0,0.4552380952380952,0.5085714285714286,0.0,0.04,0.9619047619047619
1885,1561,4,0.3333333333333333,0.09174311926605505,0.46788990825688076,3.036697247706422,0.0,0.08256880733944955,0.0,0.3119266055045872,0.0,0.0,0.0,0.0,0.0,0.8348623853211009,0.2599388379204893,0.0,0.0,0.19877675840978593,0.0,11.0,0.0,3.2079510703363914,0.0,6.0,2.1743119266055047,0.25076452599388377,4.862385321100917,0.0,0.0,0.027522935779816515,0.0,0.0,0.0,16.226299694189603,1.871559633027523,0.0,0.0856269113149847,0.1743119266055046,0.0,1.379204892966361,0.5932721712538226,0.0,0.04281345565749235,4.532110091743119
1879,1608,4,0.40966010733452596,0.07155635062611806,0.6976744186046512,2.926654740608229,0.0,0.0,0.0,0.0,0.0,0.0,0.0,0.0,0.0,0.0,0.0,0.0,0.0,0.0,0.0,8.708407871198569,0.017889087656529516,2.071556350626118,0.0,8.701252236135957,1.4221824686940967,0.06440071556350627,4.48479427549195,0.0,0.17531305903398928,0.47227191413237923,0.0,0.0,0.0,17.844364937388193,1.8980322003577819,0.0,0.5026833631484794,0.0,0.0,0.4669051878354204,0.5474060822898033,0.0,0.03220035778175313,0.0
1884,596,4,0.41904761904761906,0.0761904761904762,1.4095238095238096,2.2095238095238097,0.0,0.0,0.0,0.0,0.0,0.0,0.009523809523809525,0.5047619047619047,0.0,0.1619047619047619,0.0,0.0,0.0,0.0,0.047619047619047616,7.666666666666667,0.0,1.8095238095238095,0.0,3.619047619047619,0.9619047619047619,0.13333333333333333,5.79047619047619,0.0,0.0,0.1523809523809524,0.0,0.0,0.0,14.40952380952381,1.276190476190476,0.0,0.0,0.0,0.0,0.3142857142857143,0.4095238095238095,1.3142857142857143,0.01904761904761905,10.104761904761904
1884,1317,4,0.34558823529411764,0.03308823529411765,0.5073529411764706,1.8566176470588236,0.0,0.0,0.0,0.01838235294117647,0.0,0.0,0.09558823529411764,0.0,0.0,0.45955882352941174,0.029411764705882353,0.0,0.0,0.0,0.0,7.051470588235294,0.0,1.9926470588235294,0.0,2.286764705882353,0.4742647058823529,0.2757352941176471,4.6875,0.0,0.0,0.09926470588235294,0.0,0.0,0.0,9.268382352941176,0.8566176470588235,0.0,0.125,0.0,0.0,0.14705882352941177,0.3713235294117647,0.0,0.029411764705882353,0.0
1882,1475,16,1.4319066147859922,0.07782101167315175,1.0544747081712063,2.357976653696498,0.0,0.0,0.0,0.058365758754863814,0.0,0.0,0.0,0.0,0.0,0.16731517509727625,0.0,0.0,0.0,0.0,0.0,7.626459143968872,0.0,1.8793774319066148,0.0,2.6070038910505837,0.019455252918287938,0.05058365758754864,5.073929961089494,0.0,0.0,0.10505836575875487,0.19844357976653695,0.0,0.0,13.88715953307393,1.3929961089494163,0.0,0.0,0.1867704280155642,0.0,0.22957198443579765,0.556420233463035,0.0,0.30739299610894943,0.0
1883,1504,4,0.475,0.07,0.04,3.76,0.0,0.0,0.0,0.0,0.0,0.0,0.0,0.0,0.0,0.4,0.0,0.0,0.0,0.0,0.0,9.855,0.0,1.895,0.0,13.555,1.26,0.0,2.3,0.0,0.0,0.04,0.0,0.0,0.0,18.065,2.0,0.0,0.0,0.0,0.0,0.83,0.5,0.0,0.015,0.0
1884,412,12,0.4778156996587031,0.11262798634812286,0.16040955631399317,4.225255972696246,0.0,0.0,0.0,0.0,0.0,0.0,0.0,0.0,0.0,0.0,0.0,0.0,0.0,0.0,0.0,10.897610921501707,0.0,1.8156996587030716,0.0,12.296928327645052,3.0784982935153584,0.0,2.1774744027303754,0.0,0.0,0.0,0.2150170648464164,0.0,0.0,22.27986348122867,3.0170648464163823,0.0,0.0,0.0,0.0,0.8088737201365188,0.5324232081911263,0.0,0.07167235494880546,0.0
1893,1810,4,0.3991228070175439,0.039473684210526314,0.2894736842105263,1.8114035087719298,0.0,0.0,0.0,2.758771929824561,0.0,0.0,0.013157894736842105,0.0,0.06140350877192982,0.9517543859649122,0.3157894736842105,0.0,0.0,0.017543859649122806,0.0,2.2850877192982457,0.0,2.0219298245614037,0.0,2.008771929824561,0.8903508771929824,0.2149122807017544,4.798245614035087,0.0,0.0,0.0,0.0,0.0,0.0,9.903508771929825,1.087719298245614,0.0,0.008771929824561403,0.017543859649122806,0.013157894736842105,0.42543859649122806,0.4692982456140351,0.0,0.04824561403508772,4.105263157894737
1887,308,12,0.4814453125,0.0712890625,0.5,3.232421875,0.0,0.0,0.0,0.005859375,0.0,0.0,0.02734375,0.0,0.0068359375,0.09375,0.0576171875,0.0,0.0,0.0,0.0,8.748046875,0.0,1.88671875,0.0,7.203125,1.412109375,0.162109375,4.1640625,0.0,0.0341796875,0.171875,0.0927734375,0.0,0.0,18.537109375,1.912109375,0.0,0.1630859375,0.0078125,0.0,0.5283203125,0.5478515625,0.0,0.029296875,0.087890625
1882,1111,4,0.3244047619047619,0.06547619047619048,0.23214285714285715,2.6458333333333335,0.0,0.0,0.0,0.9672619047619048,0.0,0.0,0.0,0.0,0.0,0.6488095238095238,0.07738095238095238,0.0,0.0,0.24107142857142858,0.0,7.217261904761905,0.0,2.0386904761904763,0.0,2.9017857142857144,1.994047619047619,0.023809523809523808,3.6547619047619047,0.0,0.0,0.0,0.0,0.0,0.0,12.592261904761905,1.5297619047619047,0.0,0.0,0.0,0.0,0.7113095238095238,0.39285714285714285,0.0,0.047619047619047616,3.6220238095238093
1897,915,11,0.3229166666666667,0.020833333333333332,2.3645833333333335,2.1145833333333335,0.0,0.0,0.0,0.0,0.0,0.0,0.0,0.0,0.0,0.125,0.0,0.0,0.0,0.0,0.0,3.8229166666666665,0.020833333333333332,2.0625,0.0,3.3229166666666665,0.5,0.4479166666666667,6.760416666666667,0.0,0.0,0.17708333333333334,0.0,0.0,0.020833333333333332,11.760416666666666,1.1458333333333333,0.0,0.40625,0.14583333333333334,0.0,0.53125,0.59375,0.0,0.041666666666666664,0.0
1886,71,4,0.41722745625841184,0.0901749663526245,0.5450874831763123,3.6756393001345895,0.0,0.0,0.0,0.10901749663526245,0.0,0.0,0.07671601615074024,0.0,0.039030955585464336,0.9784656796769852,0.32301480484522205,0.0,0.40511440107671604,0.13997308209959622,0.0,12.232839838492598,0.04576043068640646,2.0134589502018843,0.0,3.742934051144011,2.4441453566621805,0.43741588156123823,4.441453566621804,0.0,0.0,0.0740242261103634,0.0,0.0,2.1292059219380888,16.663526244952894,2.1211305518169583,0.0,0.02288021534320323,0.0,0.017496635262449527,0.37012113055181695,0.5168236877523553,0.0,0.05518169582772544,5.646029609690444
1888,844,4,0.5,0.05078125,2.015625,1.9453125,0.0,0.0,0.0,0.23046875,0.0,0.0859375,0.0,0.0,0.0,0.0546875,0.0,0.0,0.0,0.0,0.0,2.21875,0.0,1.4296875,0.0,2.68359375,0.3046875,0.375,6.36328125,0.0,0.0,0.0,0.0,0.0,0.0,11.03515625,1.17578125,0.0,0.6875,0.0,0.0,0.328125,0.33984375,0.0,0.04296875,0.0
1887,951,11,0.4135546334716459,0.08022130013831259,0.359612724757953,3.5297372060857537,0.0,0.0,0.0,0.0,0.0,0.0,0.015214384508990318,0.0,0.04426002766251729,0.2033195020746888,0.1950207468879668,0.0,0.0,0.0,0.0,12.159059474412171,0.0,1.8146611341632088,0.0,6.520055325034578,2.4177040110650068,0.04149377593360996,3.405255878284924,0.0,0.0,0.0,0.14246196403872752,0.0,0.0,15.763485477178424,2.2060857538035963,0.0,0.0,0.0,0.0,0.4190871369294606,0.5089903181189488,0.0,0.029045643153526972,0.03319502074688797
1885,797,4,0.34782608695652173,0.13043478260869565,1.3359683794466404,3.1897233201581026,0.0,0.14624505928853754,0.0,0.0,0.0,0.0,0.3438735177865613,0.0,0.0,1.1146245059288538,0.14624505928853754,0.0,0.3675889328063241,0.0,0.35968379446640314,23.383399209486164,0.16600790513833993,2.2529644268774702,0.0,1.592885375494071,0.6205533596837944,0.47035573122529645,7.691699604743083,0.0,0.0,0.25691699604743085,0.0,0.0,1.233201581027668,14.75889328063241,1.3557312252964426,0.0,0.09486166007905138,0.0,0.0,0.11857707509881422,0.4308300395256917,0.0,0.06719367588932806,2.241106719367589
1888,1066,5,0.4369747899159664,0.10084033613445378,0.6932773109243697,2.819327731092437,0.0,0.0,0.0,0.0,0.0,0.0,0.037815126050420166,0.0,0.0,0.18067226890756302,0.037815126050420166,0.0,0.0,0.0,0.10084033613445378,12.029411764705882,0.0,2.0210084033613445,0.0,6.4411764705882355,2.0,0.18067226890756302,2.9201680672268906,0.0,0.0,0.20588235294117646,0.0,0.0,0.01680672268907563,13.302521008403362,1.6428571428571428,0.0,0.453781512605042,0.0,0.02100840336134454,0.49159663865546216,0.46638655462184875,0.0,0.02100840336134454,0.0
1888,1883,4,0.39,0.06333333333333334,0.38,3.6033333333333335,0.0,0.0,0.0,0.09666666666666666,0.0,0.0,0.18,0.0,0.14666666666666667,0.9966666666666667,0.43666666666666665,0.0,0.0,0.0,0.0,5.946666666666666,0.0,1.6266666666666667,0.25666666666666665,5.273333333333333,3.73,0.21333333333333335,5.176666666666667,0.0,0.0,0.0,0.0,0.0,0.09666666666666666,19.833333333333332,2.5933333333333333,0.0,0.0,0.16666666666666666,0.0,0.51,0.49666666666666665,0.0,0.08666666666666667,0.15
1890,1447,11,0.5826446280991735,0.08264462809917356,1.024793388429752,2.549586776859504,0.0,0.0,0.0,0.04132231404958678,0.0,0.0,0.0,0.0,0.0,0.04132231404958678,0.02066115702479339,0.0,0.0,0.0,0.0,8.483471074380166,0.0,1.9917355371900827,0.0,4.578512396694215,0.6570247933884298,0.2190082644628099,5.132231404958677,0.0,0.0,0.0,0.13636363636363635,0.0,0.0,15.450413223140496,1.3099173553719008,0.0,0.0,0.02066115702479339,0.0,0.2396694214876033,0.4834710743801653,0.0,0.028925619834710745,0.0
1894,1984,4,0.3643410852713178,0.06589147286821706,0.32170542635658916,4.422480620155039,0.0,0.09689922480620156,0.0,0.5852713178294574,0.0,0.0,0.031007751937984496,0.0,0.03488372093023256,0.875968992248062,0.313953488372093,0.0,0.22093023255813954,0.37209302325581395,0.0,11.682170542635658,0.0,1.627906976744186,0.0,4.60077519379845,3.2364341085271318,0.27906976744186046,4.25968992248062,0.0,0.0,0.47674418604651164,0.0,0.0,1.449612403100775,21.790697674418606,2.3488372093023258,0.0,0.0,0.01937984496124031,0.0,0.8643410852713178,0.5465116279069767,0.0,0.046511627906976744,3.383720930232558
1887,494,4,0.6846229187071499,0.08521057786483839,0.30558276199804113,3.643486777668952,0.0,0.0,0.0,0.009794319294809012,0.0,0.0,0.0,0.0,0.0,0.01762977473065622,0.0,0.0,0.0,0.0,0.0,11.603330068560235,0.0,2.34769833496572,0.0,13.298726738491675,2.2801175318315376,0.21841332027424093,3.48873653281097,0.0,0.0,0.029382957884427033,0.21057786483839372,0.0,0.0,20.458374142997062,2.078354554358472,0.0,0.0,0.0,0.0,0.9441723800195886,0.5318315377081293,0.0,0.02840352595494613,0.0
1894,1028,4,0.39303482587064675,0.12935323383084577,0.12437810945273632,4.029850746268656,0.0,0.0,0.0,0.0,0.0,0.0,0.004975124378109453,0.0,0.0,0.07960199004975124,0.0,0.0,0.0,0.0,0.009950248756218905,12.288557213930348,0.0,1.945273631840796,0.0,6.134328358208955,1.756218905472637,0.0,2.970149253731343,0.0,0.0,0.0,0.01990049751243781,0.0,0.0,16.507462686567163,2.388059701492537,0.0,0.0,0.0,0.0,0.34328358208955223,0.4577114427860697,0.0,0.03482587064676617,0.0
1892,1611,4,0.3066255778120185,0.04776579352850539,0.810477657935285,2.2819722650231125,0.0,0.0,0.0,0.11248073959938366,0.0,0.0,0.0,0.0,0.0,0.20955315870570107,0.023112480739599383,0.0,0.0,0.0,0.0,4.052388289676426,0.009244992295839754,1.7765793528505394,0.0,2.2896764252696458,0.7565485362095532,0.17411402157164868,5.437596302003081,0.0,0.0,0.0,0.0,0.0,0.0,12.767334360554699,1.423728813559322,0.0,0.0,0.03697996918335902,0.0,0.11864406779661017,0.5069337442218799,0.0,0.02157164869029276,0.046224961479198766
1894,98,4,0.4552058111380145,0.09200968523002422,0.6004842615012107,2.6900726392251815,0.0,0.0,0.0,0.0,0.0,0.0,0.0,0.06295399515738499,0.0,0.048426150121065374,0.0,0.0,0.0,0.004842615012106538,0.009685230024213076,10.65133171912833,0.0,1.8087167070217918,0.0,5.910411622276029,1.639225181598063,0.18159806295399517,3.314769975786925,0.0,0.0,0.031476997578692496,0.0,0.0,0.0,15.803874092009686,1.513317191283293,0.0,0.0,0.0,0.0,0.39951573849878935,0.4745762711864407,0.37530266343825663,0.01937046004842615,6.087167070217918
1896,342,15,0.4896142433234421,0.08605341246290801,0.8931750741839762,1.8753709198813056,0.0,0.0,0.0,0.0,0.0,0.0,0.0,0.0,0.0,0.03560830860534125,0.0,0.0,0.0,0.0,0.0,12.8486646884273,0.0,1.3293768545994065,0.0,2.801186943620178,0.486646884272997,0.02373887240356083,6.008902077151335,0.0,0.0,0.0,0.0,0.0,0.0,8.160237388724036,0.7359050445103857,0.0,0.19287833827893175,0.12166172106824925,0.0,0.1394658753709199,0.3768545994065282,0.0,0.03560830860534125,0.0
1892,1674,4,0.5037220843672456,0.06575682382133995,0.369727047146402,2.9205955334987594,0.0,0.004962779156327543,0.0,0.3014888337468983,0.0,0.0,0.0,0.0,0.0,0.17866004962779156,0.019851116625310174,0.0,0.0,0.0,0.0,9.475186104218363,0.0,1.7704714640198511,0.0,6.068238213399503,1.6923076923076923,0.09057071960297766,3.413151364764268,0.0,0.0,0.00620347394540943,0.0,0.0,0.0,13.604218362282879,1.8436724565756824,0.0,0.0,0.04218362282878412,0.0,0.38213399503722084,0.43424317617866004,0.0,0.03598014888337469,0.0
1897,1219,11,0.6274509803921569,0.0700280112044818,0.6890756302521008,2.4705882352941178,0.0,0.0,0.0,0.0,0.0,0.0,0.0,0.0,0.0,0.014005602240896359,0.022408963585434174,0.0,0.0,0.0,0.0,5.15406162464986,0.0,1.8711484593837535,0.0,2.9607843137254903,0.6862745098039216,0.18487394957983194,5.266106442577031,0.0,0.15406162464985995,0.0,0.0,0.0,0.0,15.918767507002801,1.5630252100840336,0.0,0.09243697478991597,0.08123249299719888,0.0,0.08403361344537816,0.5098039215686274,0.0,0.11484593837535013,0.0
1892,1464,12,0.38202247191011235,0.10561797752808989,0.5955056179775281,3.4426966292134833,0.0,0.1550561797752809,0.0,0.0,0.0,0.0,0.0,0.0,0.0,1.3797752808988764,0.19101123595505617,0.0,0.0,0.0,0.0,6.051685393258427,0.024719101123595506,1.6382022471910112,0.0,3.1123595505617976,2.8831460674157303,0.7325842696629213,4.170786516853933,0.0,0.0,0.13707865168539327,0.0,0.0,3.4629213483146066,19.202247191011235,2.2831460674157302,0.0,0.10786516853932585,0.0,0.0,0.3146067415730337,0.4943820224719101,0.0,0.06292134831460675,1.0808988764044944
1896,1525,4,0.5625,0.075,0.11666666666666667,3.9791666666666665,0.0,0.025,0.0,0.375,0.0,0.0,0.0,0.0,0.0,0.38333333333333336,0.15833333333333333,0.0,0.08333333333333333,0.05416666666666667,0.0,10.8875,0.0,2.0833333333333335,0.0,17.7125,2.025,0.0,2.6333333333333333,0.0,0.0,0.16666666666666666,0.0,0.0,0.3625,19.4875,2.4583333333333335,0.0,0.0,0.0,0.0,1.275,0.5541666666666667,0.0,0.05,1.275
1895,39,4,0.40842787682333875,0.0713128038897893,0.413290113452188,3.1880064829821717,0.0,0.0,0.0,0.0,0.0,0.0,0.0,0.0,0.0,0.0,0.0,0.0,0.0,0.0,0.0,10.040518638573744,0.019448946515397084,2.0178282009724473,0.0,7.244732576985413,2.0081037277147487,0.24473257698541329,4.084278768233387,0.0,0.0,0.0,0.1280388978930308,0.0,0.0,17.042139384116695,2.0437601296596433,0.0,0.0,0.0,0.0,0.5607779578606159,0.5186385737439222,0.0,0.01620745542949757,0.0
1904,1137,4,0.4536082474226804,0.06701030927835051,0.46649484536082475,2.015463917525773,0.0,0.0,0.0,0.023195876288659795,0.0,0.0,0.0,0.0,0.0,0.21649484536082475,0.0,0.0,0.0,0.0,0.04381443298969072,7.471649484536083,0.0,2.0747422680412373,0.0,3.2628865979381443,0.6185567010309279,0.44072164948453607,6.414948453608248,0.0,0.0,0.0,0.0,0.0,0.0,8.177835051546392,0.6984536082474226,0.0,0.24742268041237114,0.0,0.0,0.12886597938144329,0.40463917525773196,0.0,0.023195876288659795,0.0
1893,661,4,0.36745138178096215,0.09109518935516889,0.6857727737973388,3.0716479017400204,0.0,0.0,0.0,0.021494370522006142,0.0,0.0,0.0,0.0,0.0,0.14431934493346982,0.032753326509723645,0.0,0.0,0.04503582395087001,0.0,12.426816786079836,0.022517911975435005,2.164790174002047,0.0,8.90992835209826,2.0,0.08597748208802457,3.4022517911975436,0.0,0.0,0.12384851586489252,0.0,0.0,0.0,15.842374616171956,1.924257932446264,0.0,0.06653019447287616,0.00511770726714432,0.0,0.7676560900716479,0.4923234390992835,0.0,0.03582395087001024,0.1187308085977482
1897,1775,4,0.37735849056603776,0.02830188679245283,1.028301886792453,1.9528301886792452,0.0,0.0,0.0,0.1320754716981132,0.0,0.0,0.009433962264150943,0.0,0.0,0.32075471698113206,0.0,0.0,0.0,0.0,0.0,2.3773584905660377,0.0,1.8773584905660377,0.0,1.971698113207547,0.5188679245283019,0.12264150943396226,6.179245283018868,0.0,0.0,0.0,0.0,0.0,0.0,11.849056603773585,1.2641509433962264,0.0,0.14150943396226415,0.0,0.0,0.009433962264150943,0.5094339622641509,0.0,0.009433962264150943,0.04716981132075472
1901,1376,4,0.54421768707483,0.07653061224489796,0.5918367346938775,3.488095238095238,0.0,0.0,0.0,0.0,0.0,0.0,0.0,0.0,0.0,0.0,0.0,0.0,0.0,0.0,0.0,8.149659863945578,0.015306122448979591,1.9540816326530612,0.0,8.045918367346939,1.5034013605442176,0.04591836734693878,6.408163265306122,0.0,0.25510204081632654,0.33503401360544216,0.0,0.0,0.0,21.46938775510204,2.246598639455782,0.0,0.37244897959183676,0.0,0.0,0.4642857142857143,0.5187074829931972,0.0,0.02040816326530612,0.0
1910,1485,4,0.479108635097493,0.08495821727019498,0.6016713091922006,2.8259052924791086,0.0,0.02924791086350975,0.0,0.27715877437325903,0.0,0.0,0.0,0.0,0.0,0.1796657381615599,0.036211699164345405,0.0,0.0,0.0,0.0,11.700557103064067,0.03899721448467967,1.6559888579387188,0.0,9.05849582172702,1.3245125348189415,0.28133704735376047,5.676880222841226,0.0,0.5362116991643454,0.4220055710306407,0.0,0.0,0.0,14.520891364902507,1.5125348189415042,0.0,0.39415041782729804,0.034818941504178275,0.0,0.596100278551532,0.5097493036211699,0.0,0.016713091922005572,0.0
1893,141,4,0.4613953488372093,0.07627906976744186,0.27069767441860465,3.1962790697674417,0.0,0.0,0.0,0.0009302325581395349,0.0,0.0,0.035348837209302326,0.0,0.0,0.1516279069767442,0.10046511627906977,0.0,0.0,0.013023255813953489,0.04372093023255814,12.466976744186047,0.0,2.335813953488372,0.0,12.084651162790697,2.1116279069767443,0.035348837209302326,3.003720930232558,0.0,0.0,0.41674418604651164,0.13953488372093023,0.0,0.0,16.74046511627907,1.9209302325581394,0.0,0.021395348837209303,0.0,0.0,0.746046511627907,0.533953488372093,0.0,0.03813953488372093,0.12558139534883722
1908,489,4,0.49230769230769234,0.07692307692307693,0.5384615384615384,2.4,0.0,0.0,0.0,0.046153846153846156,0.0,0.0,0.0,0.0,0.0,0.0,0.0,0.0,0.0,0.0,0.0,3.0307692307692307,0.0,1.6615384615384616,0.0,3.3384615384615386,1.1692307692307693,0.18461538461538463,5.138461538461539,0.0,0.0,0.0,0.0,0.0,0.0,10.523076923076923,1.5076923076923077,0.0,0.0,0.0,0.0,0.12307692307692308,0.5230769230769231,0.0,0.015384615384615385,0.0
1902,1053,15,0.46563904945407836,0.0783558124598587,0.09441233140655106,3.4161849710982657,0.0,0.0,0.0,0.0012845215157353885,0.0,0.0,0.002569043031470777,0.0,0.0,0.020552344251766216,0.0,0.0,0.0,0.0,0.016698779704560053,11.159922928709056,0.0,1.6133590237636481,0.0,6.358381502890174,1.5786769428387926,0.00899165061014772,1.8509955041746948,0.0,0.0,0.0,0.035324341682723186,0.0,0.0,14.634553628773283,2.125883108542068,0.0,0.0,0.029543994861913937,0.0,0.40976236351958895,0.41490044958253053,0.0,0.03147077713551702,0.0
1894,1501,4,0.31868131868131866,0.05860805860805861,0.39377289377289376,3.142857142857143,0.0,0.0,0.0,0.7051282051282052,0.0,0.0,0.003663003663003663,0.0,0.018315018315018316,0.9322344322344323,0.2564102564102564,0.0,0.0,0.0,0.0,8.699633699633699,0.04212454212454213,1.847985347985348,0.0,4.3003663003663,1.8553113553113554,0.11904761904761904,4.677655677655678,0.0,0.0,0.0,0.0,0.0,0.0,16.50915750915751,2.001831501831502,0.0,0.0,0.06227106227106227,0.0,0.8076923076923077,0.489010989010989,0.0,0.04395604395604396,4.3791208791208796
1897,1716,5,0.41509433962264153,0.0660377358490566,0.330188679245283,4.0754716981132075,0.0,0.0,0.0,0.0,0.0,0.0,0.0,0.0,0.0,0.0,0.0,0.0,0.0,0.0,0.0,10.31132075471698,0.0,1.528301886792453,0.0,8.622641509433961,2.3207547169811322,0.0,3.3679245283018866,0.0,0.0,0.0,0.0,0.0,0.0,18.37735849056604,2.207547169811321,0.0,0.0,0.0,0.0,0.5094339622641509,0.39622641509433965,0.0,0.018867924528301886,0.0
1907,1740,5,0.5026455026455027,0.09788359788359788,0.6666666666666666,4.349206349206349,0.0,0.0,0.0,0.023809523809523808,0.0,0.0,0.2804232804232804,0.0,0.0,0.8201058201058201,0.4947089947089947,0.0,0.0,0.0,0.0,7.970899470899471,0.023809523809523808,1.9074074074074074,0.10846560846560846,8.275132275132275,3.671957671957672,0.1693121693121693,5.148148148148148,0.0,0.0,0.4947089947089947,0.0,0.0,0.0,26.005291005291006,2.642857142857143,0.0,0.43915343915343913,0.05555555555555555,0.0,0.6111111111111112,0.6375661375661376,0.0,0.03968253968253968,2.060846560846561
1898,1854,4,2.0632911392405062,0.162748643761302,0.8896925858951176,3.759493670886076,0.0,0.0,0.0,0.4321880650994575,0.0,0.0,0.2206148282097649,0.0,0.07775768535262206,0.976491862567812,0.36528028933092227,0.0,0.0,0.0,0.0,8.439421338155515,0.02531645569620253,17.289330922242314,0.09584086799276673,6.623869801084991,2.9168173598553344,0.3562386980108499,7.6907775768535265,0.0,0.0,0.23869801084990958,0.0,0.0,0.003616636528028933,21.45750452079566,2.054249547920434,0.0,0.18625678119349007,0.034358047016274866,0.0,0.4538878842676311,0.810126582278481,0.0,1.6690777576853526,5.954792043399638
1909,124,4,0.7911227154046997,0.06266318537859007,0.3838120104438642,3.2375979112271542,0.0,0.0,0.0,0.0,0.0,0.0,0.0,0.0,0.0,0.0,0.0,0.0,0.0,0.0,0.0,10.736292428198434,0.020887728459530026,2.6109660574412534,0.0,11.370757180156659,1.5953002610966058,0.13838120104438642,4.383812010443864,0.0,0.0,0.10704960835509138,0.0,0.0,0.0,18.007832898172325,1.8929503916449086,0.0,0.07049608355091384,0.005221932114882507,0.0,0.8746736292428199,0.6214099216710183,0.0,0.12532637075718014,0.0
1905,807,4,0.44675324675324674,0.06623376623376623,0.5792207792207792,2.222077922077922,0.0,0.0,0.0,0.023376623376623377,0.0,0.0,0.0,0.0,0.0,0.13896103896103895,0.0025974025974025974,0.0,0.0,0.0,0.0,10.307792207792208,0.0,1.3584415584415583,0.0,5.297402597402598,1.161038961038961,0.04935064935064935,5.083116883116883,0.0,0.0,0.19350649350649352,0.033766233766233764,0.0,0.0,10.018181818181818,1.2272727272727273,0.0,0.24805194805194805,0.053246753246753244,0.0,0.35844155844155845,0.38831168831168833,0.0,0.025974025974025976,0.0
1904,1634,12,0.4800420168067227,0.07142857142857142,0.4884453781512605,2.8350840336134455,0.0,0.0,0.0,0.0,0.0,0.0,0.0021008403361344537,0.0,0.0,0.0031512605042016808,0.0,0.0,0.0,0.0,0.0010504201680672268,10.711134453781513,0.0063025210084033615,1.9359243697478992,0.0,8.641806722689076,1.2794117647058822,0.0934873949579832,4.182773109243698,0.0,0.0,0.04831932773109244,0.0,0.0,0.0,13.641806722689076,1.7426470588235294,0.0,0.038865546218487396,0.0,0.0,0.5126050420168067,0.4789915966386555,0.0,0.02100840336134454,0.0
1899,193,4,0.42735042735042733,0.06623931623931624,0.3547008547008547,3.049145299145299,0.0,0.021367521367521368,0.0,0.4166666666666667,0.0,0.0,0.0,0.0,0.0,0.7008547008547008,0.0811965811965812,0.0,0.1047008547008547,0.16025641025641027,0.0,10.493589743589743,0.008547008547008548,1.8504273504273505,0.0,2.5427350427350426,1.1452991452991452,0.4337606837606838,4.561965811965812,0.0,0.0,0.057692307692307696,0.0,0.0,0.0,16.77991452991453,1.5042735042735043,0.0,0.3696581196581197,0.0,0.0,0.6474358974358975,0.4551282051282051,0.0,0.042735042735042736,0.905982905982906
1911,606,4,0.4822888283378747,0.05722070844686648,0.5122615803814714,1.8174386920980927,0.0,0.0,0.0,0.0,0.0,0.0,0.0,0.0,0.0,0.0,0.0,0.0,0.0,0.0,0.0,4.1035422343324255,0.0,1.2534059945504088,0.0,2.9536784741144415,0.6975476839237057,0.1307901907356948,5.8119891008174385,0.0,0.0,0.0,0.0,0.0,0.0,9.528610354223433,1.0572207084468666,0.0,0.0,0.08174386920980926,0.0,0.0,0.3651226158038147,0.0,0.027247956403269755,0.0
1903,736,12,0.4446494464944649,0.06918819188191883,0.2915129151291513,2.831180811808118,0.0,0.0,0.0,0.005535055350553505,0.0,0.0,0.006457564575645757,0.0,0.0,0.05627306273062731,0.017527675276752766,0.0,0.0,0.0009225092250922509,0.02859778597785978,11.953874538745387,0.0,2.052583025830258,0.0,6.456642066420664,1.3976014760147601,0.1688191881918819,2.831180811808118,0.0,0.0,0.006457564575645757,0.0,0.0,0.0,12.886531365313653,1.6909594095940959,0.0,0.0,0.015682656826568265,0.0,0.4022140221402214,0.46494464944649444,0.0,0.026752767527675275,0.0
1910,1112,4,0.4117647058823529,0.07983193277310924,0.15966386554621848,2.834733893557423,0.0,0.06442577030812324,0.0,0.6302521008403361,0.0,0.0,0.023809523809523808,0.0,0.0,0.7072829131652661,0.22408963585434175,0.0,0.0,0.12464985994397759,0.06022408963585434,12.452380952380953,0.0014005602240896359,2.0028011204481793,0.0,5.326330532212885,1.9635854341736694,0.35154061624649857,3.327731092436975,0.0,0.0,0.0,0.0,0.0,0.0,13.595238095238095,1.526610644257703,0.0,0.0,0.012605042016806723,0.0,0.8543417366946778,0.40756302521008403,0.0,0.04341736694677871,4.025210084033613
1904,169,4,0.35496688741721855,0.07152317880794702,0.6582781456953642,3.067549668874172,0.0,0.0,0.0,0.0,0.0,0.0,0.0,0.0,0.0,0.038410596026490065,0.0,0.0,0.0,0.0,0.0,10.45430463576159,0.0,1.7735099337748343,0.0,11.251655629139073,2.166887417218543,0.07682119205298013,2.9880794701986755,0.0,0.0,0.14701986754966886,0.0,0.0,0.0,16.72317880794702,2.0264900662251657,0.0,0.059602649006622516,0.011920529801324504,0.0,0.8119205298013245,0.5125827814569537,0.0,0.018543046357615896,0.013245033112582781
1907,318,4,0.45169082125603865,0.05555555555555555,0.4613526570048309,2.6594202898550723,0.0,0.0,0.0,0.09178743961352658,0.0,0.0,0.0,0.0,0.0,0.07004830917874397,0.0024154589371980675,0.0,0.0,0.016908212560386472,0.0,8.939613526570048,0.0,1.7971014492753623,0.0,5.14975845410628,1.7246376811594204,0.04106280193236715,4.903381642512077,0.0,0.0,0.0,0.007246376811594203,0.0,0.0,11.63768115942029,1.5603864734299517,0.0,0.14251207729468598,0.23429951690821257,0.0,0.3888888888888889,0.3864734299516908,0.0,0.01932367149758454,0.47342995169082125
1903,372,12,0.58298755186722,0.058091286307053944,0.3775933609958506,2.504149377593361,0.0,0.0,0.0,0.18464730290456433,0.0,0.0,0.0,0.0,0.0,0.1950207468879668,0.035269709543568464,0.0,0.0,0.002074688796680498,0.0,8.609958506224066,0.0,3.232365145228216,0.0,5.20746887966805,1.5560165975103735,0.05394190871369295,4.898340248962656,0.0,0.0,0.26141078838174275,0.0,0.0,0.0,11.703319502074688,1.462655601659751,0.0,0.002074688796680498,0.0,0.0,0.43568464730290457,0.42946058091286304,0.0,0.14522821576763487,0.08713692946058091
1897,670,4,0.49206349206349204,0.05668934240362812,0.46485260770975056,2.0997732426303855,0.0,0.08163265306122448,0.0,1.1360544217687074,0.0,0.0,0.11791383219954649,0.0,0.06349206349206349,0.81859410430839,0.3129251700680272,0.0,0.0,0.0045351473922902496,0.0,6.843537414965986,0.03854875283446712,1.927437641723356,0.0,3.9863945578231292,1.0158730158730158,1.0657596371882085,7.5600907029478455,0.0,0.0,0.0,0.0,0.0,0.0,10.702947845804989,1.256235827664399,0.0,0.011337868480725623,0.08163265306122448,0.0,0.3854875283446712,0.4421768707482993,0.0,0.049886621315192746,0.031746031746031744
1898,1425,4,0.3076923076923077,0.038461538461538464,1.4871794871794872,2.2564102564102564,0.0,0.0,0.0,0.44871794871794873,0.0,0.0,0.0,0.0,0.0,0.38461538461538464,0.038461538461538464,0.0,0.0,0.0,0.0,2.7051282051282053,0.0,1.935897435897436,0.0,2.269230769230769,0.5,0.24358974358974358,5.17948717948718,0.0,0.0,0.0,0.0,0.0,0.0,12.256410256410257,1.1538461538461537,0.0,0.358974358974359,0.0,0.0,0.358974358974359,0.5769230769230769,0.0,0.05128205128205128,0.5512820512820513
1906,1662,4,0.37267080745341613,0.08074534161490683,1.3354037267080745,2.7267080745341614,0.0,0.0,0.0,0.13043478260869565,0.0,0.0,0.055900621118012424,0.0,0.049689440993788817,0.4409937888198758,0.13664596273291926,0.0,0.18633540372670807,0.14906832298136646,0.0,6.161490683229814,0.0,2.577639751552795,0.0,3.0434782608695654,0.8198757763975155,0.5341614906832298,9.285714285714286,0.0,0.0,0.018633540372670808,0.0,0.0,0.0,15.20496894409938,1.4658385093167703,0.0,0.0,0.0,0.0,0.37888198757763975,0.515527950310559,0.0,0.055900621118012424,1.453416149068323
1904,2009,4,0.6862244897959183,0.07397959183673469,1.2142857142857142,2.3341836734693877,0.0,0.0,0.0,0.012755102040816327,0.0,0.0,0.0,0.0,0.0,0.0,0.0,0.0,0.0,0.0,0.0,3.7244897959183674,0.002551020408163265,1.9464285714285714,0.0,2.2729591836734695,0.7704081632653061,0.08928571428571429,6.553571428571429,0.0,0.0,0.02806122448979592,0.0,0.0,0.0,15.59438775510204,1.4209183673469388,0.0,0.32142857142857145,0.05612244897959184,0.0,0.0,0.461734693877551,0.0,0.13520408163265307,0.3979591836734694
1900,83,4,0.615909090909091,0.10454545454545454,0.22272727272727272,3.5681818181818183,0.0,0.0,0.0,0.0,0.0,0.0,0.0,0.0,0.0,0.0,0.0,0.0,0.0,0.0,0.0,11.331818181818182,0.0,2.881818181818182,0.0,5.85,1.3,0.25681818181818183,2.809090909090909,0.0,0.0,0.0,0.0,0.0,0.0,20.66590909090909,2.065909090909091,0.0,0.0,0.0,0.0,0.4659090909090909,0.5136363636363637,0.0,0.015909090909090907,0.0
1905,418,6,0.44921875,0.07421875,0.77734375,1.73828125,0.0,0.0,0.0,0.0,0.0,0.0,0.0,0.0,0.0,0.0,0.0,0.0,0.0,0.0,0.0,9.37890625,0.0,1.0703125,0.0,4.015625,0.73046875,0.18359375,7.23828125,0.0,0.0,0.0,0.0,0.0,0.0,9.2890625,1.05859375,0.0,0.125,0.0078125,0.0,0.2109375,0.4765625,0.0,0.03125,0.0
1899,568,4,0.6626794258373205,0.05502392344497608,0.6770334928229665,3.909090909090909,0.0,0.0,0.0,0.5789473684210527,0.0,0.0,0.5741626794258373,0.0,0.2703349282296651,1.2488038277511961,0.5454545454545454,0.0,0.0,0.0,0.0,12.808612440191387,0.0,1.7679425837320575,0.0,8.775119617224881,3.4473684210526314,0.07894736842105263,5.880382775119617,0.0,0.0,0.0,0.0,0.0,0.0,15.69377990430622,2.0334928229665072,0.0,0.11961722488038277,0.24401913875598086,0.6555023923444976,0.5263157894736842,0.44258373205741625,0.0,0.12200956937799043,4.626794258373206
1910,1087,4,0.38823529411764707,0.058823529411764705,0.2,2.235294117647059,0.0,0.0,0.0,0.0,0.0,0.0,0.0,0.0,0.0,0.0,0.0,0.0,0.0,0.0,0.0,3.7529411764705882,0.0,1.7176470588235293,0.0,2.9411764705882355,0.6588235294117647,0.21176470588235294,3.211764705882353,0.0,0.0,0.2235294117647059,0.0,0.0,0.0,10.564705882352941,1.223529411764706,0.0,0.10588235294117647,0.23529411764705882,0.0,0.011764705882352941,0.5647058823529412,0.0,0.047058823529411764,0.0
1902,1183,4,0.3381468110709988,0.06859205776173286,0.2539109506618532,3.3080625752105894,0.0,0.0,0.0,0.0,0.0,0.0,0.0,0.0,0.0,0.07581227436823104,0.0048134777376654635,0.0,0.0,0.0024067388688327317,0.0,10.980746089049338,0.0,1.7930204572803852,0.0,8.154031287605294,1.878459687123947,0.1588447653429603,2.5812274368231045,0.0,0.0,0.0,0.15282791817087846,0.0,0.20818291215403129,16.653429602888085,2.055354993983153,0.0,0.0,0.0,0.0,0.8279181708784596,0.5451263537906137,0.0,0.039711191335740074,0.0
1915,1697,4,0.35294117647058826,0.06666666666666667,0.4196078431372549,1.7411764705882353,0.0,0.21568627450980393,0.0,0.20392156862745098,0.0,0.0,0.0,0.0,0.0,0.16862745098039217,0.07058823529411765,0.0,0.0,0.027450980392156862,0.0,4.96078431372549,0.027450980392156862,1.7333333333333334,0.0,1.415686274509804,0.20784313725490197,0.13725490196078433,4.807843137254902,0.0,0.0,0.08627450980392157,0.0,0.0,0.0,10.8,0.6980392156862745,0.0,0.0,0.2549019607843137,0.0,0.023529411764705882,0.47843137254901963,3.850980392156863,0.023529411764705882,5.596078431372549
1903,1754,4,0.45479082321187586,0.07692307692307693,0.24696356275303644,2.7935222672064777,0.0,0.0,0.0,0.0,0.0,0.0,0.014844804318488529,0.0,0.0,0.11201079622132254,0.08097165991902834,0.0,0.0,0.0,0.0,11.576248313090419,0.0,2.164642375168691,0.0,7.539811066126855,1.0269905533063428,0.02564102564102564,3.9554655870445345,0.0,0.0,0.3427800269905533,0.0,0.0,0.0,15.794871794871796,1.4831309041835357,0.0,0.06882591093117409,0.024291497975708502,0.0,0.45479082321187586,0.5344129554655871,0.0,0.022941970310391364,0.0
1910,222,4,0.5866141732283464,0.07480314960629922,0.6968503937007874,3.2874015748031495,0.0,0.0,0.0,0.011811023622047244,0.0,0.0,0.01968503937007874,0.0,0.0,0.09448818897637795,0.007874015748031496,0.0,0.0,0.0,0.0,10.224409448818898,0.0,1.8937007874015748,0.0,7.570866141732283,1.5196850393700787,0.06299212598425197,4.5078740157480315,0.0,0.0,0.2755905511811024,0.0,0.0,0.0,20.405511811023622,2.1850393700787403,0.0,0.2952755905511811,0.0,0.0,0.5,0.531496062992126,0.0,0.01968503937007874,0.08661417322834646
1901,992,15,0.49720044792833146,0.06382978723404255,1.1634938409854423,2.4669652855543114,0.0,0.0,0.0,0.010078387458006719,0.0,0.0,0.0,0.0,0.0,0.20492721164613661,0.0,0.0,0.0,0.0,0.0,10.422172452407615,0.0,1.6405375139977603,0.0,3.8868980963045914,1.3997760358342666,0.2765957446808511,8.558790593505039,0.0,0.0,0.026875699888017916,0.0671892497200448,0.0,0.0,11.31578947368421,1.3561030235162375,0.0,0.43784994400895855,0.0,0.0,0.1690929451287794,0.3964165733482643,0.0,0.03807390817469205,0.0
1904,1875,4,0.3864734299516908,0.0821256038647343,0.9903381642512077,1.8357487922705313,0.0,0.0,0.0,0.3719806763285024,0.0,0.0,0.0,0.0,0.0,0.30917874396135264,0.0,0.0,0.0,0.0,0.0,7.314009661835748,0.0966183574879227,1.7536231884057971,0.0,3.502415458937198,0.024154589371980676,0.6231884057971014,6.51207729468599,0.0,0.0,0.2028985507246377,0.0,0.0,0.0,11.072463768115941,0.8115942028985508,0.0,0.357487922705314,0.0,0.0,0.32367149758454106,0.5024154589371981,0.0,0.03864734299516908,1.502415458937198
1902,950,11,0.5238095238095238,0.08333333333333333,0.5436507936507936,2.7738095238095237,0.0,0.0,0.0,0.015873015873015872,0.0,0.0,0.0,0.0,0.0,0.027777777777777776,0.007936507936507936,0.0,0.0,0.0,0.0,8.103174603174603,0.0,2.1626984126984126,0.0,6.718253968253968,1.0833333333333333,0.18253968253968253,3.996031746031746,0.0,0.0,0.0,0.09523809523809523,0.0,0.0,17.0,1.7063492063492063,0.0,0.0,0.003968253968253968,0.0,0.4365079365079365,0.5079365079365079,0.0,0.01984126984126984,0.0
1908,630,7,0.39039039039039036,0.08708708708708708,1.0840840840840842,2.285285285285285,0.0,0.07207207207207207,0.0,0.0,0.0,0.0,0.08108108108108109,0.0,0.0,1.1981981981981982,0.24624624624624625,0.0,0.2072072072072072,0.0,0.05105105105105105,9.81981981981982,0.03903903903903904,2.0,0.0,4.003003003003003,0.7027027027027027,0.26426426426426425,6.18018018018018,0.0,0.0,0.24024024024024024,0.0,0.0,2.3813813813813813,12.3993993993994,1.1711711711711712,0.0,0.09009009009009009,0.0,0.0,0.38738738738738737,0.4954954954954955,0.0,0.06306306306306306,0.9819819819819819
1909,1568,4,0.39,0.09,0.8633333333333333,2.8066666666666666,0.0,0.0,0.0,0.013333333333333334,0.0,0.0,0.16333333333333333,0.0,0.0,0.61,0.24333333333333335,0.0,0.0,0.0033333333333333335,0.4766666666666667,13.476666666666667,0.0,1.6366666666666667,0.0,5.933333333333334,1.47,0.3,4.253333333333333,0.0,0.0,0.19333333333333333,0.0,0.0,0.0,11.556666666666667,1.26,0.0,0.17333333333333334,0.02666666666666667,0.17666666666666667,0.3566666666666667,0.4033333333333333,0.0,0.056666666666666664,3.18
1906,521,7,0.4020979020979021,0.06468531468531469,0.3968531468531469,3.055944055944056,0.0,0.0,0.0,0.04195804195804196,0.0,0.0,0.02972027972027972,0.0,0.0,0.11538461538461539,0.012237762237762238,0.0,0.0,0.0,0.13286713286713286,9.195804195804195,0.0,2.335664335664336,0.0,5.368881118881119,1.7185314685314685,0.006993006993006993,3.7185314685314683,0.0,0.0,0.04020979020979021,0.0,0.0,0.0,17.552447552447553,1.9545454545454546,0.0,0.033216783216783216,0.02097902097902098,0.008741258741258742,0.36363636363636365,0.5104895104895105,0.0,0.022727272727272728,0.0
1911,1411,12,0.38461538461538464,0.07239819004524888,0.43891402714932126,3.7782805429864252,0.0,0.0,0.0,0.23076923076923078,0.0,0.0,0.2669683257918552,0.0,0.0,1.1493212669683257,0.07239819004524888,0.0,0.0,0.0,1.0316742081447965,4.009049773755656,0.0,1.5294117647058822,0.0,3.2805429864253393,2.0995475113122173,0.08597285067873303,5.1900452488687785,0.0,0.0,0.0,0.0,0.0,0.0,16.84162895927602,2.330316742081448,0.0,0.0,0.0,0.0,0.22624434389140272,0.42081447963800905,0.0,0.049773755656108594,0.0
1909,851,4,0.44,0.07846153846153846,0.45384615384615384,3.7984615384615386,0.0,0.0,0.0,0.2953846153846154,0.0,0.0,0.0015384615384615385,0.0,0.0,0.6646153846153846,0.06,0.0,0.006153846153846154,0.6661538461538462,0.0,10.043076923076923,0.0,2.68,0.0,4.969230769230769,2.829230769230769,0.2630769230769231,4.58,0.0,0.0,0.012307692307692308,0.0,0.0,0.0,18.681538461538462,2.0276923076923077,0.0,0.0,0.0,0.0,0.47846153846153844,0.49230769230769234,0.0,0.046153846153846156,2.076923076923077
1912,1203,4,0.37390029325513197,0.0718475073313783,0.5527859237536656,2.8240469208211145,0.0,0.0,0.0,0.0,0.0,0.0,0.0,0.0,0.0,0.0,0.0,0.0,0.0,0.0,0.0,9.868035190615835,0.02932551319648094,1.9105571847507332,0.0,4.866568914956011,1.3387096774193548,0.0689149560117302,4.036656891495602,0.0,0.0,0.0,0.0,0.0,0.0,13.353372434017595,1.653958944281525,0.0,0.03812316715542522,0.0,0.0,0.25219941348973607,0.4090909090909091,0.0,0.021994134897360705,0.0
1910,1437,6,0.45571955719557194,0.06642066420664207,0.8966789667896679,2.6051660516605164,0.0,0.0,0.0,0.0,0.0,0.0,0.0,0.0,0.0,0.01845018450184502,0.0,0.0,0.0,0.0,0.01845018450184502,9.835793357933579,0.02029520295202952,1.8007380073800738,0.0,8.47970479704797,1.3597785977859778,0.16420664206642066,4.966789667896679,0.0,0.0,0.3800738007380074,0.0,0.0,0.0,14.717712177121772,1.6457564575645756,0.0,0.3634686346863469,0.05350553505535055,0.0,0.6346863468634686,0.474169741697417,1.4391143911439115,0.027675276752767528,6.254612546125461
1907,1455,11,0.39935064935064934,0.10064935064935066,0.8084415584415584,3.470779220779221,0.0,0.0,0.0,0.18506493506493507,0.0,0.0,0.4253246753246753,0.0,0.39285714285714285,1.3733766233766234,0.6201298701298701,0.0,0.0,0.003246753246753247,0.0,9.487012987012987,0.0,1.9253246753246753,0.0,5.555194805194805,2.051948051948052,0.31493506493506496,6.542207792207792,0.0,0.0,0.1396103896103896,0.0,0.38961038961038963,0.0,17.48701298701299,1.7532467532467533,0.0,0.09090909090909091,0.0,0.0,0.4383116883116883,0.5876623376623377,0.0,0.07467532467532467,7.701298701298701
1922,1967,4,0.4963235294117647,0.08455882352941177,0.41544117647058826,3.3345588235294117,0.0,0.022058823529411766,0.0,0.17647058823529413,0.0,0.0,0.13970588235294118,0.0,0.1213235294117647,0.6213235294117647,0.22058823529411764,0.0,0.03676470588235294,0.04779411764705882,0.0,9.602941176470589,0.0,2.0919117647058822,0.0,17.91176470588235,2.8676470588235294,0.21323529411764705,4.841911764705882,0.0,0.0,0.08455882352941177,0.0,0.0625,0.4007352941176471,18.09926470588235,2.139705882352941,0.0,0.0,0.0,0.0,1.3860294117647058,0.4963235294117647,0.0,0.025735294117647058,0.5845588235294118
1922,82,4,0.5452755905511811,0.0797244094488189,0.34448818897637795,2.701771653543307,0.0,0.0,0.0,0.002952755905511811,0.0,0.0,0.0,0.0,0.0,0.02952755905511811,0.0,0.0,0.0,0.0,0.0,8.315944881889763,0.0,2.845472440944882,0.0,7.199803149606299,1.1801181102362204,0.17224409448818898,5.041338582677166,0.0,0.0,0.058070866141732284,0.0,0.0,0.0,15.478346456692913,1.436023622047244,0.0,0.028543307086614175,0.0,0.0,0.4862204724409449,0.5059055118110236,0.0,0.03543307086614173,0.004921259842519685
1921,400,15,0.45075421472937,0.08695652173913043,0.551907719609583,2.7559893522626444,0.0,0.0,0.0,0.008873114463176575,0.0,0.0,0.0,0.0,0.0,0.009760425909494233,0.0,0.0,0.0,0.0,0.0,12.587400177462289,0.0,1.4356699201419698,0.0,7.762200532386868,1.7231588287488908,0.07808340727595386,5.541259982253771,0.0,0.0,0.0,0.01685891748003549,0.0,0.0,11.176574977817214,1.4880212954747116,0.0,0.10115350488021295,0.03194321206743567,0.0,0.5527950310559007,0.4090505767524401,0.0,0.03194321206743567,0.022182786157941437
1915,779,4,0.41657207718501704,0.07945516458569807,0.2939841089670829,3.2667423382519862,0.0,0.0,0.0,0.2905788876276958,0.0,0.0,0.0340522133938706,0.0,0.0011350737797956867,0.2292849035187287,0.08967082860385925,0.0,0.0,0.04540295119182747,0.0,11.295119182746879,0.0,2.18955732122588,0.0,7.730987514188422,2.1101021566401816,0.13847900113507378,4.757094211123723,0.0,0.0,0.0,0.0,0.0,0.0,13.961407491486947,1.9977298524404086,0.0,0.02383654937570942,0.018161180476730987,0.02043132803632236,0.5777525539160046,0.4108967082860386,0.0,0.04767309875141884,0.7275822928490352
1906,1247,7,0.4355495251017639,0.06377204884667571,0.42198100407055633,2.5793758480325644,0.0,0.0,0.0,0.1791044776119403,0.0,0.0,0.014925373134328358,0.0,0.0,0.11940298507462686,0.012211668928086838,0.0,0.0,0.0,0.0,6.967435549525102,0.06784260515603799,1.841248303934871,0.0,3.5033921302578017,1.2116689280868385,0.22523744911804613,3.8141112618724557,0.0,0.0,0.054274084124830396,0.0,0.0,0.0,12.523744911804613,1.5169606512890095,0.0,0.037991858887381276,0.012211668928086838,0.0,0.2130257801899593,0.43283582089552236,0.0,0.0203527815468114,0.0
1909,1507,4,0.39555555555555555,0.08888888888888889,0.38222222222222224,4.093333333333334,0.0,0.0,0.0,0.0,0.0,0.0,0.47555555555555556,0.0,0.0,0.7866666666666666,0.24,0.0,0.0,0.0,1.12,14.262222222222222,0.0,2.048888888888889,0.0,11.826666666666666,2.688888888888889,0.4088888888888889,5.955555555555556,0.0,0.0,0.0,0.0,0.0,0.0,19.333333333333332,2.013333333333333,0.0,0.0,0.0,0.0,0.6977777777777778,0.5511111111111111,0.0,0.04888888888888889,2.577777777777778
1927,267,15,0.38565022421524664,0.08968609865470852,0.8654708520179372,2.7937219730941703,0.0,0.0,0.0,0.0,0.0,0.0,0.0,0.0,0.0,0.0,0.0,0.0,0.0,0.0,0.0,11.26457399103139,0.0,1.4394618834080717,0.0,5.103139013452915,1.3856502242152466,0.25112107623318386,4.20627802690583,0.0,0.0,0.09865470852017937,0.08968609865470852,0.0,0.0,14.448430493273543,1.4080717488789238,0.0,0.017937219730941704,0.03139013452914798,0.0,0.2645739910313901,0.45739910313901344,0.0,0.03139013452914798,0.0
1912,285,12,1.0815173527037933,0.053268765133171914,0.38256658595641646,2.358353510895884,0.0,0.0,0.0,0.42292171105730425,0.0,0.0,0.01694915254237288,0.0,0.0,0.4487489911218725,0.12590799031476999,0.0,0.0,0.04035512510088781,0.03631961259079903,7.375302663438257,0.0,4.703793381759484,0.0,6.045197740112994,1.6432606941081518,0.1880548829701372,5.372881355932203,0.0,0.0,0.0,0.0,0.004035512510088781,0.0,10.922518159806295,1.3204196933010492,0.0,0.0,0.03228410008071025,0.0,0.8240516545601292,0.45117029862792574,0.0,0.23405972558514931,0.6908797417271993
1913,968,11,0.4852216748768473,0.06157635467980296,0.12561576354679804,2.0935960591133007,0.0,0.0,0.0,0.35714285714285715,0.0,0.0,0.05665024630541872,0.0,0.0,0.458128078817734,0.07142857142857142,0.0,0.0,0.0665024630541872,0.0,7.995073891625616,0.0,8.073891625615763,0.0,4.891625615763547,1.1970443349753694,0.11330049261083744,4.773399014778325,0.0,0.0,0.0,0.0,0.0,0.0,10.82512315270936,1.2955665024630543,0.0,0.0,0.09852216748768473,0.0,0.8448275862068966,0.4753694581280788,0.0,0.059113300492610835,1.5738916256157636
1911,1614,4,0.31419939577039274,0.08761329305135952,0.9546827794561934,3.3987915407854983,0.0,0.229607250755287,0.0,0.04229607250755287,0.0,0.0,0.0,0.0,0.0,1.2658610271903323,0.2809667673716012,0.0,0.0,0.0,0.0,5.619335347432024,0.0,1.5649546827794563,0.0,1.7885196374622356,2.0453172205438066,0.41389728096676737,5.658610271903323,0.0,0.0,0.26586102719033233,0.0,0.0,2.012084592145015,16.47129909365559,2.0211480362537766,0.0,0.32628398791540786,0.0,0.0,0.3081570996978852,0.525679758308157,0.0,0.06646525679758308,1.0876132930513596
1913,1887,4,0.4540059347181009,0.08605341246290801,0.4391691394658754,2.7329376854599405,0.0,0.0,0.0,0.0,0.0,0.0,0.0,0.0,0.0,0.008902077151335312,0.0,0.0,0.0,0.0,0.0,10.228486646884273,0.0,1.8753709198813056,0.0,5.596439169139466,1.3026706231454006,0.21364985163204747,5.231454005934718,0.0,0.0,0.20771513353115728,0.0,0.0,0.0,15.8486646884273,1.5578635014836795,0.0,0.0,0.11572700296735905,0.0,0.37091988130563797,0.5489614243323442,0.0,0.02373887240356083,0.0
1914,1902,4,0.5508771929824562,0.08771929824561403,0.6842105263157895,3.0350877192982457,0.0,0.0,0.0,0.06315789473684211,0.0,0.0,0.0,0.0,0.0,0.0912280701754386,0.007017543859649123,0.0,0.0,0.0,0.0,10.929824561403509,0.0,2.3508771929824563,0.0,8.196491228070176,1.1298245614035087,0.3192982456140351,5.371929824561404,0.0,0.07719298245614035,0.3894736842105263,0.0,0.0,0.0,17.529824561403508,1.6175438596491227,0.0,0.14385964912280702,0.0,0.0,0.5368421052631579,0.6210526315789474,0.0,0.03859649122807018,0.0
1926,200,4,0.5088757396449705,0.05325443786982249,0.17751479289940827,2.4497041420118344,0.0,0.0,0.0,0.0,0.0,0.0,0.0,0.0,0.0,0.0,0.0,0.0,0.0,0.0,0.0,4.695266272189349,0.0,1.7218934911242603,0.0,2.3076923076923075,0.8402366863905325,0.3047337278106509,5.529585798816568,0.0,0.03550295857988166,0.28994082840236685,0.0,0.0,0.0,16.142011834319526,1.5828402366863905,0.0,0.0650887573964497,0.005917159763313609,0.0,0.0650887573964497,0.5118343195266272,0.0,0.026627218934911243,0.0
1917,358,12,0.45368620037807184,0.1001890359168242,0.776937618147448,2.277882797731569,0.0,0.0,0.0,0.0831758034026465,0.0,0.0,0.0,0.0,0.0,0.31190926275992437,0.11720226843100189,0.0,0.0,0.0,0.0,11.48015122873346,0.0,1.718336483931947,0.0,6.805293005671078,1.5822306238185255,0.24763705103969755,7.083175803402646,0.0,0.0,0.030245746691871456,0.0,0.0,0.0,10.41209829867675,1.2173913043478262,0.0,0.2495274102079395,0.026465028355387523,0.0,0.497164461247637,0.41965973534971646,0.0,0.035916824196597356,0.0
1918,185,4,0.3515358361774744,0.05802047781569966,0.21843003412969283,2.2866894197952217,0.0,0.10580204778156997,0.0,0.9419795221843004,0.0,0.0,0.0,0.0,0.0,0.8976109215017065,0.17064846416382254,0.0,0.0,0.0,0.0,6.716723549488054,0.0,1.5904436860068258,0.0,4.505119453924915,1.515358361774744,1.6109215017064846,5.535836177474403,0.0,0.0,0.0,0.0,0.0,0.0,10.58703071672355,1.2696245733788396,0.0,0.0,0.0,0.0,0.3310580204778157,0.41638225255972694,0.0,0.06825938566552901,0.0
1911,1718,4,0.4219858156028369,0.0673758865248227,0.5,2.606382978723404,0.0,0.0,0.0,0.0,0.0,0.0,0.0,0.0,0.0,0.12411347517730496,0.07092198581560284,0.0,0.0,0.0,0.0,12.51063829787234,0.0,1.8936170212765957,0.0,8.173758865248226,1.7340425531914894,0.1453900709219858,5.624113475177305,0.0,0.0,0.0,0.0,0.0,0.0,11.5,1.429078014184397,0.0,0.11702127659574468,0.01773049645390071,0.0,0.7021276595744681,0.39361702127659576,0.0,0.0425531914893617,0.10638297872340426
1920,1851,4,0.44155844155844154,0.12337662337662338,0.525974025974026,3.9740259740259742,0.0,0.0,0.0,0.0,0.0,0.0,0.15584415584415584,0.0,0.0,0.7402597402597403,0.33766233766233766,0.0,0.0,0.0,0.0,9.292207792207792,0.0,1.9285714285714286,0.05844155844155844,9.305194805194805,3.8636363636363638,0.0,3.1363636363636362,0.0,0.0,0.1038961038961039,0.0,0.0,0.0,22.818181818181817,2.272727272727273,0.0,0.08441558441558442,0.0,0.0,0.5454545454545454,0.5844155844155844,0.0,0.01948051948051948,6.974025974025974
1924,1917,4,0.6143790849673203,0.07581699346405228,0.20915032679738563,3.065359477124183,0.0,0.0,0.0,0.0,0.0,0.0,0.0,0.0,0.0,0.00130718954248366,0.0,0.0,0.0,0.0,0.0,8.654901960784313,0.0,2.291503267973856,0.0,9.802614379084968,1.3830065359477124,0.16601307189542483,4.3581699346405225,0.0,0.0,0.0457516339869281,0.0,0.0,0.0,17.922875816993464,1.681045751633987,0.0,0.00392156862745098,0.03790849673202614,0.0,0.5764705882352941,0.5359477124183006,0.0,0.054901960784313725,0.00522875816993464
1916,828,4,0.5514018691588785,0.08598130841121496,0.38878504672897196,2.6429906542056076,0.0,0.0,0.0,0.0,0.0,0.0,0.0,0.0,0.0,0.0,0.0,0.0,0.0,0.0,0.0,10.299065420560748,0.0,2.097196261682243,0.0,6.921495327102804,0.7383177570093458,0.20747663551401868,5.990654205607477,0.0,0.03551401869158879,0.491588785046729,0.0,0.0,0.0,15.233644859813085,1.1532710280373832,0.0,0.36074766355140186,0.0,0.0,0.3775700934579439,0.5009345794392523,0.0,0.037383177570093455,0.0
1920,880,11,0.4199134199134199,0.03463203463203463,0.39826839826839827,1.8614718614718615,0.0,0.0,0.0,0.0,0.0,0.0,0.0,0.0,0.0,0.0,0.0,0.0,0.0,0.0,0.0,3.883116883116883,0.0,1.8484848484848484,0.0,2.6147186147186146,0.7056277056277056,0.10822510822510822,3.1774891774891776,0.0,0.0,0.0,0.0,0.0,0.0,11.398268398268398,1.251082251082251,0.0,0.0,0.0,0.0,0.05627705627705628,0.5021645021645021,0.0,0.004329004329004329,0.0
1912,1227,11,0.5012345679012346,0.08888888888888889,0.27901234567901234,4.382716049382716,0.0,0.0,0.0,0.019753086419753086,0.0,0.0,0.0,0.0,0.0,0.7703703703703704,0.05432098765432099,0.0,0.0,0.14814814814814814,0.0,9.328395061728395,0.0,1.4296296296296296,0.0,4.266666666666667,4.809876543209876,0.24691358024691357,3.3777777777777778,0.0,0.0,0.022222222222222223,0.0024691358024691358,0.0,1.5851851851851853,19.723456790123457,2.8049382716049385,0.0,0.01728395061728395,0.0,0.0,0.6123456790123457,0.4888888888888889,0.0,0.04938271604938271,3.054320987654321
1925,1244,4,0.5137614678899083,0.11926605504587157,0.22018348623853212,3.330275229357798,0.0,0.29357798165137616,0.0,0.0,0.0,0.0,0.0,0.0,0.0,2.165137614678899,0.3119266055045872,0.0,0.0,0.0,0.0,3.7981651376146788,0.0,1.3577981651376148,0.0,1.8440366972477065,1.798165137614679,0.6605504587155964,4.064220183486238,0.0,0.0,0.11926605504587157,0.0,0.0,1.9908256880733946,17.69724770642202,2.0,0.0,0.0,0.0,0.0,0.1834862385321101,0.5229357798165137,0.0,0.07339449541284404,0.0
1917,1772,4,0.44525547445255476,0.06861313868613139,0.26423357664233577,3.0335766423357664,0.0,0.0,0.0,0.004379562043795621,0.0,0.0,0.035036496350364967,0.0,0.033576642335766425,0.0948905109489051,0.058394160583941604,0.0,0.0,0.0,0.004379562043795621,10.091970802919707,0.0,1.837956204379562,0.0,8.931386861313868,1.6102189781021898,0.008759124087591242,3.1357664233576643,0.0,0.0,0.059854014598540145,0.0,0.0,0.0,16.23065693430657,1.856934306569343,0.0,0.049635036496350364,0.0,0.0,0.6058394160583942,0.5474452554744526,0.0,0.03941605839416058,0.0
1920,443,3,0.4114285714285714,0.07142857142857142,0.2885714285714286,3.2714285714285714,0.0,0.0,0.0,0.08285714285714285,0.0,0.0,0.0,0.0,0.0,0.25142857142857145,0.0,0.0,0.0,0.0,0.0,7.868571428571428,0.008571428571428572,1.8342857142857143,0.0,6.648571428571429,1.3314285714285714,0.025714285714285714,4.22,0.0,0.0,0.2571428571428571,0.0,0.0,0.0,19.64857142857143,1.9457142857142857,0.0,0.03428571428571429,0.0,0.0,0.27714285714285714,0.5714285714285714,0.0,0.017142857142857144,0.014285714285714285
1915,531,12,0.39316239316239315,0.05982905982905983,0.8333333333333334,1.9102564102564104,0.0,0.0,0.0,0.1346153846153846,0.0,0.0,0.0,0.0,0.0,0.22435897435897437,0.027777777777777776,0.0,0.0,0.16025641025641027,0.0,7.6068376068376065,0.0,2.0811965811965814,0.0,1.4786324786324787,0.2670940170940171,0.0,4.935897435897436,0.0,0.0,0.0,0.0,0.0,0.0,8.775641025641026,0.7735042735042735,0.0,0.0,0.0,0.0,0.023504273504273504,0.41452991452991456,0.0,0.027777777777777776,1.1538461538461537
1926,576,7,0.4645669291338583,0.09448818897637795,0.015748031496062992,3.031496062992126,0.0,0.0,0.0,1.874015748031496,0.0,0.0,0.0,0.0,0.0,1.5196850393700787,0.48031496062992124,0.0,0.0,0.14173228346456693,0.05511811023622047,9.173228346456693,0.0,2.905511811023622,0.0,3.5354330708661417,1.3543307086614174,0.11811023622047244,5.25984251968504,0.0,0.0,0.0,0.0,0.0,0.0,12.692913385826772,1.5196850393700787,0.0,0.0,0.0,0.0,0.5590551181102362,0.5118110236220472,0.0,0.06299212598425197,2.84251968503937
1925,1157,4,0.38179347826086957,0.09103260869565218,0.3641304347826087,3.608695652173913,0.0,0.0,0.0,0.002717391304347826,0.0,0.0,0.391304347826087,0.0,0.0,0.970108695652174,0.010869565217391304,0.0,0.0,0.0,1.641304347826087,12.076086956521738,0.0,1.517663043478261,0.0,9.529891304347826,3.160326086956522,0.2826086956521739,4.153532608695652,0.0,0.0,0.08423913043478261,0.0,0.0,0.0,15.623641304347826,1.9769021739130435,0.0,0.03804347826086957,0.0,0.008152173913043478,0.6059782608695652,0.45652173913043476,0.0,0.07472826086956522,4.125
1918,1267,4,0.36862244897959184,0.08290816326530612,0.889030612244898,2.5931122448979593,0.0,0.0,0.0,0.02806122448979592,0.0,0.0,0.0,0.09948979591836735,0.0,0.05357142857142857,0.0,0.0,0.0,0.0,0.0,10.82015306122449,0.007653061224489796,1.8061224489795917,0.0,6.11734693877551,1.0841836734693877,0.0,4.230867346938775,0.0,0.0,0.0,0.0,0.0,0.0,14.040816326530612,1.4005102040816326,0.0,0.007653061224489796,0.0,0.0,0.3469387755102041,0.5242346938775511,2.3252551020408165,0.03826530612244898,2.3418367346938775
1936,1558,4,0.33557046979865773,0.026845637583892617,0.5738255033557047,2.302013422818792,0.0,0.0,0.0,0.13087248322147652,0.0,0.0,0.06711409395973154,0.0,0.07046979865771812,0.25838926174496646,0.09731543624161074,0.0,0.0,0.0,0.0,3.3926174496644297,0.0,1.9966442953020134,0.0,2.097315436241611,0.6946308724832215,0.2684563758389262,5.973154362416107,0.0,0.0,0.07046979865771812,0.0,0.0,0.0,13.832214765100671,1.278523489932886,0.0,0.006711409395973154,0.0,0.0,0.09060402684563758,0.44966442953020136,0.0,0.013422818791946308,0.0
1928,906,4,0.4036697247706422,0.07874617737003058,0.4533639143730887,3.5252293577981653,0.0,0.0,0.0,0.012232415902140673,0.0,0.0,0.045871559633027525,0.0,0.0,0.19724770642201836,0.04892966360856269,0.0,0.0,0.0,0.33103975535168195,11.516819571865444,0.016819571865443424,3.062691131498471,0.0,8.692660550458715,2.397553516819572,0.08409785932721713,4.1452599388379205,0.0,0.0,0.0007645259938837921,0.06116207951070336,0.0,0.0,19.487003058103976,2.2255351681957185,0.0,0.009174311926605505,0.0,0.04969418960244648,0.7064220183486238,0.5328746177370031,0.0,0.0382262996941896,0.0
1922,1297,11,0.3732394366197183,0.08450704225352113,0.5827464788732394,2.796654929577465,0.0,0.0,0.0,0.03961267605633803,0.0,0.0,0.0008802816901408451,0.0,0.0,0.09859154929577464,0.01232394366197183,0.0,0.007042253521126761,0.01584507042253521,0.0035211267605633804,8.90580985915493,0.011443661971830986,1.7693661971830985,0.0,8.067781690140846,1.141725352112676,0.16549295774647887,3.147007042253521,0.0,0.0,0.0008802816901408451,0.12764084507042253,0.0,0.05017605633802817,14.4375,1.8591549295774648,0.0,0.04665492957746479,0.0,0.0,0.48151408450704225,0.49559859154929575,0.0,0.027288732394366196,0.15580985915492956
1923,1459,4,0.7414634146341463,0.10975609756097561,0.526829268292683,2.8317073170731706,0.0,0.0,0.0,0.9609756097560975,0.0,0.0,0.08048780487804878,0.0,0.02926829268292683,1.173170731707317,0.32439024390243903,0.0,0.2804878048780488,0.1902439024390244,0.0,9.921951219512195,0.0,1.997560975609756,0.0,2.526829268292683,1.9121951219512194,0.1926829268292683,4.221951219512195,0.0,0.06341463414634146,0.21951219512195122,0.0,0.0,1.7121951219512195,15.324390243902439,1.5195121951219512,0.0,0.05609756097560976,0.007317073170731708,0.0,0.4317073170731707,0.551219512195122,0.2804878048780488,0.21707317073170732,7.1536585365853655
1934,2001,4,0.5772151898734177,0.0759493670886076,0.3240506329113924,3.2734177215189875,0.0,0.0,0.0,0.0,0.0,0.0,0.027848101265822784,0.0,0.002531645569620253,0.04556962025316456,0.02278481012658228,0.0,0.0,0.0,0.0,11.913924050632911,0.0,2.473417721518987,0.0,18.610126582278482,3.0632911392405062,0.07088607594936709,3.5316455696202533,0.0,0.0,0.1240506329113924,0.0,0.0,0.0,17.820253164556963,2.2455696202531645,0.0,0.05569620253164557,0.0,0.0,1.2632911392405064,0.4936708860759494,0.0,0.035443037974683546,0.0
1922,1679,4,0.6431888544891641,0.09674922600619196,0.23142414860681115,3.4195046439628483,0.0,0.0,0.0,0.1044891640866873,0.0,0.0,0.0,0.0,0.0,0.08591331269349846,0.013157894736842105,0.0,0.0,0.0,0.0,10.623839009287925,0.0,3.0510835913312695,0.0,6.115325077399381,1.4821981424148607,0.22755417956656346,3.303405572755418,0.0,0.0,0.0,0.07120743034055728,0.0,0.0,19.643188854489164,1.9342105263157894,0.0,0.006191950464396285,0.0,0.0,0.4628482972136223,0.5201238390092879,0.0,0.023993808049535603,0.41099071207430343
1933,161,4,0.3991228070175439,0.08333333333333333,0.7149122807017544,2.780701754385965,0.0,0.0,0.0,0.0,0.0,0.0,0.0,0.0,0.0,0.0,0.0,0.0,0.0,0.0,0.0,8.824561403508772,0.0,2.5219298245614037,0.0,4.0964912280701755,0.8026315789473685,0.02631578947368421,4.723684210526316,0.0,0.0,0.0,0.017543859649122806,0.0,0.0,16.855263157894736,1.5789473684210527,0.0,0.0,0.0,0.0,0.27631578947368424,0.5789473684210527,0.0,0.04824561403508772,0.0
1927,375,4,0.48727544910179643,0.07110778443113773,0.37649700598802394,2.3869760479041915,0.0,0.0,0.0,0.07784431137724551,0.0,0.0,0.011976047904191617,0.0,0.0,0.20434131736526945,0.05239520958083832,0.0,0.0,0.02470059880239521,0.06212574850299401,10.289670658682635,0.0,2.2342814371257487,0.0,6.793413173652695,1.2544910179640718,0.14446107784431136,4.433383233532934,0.0,0.0,0.058383233532934134,0.1474550898203593,0.0,0.0,10.327095808383234,1.249251497005988,0.0,0.13023952095808383,0.0014970059880239522,0.0,0.5351796407185628,0.375,0.0,0.04565868263473054,0.28892215568862273
1933,547,15,0.43238095238095237,0.08,0.32761904761904764,2.0952380952380953,0.0,0.05904761904761905,0.0,0.03238095238095238,0.0,0.0,0.0,0.0,0.0,0.10476190476190476,0.0,0.0,0.0,0.0,0.0,9.211428571428572,0.0,1.6990476190476191,0.0,6.007619047619047,1.2038095238095239,0.5923809523809523,4.653333333333333,0.0,0.0,0.0,0.0,0.0,0.0,10.36,1.339047619047619,0.0,0.0,0.03428571428571429,0.0,0.4361904761904762,0.4419047619047619,0.0,0.022857142857142857,0.0
1925,1372,4,0.3804195804195804,0.05034965034965035,0.5300699300699301,2.8223776223776222,0.0,0.0,0.0,0.4195804195804196,0.0,0.0,0.006993006993006993,0.0,0.0,0.3804195804195804,0.0993006993006993,0.0,0.0,0.023776223776223775,0.08951048951048951,9.966433566433567,0.0,2.1482517482517482,0.0,6.85034965034965,1.6083916083916083,0.06433566433566433,3.848951048951049,0.0,0.0,0.0,0.0,0.0,0.0,13.632167832167832,1.7342657342657342,0.0,0.0,0.0,0.023776223776223775,0.5706293706293706,0.45454545454545453,0.0,0.03776223776223776,0.0937062937062937
1923,1635,4,0.4068627450980392,0.041666666666666664,0.39215686274509803,2.5955882352941178,0.0,0.0,0.0,0.022058823529411766,0.0,0.0,0.0,0.0,0.0,0.012254901960784314,0.0,0.0,0.0,0.0,0.0,8.235294117647058,0.012254901960784314,1.7524509803921569,0.0,8.688725490196079,1.588235294117647,0.20833333333333334,4.605392156862745,0.0,0.041666666666666664,0.2034313725490196,0.0,0.0,0.0,14.580882352941176,1.5784313725490196,0.0,0.07598039215686274,0.024509803921568627,0.0,0.5833333333333334,0.5049019607843137,0.0,0.02696078431372549,0.0
1938,520,3,0.45936395759717313,0.08833922261484099,0.303886925795053,2.4346289752650176,0.0,0.0,0.0,0.15901060070671377,0.0,0.0,0.0,0.0,0.0,0.15901060070671377,0.0353356890459364,0.0,0.0,0.0,0.0,5.862190812720848,0.007067137809187279,1.6501766784452296,0.0,2.3427561837455833,0.9681978798586572,0.13074204946996468,5.734982332155477,0.0,0.0,0.1166077738515901,0.0,0.0,0.0,15.66077738515901,1.4946996466431095,0.0,0.04240282685512368,0.0,0.0,0.0812720848056537,0.44876325088339225,0.0,0.014134275618374558,0.0
1928,33,4,0.3463780183180683,0.09908409658617819,0.14154870940882597,3.4771024146544547,0.0,0.00749375520399667,0.0,0.09492089925062448,0.0,0.0,0.0,0.0,0.0,0.1740216486261449,0.00749375520399667,0.0,0.0,0.0,0.006661115736885929,13.517901748542881,0.0,1.9633638634471273,0.0,6.179017485428809,1.8959200666111573,0.0008326394671107411,2.7360532889258953,0.0,0.0,0.0,0.0,0.0,0.0,15.154870940882597,2.205661948376353,0.0,0.0,0.0,0.0,0.4479600333055787,0.4462947543713572,0.0,0.03746877601998335,0.2031640299750208
1931,322,4,0.515695067264574,0.08520179372197309,0.452914798206278,2.0807174887892375,0.0,0.0,0.0,0.0,0.0,0.0,0.0,0.0,0.0,0.004484304932735426,0.0,0.0,0.0,0.0,0.0,7.878923766816143,0.0,1.6816143497757847,0.0,4.448430493273543,0.8071748878923767,0.2556053811659193,5.618834080717488,0.0,0.0,0.0,0.0,0.0,0.0,8.68609865470852,1.0,0.0,0.0,0.0,0.0,0.17040358744394618,0.4170403587443946,0.0,0.04035874439461883,0.0
1937,675,4,0.7752688172043011,0.07419354838709677,0.5311827956989247,2.4268817204301074,0.0,0.0,0.0,0.12473118279569892,0.0,0.0,0.004301075268817204,0.0,0.0,0.22473118279569892,0.06344086021505377,0.0,0.0,0.021505376344086023,0.021505376344086023,8.261290322580646,0.0,3.3236559139784947,0.0,5.743010752688172,1.3849462365591398,0.2053763440860215,5.468817204301075,0.0,0.0,0.0,0.0,0.0,0.0,11.60752688172043,1.4258064516129032,0.0,0.07096774193548387,0.01935483870967742,0.0,0.5548387096774193,0.4118279569892473,0.0,0.17311827956989248,0.4698924731182796
1928,1722,12,0.39190432382704693,0.07543698252069918,0.6927322907083716,2.4590616375344987,0.0,0.0,0.0,0.11683532658693652,0.0,0.0,0.0,0.0,0.0,0.18491260349586017,0.03679852805887764,0.0,0.0,0.0,0.0,11.716651333946642,0.00919963201471941,1.9273229070837166,0.0,5.7166513339466425,1.09475620975161,0.41950321987120515,4.253909843606256,0.0,0.0,0.19319227230910763,0.0,0.0,0.0,12.22723091076357,1.4940202391904325,0.0,0.24563017479300828,0.0,0.0,0.37626494940202393,0.4563017479300828,0.0,0.031278748850046,0.10671573137074516
1938,113,4,11.429477020602219,0.13312202852614896,0.16798732171156894,4.561014263074485,0.0,0.0,0.0,0.28526148969889065,0.0,0.0,0.014263074484944533,0.0,0.00792393026941363,0.6148969889064976,0.21553090332805072,0.0,0.0,0.7955625990491284,0.0,10.664025356576863,0.0,2.7670364500792393,0.0,4.44215530903328,3.0697305863708397,0.001584786053882726,3.7353407290015848,0.0,0.0,0.0554675118858954,0.0,0.0,0.0,23.93185419968304,1.8637083993660857,0.0,0.03486529318541997,0.0,0.0,0.4183835182250396,2.0824088748019016,0.0,10.492868462757528,5.9730586370839935
1936,863,4,0.4623921085080148,0.08877928483353884,0.7435265104808878,2.335388409371147,0.0,0.0,0.0,0.007398273736128237,0.0,0.0,0.0,0.0,0.0,0.016029593094944512,0.0,0.0,0.0,0.0,0.0,13.046855733662145,0.0,1.5807644882860665,0.0,3.6103575832305794,1.0419235511713933,0.1997533908754624,7.0049321824907524,0.0,0.0,0.1442663378545006,0.0,0.0,0.0,9.353884093711468,1.064118372379778,0.0,0.02836004932182491,0.0468557336621455,0.0,0.2971639950678175,0.406905055487053,0.0,0.03329223181257707,0.0
1925,1339,12,0.3967254408060453,0.08312342569269521,0.2052896725440806,3.13727959697733,0.0,0.0,0.0,0.0,0.0,0.0,0.0,0.0,0.0,0.05163727959697733,0.0,0.0,0.0,0.003778337531486146,0.0,10.10705289672544,0.012594458438287154,1.7392947103274559,0.0,7.783375314861461,1.605793450881612,0.10957178841309824,2.5188916876574305,0.0,0.0,0.20151133501259447,0.11838790931989925,0.0,0.036523929471032744,15.33375314861461,2.0239294710327456,0.0,0.02644836272040302,0.0,0.0,0.5163727959697733,0.48488664987405544,0.0,0.036523929471032744,0.06297229219143577
1937,1876,4,1.7657142857142858,0.03428571428571429,0.6914285714285714,2.097142857142857,0.0,0.25142857142857145,0.0,1.977142857142857,0.0,0.0,0.0,0.0,0.0,1.9142857142857144,0.6914285714285714,0.0,0.0,0.3314285714285714,0.011428571428571429,2.337142857142857,0.0,2.04,0.0,1.3885714285714286,0.9942857142857143,0.37142857142857144,7.188571428571429,0.0,0.0,0.0,0.0,0.0,0.0,15.588571428571429,1.4457142857142857,0.0,0.0,0.2742857142857143,0.0,0.0,0.6114285714285714,0.0,0.7714285714285715,2.6514285714285712
1928,1939,4,0.5214723926380368,0.0834355828220859,0.5693251533742332,2.905521472392638,0.0,0.0,0.0,0.0,0.0,0.0,0.0,0.0,0.0,0.0,0.0,0.0,0.0,0.0,0.0,9.808588957055214,0.0,2.3190184049079754,0.0,8.74601226993865,1.1079754601226994,0.2723926380368098,4.361963190184049,0.0,0.007361963190184049,0.30552147239263805,0.0,0.0,0.0,17.590184049079756,1.5754601226993865,0.0,0.24539877300613497,0.0,0.0,0.5300613496932516,0.5386503067484663,0.0,0.03558282208588957,0.0
1939,427,12,0.5853658536585366,0.07560975609756097,0.44390243902439025,3.546341463414634,0.0,0.0,0.0,0.0,0.0,0.0,0.0,0.0,0.0,0.0,0.0,0.0,0.0,0.0,0.0,12.934146341463414,0.0,2.268292682926829,0.0,9.239024390243902,1.4926829268292683,0.10975609756097561,5.480487804878049,0.0,0.0,0.35853658536585364,0.0,0.0,0.0,18.690243902439025,1.851219512195122,0.0,0.22682926829268293,0.07317073170731707,0.0,0.6463414634146342,0.5878048780487805,0.0,0.026829268292682926,0.0
1931,633,12,0.4234135667396061,0.08643326039387308,0.3490153172866521,2.5481400437636763,0.0,0.0,0.0,0.3336980306345733,0.0,0.0,0.00437636761487965,0.0,0.0,0.513129102844639,0.1586433260393873,0.0,0.0,0.49671772428884026,0.0010940919037199124,10.223194748358862,0.0,3.6673960612691467,0.0,9.347921225382931,2.525164113785558,0.016411378555798686,4.887308533916849,0.0,0.0,0.0,0.0,0.0,0.0,11.712253829321662,1.3391684901531729,0.0,0.04048140043763676,0.047045951859956234,0.009846827133479213,0.6673960612691466,0.43982494529540483,0.0,0.060175054704595186,5.866520787746171
1931,1593,12,0.3371710526315789,0.06085526315789474,0.16611842105263158,3.1809210526315788,0.0,0.0,0.0,0.19901315789473684,0.0,0.0,0.0,0.0,0.0,0.42269736842105265,0.12664473684210525,0.0,0.0,0.5115131578947368,0.0,9.608552631578947,0.0,3.044407894736842,0.0,2.5032894736842106,1.6217105263157894,0.20888157894736842,2.9177631578947367,0.0,0.0,0.023026315789473683,0.0,0.0,0.0,14.006578947368421,1.4967105263157894,0.0,0.07894736842105263,0.0,0.0,0.4144736842105263,0.47039473684210525,0.0,0.04276315789473684,0.0
1931,1757,11,0.392018779342723,0.056338028169014086,0.8215962441314554,2.607981220657277,0.0,0.18309859154929578,0.0,1.3333333333333333,0.0,0.0,0.0,0.0,0.0,1.1502347417840375,0.27230046948356806,0.0,0.0,0.0,0.0,8.035211267605634,0.0,4.589201877934272,0.0,3.187793427230047,1.6713615023474178,1.619718309859155,5.056338028169014,0.0,0.0,0.0,0.0,0.0,0.0,15.523474178403756,1.255868544600939,0.0,0.004694835680751174,0.007042253521126761,0.0,0.2323943661971831,0.5046948356807511,0.0,0.06338028169014084,2.807511737089202
1939,1800,4,0.551980198019802,0.07425742574257425,0.35148514851485146,3.702970297029703,0.0,0.0,0.0,0.36386138613861385,0.0,0.0,0.04207920792079208,0.0,0.04455445544554455,1.4356435643564356,0.24752475247524752,0.0,0.0,0.0,0.0,10.294554455445544,0.0,1.9653465346534653,0.0,2.777227722772277,2.00990099009901,0.12128712871287128,6.0495049504950495,0.0,0.0,0.25742574257425743,0.0,0.0,2.4653465346534653,20.445544554455445,1.8292079207920793,0.0,0.04207920792079208,0.0,0.0,0.37623762376237624,0.504950495049505,0.0,0.08168316831683169,4.601485148514851
1931,939,7,0.5008333333333334,0.08166666666666667,0.7066666666666667,3.3583333333333334,0.0,0.0,0.0,0.0,0.0,0.0,0.0,0.0,0.0,0.0008333333333333334,0.0,0.0,0.0,0.0,0.0,11.1775,0.0575,1.9675,0.0,7.58,1.6683333333333332,0.12333333333333334,5.265,0.0,0.0525,0.43833333333333335,0.14166666666666666,0.0,0.0,18.46,1.8391666666666666,0.0,0.27,0.0008333333333333334,0.0,0.49916666666666665,0.5241666666666667,0.0,0.03166666666666667,0.075
1930,816,4,0.4196185286103542,0.0653950953678474,0.5613079019073569,2.76566757493188,0.0,0.0,0.0,0.0,0.0,0.0,0.39509536784741145,0.0,0.0,1.79291553133515,0.6485013623978202,0.0,0.0,0.0,1.2261580381471389,6.430517711171662,0.035422343324250684,1.6212534059945505,0.0,5.038147138964578,1.564032697547684,0.3978201634877384,5.269754768392371,0.0,0.0,0.1335149863760218,0.0,0.0,0.0,15.490463215258856,1.7547683923705721,0.0,0.0,0.07629427792915532,0.0,0.28065395095367845,0.4713896457765668,0.0,0.09264305177111716,3.329700272479564
1940,1081,4,0.38392857142857145,0.05357142857142857,0.8125,1.8303571428571428,0.0,0.0,0.0,0.03571428571428571,0.0,0.0,0.0,0.0,0.0,0.11160714285714286,0.008928571428571428,0.0,0.0,0.0,0.0,6.008928571428571,0.0,2.0892857142857144,0.0,2.549107142857143,0.90625,0.40625,5.446428571428571,0.0,0.0,0.0,0.0,0.0,0.0,11.625,0.9598214285714286,0.0,0.0,0.0,0.0,0.0625,0.48214285714285715,0.0,0.022321428571428572,0.0
1933,48,4,0.3161764705882353,0.08455882352941177,0.11519607843137254,3.5845588235294117,0.0,0.0,0.0,0.003676470588235294,0.0,0.0,0.0,0.0,0.0,0.015931372549019607,0.0,0.0,0.0,0.0,0.0,11.446078431372548,0.0,1.8455882352941178,0.0,6.75,2.127450980392157,0.07598039215686274,2.327205882352941,0.0,0.0,0.0,0.12377450980392157,0.0,0.0,18.667892156862745,2.3872549019607843,0.0,0.0,0.00857843137254902,0.0,0.4791666666666667,0.5098039215686274,0.0,0.014705882352941176,0.0
1935,1529,4,0.4929078014184397,0.06028368794326241,0.29432624113475175,2.3120567375886525,0.0,0.0,0.0,0.0,0.0,0.0,0.0,0.0,0.0,0.0,0.0,0.0,0.0,0.0,0.0,8.134751773049645,0.0,1.3687943262411348,0.0,4.464539007092198,0.875886524822695,0.0851063829787234,4.216312056737588,0.0,0.0,0.0,0.0,0.0,0.0,9.822695035460994,1.301418439716312,0.0,0.0,0.0,0.0,0.25177304964539005,0.33687943262411346,0.0,0.01773049645390071,0.0
1940,832,4,0.4012605042016807,0.0861344537815126,1.161764705882353,2.527310924369748,0.0,0.0,0.0,0.0,0.0,0.0,0.0,0.0,0.0,0.05042016806722689,0.0,0.0,0.0,0.0,0.0,7.873949579831932,0.04201680672268908,2.542016806722689,0.0,7.80672268907563,1.0,0.24789915966386555,5.909663865546219,0.0,0.0,0.2710084033613445,0.0,0.0,0.0,14.647058823529411,1.3907563025210083,0.0,0.23739495798319327,0.0,0.0,0.6134453781512605,0.5315126050420168,0.0,0.029411764705882353,0.0
1932,1211,7,0.4711864406779661,0.06610169491525424,0.4322033898305085,2.371186440677966,0.0,0.0,0.0,0.07288135593220339,0.0,0.0,0.0,0.0,0.0,0.04406779661016949,0.0,0.0,0.0,0.04915254237288136,0.0,6.561016949152543,0.013559322033898305,1.88135593220339,0.0,3.664406779661017,1.383050847457627,0.1864406779661017,4.0,0.0,0.0,0.0,0.0,0.0,0.0,12.389830508474576,1.3949152542372882,0.0,0.0,0.001694915254237288,0.0,0.23389830508474577,0.4288135593220339,0.0,0.020338983050847456,0.0
1944,1384,4,0.4065656565656566,0.11868686868686869,0.4797979797979798,4.997474747474747,0.0,0.0,0.0,0.0,0.0,0.0,0.10606060606060606,0.10353535353535354,0.0,1.1111111111111112,0.09848484848484848,0.0,0.0,0.0,0.7323232323232324,14.818181818181818,0.0,1.47979797979798,0.0,11.098484848484848,6.934343434343434,0.05303030303030303,5.19949494949495,0.0,0.0,0.06565656565656566,0.0,0.0,0.0,25.358585858585858,3.3005050505050506,0.0,0.26515151515151514,0.0,0.0,0.7853535353535354,0.6136363636363636,1.6641414141414141,0.03787878787878788,2.6742424242424243
1937,67,4,0.4280155642023346,0.054474708171206226,0.19974059662775617,2.5525291828793772,0.0,0.02594033722438392,0.0,0.13748378728923477,0.0,0.0,0.04409857328145266,0.0,0.03372243839169909,0.39040207522697795,0.1569390402075227,0.0,0.0,0.0,0.0,8.01556420233463,0.0038910505836575876,2.0103761348897535,0.0,9.084306095979247,1.927367055771725,0.22178988326848248,3.46822308690013,0.0,0.0,0.02464332036316472,0.0,0.0,0.0,14.4189364461738,1.530479896238651,0.0,0.0,0.01297016861219196,0.0,0.5966277561608301,0.45525291828793774,0.0,0.019455252918287938,0.10765239948119326
1936,1182,2,0.4190751445086705,0.10115606936416185,0.4161849710982659,2.6242774566473988,0.0,0.0,0.0,0.0,0.0,0.0,0.0,0.0,0.0,0.031791907514450865,0.0,0.0,0.0,0.0,0.0,14.364161849710984,0.0,1.5086705202312138,0.0,4.592485549132948,1.3670520231213872,0.0953757225433526,4.046242774566474,0.0,0.0,0.0,0.10115606936416185,0.0,0.0,11.248554913294798,1.3526011560693643,0.0,0.0,0.0,0.0,0.22254335260115607,0.3901734104046243,0.0,0.02023121387283237,0.0
1934,1441,4,0.4303030303030303,0.06363636363636363,1.2696969696969698,2.584848484848485,0.0,0.0,0.0,0.0,0.0,0.0,0.0,0.3181818181818182,0.0,0.0,0.0,0.0,0.0,0.0,0.0,5.075757575757576,0.0,1.3242424242424242,0.0,3.3515151515151516,1.3363636363636364,0.0,4.009090909090909,0.0,0.0,0.0,0.0,0.0,0.0,16.336363636363636,2.0424242424242425,0.0,0.0,0.0,0.0,0.17575757575757575,0.5272727272727272,1.209090909090909,0.015151515151515152,14.657575757575758
1940,224,4,0.4218181818181818,0.07636363636363637,0.6181818181818182,3.1563636363636363,0.0,0.0,0.0,0.1890909090909091,0.0,0.0,0.0,0.0,0.0,0.3381818181818182,0.0,0.0,0.0,0.0,0.0,9.221818181818183,0.0,1.9272727272727272,0.0,11.370909090909091,1.5927272727272728,0.2581818181818182,4.610909090909091,0.0,0.0,0.09454545454545454,0.0,0.0,0.0,16.869090909090907,1.7927272727272727,0.0,0.01090909090909091,0.10909090909090909,0.0,0.7454545454545455,0.5454545454545454,0.0,0.04727272727272727,0.0
1940,1116,11,0.3931034482758621,0.07413793103448275,1.1051724137931034,2.2896551724137932,0.0,0.0,0.0,0.022413793103448276,0.0,0.0,0.006896551724137931,0.0,0.0,0.09137931034482759,0.0034482758620689655,0.0,0.0,0.0,0.03793103448275862,11.98448275862069,0.0,1.7258620689655173,0.0,5.106896551724138,1.2603448275862068,0.2793103448275862,5.908620689655172,0.0,0.0,0.2982758620689655,0.0,0.0,0.0,10.7,1.2620689655172415,0.0,0.2982758620689655,0.006896551724137931,0.0,0.32068965517241377,0.3603448275862069,0.0,0.032758620689655175,0.0
1939,352,4,0.2985781990521327,0.09320695102685624,0.3380726698262243,4.41390205371248,0.0,0.0,0.0,0.0,0.0,0.0,0.0,0.0,0.0,0.7424960505529226,0.0,0.0,0.0,0.0,0.0,11.829383886255924,0.02843601895734597,2.500789889415482,0.0,3.1721958925750395,4.003159557661927,0.23854660347551343,3.203791469194313,0.0,0.0,0.0947867298578199,0.001579778830963665,0.0,1.3254344391785151,20.563981042654028,2.567140600315956,0.0,0.0,0.0,0.0,0.4928909952606635,0.5039494470774092,0.0,0.037914691943127965,3.816745655608215
1942,792,5,0.4543269230769231,0.06971153846153846,0.47836538461538464,1.9567307692307692,0.0,0.0,0.0,0.07692307692307693,0.0,0.0,0.0,0.0,0.0,0.09134615384615384,0.0,0.0,0.0,0.0,0.0,4.2139423076923075,0.0,1.5697115384615385,0.0,2.608173076923077,0.9230769230769231,0.38221153846153844,5.0985576923076925,0.0,0.0,0.0,0.0,0.0,0.0,10.117788461538462,1.2668269230769231,0.0,0.0,0.15865384615384615,0.0,0.12740384615384615,0.43028846153846156,0.0,0.02403846153846154,0.0
1939,1029,12,0.4769874476987448,0.0794979079497908,0.6178521617852162,3.6150627615062763,0.0,0.0,0.0,0.0,0.0,0.0,0.21617852161785217,0.0,0.0,0.5523012552301255,0.21896792189679218,0.0,0.0,0.0,0.0,12.083682008368202,0.02789400278940028,2.2510460251046025,0.17712691771269176,10.196652719665272,3.1171548117154813,0.22315202231520223,4.751743375174337,0.0,0.0,0.04741980474198047,0.0,0.0,0.0,16.05299860529986,2.0697350069735005,0.0,0.17433751743375175,0.0,0.0,0.603905160390516,0.497907949790795,0.0,0.02789400278940028,0.0
1936,1774,11,0.324577861163227,0.0825515947467167,0.575984990619137,3.2195121951219514,0.0,0.075046904315197,0.0,0.924953095684803,0.0,0.0,0.0,0.0,0.0,0.7091932457786116,0.31144465290806755,0.0,0.18574108818011256,0.5947467166979362,0.03189493433395872,10.636022514071295,0.058161350844277676,2.0900562851782363,0.0,4.5159474671669795,2.75046904315197,0.37335834896810505,4.50281425891182,0.0,0.0,0.03564727954971857,0.0,0.0,0.0,17.50656660412758,1.979362101313321,0.0,0.0,0.0525328330206379,0.0,0.4277673545966229,0.44652908067542213,0.0,0.0450281425891182,4.120075046904315
1943,1475,4,0.44623655913978494,0.0967741935483871,0.3655913978494624,3.39247311827957,0.0,0.0,0.0,0.16129032258064516,0.0,0.0,0.0,0.0,0.0,0.521505376344086,0.010752688172043012,0.0,0.0,0.0,0.0,11.32258064516129,0.0,2.338709677419355,0.0,5.456989247311828,1.9086021505376345,0.016129032258064516,6.010752688172043,0.0,0.0,0.15591397849462366,0.05913978494623656,0.0,0.5591397849462365,21.768817204301076,2.1774193548387095,0.0,0.0,0.0,0.0,0.3763440860215054,0.5698924731182796,0.0,0.016129032258064516,0.04838709677419355
1945,1509,4,0.531615925058548,0.08899297423887588,0.8875878220140515,2.899297423887588,0.0,0.0,0.0,0.0,0.0,0.0,0.00468384074941452,0.0,0.0,0.0351288056206089,0.0,0.0,0.0,0.0,0.0117096018735363,9.210772833723654,0.0,2.569086651053864,0.0,5.939110070257612,1.5245901639344261,0.33489461358313816,5.850117096018735,0.0,0.0,0.21311475409836064,0.14754098360655737,0.0,0.0,15.716627634660421,1.559718969555035,0.0,0.0,0.0,0.0,0.5807962529274004,0.5433255269320844,0.0,0.01873536299765808,0.0234192037470726
1946,1413,4,0.3670212765957447,0.08156028368794327,0.6666666666666666,3.0638297872340425,0.0,0.0,0.0,0.0,0.0,0.0,0.12234042553191489,0.0,0.0,0.35106382978723405,0.20035460992907803,0.0,0.040780141843971635,0.0,0.31560283687943264,11.657801418439716,0.0,1.6684397163120568,0.0,6.193262411347518,1.448581560283688,0.14184397163120568,4.595744680851064,0.0,0.0,0.2429078014184397,0.11170212765957446,0.0,0.0,16.68794326241135,1.625886524822695,0.0,0.20212765957446807,0.040780141843971635,0.0,0.42907801418439717,0.5106382978723404,0.0,0.044326241134751775,0.028368794326241134
1945,1491,7,0.40248447204968946,0.07080745341614907,0.25838509316770186,3.751552795031056,0.0,0.03354037267080745,0.0,0.049689440993788817,0.0,0.0,0.004968944099378882,0.0,0.0012422360248447205,0.05962732919254658,0.02981366459627329,0.0,0.0,0.0,0.0,11.583850931677018,0.0,1.858385093167702,0.0,11.040993788819875,1.977639751552795,0.2,4.120496894409938,0.0,0.0,0.13291925465838508,0.0,0.0,0.0,19.06583850931677,2.1875776397515527,0.0,0.03354037267080745,0.004968944099378882,0.0,0.724223602484472,0.47577639751552797,0.0,0.02111801242236025,0.0
1940,1687,4,0.4304812834224599,0.06951871657754011,0.34759358288770054,4.093582887700535,0.0,0.0,0.0,0.0,0.0,0.0,0.37967914438502676,0.0,0.0,1.106951871657754,0.606951871657754,0.0,0.0,0.0,0.8582887700534759,11.192513368983958,0.0,1.9090909090909092,0.0,14.52139037433155,3.1737967914438503,0.12299465240641712,4.189839572192513,0.0,0.0,0.10427807486631016,0.01871657754010695,0.0,0.0,20.197860962566846,2.0614973262032086,0.0,0.0427807486631016,0.0,0.0,0.9278074866310161,0.4786096256684492,0.0,0.06417112299465241,6.1550802139037435
1944,1255,4,0.40375586854460094,0.07981220657276995,0.7253521126760564,3.1220657276995305,0.0,0.0,0.0,0.0,0.0,0.0,0.0,0.0,0.0,0.06103286384976526,0.014084507042253521,0.0,0.0,0.0,0.0,10.039906103286384,0.0,2.2300469483568075,0.0,5.068075117370892,0.8990610328638498,0.20422535211267606,4.678403755868545,0.0,0.0,0.0,0.09154929577464789,0.0,0.0,17.230046948356808,1.7206572769953052,0.0,0.014084507042253521,0.02112676056338028,0.0,0.36384976525821594,0.5234741784037559,0.0,0.035211267605633804,0.0
1938,1457,4,0.45726495726495725,0.13034188034188035,0.43803418803418803,5.901709401709402,0.0,0.0,0.0,0.05128205128205128,0.0,0.0,0.06196581196581197,0.0,0.038461538461538464,0.3482905982905983,0.14743589743589744,0.0,0.0,0.0,0.0,16.585470085470085,0.0,1.5256410256410255,0.0,13.871794871794872,2.267094017094017,0.03418803418803419,3.2585470085470085,0.0,0.0,0.002136752136752137,0.3311965811965812,0.0,0.0,27.86111111111111,3.4209401709401708,0.0,0.0,0.0,0.0,0.8867521367521367,0.46153846153846156,0.0,0.03418803418803419,0.0
1945,1742,6,0.4523809523809524,0.02976190476190476,0.4226190476190476,3.5357142857142856,0.0,0.0,0.0,0.0,0.0,0.0,0.0,0.0,0.0,0.0,0.0,0.0,0.0,0.0,0.0,6.458333333333333,0.0,2.517857142857143,0.0,11.916666666666666,1.7738095238095237,0.17857142857142858,4.029761904761905,0.0,0.0,0.0,0.0,0.0,0.0,16.86904761904762,1.8392857142857142,0.0,0.0,0.0,0.0,1.1547619047619047,0.5595238095238095,0.0,0.047619047619047616,0.0
1942,731,4,1.7056367432150312,0.07515657620041753,0.348643006263048,3.242171189979123,0.0,0.0,0.0,0.49269311064718163,0.0,0.0,0.5093945720250522,0.0,0.49269311064718163,2.0918580375782883,0.7411273486430062,0.0,0.0,0.03966597077244259,0.0,7.350730688935282,0.0,1.5031315240083507,0.0,4.480167014613778,2.3235908141962422,0.09603340292275574,5.720250521920668,0.0,0.0,0.5469728601252609,0.0,0.0,0.014613778705636743,19.444676409185803,1.5407098121085594,0.0,0.06471816283924843,0.0,0.0,0.3173277661795407,0.6471816283924844,0.0,0.6784968684759917,1.475991649269311
1944,563,7,0.3723958333333333,0.06770833333333333,0.296875,2.2057291666666665,0.0,0.0,0.0,0.15885416666666666,0.0,0.0,0.010416666666666666,0.0,0.0,0.421875,0.1875,0.0,0.0,0.0,0.013020833333333334,8.981770833333334,0.0026041666666666665,1.7135416666666667,0.0,3.4895833333333335,0.6536458333333334,0.5546875,4.361979166666667,0.0,0.0,0.0,0.0,0.0,0.0,11.044270833333334,1.1380208333333333,0.0,0.0,0.0,0.0,0.1953125,0.4375,0.0,0.033854166666666664,0.0
1949,1334,2,0.42780748663101603,0.0962566844919786,0.7433155080213903,2.8983957219251337,0.0,0.0,0.0,0.0,0.0,0.0,0.45454545454545453,0.0,0.0,1.032085561497326,0.43315508021390375,0.0,0.0,0.0,1.3475935828877006,3.1016042780748663,0.0,1.3155080213903743,0.0,3.5668449197860963,1.5561497326203209,0.32620320855614976,4.096256684491979,0.0,0.0,0.0053475935828877,0.0,0.0,0.0,14.229946524064172,1.7914438502673797,0.0,0.11229946524064172,0.0,0.3582887700534759,0.1443850267379679,0.43315508021390375,0.0,0.03208556149732621,0.0
1948,1896,4,0.5832147937411095,0.08961593172119488,0.5604551920341394,3.2432432432432434,0.0,0.0,0.0,0.02702702702702703,0.0,0.0,0.0,0.17780938833570412,0.0,0.13086770981507823,0.04551920341394026,0.0,0.0,0.0,0.0,11.947368421052632,0.0,1.6927453769559033,0.0,8.440967283072546,2.793741109530583,0.04551920341394026,4.731152204836415,0.0,0.0,0.0,0.0,0.0,0.0,18.551920341394027,1.8364153627311521,0.0,0.0,0.05263157894736842,0.0,0.7567567567567568,0.5007112375533428,0.6785206258890469,0.07112375533428165,13.076813655761024
1946,1281,8,0.5538116591928252,0.09192825112107623,0.3834080717488789,3.1390134529147984,0.0,0.0,0.0,0.0,0.0,0.0,0.0,0.0,0.0,0.17937219730941703,0.08968609865470852,0.0,0.0,0.0,0.0,4.986547085201794,0.0,1.6434977578475336,0.0,1.8340807174887892,0.92152466367713,0.4304932735426009,6.742152466367713,0.0,0.01569506726457399,0.33183856502242154,0.0,0.0,0.0,19.68609865470852,1.9484304932735426,0.0,0.14798206278026907,0.0,0.0,0.006726457399103139,0.531390134529148,0.0,0.02242152466367713,0.0
1950,490,12,0.4147727272727273,0.09090909090909091,0.6619318181818182,3.352272727272727,0.0,0.0,0.0,0.06818181818181818,0.0,0.0,0.22443181818181818,0.0,0.11931818181818182,1.2414772727272727,0.6505681818181818,0.0,0.0,0.0,0.0,10.954545454545455,0.0,2.346590909090909,0.0,4.25,1.5227272727272727,0.10227272727272728,3.9517045454545454,0.0,0.0,0.0,0.11363636363636363,0.0,0.0,16.28409090909091,1.6306818181818181,0.0,0.0,0.0,0.0,0.2528409090909091,0.4914772727272727,0.0,0.04261363636363636,0.0
1944,983,4,0.3821138211382114,0.056910569105691054,0.3089430894308943,2.933333333333333,0.0,0.10569105691056911,0.0,0.8861788617886179,0.0,0.0,0.0,0.0,0.0,0.9512195121951219,0.183739837398374,0.0,0.0,0.1983739837398374,0.0,8.704065040650406,0.016260162601626018,3.100813008130081,0.0,4.4504065040650405,1.921951219512195,0.008130081300813009,4.333333333333333,0.0,0.0,0.0,0.0,0.0,0.0,13.235772357723578,1.6065040650406504,0.0,0.0,0.0,0.0,0.37886178861788616,0.44715447154471544,0.0,0.05040650406504065,0.4
1949,1003,4,0.2716049382716049,0.0823045267489712,0.4156378600823045,2.921810699588477,0.0,0.0,0.0,0.0,0.0,0.0,0.0,0.0,0.0,0.0,0.0,0.0,0.0,0.0,0.0,11.925925925925926,0.04938271604938271,1.8024691358024691,0.0,3.337448559670782,0.9794238683127572,0.1111111111111111,5.156378600823046,0.0,0.0,0.0,0.0,0.0,0.0,14.806584362139917,1.646090534979424,0.0,0.0,0.0,0.0,0.1111111111111111,0.4567901234567901,0.0,0.03292181069958848,0.0
1946,1223,4,0.3237250554323725,0.10199556541019955,0.5565410199556541,3.88470066518847,0.0,0.0,0.0,0.04656319290465632,0.0,0.0,0.0,0.0,0.0,0.019955654101995565,0.037694013303769404,0.0,0.0,0.0,0.0,14.365853658536585,0.026607538802660754,1.9467849223946785,0.0,6.631929046563193,2.1507760532150777,0.18403547671840353,3.696230598669623,0.0,0.0,0.0,0.0,0.0,0.0,18.521064301552105,2.374722838137472,0.0,0.0,0.0,0.0,0.4656319290465632,0.49002217294900224,0.0,0.015521064301552107,0.0
1958,1848,4,0.5603448275862069,0.12931034482758622,0.47413793103448276,3.8304597701149423,0.0,0.0,0.0,0.0,0.0,0.0,0.08908045977011494,0.02586206896551724,0.0,0.9597701149425287,0.22701149425287356,0.0,0.0,0.0,0.05459770114942529,13.206896551724139,0.0,1.264367816091954,0.0,12.635057471264368,3.9942528735632186,0.06609195402298851,4.945402298850575,0.0,0.0,0.0,0.0,0.0,0.0,20.304597701149426,2.4051724137931036,0.0,0.3448275862068966,0.0,0.0,0.7787356321839081,0.46839080459770116,0.08908045977011494,0.06609195402298851,8.114942528735632
1952,244,4,0.5612489991993594,0.09687750200160128,0.32986389111289033,3.374699759807846,0.0,0.0,0.0,0.0,0.0,0.0,0.0,0.0,0.0,0.0,0.0,0.0,0.0,0.0,0.0,11.707766212970377,0.0,1.8839071257005604,0.0,9.42594075260208,1.3322658126501201,0.100080064051241,4.6052842273819055,0.0,0.0,0.2409927942353883,0.0,0.0,0.0,18.80224179343475,1.834267413931145,0.0,0.088871096877502,0.040032025620496396,0.0,0.5740592473979184,0.5316253002401922,0.0,0.04483586869495596,0.0
1950,1159,4,0.5474254742547425,0.08130081300813008,0.962059620596206,2.0189701897018972,0.0,0.0,0.0,0.1002710027100271,0.0,0.0,0.0027100271002710027,0.0,0.01084010840108401,0.11382113821138211,0.0,0.0,0.0,0.0,0.08130081300813008,9.65040650406504,0.0,1.6341463414634145,0.0,3.165311653116531,0.8211382113821138,0.22764227642276422,5.791327913279133,0.0,0.0,0.0,0.0,0.0,0.0,10.097560975609756,1.0406504065040652,0.0,0.2791327913279133,0.08943089430894309,0.0,0.16802168021680217,0.3685636856368564,0.0,0.07046070460704607,0.0
1947,1937,4,0.3220064724919094,0.07928802588996764,0.6990291262135923,2.207119741100324,0.0,0.0,0.0,0.0,0.0,0.0,0.0,0.0,0.0,0.0048543689320388345,0.0,0.0,0.0,0.0,0.0,9.839805825242719,0.014563106796116505,1.5679611650485437,0.0,3.3754045307443366,0.6925566343042071,0.06310679611650485,4.558252427184466,0.0,0.0,0.05501618122977346,0.0,0.0,0.0,12.218446601941748,1.1796116504854368,0.0,0.19093851132686085,0.0,0.0,0.13915857605177995,0.4449838187702265,1.5857605177993528,0.024271844660194174,0.5145631067961165
1959,1431,4,0.6035502958579881,0.1203155818540434,0.378698224852071,3.6173570019723864,0.0,0.0,0.0,0.0,0.0,0.0,0.0,0.0,0.0,0.0,0.0,0.0,0.0,0.0,0.0,12.964497041420119,0.015779092702169626,2.0236686390532546,0.0,9.73767258382643,1.6962524654832347,0.047337278106508875,5.3609467455621305,0.0,0.0,0.15384615384615385,0.0,0.0,0.0,19.723865877712033,1.9546351084812623,0.0,0.14003944773175542,0.0,0.0,0.6883629191321499,0.5660749506903353,0.0,0.023668639053254437,0.0
1947,38,4,0.43529411764705883,0.08823529411764706,0.42549019607843136,3.627450980392157,0.0,0.0,0.0,0.0,0.0,0.0,0.0,0.0,0.0,0.00196078431372549,0.0,0.0,0.0,0.0,0.0,13.098039215686274,0.0,1.8235294117647058,0.0,11.450980392156863,1.7529411764705882,0.3568627450980392,5.623529411764705,0.0,0.0,0.22549019607843138,0.0,0.0,0.0,18.27843137254902,2.0941176470588236,0.0,0.07647058823529412,0.0,0.0,0.8803921568627451,0.4823529411764706,0.0,0.027450980392156862,0.0
1954,284,7,0.461038961038961,0.07792207792207792,0.24675324675324675,2.435064935064935,0.0,0.0,0.0,0.0,0.0,0.0,0.0,0.0,0.0,0.0,0.0,0.0,0.0,0.0,0.0,10.7987012987013,0.0,1.3181818181818181,0.0,4.2272727272727275,1.2987012987012987,0.2077922077922078,4.746753246753247,0.0,0.0,0.0,0.0,0.0,0.0,9.136363636363637,1.077922077922078,0.0,0.0,0.0,0.0,0.2077922077922078,0.37012987012987014,0.0,0.032467532467532464,0.0
1951,52,4,0.5425170068027211,0.06462585034013606,0.46938775510204084,2.683673469387755,0.0,0.0,0.0,0.1598639455782313,0.0,0.0,0.22959183673469388,0.0,0.0,0.7517006802721088,0.36054421768707484,0.0,0.0,0.013605442176870748,0.6955782312925171,5.289115646258503,0.0,4.324829931972789,0.0,4.755102040816326,1.901360544217687,0.19047619047619047,4.845238095238095,0.0,0.0,0.0,0.0,0.195578231292517,0.0,13.95748299319728,1.7329931972789117,0.0,0.05952380952380952,0.04081632653061224,0.0,0.391156462585034,0.43197278911564624,0.0,0.10204081632653061,2.82312925170068
1957,642,4,0.45228215767634855,0.11203319502074689,0.17842323651452283,2.863070539419087,0.0,0.0,0.0,0.0,0.0,0.0,0.0,0.0,0.0,0.0,0.0,0.0,0.0,0.0,0.0,12.427385892116183,0.0,1.4190871369294606,0.0,7.215767634854772,1.2821576763485478,0.05394190871369295,3.3568464730290457,0.0,0.0,0.0,0.0,0.0,0.0,11.813278008298756,1.5933609958506223,0.0,0.0,0.0,0.0,0.5892116182572614,0.35684647302904565,0.0,0.016597510373443983,0.0
1957,884,4,0.3836734693877551,0.05612244897959184,0.22448979591836735,2.3224489795918366,0.0,0.0,0.0,0.04387755102040816,0.0,0.0,0.0,0.0,0.0,0.10510204081632653,0.017346938775510204,0.0,0.0,0.01020408163265306,0.0,9.938775510204081,0.0,1.9591836734693877,0.0,5.040816326530612,0.7040816326530612,0.14183673469387756,2.7948979591836736,0.0,0.0,0.2030612244897959,0.0,0.0,0.0,10.771428571428572,1.2683673469387755,0.0,0.024489795918367346,0.0,0.0,0.2785714285714286,0.42959183673469387,0.0,0.018367346938775512,0.0
1946,1596,15,0.39906103286384975,0.10641627543035993,0.350547730829421,2.430359937402191,0.0,0.0,0.0,0.06103286384976526,0.0,0.0,0.0,0.0,0.0,0.09702660406885759,0.01564945226917058,0.0,0.0,0.00782472613458529,0.0,12.147104851330203,0.01564945226917058,1.7730829420970267,0.0,6.100156494522691,0.9280125195618153,0.15805946791862285,3.45226917057903,0.0,0.0,0.0892018779342723,0.0,0.0,0.025039123630672927,13.34585289514867,1.4929577464788732,0.0,0.25508607198748046,0.0,0.0,0.3317683881064163,0.45539906103286387,0.0,0.0297339593114241,0.0
1956,690,4,0.5172413793103449,0.03940886699507389,0.9014778325123153,2.857142857142857,0.0,0.09359605911330049,0.0,0.5369458128078818,0.0,0.0,0.0,0.0,0.0,1.2561576354679802,0.28078817733990147,0.0,0.0,0.0,0.0,3.334975369458128,0.0,3.2463054187192117,0.0,3.1576354679802954,1.5320197044334976,1.2216748768472907,5.916256157635468,0.0,0.0,0.15763546798029557,0.0,0.0,0.0,19.25615763546798,1.8472906403940887,0.0,0.0,0.12315270935960591,0.0,0.26108374384236455,0.5714285714285714,0.0,0.059113300492610835,4.773399014778325
1952,1104,4,0.4235294117647059,0.07352941176470588,0.4147058823529412,2.523529411764706,0.0,0.0,0.0,0.023529411764705882,0.0,0.0,0.0,0.0,0.0,0.07058823529411765,0.0,0.0,0.0,0.0,0.0,12.944117647058823,0.0058823529411764705,1.8852941176470588,0.0,5.9676470588235295,1.2676470588235293,0.24411764705882352,2.911764705882353,0.0,0.0,0.21470588235294116,0.0,0.0,0.0,12.311764705882354,1.423529411764706,0.0,0.27647058823529413,0.0,0.0,0.37941176470588234,0.5264705882352941,0.0,0.029411764705882353,0.0
1951,1195,2,0.3612565445026178,0.09424083769633508,0.19895287958115182,4.465968586387435,0.0,0.0,0.0,0.0,0.0,0.0,0.0,0.0,0.0,0.04712041884816754,0.0,0.0,0.0,0.0,0.0,16.356020942408378,0.0,2.3664921465968587,0.0,9.963350785340314,3.1256544502617802,0.09947643979057591,2.0366492146596857,0.0,0.0,0.0,0.3193717277486911,0.0,0.05759162303664921,21.827225130890053,2.968586387434555,0.0,0.0,0.0,0.0,0.6910994764397905,0.5078534031413613,0.0,0.041884816753926704,0.0
1949,1447,4,0.3289036544850498,0.08305647840531562,0.38870431893687707,2.4451827242524917,0.0,0.0,0.0,0.0,0.0,0.0,0.0,0.19269102990033224,0.0,0.0,0.0,0.0,0.0,0.0,0.0,3.142857142857143,0.0,1.0398671096345515,0.0,2.1096345514950166,1.1162790697674418,0.0,4.445182724252492,0.0,0.0,0.0,0.0,0.0,0.0,15.90033222591362,1.7641196013289036,0.0,0.0,0.0,0.0,0.0,0.5681063122923588,0.1760797342192691,0.013289036544850499,15.411960132890366
1955,1538,4,0.3439153439153439,0.0582010582010582,0.6613756613756614,3.1164021164021163,0.0,0.0,0.0,0.0,0.0,0.0,0.0,0.0,0.0,0.0,0.0,0.0,0.0,0.0,0.0,10.243386243386244,0.0,1.6402116402116402,0.0,8.957671957671957,1.0105820105820107,0.25396825396825395,6.285714285714286,0.0,0.0,0.19047619047619047,0.0,0.0,0.0,15.698412698412698,1.7566137566137565,0.0,0.0,0.0,0.0,0.746031746031746,0.5238095238095238,0.0,0.021164021164021163,0.0
1954,1771,4,0.4268292682926829,0.06504065040650407,0.3231707317073171,2.6565040650406506,0.0,0.0,0.0,0.0,0.0,0.0,0.0,0.0,0.0,0.0,0.0,0.0,0.0,0.0,0.0,9.121951219512194,0.0,3.2195121951219514,0.0,8.276422764227643,0.975609756097561,0.03861788617886179,3.6707317073170733,0.0,0.0,0.7317073170731707,0.0,0.0,0.0,14.09959349593496,1.3943089430894309,0.0,0.0,0.022357723577235773,0.0,0.5365853658536586,0.47560975609756095,0.0,0.028455284552845527,0.0
1953,1952,4,0.4833040421792619,0.0984182776801406,0.3884007029876977,3.5799648506151143,0.0,0.0,0.0,0.014059753954305799,0.0,0.0,0.0,0.0,0.0,0.05799648506151142,0.0017574692442882249,0.0,0.0,0.0,0.0,10.690685413005273,0.0,1.9824253075571177,0.0,5.1335676625659055,1.9261862917398946,0.061511423550087874,4.10896309314587,0.0,0.0,0.007029876977152899,0.0913884007029877,0.0,0.007029876977152899,20.0,2.1370826010544817,0.0,0.0,0.0,0.0,0.39015817223198596,0.5114235500878734,0.0,0.022847100175746926,0.0
1954,173,7,0.4715447154471545,0.032520325203252036,0.7967479674796748,2.065040650406504,0.0,0.0,0.0,0.0,0.0,0.0,0.0,0.0,0.0,0.17886178861788618,0.0,0.0,0.0,0.0,0.024390243902439025,6.439024390243903,0.0,1.934959349593496,0.0,2.5365853658536586,0.5691056910569106,0.0975609756097561,7.495934959349594,0.0,0.0,0.0,0.0,0.0,0.0,13.699186991869919,0.8211382113821138,0.0,0.0,0.0,0.0,0.08943089430894309,0.5691056910569106,0.0,0.016260162601626018,0.0
1958,967,4,0.5415896487985212,0.09796672828096119,0.3752310536044362,3.33086876155268,0.0,0.0,0.0,0.027726432532347505,0.0,0.0,0.17375231053604437,0.0,0.0,0.6635859519408502,0.39186691312384475,0.0,0.0,0.0,1.0055452865064696,13.608133086876155,0.0,1.2643253234750462,0.0,11.3271719038817,3.5526802218114604,0.1977818853974122,4.55637707948244,0.0,0.0,0.0036968576709796672,0.0,0.0,0.0,14.144177449168208,1.8853974121996304,0.0,0.04805914972273567,0.033271719038817,0.0,0.7153419593345656,0.4269870609981516,0.0,0.04251386321626617,3.4916820702402958
1958,1647,4,0.3670886075949367,0.043037974683544304,0.8810126582278481,2.250632911392405,0.0,0.0,0.0,0.007594936708860759,0.0,0.0,0.0,0.0,0.0,0.0,0.0,0.0,0.0,0.0,0.0,3.240506329113924,0.035443037974683546,1.539240506329114,0.0,1.8101265822784811,0.7291139240506329,0.10126582278481013,4.351898734177215,0.0,0.0,0.02531645569620253,0.0,0.0,0.0,13.063291139240507,1.5620253164556963,0.0,0.0,0.030379746835443037,0.0,0.0,0.42278481012658226,0.0,0.007594936708860759,0.0
1960,101,4,0.38493723849372385,0.056485355648535567,0.44142259414225943,2.8870292887029287,0.0,0.0,0.0,0.0,0.0,0.0,0.0,0.0,0.0,0.0,0.0,0.0,0.0,0.0,0.0,9.610878661087867,0.0,1.8221757322175731,0.0,6.146443514644352,1.2426778242677825,0.27405857740585776,3.7447698744769875,0.0,0.0,0.01882845188284519,0.0,0.0,0.0,17.711297071129707,1.7531380753138075,0.0,0.0,0.0041841004184100415,0.0,0.42887029288702927,0.47280334728033474,0.0,0.02092050209205021,0.0
1962,216,7,0.4600760456273764,0.05449936628643853,0.835234474017744,2.4106463878326996,0.0,0.0,0.0,0.032953105196451206,0.0,0.0,0.0,0.0,0.0,0.019011406844106463,0.0,0.0,0.0,0.0,0.0,10.988593155893536,0.0,1.623574144486692,0.0,4.055766793409379,1.191381495564005,0.14195183776932827,5.224334600760456,0.0,0.0,0.0,0.10899873257287707,0.0,0.0,9.884664131812421,1.2534854245880862,0.0,0.035487959442332066,0.026615969581749048,0.0,0.22433460076045628,0.40430925221799746,0.0,0.024081115335868188,0.0
1953,372,4,0.5107238605898123,0.09651474530831099,0.2949061662198391,3.576407506702413,0.0,0.0,0.0,0.22654155495978553,0.0,0.0,0.23324396782841822,0.0,0.020107238605898123,0.7882037533512064,0.29088471849865954,0.0,0.0,0.014745308310991957,0.7721179624664879,12.372654155495978,0.0,1.5080428954423593,0.0,13.490616621983914,3.8471849865951744,0.13270777479892762,3.973190348525469,0.0,0.0,0.0,0.0,0.5536193029490617,0.0,15.256032171581769,2.025469168900804,0.0,0.467828418230563,0.01876675603217158,0.049597855227882036,0.9410187667560321,0.38337801608579086,0.0,0.04289544235924933,2.215817694369973
1960,706,4,0.3760330578512397,0.05371900826446281,0.5,2.041322314049587,0.0,0.0,0.0,0.012396694214876033,0.0,0.0,0.0,0.0,0.0,0.2603305785123967,0.0,0.0,0.0,0.0,0.0,2.731404958677686,0.0,1.71900826446281,0.0,1.5537190082644627,0.6694214876033058,0.16115702479338842,6.871900826446281,0.0,0.0,0.0,0.0,0.0,0.0,10.706611570247935,1.1983471074380165,0.0,0.0,0.10743801652892562,0.0,0.0,0.5,0.0,0.01652892561983471,0.0
1964,1319,15,0.3713646532438479,0.05592841163310962,0.6331096196868009,2.12751677852349,0.0,0.0,0.0,0.21923937360178972,0.0,0.0,0.0,0.0,0.0,0.14317673378076062,0.058165548098434,0.0,0.0,0.008948545861297539,0.0,6.935123042505593,0.03131991051454139,1.534675615212528,0.0,3.1387024608501117,0.7225950782997763,0.4720357941834452,3.9060402684563758,0.0,0.0,0.2505592841163311,0.0,0.0,0.0,11.16331096196868,1.3534675615212528,0.0,0.24608501118568232,0.0,0.0,0.011185682326621925,0.45861297539149887,0.0,0.015659955257270694,0.28859060402684567
1957,1358,15,0.5008665511265165,0.0831889081455806,0.3847487001733102,3.053726169844021,0.0,0.0,0.0,0.804159445407279,0.0,0.0,0.0,0.0017331022530329288,0.0,0.9826689774696707,0.3396880415944541,0.0,0.0,0.0,0.0,9.187175043327557,0.0,2.1854419410745236,0.0,4.005199306759099,2.337954939341421,0.35701906412478335,3.3535528596187176,0.0,0.0,0.0,0.0,0.0,0.0,16.67937608318891,1.7608318890814558,0.0,0.0,0.038128249566724434,0.0,0.5424610051993067,0.44194107452339687,0.043327556325823226,0.06932409012131716,1.2824956672443675
1965,1618,3,0.42359249329758714,0.10991957104557641,0.2868632707774799,2.871313672922252,0.0,0.21179624664879357,0.0,0.3941018766756032,0.0,0.0,0.0,0.0,0.0,0.8873994638069705,0.1769436997319035,0.0,0.0,0.0,0.0,11.367292225201073,0.0,3.10455764075067,0.0,3.8793565683646114,1.6193029490616622,0.2520107238605898,5.206434316353888,0.0,0.0,0.0,0.0,0.0,0.0,16.230563002680967,1.2868632707774799,0.0,0.0,0.05361930294906166,0.0,0.2707774798927614,0.5415549597855228,0.03753351206434316,0.07506702412868632,4.03485254691689
1966,1686,4,0.3947681331747919,0.08442330558858502,0.34958382877526756,3.087990487514863,0.0,0.0,0.0,0.030915576694411414,0.0,0.0,0.0,0.0,0.0,0.14149821640903687,0.019024970273483946,0.0,0.0,0.0,0.0,13.787158145065398,0.0,1.9369797859690845,0.0,4.843043995243757,1.4328180737217597,0.2497027348394768,8.562425683709868,0.0,0.0,0.0,0.0,0.0,0.06896551724137931,16.44946492271106,1.544589774078478,0.0,0.0,0.0,0.0,0.29607609988109396,0.5267538644470868,0.0,0.0356718192627824,0.38406658739595717
1964,1965,7,0.4158815612382234,0.07806191117092867,0.46837146702557203,2.9676985195154777,0.0,0.0,0.0,0.0955585464333782,0.0,0.0,0.0,0.0,0.0,0.5047106325706595,0.10363391655450875,0.0,0.0,0.0,0.0,7.7092866756393,0.0,1.9919246298788695,0.0,5.460296096904441,1.5195154777927322,0.288021534320323,4.776581426648721,0.0,0.0,0.08209959623149395,0.0,0.0,0.0,17.104979811574697,1.6231493943472408,0.0,0.0,0.0,0.0,0.5558546433378196,0.49663526244952894,0.0,0.033647375504710635,0.5208613728129206
1957,1983,15,0.6548797736916548,0.08062234794908062,0.6449787835926449,4.254596888260255,0.0,0.0,0.0,0.024045261669024046,0.0,0.0,0.1371994342291372,0.0,0.0,0.7340876944837341,0.2263083451202263,0.0,0.0,0.0,0.5275813295615276,8.586987270155587,0.0,1.8854314002828854,0.0,5.514851485148514,2.427157001414427,0.19801980198019803,5.861386138613861,0.0,0.0,0.0,0.0,0.0,0.0,23.683168316831683,2.3734087694483734,0.0,0.07779349363507779,0.0,0.0,0.2927864214992928,0.5205091937765205,0.0,0.05374823196605375,0.49646393210749645
1964,65,4,0.6648199445983379,0.08587257617728532,0.32409972299168976,3.326869806094183,0.0,0.0,0.0,0.8587257617728532,0.0,0.0,0.008310249307479225,0.0,0.0,0.8642659279778393,0.10526315789473684,0.0,0.0,0.0,0.01662049861495845,5.8448753462603875,0.0,2.6066481994459836,0.0,2.221606648199446,1.7728531855955678,0.3988919667590028,5.750692520775623,0.0,0.0,0.0,0.0,0.0,0.6786703601108033,21.628808864265928,2.0083102493074794,0.0,0.0332409972299169,0.0,0.0,0.1994459833795014,0.5457063711911357,0.0,0.04709141274238227,6.213296398891967
1957,1271,4,0.5044722719141324,0.07692307692307693,0.46511627906976744,1.960644007155635,0.0,0.0,0.0,0.0,0.0,0.0,0.0,0.0,0.0,0.023255813953488372,0.0,0.0,0.0,0.0,0.0,7.728085867620751,0.0,1.6207513416815742,0.0,4.155635062611807,0.5152057245080501,0.13237924865831843,5.186046511627907,0.0,0.0,0.0,0.0,0.0,0.0,8.67262969588551,1.0930232558139534,0.0,0.0,0.0,0.0,0.46153846153846156,0.3935599284436494,0.0,0.023255813953488372,0.0
1964,1463,4,0.4631578947368421,0.18421052631578946,0.12105263157894737,8.205263157894738,0.0,0.0,0.0,0.0,0.0,0.0,0.005263157894736842,0.0,0.0,0.031578947368421054,0.0,0.0,0.0,0.0,0.0,22.16842105263158,0.0,1.6157894736842104,0.0,19.147368421052633,3.363157894736842,0.0,1.8578947368421053,0.0,0.0,0.0,0.6157894736842106,0.0,0.0,35.51578947368421,4.578947368421052,0.0,0.0,0.0,0.0,1.0578947368421052,0.5368421052631579,0.0,0.031578947368421054,0.0
1966,305,4,0.44274809160305345,0.07480916030534351,0.6122137404580152,2.969465648854962,0.0,0.0,0.0,0.0,0.0,0.0,0.0015267175572519084,0.0,0.0,0.18167938931297709,0.0061068702290076335,0.0,0.0,0.0,0.0,11.090076335877862,0.0,2.236641221374046,0.0,10.633587786259541,1.9435114503816795,0.29770992366412213,4.574045801526718,0.0,0.0,0.02748091603053435,0.0,0.0,0.0,16.196946564885497,1.7938931297709924,0.0,0.0,0.0,0.0,1.2213740458015268,0.5129770992366413,0.0,0.035114503816793895,0.0
1955,327,4,0.45263157894736844,0.0881578947368421,1.0039473684210527,2.3947368421052633,0.0,0.0,0.0,0.0,0.0,0.0,0.056578947368421055,0.0,0.0,0.2802631578947368,0.10263157894736842,0.0,0.0,0.0,0.275,11.215789473684211,0.0,2.069736842105263,0.0,4.96578947368421,0.9907894736842106,0.3460526315789474,7.213157894736842,0.0,0.0,0.0,0.0,0.06578947368421052,0.0,11.314473684210526,1.3828947368421052,0.0,0.2578947368421053,0.0,0.0,0.29736842105263156,0.43157894736842106,0.0,0.07236842105263158,0.034210526315789476
1966,1585,4,0.49693251533742333,0.046012269938650305,0.7883435582822086,2.8466257668711656,0.0,0.0,0.0,0.0,0.0,0.0,0.0,0.0,0.0,0.003067484662576687,0.0,0.0,0.0,0.0,0.0,7.02760736196319,0.0,1.607361963190184,0.0,5.3496932515337425,1.3711656441717792,0.31901840490797545,6.383435582822086,0.0,0.0,0.08282208588957055,0.0,0.0,0.0,13.631901840490798,1.8558282208588956,0.0,0.04294478527607362,0.0,0.0,0.27607361963190186,0.46319018404907975,0.0,0.027607361963190184,0.0
1968,39,4,0.44933920704845814,0.07819383259911894,0.43502202643171806,2.8204845814977975,0.0,0.0,0.0,0.0,0.0,0.0,0.07599118942731277,0.0,0.0,0.2488986784140969,0.0,0.0,0.0,0.0,0.018722466960352423,9.381057268722467,0.0,2.486784140969163,0.0,7.609030837004405,1.8645374449339207,0.236784140969163,4.5539647577092515,0.0,0.0,0.11563876651982379,0.0,0.0,0.0,15.897577092511014,1.6288546255506609,0.0,0.0,0.007709251101321586,0.0,0.5539647577092511,0.5044052863436124,0.0,0.02643171806167401,0.0
1962,855,4,0.4442446043165468,0.11870503597122302,0.2446043165467626,2.6007194244604315,0.0,0.0,0.0,0.017985611510791366,0.0,0.0,0.0,0.0,0.0,0.019784172661870502,0.0,0.0,0.0,0.0,0.0,14.928057553956835,0.0,1.3920863309352518,0.0,5.030575539568345,1.3381294964028776,0.16007194244604317,3.462230215827338,0.0,0.0,0.0,0.0,0.0,0.0,10.321942446043165,1.2715827338129497,0.0,0.06654676258992806,0.0,0.0,0.2589928057553957,0.3579136690647482,0.0,0.014388489208633094,0.0
1961,1023,12,0.41710296684118675,0.08726003490401396,0.5462478184991274,2.7888307155322862,0.0,0.0,0.0,0.0,0.0,0.0,0.0,0.0,0.0,0.031413612565445025,0.0,0.0,0.0,0.0,0.0,10.279232111692846,0.03315881326352531,1.7731239092495636,0.0,6.214659685863874,1.2949389179755673,0.33856893542757416,3.3158813263525304,0.0,0.0,0.0,0.0,0.0,0.0,13.589877835951134,1.712041884816754,0.0,0.0034904013961605585,0.0034904013961605585,0.0,0.43804537521815007,0.44502617801047123,0.0,0.015706806282722512,0.0
1959,1071,4,0.3095723014256619,0.08757637474541752,0.3910386965376782,3.25050916496945,0.0,0.028513238289205704,0.0,0.32179226069246436,0.0,0.0,0.0,0.0,0.0,0.21384928716904278,0.07739307535641547,0.0,0.032586558044806514,0.1425661914460285,0.0,13.272912423625254,0.054989816700611,1.955193482688391,0.0,4.853360488798371,1.780040733197556,0.32382892057026474,4.169042769857434,0.0,0.0,0.0,0.0,0.0,0.0,16.13645621181263,1.9144602851323829,0.0,0.0,0.0,0.0,0.3034623217922607,0.48676171079429736,0.0,0.026476578411405296,0.36863543788187375
1965,1218,4,0.29850746268656714,0.07164179104477612,0.5074626865671642,3.256716417910448,0.0,0.0,0.0,0.029850746268656716,0.0,0.0,0.0,0.0,0.0,0.020895522388059702,0.008955223880597015,0.0,0.0,0.0,0.014925373134328358,6.7611940298507465,0.03582089552238806,1.373134328358209,0.0,4.1940298507462686,1.7611940298507462,0.08059701492537313,3.808955223880597,0.0,0.0,0.0,0.0,0.0,0.0,18.37313432835821,2.280597014925373,0.0,0.0,0.0,0.0,0.22686567164179106,0.47761194029850745,0.0,0.020895522388059702,0.0
1957,728,15,0.6075085324232082,0.051194539249146756,0.3054607508532423,2.1092150170648463,0.0,0.0,0.0,0.0,0.0,0.0,0.0,0.07849829351535836,0.0,0.010238907849829351,0.0,0.0,0.0,0.0,0.0,3.5017064846416384,0.0,1.030716723549488,0.0,4.073378839590443,1.1313993174061434,0.0,3.7901023890784984,0.0,0.0,0.006825938566552901,0.0,0.0,0.0,14.015358361774744,1.3327645051194539,0.0,0.1075085324232082,0.0,0.0,0.23378839590443687,0.46245733788395904,0.15870307167235495,0.02218430034129693,16.72354948805461
1972,404,4,0.4885057471264368,0.06321839080459771,0.28735632183908044,2.17816091954023,0.0,0.0,0.0,0.5718390804597702,0.0,0.0,0.0,0.0,0.0,0.7902298850574713,0.2959770114942529,0.0,0.0,0.0,0.0,10.557471264367816,0.0028735632183908046,1.6637931034482758,0.0,4.741379310344827,0.8362068965517241,0.34770114942528735,4.181034482758621,0.0,0.0,0.0,0.0,0.0,0.0,10.810344827586206,1.1408045977011494,0.0,0.0,0.06321839080459771,0.0,0.25287356321839083,0.5057471264367817,0.0,0.05459770114942529,0.3850574712643678
1973,952,4,0.35794871794871796,0.06461538461538462,0.6974358974358974,2.006153846153846,0.0,0.0,0.0,0.1558974358974359,0.0,0.0,0.0020512820512820513,0.0,0.0,0.1835897435897436,0.013333333333333334,0.0,0.0,0.0,0.13743589743589743,8.775384615384615,0.0,3.2153846153846155,0.0,2.9507692307692306,0.6912820512820513,0.07487179487179488,7.138461538461539,0.0,0.0,0.0,0.0,0.0,0.0,9.221538461538461,0.9989743589743589,0.0,0.03076923076923077,0.05846153846153846,0.0,0.13025641025641024,0.39897435897435896,0.0,0.03487179487179487,0.0
1958,1259,4,0.37421665174574753,0.08146821844225605,0.4341987466427932,3.0044762757385857,0.0,0.0,0.0,0.03581020590868397,0.0,0.0,0.0,0.0,0.0,0.07609668755595345,0.0,0.0,0.0,0.0008952551477170994,0.0,11.658907788719786,0.0,1.9964189794091316,0.0,6.6311548791405555,1.5872873769024172,0.10743061772605192,3.4216651745747537,0.0,0.0,0.07072515666965085,0.0,0.0,0.0,15.335720680393912,1.91047448522829,0.0,0.017905102954341987,0.018800358102059087,0.0,0.4843330349149508,0.4565801253357207,0.0,0.02685765443151298,0.5443151298119964
1970,506,4,0.6470588235294118,0.17647058823529413,0.375,7.602941176470588,0.0,0.0,0.0,0.0,0.0,0.0,0.0,0.0,0.0,0.0,0.0,0.0,0.0,0.0,0.0,18.676470588235293,0.0,1.338235294117647,0.0,18.49264705882353,3.2279411764705883,0.007352941176470588,2.2720588235294117,0.0,0.0,0.0,0.5367647058823529,0.0,0.0,34.36029411764706,4.5661764705882355,0.0,0.09558823529411764,0.0,0.0,1.0220588235294117,0.5220588235294118,0.0,0.03676470588235294,0.0
1961,609,12,0.3583815028901734,0.08092485549132948,0.4701348747591522,3.030828516377649,0.0,0.0,0.0,0.009633911368015413,0.0,0.0,0.0,0.0,0.0,0.04431599229287091,0.0,0.0,0.0,0.0,0.0,11.635838150289016,0.0,1.9633911368015415,0.0,5.946050096339114,1.2369942196531791,0.0038535645472061657,3.0077071290944124,0.0,0.0,0.12909441233140656,0.0,0.0,0.0,12.472061657032755,1.747591522157996,0.0,0.06358381502890173,0.0,0.0,0.3699421965317919,0.4026974951830443,0.0,0.023121387283236993,0.0
1967,925,15,0.8433333333333334,0.08333333333333333,0.18666666666666668,2.53,0.0,0.07666666666666666,0.0,0.20333333333333334,0.0,0.0,0.0,0.0,0.0,0.5666666666666667,0.2733333333333333,0.0,0.06,0.66,0.0,5.053333333333334,0.0,3.216666666666667,0.0,7.266666666666667,1.16,1.49,4.78,0.0,0.0,0.02,0.0,0.0,0.0,13.78,1.35,0.0,0.0,0.0,0.0,0.9433333333333334,0.5133333333333333,0.0,0.12,1.3033333333333332
1965,991,4,0.361328125,0.05078125,0.318359375,2.236328125,0.0,0.0,0.0,0.146484375,0.0,0.0,0.0,0.0,0.0,0.31640625,0.017578125,0.0,0.03515625,0.037109375,0.0,9.3828125,0.0,1.619140625,0.0,4.1875,0.798828125,0.046875,3.859375,0.0,0.0,0.05078125,0.0,0.0,0.271484375,12.236328125,1.3046875,0.0,0.00390625,0.0,0.0,0.142578125,0.443359375,0.0,0.03125,0.677734375
1962,781,4,0.3730769230769231,0.07884615384615384,0.9365384615384615,2.8634615384615385,0.0,0.0,0.0,0.0,0.0,0.0,0.0,0.0,0.0,0.0,0.0,0.0,0.0,0.0,0.0,9.117307692307692,0.032692307692307694,1.6826923076923077,0.0,6.917307692307692,1.525,0.2903846153846154,3.853846153846154,0.0,0.0,0.23461538461538461,0.0,0.0,0.0,15.117307692307692,1.8346153846153845,0.0,0.03653846153846154,0.0,0.0,0.375,0.4423076923076923,0.0,0.019230769230769232,0.0
1972,906,11,0.3804347826086957,0.043478260869565216,0.677536231884058,2.003623188405797,0.0,0.0,0.0,0.0,0.0,0.0,0.0,0.0,0.0,0.0036231884057971015,0.0,0.0,0.0,0.0,0.0,2.4746376811594204,0.028985507246376812,1.8659420289855073,0.0,2.2681159420289854,0.5543478260869565,0.2391304347826087,4.61231884057971,0.0,0.0,0.18840579710144928,0.0,0.0,0.0,10.789855072463768,1.2028985507246377,0.0,0.37318840579710144,0.08695652173913043,0.0,0.03985507246376811,0.37681159420289856,0.0,0.014492753623188406,0.0
1963,1869,4,0.4078740157480315,0.08188976377952756,0.4110236220472441,3.4976377952755904,0.0,0.0,0.0,0.6157480314960629,0.0,0.0,0.0,0.0,0.0,0.8551181102362204,0.1952755905511811,0.0,0.27716535433070866,0.16377952755905512,0.0,11.68503937007874,0.0015748031496062992,1.6551181102362205,0.0,5.177952755905512,3.015748031496063,0.1732283464566929,3.8031496062992125,0.0,0.0,0.08188976377952756,0.0,0.0,1.1039370078740158,16.75748031496063,1.9559055118110236,0.0,0.0,0.04566929133858268,0.0,0.6015748031496063,0.4582677165354331,0.0,0.05669291338582677,2.905511811023622
1969,153,4,0.45714285714285713,0.0380952380952381,0.5285714285714286,2.6904761904761907,0.0,0.0,0.0,0.0,0.0,0.0,0.0,0.0,0.0,0.0,0.0,0.0,0.0,0.0,0.0,4.6571428571428575,0.0,1.7904761904761906,0.0,2.3666666666666667,0.919047619047619,0.09523809523809523,4.314285714285714,0.0,0.0,0.09047619047619047,0.0,0.0,0.0,16.304761904761904,1.4047619047619047,0.0,0.0,0.0,0.0,0.0,0.5380952380952381,0.0,0.03333333333333333,0.0
1966,1130,4,0.5924657534246576,0.04794520547945205,0.4657534246575342,1.696917808219178,0.0,0.0,0.0,0.05650684931506849,0.0,0.0,0.0,0.0,0.0,0.125,0.005136986301369863,0.0,0.0,0.0,0.04965753424657534,7.919520547945205,0.0,1.5393835616438356,0.0,2.2636986301369864,0.3767123287671233,0.2106164383561644,4.984589041095891,0.0,0.0,0.2705479452054795,0.0,0.0,0.0,7.804794520547945,0.648972602739726,0.0,0.00684931506849315,0.273972602739726,0.0,0.04452054794520548,0.3972602739726027,0.0,0.06678082191780822,0.0
1965,1103,4,0.3520408163265306,0.03316326530612245,1.030612244897959,2.2193877551020407,0.0,0.0,0.0,0.0,0.0,0.0,0.0,0.0,0.0,0.02040816326530612,0.0,0.0,0.0,0.0,0.0,5.076530612244898,0.030612244897959183,2.2551020408163267,0.0,2.6020408163265305,0.6632653061224489,0.11479591836734694,4.043367346938775,0.0,0.0,0.0,0.0,0.0,0.0,12.767857142857142,1.3928571428571428,0.0,0.0,0.00510204081632653,0.0,0.0,0.4872448979591837,0.0,0.015306122448979591,0.0
1969,1736,4,0.33849129593810445,0.12572533849129594,0.7988394584139265,5.189555125725338,0.0,0.0,0.0,0.0,0.0,0.0,0.0,0.0,0.0,0.059961315280464215,0.0,0.0,0.0,0.0,0.0,10.994197292069632,0.06382978723404255,28.671179883945843,0.0,7.595744680851064,1.7814313346228239,0.11605415860735009,3.8452611218568666,0.0,0.0,0.0,0.009671179883945842,0.0,0.0,16.382978723404257,2.0386847195357833,0.0,0.0,0.0,0.0,0.4874274661508704,4.777562862669246,0.0,0.017408123791102514,0.0
1960,365,4,0.5053995680345572,0.10583153347732181,0.3952483801295896,3.2678185745140387,0.0,0.0,0.0,0.0064794816414686825,0.0,0.0,0.01511879049676026,0.0,0.0064794816414686825,0.08423326133909287,0.019438444924406047,0.0,0.0,0.0,0.0,10.773218142548597,0.0,2.1447084233261338,0.0,7.5161987041036715,1.429805615550756,0.15982721382289417,4.950323974082074,0.0,0.0,0.06695464362850972,0.09287257019438445,0.0,0.0,20.064794816414686,2.0323974082073435,0.0,0.05183585313174946,0.0,0.0,0.5032397408207343,0.5377969762419006,0.0,0.047516198704103674,0.10151187904967603
1966,665,11,0.28205128205128205,0.02564102564102564,0.48717948717948717,2.051282051282051,0.0,0.0,0.0,0.02564102564102564,0.0,0.0,0.0,0.0,0.0,0.0,0.0,0.0,0.0,0.0,0.0,2.782051282051282,0.0,1.7307692307692308,0.0,1.705128205128205,0.7948717948717948,0.3333333333333333,6.884615384615385,0.0,0.0,0.0,0.0,0.0,0.0,10.756410256410257,1.1666666666666667,0.0,0.0,0.11538461538461539,0.0,0.0,0.4230769230769231,0.0,0.0641025641025641,0.0
1976,1487,4,0.35106382978723405,0.06382978723404255,0.8226950354609929,2.645390070921986,0.0,0.0,0.0,0.13120567375886524,0.0,0.0,0.0,0.0,0.0,1.3120567375886525,0.31560283687943264,0.0,0.0,0.0,0.0,9.78368794326241,0.0,1.5780141843971631,0.0,1.3333333333333333,0.8333333333333334,0.6028368794326241,3.9609929078014185,0.0,0.0,0.3191489361702128,0.0,0.0,1.599290780141844,11.106382978723405,1.049645390070922,0.0,0.3049645390070922,0.09574468085106383,0.0,0.0,0.4432624113475177,0.0,0.04609929078014184,0.0
1973,1807,4,0.4656290531776913,0.06874189364461739,0.6083009079118028,2.888456549935149,0.0,0.0012970168612191958,0.0,0.07392996108949416,0.0,0.0,0.0,0.0,0.0,0.09208819714656291,0.0,0.0,0.0,0.0,0.0,8.797665369649806,0.01556420233463035,2.1712062256809337,0.0,9.73929961089494,1.835278858625162,0.2529182879377432,3.8041504539559012,0.0,0.0,0.08430609597924774,0.0,0.0,0.029831387808041506,15.84046692607004,1.7328145265888457,0.0,0.0,0.0,0.0,0.9818417639429312,0.496757457846952,0.0,0.023346303501945526,0.0
1983,333,4,0.5428265524625268,0.09957173447537473,0.49785867237687365,3.4197002141327624,0.0,0.0,0.0,0.0,0.0,0.0,0.0,0.0,0.0,0.0,0.0,0.0,0.0,0.0,0.0,10.682012847965739,0.010706638115631691,1.8790149892933619,0.0,10.464668094218416,1.7098501070663812,0.17558886509635974,5.248394004282655,0.0,0.08565310492505353,0.3811563169164882,0.12098501070663811,0.0,0.0,19.759100642398288,1.9250535331905783,0.0,0.3361884368308351,0.0,0.0,0.6616702355460385,0.5246252676659529,0.0,0.03747323340471092,0.0
1977,1187,11,0.41566690190543404,0.08609738884968243,0.17784050811573748,3.243472124206069,0.0,0.0,0.0,0.0,0.0,0.0,0.0,0.0,0.0,0.014114326040931546,0.0,0.0,0.0,0.0,0.0,13.141143260409315,0.0,1.7671136203246296,0.0,6.489767113620324,2.003528581510233,0.08045165843330981,3.3895553987297107,0.0035285815102328866,0.0,0.01834862385321101,0.1651376146788991,0.0,0.0,14.446012702893437,2.031757233592096,0.0,0.004940014114326041,0.033168666196189134,0.0,0.46859562455892734,0.42201834862385323,0.0,0.02893436838390967,0.0
1976,1386,12,0.3433029908972692,0.08842652795838751,0.6150845253576073,3.024707412223667,0.0,0.0,0.0,0.0,0.0,0.0,0.014304291287386216,0.033810143042912875,0.0,0.8010403120936281,0.1222366710013004,0.0,0.0,0.16124837451235371,0.0858257477243173,10.41742522756827,0.0,1.5500650195058518,0.0,2.551365409622887,2.966189856957087,0.07022106631989597,3.036410923276983,0.0,0.0,0.007802340702210663,0.0,0.0,1.092327698309493,16.431729518855658,1.6020806241872563,0.0,0.11703511053315994,0.0,0.0,0.270481144343303,0.435630689206762,2.2158647594278285,0.02990897269180754,6.1326397919375815
1972,2004,5,0.39948006932409014,0.0658578856152513,0.35008665511265163,2.7868284228769498,0.0,0.09098786828422877,0.0,0.4930675909878683,0.0,0.0,0.0008665511265164644,0.0,0.010398613518197574,0.6161178509532063,0.16464471403812825,0.0,0.0,0.08925476603119584,0.0,8.893414211438476,0.0,1.9090121317157713,0.0,5.404679376083189,1.6395147313691507,0.31802426343154244,3.344887348353553,0.0,0.0,0.13084922010398614,0.09358752166377816,0.0,0.09965337954939342,15.79896013864818,1.6334488734835355,0.0,0.0,0.0,0.0,0.5121317157712305,0.5060658578856152,0.0,0.04592720970537262,1.8838821490467939
1971,427,7,0.7470817120622568,0.1245136186770428,0.830739299610895,3.369649805447471,0.0,0.0,0.0,0.2198443579766537,0.0,0.0,0.0,0.0,0.0,0.4883268482490272,0.06420233463035019,0.0,0.0,0.0,0.0,11.250972762645915,0.01556420233463035,3.815175097276265,0.19066147859922178,5.721789883268483,2.782101167315175,0.933852140077821,7.464980544747082,0.0,0.0,0.0,0.0,0.0,0.0,19.75875486381323,1.6070038910505837,0.0,0.023346303501945526,0.0,0.0,0.3754863813229572,0.5058365758754864,0.0,0.04474708171206226,1.1089494163424125
1985,448,4,0.4327956989247312,0.09408602150537634,0.7849462365591398,3.717741935483871,0.0,0.0,0.0,0.27956989247311825,0.0,0.0,0.25,0.0,0.0,0.7903225806451613,0.053763440860215055,0.0,0.0,0.0,1.5053763440860215,8.349462365591398,0.0,2.1908602150537635,0.0,4.048387096774194,2.271505376344086,0.09946236559139784,6.099462365591398,0.0,0.0,0.0,0.0,0.0,0.0,16.349462365591396,2.3844086021505375,0.0,0.12903225806451613,0.03225806451612903,0.0,0.239247311827957,0.43010752688172044,0.0,0.04838709677419355,0.0
1970,579,12,0.435459940652819,0.05489614243323442,0.13649851632047477,2.6921364985163203,0.0,0.0,0.0,0.02967359050445104,0.0,0.0,0.000741839762611276,0.0,0.0,0.064540059347181,0.0,0.0,0.0,0.0,0.03560830860534125,10.500741839762611,0.0,2.899851632047478,0.0,6.570474777448071,1.5660237388724036,0.004451038575667656,4.379821958456973,0.0,0.0,0.12759643916913946,0.0,0.0,0.0,11.433976261127597,1.513353115727003,0.0,0.0,0.026706231454005934,0.0,0.5029673590504451,0.486646884272997,0.0,0.031899109792284865,0.0
1974,1657,4,0.6756756756756757,0.06177606177606178,0.5405405405405406,1.7722007722007722,0.0,0.1776061776061776,0.0,0.7065637065637066,0.0,0.0,0.0,0.0,0.0,1.1505791505791505,0.3783783783783784,0.0,0.0,0.2277992277992278,0.0,2.0694980694980694,0.007722007722007722,2.6332046332046333,0.0,2.027027027027027,0.583011583011583,0.3938223938223938,4.969111969111969,0.0,0.0,0.0,0.0,0.0,0.0,10.424710424710424,0.9305019305019305,0.0,0.11196911196911197,0.07335907335907337,0.0,0.6640926640926641,0.5212355212355212,0.0,0.06563706563706563,5.258687258687258
1989,198,3,0.5294117647058824,0.0718954248366013,0.3420479302832244,3.2570806100217866,0.0,0.0,0.0,0.0,0.0,0.0,0.0,0.0,0.0,0.0,0.0,0.0,0.0,0.0,0.0,9.862745098039216,0.0,2.0413943355119826,0.0,7.226579520697168,1.5599128540305012,0.19825708061002179,4.076252723311547,0.0,0.0,0.0,0.0,0.0,0.0,18.725490196078432,1.9477124183006536,0.0,0.0,0.0,0.0,0.5337690631808278,0.5032679738562091,0.0,0.04139433551198257,0.0
1971,815,12,0.42336683417085424,0.08479899497487438,0.15012562814070352,2.9937185929648242,0.0,0.0,0.0,0.002512562814070352,0.0,0.0,0.00628140703517588,0.0,0.0,0.3712311557788945,0.028894472361809045,0.0,0.0,0.0,0.11934673366834171,11.542085427135678,0.0,1.4114321608040201,0.0,6.561557788944723,1.9591708542713568,0.06344221105527638,3.426507537688442,0.0,0.0,0.0,0.048994974874371856,0.002512562814070352,0.0,13.15640703517588,1.771356783919598,0.0,0.000628140703517588,0.007537688442211055,0.0,0.48115577889447236,0.4214824120603015,0.0,0.03768844221105527,0.26319095477386933
1974,1706,4,0.4452054794520548,0.04794520547945205,0.4931506849315068,1.6335616438356164,0.0,0.0,0.0,0.4006849315068493,0.0,0.0,0.0,0.0,0.0,0.3013698630136986,0.0821917808219178,0.0,0.0,0.3561643835616438,0.0,8.013698630136986,0.0,2.058219178082192,0.0,1.9589041095890412,0.5856164383561644,0.571917808219178,4.9006849315068495,0.0,0.0,0.0,0.0,0.0,0.0,9.928082191780822,0.9931506849315068,0.0,0.003424657534246575,0.18835616438356165,0.0,0.2910958904109589,0.4280821917808219,0.0,0.04794520547945205,0.0
1971,620,4,0.43535620052770446,0.07387862796833773,0.7730870712401056,2.2401055408970976,0.0,0.0,0.0,0.005277044854881266,0.0,0.0,0.0,0.0,0.0,0.14775725593667546,0.026385224274406333,0.0,0.0,0.0,0.0,4.171503957783641,0.0,2.142480211081794,0.0,2.387862796833773,1.0474934036939314,0.2691292875989446,6.517150395778364,0.0,0.0,0.0079155672823219,0.0,0.0,0.0,15.931398416886543,1.395778364116095,0.0,0.06860158311345646,0.0,0.0,0.0,0.49076517150395776,0.0,0.018469656992084433,0.0
1975,96,4,0.46153846153846156,0.10096153846153846,0.3076923076923077,3.2403846153846154,0.0,0.0,0.0,0.004807692307692308,0.0,0.0,0.0,0.0,0.0,0.32211538461538464,0.07211538461538461,0.0,0.0,0.0,0.0,12.26923076923077,0.0,2.3413461538461537,0.0,8.322115384615385,1.6971153846153846,0.16826923076923078,4.8798076923076925,0.0,0.0,0.19230769230769232,0.004807692307692308,0.0,0.0,15.3125,1.9663461538461537,0.0,0.0,0.0,0.0,0.6009615384615384,0.46153846153846156,0.0,0.038461538461538464,0.0
1966,367,4,0.44921875,0.1328125,0.53515625,2.359375,0.0,0.0,0.0,0.21875,0.0,0.0,0.0,0.0,0.0,0.13671875,0.03125,0.0,0.0,0.0,0.0,13.734375,0.0,2.359375,0.0,3.5234375,1.072265625,0.103515625,5.818359375,0.0,0.0,0.0,0.166015625,0.0,0.0,9.619140625,1.056640625,0.0,0.0703125,0.076171875,0.0,0.189453125,0.412109375,0.0,0.02734375,0.0
1968,175,4,0.4838709677419355,0.06451612903225806,0.7526881720430108,1.8602150537634408,0.0,0.0,0.0,0.22580645161290322,0.0,0.0,0.0,0.0,0.0,0.1935483870967742,0.0,0.0,0.0,0.0,0.0,1.7526881720430108,0.0,2.0,0.0,1.4086021505376345,0.5376344086021505,0.26881720430107525,7.354838709677419,0.0,0.0,0.0,0.0,0.0,0.0,9.946236559139784,0.9247311827956989,0.0,0.0,0.06451612903225806,0.0,0.0,0.3548387096774194,0.0,0.021505376344086023,0.0
1980,479,4,0.44954128440366975,0.03669724770642202,0.5045871559633027,1.6330275229357798,0.0,0.0,0.0,0.0,0.0,0.0,0.0,0.0,0.0,0.22018348623853212,0.03669724770642202,0.0,0.0,0.0,0.07339449541284404,3.9174311926605503,0.0,1.0642201834862386,0.0,3.330275229357798,0.7614678899082569,0.07339449541284404,5.284403669724771,0.0,0.0,0.0,0.0,0.0,0.0,9.568807339449542,1.2568807339449541,0.0,0.0,0.0,0.0,0.2018348623853211,0.41284403669724773,0.0,0.009174311926605505,0.0
1979,723,12,0.46296296296296297,0.0641025641025641,0.10398860398860399,2.921652421652422,0.0,0.0,0.0,0.014245014245014245,0.0,0.0,0.0,0.0,0.0,0.03418803418803419,0.0,0.0,0.0,0.0,0.0,10.886039886039885,0.0,2.6225071225071224,0.0,8.260683760683762,2.133903133903134,0.0,3.465811965811966,0.0,0.0,0.0,0.0,0.0,0.0,12.745014245014245,1.8133903133903133,0.0,0.0,0.0,0.0,0.7094017094017094,0.45584045584045585,0.0,0.027065527065527065,0.0
1984,1274,4,0.4343807763401109,0.07208872458410351,0.1589648798521257,2.463955637707948,0.0,0.0,0.0,0.6118299445471349,0.0,0.0,0.0,0.0,0.0,0.7744916820702403,0.3456561922365989,0.0,0.0,0.23475046210720887,0.0,10.914972273567468,0.0073937153419593345,1.478743068391867,0.0,4.811460258780037,1.935304990757856,0.2828096118299446,2.9630314232902033,0.0,0.0,0.005545286506469501,0.0,0.0,0.0,13.199630314232902,1.4602587800369686,0.0,0.0,0.10351201478743069,0.0,0.35304990757855825,0.4232902033271719,0.0,0.036968576709796676,6.042513863216266
1979,1755,4,0.3874898456539399,0.08854589764419171,0.5475223395613322,2.9065800162469535,0.0,0.0,0.0,0.006498781478472786,0.0,0.0,0.0,0.0,0.005686433793663688,0.01462225832656377,0.0,0.0,0.0,0.0016246953696181965,0.0,10.671811535337124,0.0,2.0259951259138913,0.0,6.800974817221771,1.6498781478472786,0.10235580828594638,3.6799350121852155,0.0,0.0,0.1892770105605199,0.16896831844029245,0.0,0.0,16.362307067424858,1.7749796913078797,0.0,0.13566206336311942,0.043866774979691305,0.0,0.4394800974817222,0.48659626320064986,0.0,0.02761982128350934,0.2445166531275386
1993,1919,4,0.4745762711864407,0.08192090395480225,0.2457627118644068,3.1638418079096047,0.0,0.0,0.0,0.0,0.0,0.0,0.0,0.0,0.0,0.0,0.0,0.0,0.0,0.0,0.0,9.533898305084746,0.0,1.7740112994350283,0.0,7.706214689265536,1.2994350282485876,0.15254237288135594,4.307909604519774,0.0,0.0,0.0480225988700565,0.12146892655367232,0.0,0.0,18.3954802259887,1.9576271186440677,0.0,0.0,0.0,0.0,0.4435028248587571,0.5254237288135594,0.0,0.031073446327683617,0.0
1985,798,4,0.5777777777777777,0.07450980392156863,0.6601307189542484,2.6254901960784314,0.0,0.0,0.0,0.03333333333333333,0.0,0.0,0.0,0.0,0.0,0.14575163398692811,0.07712418300653595,0.0,0.0,0.0,0.0,8.971895424836601,0.009150326797385621,1.9725490196078432,0.0,8.084967320261438,0.9993464052287582,0.1522875816993464,4.4,0.0,0.0,0.28169934640522876,0.0,0.0,0.0,15.954248366013072,1.4333333333333333,0.0,0.2718954248366013,0.0,0.0,0.545751633986928,0.5098039215686274,0.0,0.02091503267973856,0.0
1981,1070,4,0.4517593643586833,0.09988649262202043,0.5675368898978433,3.221339387060159,0.0,0.0,0.0,0.10102156640181612,0.0,0.0,0.0,0.0,0.0,0.08286038592508513,0.014755959137343927,0.0,0.0,0.0,0.0,12.510783200908058,0.007945516458569807,2.2474460839954595,0.0,8.492622020431329,1.2304199772985245,0.2054483541430193,4.607264472190693,0.0,0.0,0.018161180476730987,0.0,0.0,0.0,15.234960272417707,1.9500567536889897,0.0,0.24858115777525538,0.04767309875141884,0.0,0.5187287173666288,0.4676503972758229,0.0,0.036322360953461974,0.02383654937570942
1993,1882,4,0.37065637065637064,0.06563706563706563,0.5521235521235521,3.543114543114543,0.0,0.0,0.0,0.0,0.0,0.0,0.0,0.0,0.0,0.0,0.0,0.0,0.0,0.0,0.0,10.808236808236808,0.015444015444015444,1.7284427284427284,0.0,7.831402831402832,1.9189189189189189,0.08622908622908623,3.7503217503217505,0.0,0.0,0.0,0.0,0.0,0.0,17.588159588159588,2.250965250965251,0.0,0.0,0.0,0.0,0.4749034749034749,0.42985842985842987,0.0,0.03474903474903475,0.0
1983,1441,4,0.7203441917639828,0.09280885064535956,0.4972341733251383,3.331899200983405,0.0,0.0,0.0,0.0018438844499078057,0.0,0.0,0.0,0.0,0.0,0.07744314689612784,0.008604794099569761,0.0,0.0,0.0,0.0,11.43700061462815,0.0,2.2661339889366934,0.0,8.943454210202827,2.121081745543946,0.27105101413644744,4.575291948371236,0.0,0.08051628764597418,0.19606637984019668,0.26490473263675474,0.0,0.0,19.417332513829134,2.0079901659496007,0.0,0.2034419176398279,0.0,0.0,0.6275353411186232,0.5531653349723418,0.0,0.03995082974800246,0.0
1982,1521,4,0.3911917098445596,0.050518134715025906,0.716321243523316,2.7240932642487046,0.0,0.0,0.0,0.10880829015544041,0.0,0.0,0.04792746113989637,0.0,0.06347150259067358,0.6113989637305699,0.1878238341968912,0.0,0.0,0.0,0.0,9.378238341968911,0.0,1.8873056994818653,0.0,7.799222797927461,1.5660621761658031,0.39766839378238344,4.696891191709844,0.0,0.0,0.0,0.0,0.0,0.11787564766839378,16.055699481865286,1.604922279792746,0.0,0.03238341968911917,0.0,0.0,0.4948186528497409,0.483160621761658,0.0,0.046632124352331605,0.02072538860103627
1988,604,4,0.4189723320158103,0.05138339920948617,0.3616600790513834,2.355731225296443,0.0,0.007905138339920948,0.0,0.18379446640316205,0.0,0.0,0.0,0.0,0.0,0.09090909090909091,0.01383399209486166,0.0,0.11857707509881422,0.01383399209486166,0.0,4.359683794466403,0.0,1.9367588932806323,0.0,2.9367588932806323,1.1778656126482214,0.08102766798418973,4.1106719367588935,0.0,0.0,0.0,0.0,0.0,0.0,15.697628458498023,1.5019762845849802,0.0,0.0,0.0,0.0,0.5711462450592886,0.4407114624505929,0.0,0.02766798418972332,0.0
1979,1170,7,0.9345172031076582,0.07658157602663707,0.2097669256381798,3.3085460599334073,0.0,0.006659267480577136,0.0,0.04550499445061043,0.0,0.0,0.0,0.0,0.0,0.15538290788013318,0.058823529411764705,0.0,0.013318534961154272,0.1609322974472808,0.0,11.69478357380688,0.0011098779134295228,2.327413984461709,0.0,8.477247502774695,1.5249722530521643,0.33518312985571586,2.72031076581576,0.0,0.0,0.12874583795782463,0.1509433962264151,0.0,0.0,15.225305216426193,1.95338512763596,0.0,0.016648168701442843,0.003329633740288568,0.0,0.732519422863485,0.4794672586015538,0.0,0.1609322974472808,0.6126526082130965
1976,1987,15,0.40703517587939697,0.05527638190954774,1.2110552763819096,2.5025125628140703,0.0,0.0,0.0,0.0,0.0,0.0,0.2964824120603015,0.0,0.0,1.0251256281407035,0.3969849246231156,0.0,0.0,0.0,1.8190954773869348,2.4170854271356785,0.0,1.8341708542713568,0.0,3.3618090452261304,1.2814070351758795,0.22110552763819097,6.396984924623116,0.0,0.0,0.5175879396984925,0.0,0.0,0.0,16.819095477386934,1.5879396984924623,0.0,0.8241206030150754,0.05025125628140704,0.0,0.1407035175879397,0.49246231155778897,0.0,0.07035175879396985,0.0
1987,634,4,0.6976744186046512,0.09883720930232558,0.36046511627906974,4.034883720930233,0.0,0.0,0.0,0.8430232558139535,0.0,0.0,0.0,0.0,0.0,0.8023255813953488,0.1511627906976744,0.0,0.0,0.0,0.0,5.116279069767442,0.0,2.622093023255814,0.0,2.744186046511628,2.0348837209302326,0.5581395348837209,5.895348837209302,0.0,0.0,0.0,0.0,0.0,0.0,22.6453488372093,2.1511627906976742,0.0,0.0,0.0,0.0,0.21511627906976744,0.5988372093023255,0.0,0.0755813953488372,3.2906976744186047
1987,371,15,0.4222222222222222,0.07301587301587302,0.08571428571428572,3.361904761904762,0.0,0.0,0.0,0.0,0.0,0.0,0.0,0.0,0.0,0.02857142857142857,0.004761904761904762,0.0,0.0,0.0,0.01746031746031746,10.577777777777778,0.0,1.934920634920635,0.0,7.707936507936508,1.7063492063492063,0.04285714285714286,2.1063492063492064,0.0,0.0,0.004761904761904762,0.10952380952380952,0.0,0.0,16.055555555555557,2.0507936507936506,0.0,0.006349206349206349,0.0,0.0,0.5587301587301587,0.45396825396825397,0.0,0.025396825396825397,0.0
1977,173,4,0.4371184371184371,0.052503052503052504,0.4078144078144078,2.531135531135531,0.0,0.0,0.0,0.24664224664224665,0.0,0.0,0.0,0.0,0.0,0.16971916971916973,0.045177045177045176,0.0,0.0,0.0,0.0,7.311355311355311,0.0,1.8156288156288156,0.0,4.956043956043956,1.5726495726495726,0.029304029304029304,4.638583638583639,0.0,0.0,0.0,0.0,0.0,0.0,11.625152625152625,1.5482295482295483,0.0,0.0,0.002442002442002442,0.0,0.3968253968253968,0.4468864468864469,0.0,0.030525030525030524,0.0
1984,1311,6,0.39097744360902253,0.03759398496240601,0.3609022556390977,1.9172932330827068,0.0,0.0,0.0,0.0,0.0,0.0,0.0,0.0,0.0,0.45112781954887216,0.0,0.0,0.0,0.0,0.022556390977443608,2.345864661654135,0.0,1.4661654135338347,0.0,2.43609022556391,0.6015037593984962,0.12030075187969924,6.609022556390977,0.0,0.0,0.0,0.0,0.0,0.0,8.992481203007518,0.9398496240601504,0.0,0.0,0.022556390977443608,0.0,0.15037593984962405,0.3609022556390977,0.0,0.022556390977443608,0.0
1985,235,15,0.7862796833773087,0.09762532981530343,0.6437994722955145,3.530343007915567,0.0,0.0,0.0,0.0,0.0,0.0,0.3403693931398417,0.0,0.2849604221635884,1.3139841688654355,0.9973614775725593,0.0,0.0,0.0,0.0,13.91292875989446,0.0,2.2796833773087073,0.0,5.728232189973615,2.453825857519789,0.2849604221635884,5.907651715039578,0.0,0.0,0.0,0.0,0.0,0.0,19.050131926121374,2.034300791556728,0.0,0.023746701846965697,0.0,0.0,0.36675461741424803,0.5699208443271768,0.0,0.10026385224274406,0.0
1991,557,4,0.4438356164383562,0.08493150684931507,0.16986301369863013,2.5095890410958903,0.0,0.0,0.0,0.18082191780821918,0.0,0.0,0.0,0.0,0.0,0.20821917808219179,0.0027397260273972603,0.0,0.0,0.0,0.03287671232876712,10.115068493150686,0.0,1.4684931506849315,0.0,4.852054794520548,1.0493150684931507,0.0684931506849315,4.964383561643835,0.0,0.0,0.0,0.12054794520547946,0.0,0.0,11.463013698630137,1.3917808219178083,0.0,0.0,0.0,0.010958904109589041,0.410958904109589,0.3561643835616438,0.0,0.0410958904109589,0.29315068493150687
1980,1102,4,0.45603112840466925,0.08793774319066149,0.7883268482490272,2.6863813229571982,0.0,0.012451361867704281,0.0,0.036575875486381325,0.0,0.0,0.022568093385214007,0.0,0.0,0.14552529182879378,0.04124513618677043,0.0,0.0,0.0,0.05914396887159533,11.150194552529182,0.017120622568093387,1.6311284046692607,0.0,6.720622568093385,1.375875486381323,0.07859922178988327,3.9618677042801558,0.0,0.0,0.1517509727626459,0.0,0.0,0.0,12.66692607003891,1.4879377431906615,0.0,0.13229571984435798,0.004669260700389105,0.0,0.4303501945525292,0.445136186770428,0.0,0.04202334630350195,0.0
1985,1600,4,0.3127147766323024,0.13402061855670103,0.39862542955326463,5.4673539518900345,0.0,0.0,0.0,0.0,0.0,0.0,0.24742268041237114,0.0,0.0,0.6185567010309279,0.3470790378006873,0.0,0.0,0.0,0.0,8.240549828178693,0.024054982817869417,29.467353951890033,0.0,7.1924398625429555,4.302405498281787,0.054982817869415807,3.577319587628866,0.0,0.0,0.0,0.0,0.0,0.0,21.697594501718214,2.725085910652921,0.0,0.0,0.0,0.0,0.3917525773195876,3.1374570446735395,0.0,0.037800687285223365,0.0
1993,841,4,0.40062111801242234,0.08695652173913043,0.531055900621118,2.369565217391304,0.0,0.0,0.0,0.14285714285714285,0.0,0.0,0.0,0.0,0.0,0.13664596273291926,0.0,0.0,0.0,0.003105590062111801,0.0,9.043478260869565,0.0,2.1801242236024843,0.0,5.683229813664596,1.4099378881987579,0.13975155279503104,4.916149068322981,0.0,0.0,0.0,0.0,0.0,0.0,14.354037267080745,1.3478260869565217,0.0,0.0,0.0,0.0,0.3136645962732919,0.5,0.0,0.018633540372670808,0.0
1995,1411,4,0.4521072796934866,0.07662835249042145,0.5689655172413793,2.861111111111111,0.0,0.0,0.0,0.06321839080459771,0.0,0.0,0.0,0.0,0.0,0.020114942528735632,0.004789272030651341,0.0,0.0,0.0,0.0,11.805555555555555,0.0,1.603448275862069,0.0,5.662835249042145,1.1839080459770115,0.1206896551724138,6.862068965517241,0.0,0.12643678160919541,0.23371647509578544,0.0,0.0,0.0,14.121647509578544,1.6187739463601531,0.0,0.15996168582375478,0.04693486590038314,0.0,0.33237547892720304,0.4578544061302682,0.0,0.028735632183908046,0.0
1993,1119,15,0.4238952536824877,0.05564648117839607,0.2553191489361702,3.407528641571195,0.0,0.0,0.0,0.04746317512274959,0.0,0.0,0.0,0.0,0.0,0.04091653027823241,0.0016366612111292963,0.0,0.0,0.0,0.0,10.026186579378068,0.0,1.8330605564648117,0.0,8.973813420621932,1.960720130932897,0.2078559738134206,3.2880523731587563,0.0,0.0,0.03927986906710311,0.0,0.0,0.0,19.104746317512276,2.171849427168576,0.0,0.05073649754500818,0.004909983633387889,0.0,0.6170212765957447,0.48117839607201307,0.0,0.03764320785597381,0.0
1986,1464,11,0.37445887445887444,0.049783549783549784,0.4199134199134199,3.461038961038961,0.0,0.0,0.0,0.49567099567099565,0.0,0.0,0.010822510822510822,0.0,0.0,0.47835497835497837,0.15584415584415584,0.0,0.0,0.0,0.0,8.74891774891775,0.012987012987012988,1.7424242424242424,0.0,4.248917748917749,2.0562770562770565,0.0,3.5216450216450217,0.0,0.0,0.0,0.0,0.0,0.0,18.032467532467532,2.272727272727273,0.0,0.0,0.0,0.0,0.31385281385281383,0.4588744588744589,0.0,0.032467532467532464,0.8203463203463204
1993,1848,4,0.4639175257731959,0.0979381443298969,0.24742268041237114,4.912371134020619,0.0,0.0,0.0,0.0,0.0,0.0,0.0,0.0,0.005154639175257732,0.8556701030927835,0.10309278350515463,0.0,0.0,0.0,0.0,12.396907216494846,0.0,1.6082474226804124,0.0,6.195876288659794,4.603092783505154,0.6237113402061856,3.5309278350515463,0.0,0.0,0.0,0.0,0.0,1.077319587628866,22.721649484536083,2.7216494845360826,0.0,0.0,0.0,0.0,0.7216494845360825,0.4381443298969072,0.0,0.07216494845360824,1.1391752577319587
1989,1341,12,0.57,0.06857142857142857,0.6271428571428571,2.5214285714285714,0.0,0.0,0.0,0.13857142857142857,0.0,0.0,0.0,0.0,0.0,0.24571428571428572,0.015714285714285715,0.0,0.0,0.0,0.0,12.654285714285715,0.0,2.065714285714286,0.0,5.351428571428571,0.9928571428571429,0.1442857142857143,5.825714285714286,0.0,0.0,0.32,0.06857142857142857,0.0,0.0,14.205714285714286,1.1542857142857144,0.0,0.2671428571428571,0.054285714285714284,0.0,0.30142857142857143,0.4685714285714286,0.0,0.03857142857142857,0.6257142857142857
1990,1969,4,0.6653225806451613,0.04838709677419355,0.2056451612903226,2.282258064516129,0.0,0.0,0.0,1.7137096774193548,0.0,0.0,0.0,0.0,0.0,0.842741935483871,0.27419354838709675,0.0,0.0,0.0,0.0,2.7379032258064515,0.0,1.653225806451613,0.0,0.9314516129032258,0.9516129032258065,0.14516129032258066,3.1451612903225805,0.0,0.0,0.0,0.0,0.0,0.0,14.620967741935484,1.5161290322580645,0.0,0.0,0.0,0.0,0.11693548387096774,0.4879032258064516,0.0,0.10887096774193548,5.463709677419355
1994,150,4,0.6644067796610169,0.08813559322033898,0.6067796610169491,3.864406779661017,0.0,0.0,0.0,0.22372881355932203,0.0,0.0,0.010169491525423728,0.0,0.0,0.6440677966101694,0.1016949152542373,0.0,0.0,0.0,0.04745762711864407,13.874576271186442,0.0,2.4203389830508475,0.0,11.51864406779661,1.976271186440678,0.26440677966101694,7.579661016949153,0.0,0.0,0.2677966101694915,0.0,0.0,0.0,22.4,2.1254237288135593,0.0,0.0,0.0,0.0,0.9186440677966101,0.6576271186440678,0.0,0.06779661016949153,0.0
1989,254,4,0.581081081081081,0.04560810810810811,0.6976351351351351,2.114864864864865,0.0,0.0,0.0,0.09966216216216216,0.0,0.0,0.0,0.0,0.0,0.14358108108108109,0.0,0.0,0.0,0.0,0.0,6.069256756756757,0.0,1.9932432432432432,0.0,3.508445945945946,1.1182432432432432,0.11993243243243243,6.29054054054054,0.0,0.0,0.0,0.0,0.0,0.0,9.77027027027027,1.0489864864864864,0.0,0.05574324324324324,0.04222972972972973,0.0,0.3108108108108108,0.4780405405405405,0.0,0.07601351351351351,0.24493243243243243
1992,300,4,0.8273381294964028,0.05755395683453238,0.23741007194244604,2.7158273381294964,0.0,0.0,0.0,0.0,0.0,0.0,0.0,0.0,0.0,0.0,0.0,0.0,0.0,0.0,0.0,9.780575539568344,0.0,1.7517985611510791,0.0,4.316546762589928,1.0755395683453237,0.014388489208633094,4.758992805755396,0.0,0.0,0.0,0.10071942446043165,0.0,0.0,11.679856115107913,1.6978417266187051,0.0,0.0,0.0,0.0,0.30935251798561153,0.420863309352518,0.0,0.0539568345323741,0.0
1998,490,4,0.5108695652173914,0.07608695652173914,0.4043478260869565,2.347826086956522,0.0,0.0,0.0,0.0,0.0,0.0,0.0,0.0,0.0,0.02608695652173913,0.0,0.0,0.0,0.0,0.0,9.071739130434782,0.0,1.7847826086956522,0.0,6.645652173913043,1.4543478260869565,0.1608695652173913,4.158695652173913,0.0,0.0,0.0,0.0,0.0,0.0,10.834782608695653,1.391304347826087,0.0,0.0,0.0,0.0,0.5130434782608696,0.4152173913043478,0.0,0.05652173913043478,0.0
1996,1664,4,0.48825503355704697,0.0738255033557047,0.174496644295302,3.12248322147651,0.0,0.0,0.0,0.0,0.0,0.0,0.0,0.0,0.0,0.0,0.0,0.0,0.0,0.0,0.0,11.11744966442953,0.0,2.848993288590604,0.0,7.422818791946309,1.6996644295302012,0.03859060402684564,4.223154362416107,0.0,0.0,0.04865771812080537,0.0,0.0,0.0,12.585570469798657,1.7399328859060403,0.0,0.003355704697986577,0.0,0.0,0.6006711409395973,0.43791946308724833,0.0,0.04697986577181208,0.0
1989,1986,15,0.4703030303030303,0.07393939393939394,0.44,3.6036363636363635,0.0,0.0,0.0,0.037575757575757575,0.0,0.0,0.0,0.0,0.0,0.01696969696969697,0.0,0.0,0.0,0.0,0.0,10.663030303030302,0.0,2.067878787878788,0.0,9.24,2.35030303030303,0.2896969696969697,3.8678787878787877,0.0,0.2727272727272727,0.06909090909090909,0.09818181818181818,0.0,0.0,20.367272727272727,2.2375757575757578,0.0,0.0,0.0,0.0,0.6266666666666667,0.503030303030303,0.0,0.02666666666666667,0.0
1990,120,15,0.7177033492822966,0.07655502392344497,0.3062200956937799,3.7607655502392343,0.0,0.0,0.0,0.2822966507177033,0.0,0.0,0.0,0.0,0.0,0.7272727272727273,0.2631578947368421,0.0,0.0,0.0,0.0,14.645933014354068,0.0,2.5933014354066986,0.0,13.631578947368421,2.574162679425837,0.4784688995215311,7.913875598086125,0.0,0.0,0.0,0.0,0.0,0.0,22.688995215311003,2.1148325358851676,0.0,0.0,0.0,0.0,0.9473684210526315,0.5645933014354066,0.0,0.04784688995215311,0.7751196172248804
1997,1629,11,0.407514450867052,0.06358381502890173,0.2745664739884393,1.4739884393063585,0.0,0.0,0.0,0.2254335260115607,0.0,0.0,0.0,0.0,0.0,0.1936416184971098,0.03468208092485549,0.0,0.0,0.0,0.0,9.38150289017341,0.0,2.6242774566473988,0.0,3.2196531791907512,0.546242774566474,0.28034682080924855,3.979768786127168,0.0,0.0,0.0,0.0,0.0,0.0,6.916184971098266,0.6329479768786127,0.0,0.02023121387283237,0.031791907514450865,0.0,0.49710982658959535,0.3815028901734104,0.0,0.023121387283236993,0.7369942196531792
1991,1739,4,0.4111969111969112,0.0888030888030888,0.6332046332046332,3.227799227799228,0.0,0.055984555984555984,0.0,0.5057915057915058,0.0,0.0,0.0,0.0,0.0,0.9247104247104247,0.07528957528957529,0.0,0.22393822393822393,0.06756756756756757,0.0,9.16988416988417,0.0,1.9517374517374517,0.0,2.4073359073359075,2.1042471042471043,0.6216216216216216,6.0,0.0,0.0,0.0,0.0,0.0,1.5424710424710424,18.61003861003861,1.752895752895753,0.0,0.0,0.0,0.0,0.14092664092664092,0.47876447876447875,0.0,0.06756756756756757,1.8976833976833978
1998,659,7,0.5891238670694864,0.07854984894259819,0.4380664652567976,3.193353474320242,0.0,0.0,0.0,0.03323262839879154,0.0,0.0,0.0,0.0,0.0,0.06646525679758308,0.0030211480362537764,0.0,0.0,0.0,0.0,10.549848942598187,0.0030211480362537764,2.205438066465257,0.0,9.682779456193353,1.4954682779456194,0.08761329305135952,4.40785498489426,0.0,0.0,0.06646525679758308,0.00906344410876133,0.0,0.0,18.265861027190333,1.918429003021148,0.0,0.0,0.0,0.0,0.7220543806646526,0.5196374622356495,0.0,0.054380664652567974,0.0
2000,993,4,0.3692870201096892,0.07861060329067641,0.27056672760511885,3.2559414990859232,0.0,0.0,0.0,0.10237659963436929,0.0,0.0,0.30895795246800734,0.0,0.0,1.2193784277879343,0.473491773308958,0.0,0.0,0.0,0.643510054844607,6.738574040219379,0.0,1.756855575868373,0.0,4.175502742230347,2.3126142595978063,0.3491773308957952,4.484460694698354,0.0,0.0,0.0603290676416819,0.0,0.0,0.0,16.09506398537477,2.0585009140767823,0.0,0.08226691042047532,0.0712979890310786,0.0,0.2376599634369287,0.453382084095064,0.0,0.054844606946983544,0.923217550274223
1999,1567,12,0.35932872655478776,0.06712734452122408,0.4067127344521224,2.6949654491609083,0.0,0.0,0.0,0.09180651530108588,0.0,0.0,0.0,0.0,0.0,0.1016781836130306,0.0019743336623889436,0.0,0.017769002961500493,0.017769002961500493,0.0,8.389930898321817,0.022704837117472853,1.9693978282329714,0.0,6.625863770977295,1.3218163869693977,0.11648568608094768,3.429417571569595,0.0,0.0,0.0,0.0,0.0,0.007897334649555774,14.550839091806516,1.7788746298124383,0.0,0.017769002961500493,0.009871668311944718,0.0,0.4906219151036525,0.5202369200394866,0.0,0.02171767028627838,0.17374136229022705
1990,47,4,0.6121045392022009,0.06602475928473177,0.19944979367262725,3.2297111416781292,0.0,0.008253094910591471,0.016506189821182942,0.32737276478679506,0.0,0.0,0.02888583218707015,0.0,0.0,0.4924346629986245,0.03851444291609354,0.0,0.0,0.8335625859697386,0.0,10.76203576341128,0.0,3.0715268225584595,0.0,4.162310866574965,2.3562585969738654,0.11141678129298486,4.349381017881706,0.0,0.0,0.0,0.0,0.0,0.0,18.163686382393397,1.7977991746905089,0.0,0.030261348005502064,0.0,0.0,0.5955983493810179,0.5213204951856947,0.0,0.0907840440165062,2.220082530949106
1996,1141,12,0.5276073619631901,0.06748466257668712,0.43558282208588955,1.6196319018404908,0.0,0.0,0.0,0.2085889570552147,0.0,0.0,0.0,0.0,0.0,0.2147239263803681,0.0,0.0,0.0,0.006134969325153374,0.0,3.085889570552147,0.0,1.1411042944785277,0.0,1.4233128834355828,0.3496932515337423,0.11042944785276074,4.662576687116564,0.0,0.0,0.0,0.0,0.0,0.0,8.16564417177914,0.8895705521472392,0.0,0.26380368098159507,0.0,0.0,0.09202453987730061,0.3006134969325153,0.0,0.018404907975460124,0.754601226993865
1990,1802,4,0.33497536945812806,0.07389162561576355,0.7783251231527094,3.310344827586207,0.0,0.0,0.0,0.770935960591133,0.0,0.0,0.0,0.0,0.0,1.0123152709359606,0.29310344827586204,0.0,0.6330049261083743,0.37192118226600984,0.034482758620689655,9.19704433497537,0.05172413793103448,1.248768472906404,0.0,2.6748768472906406,2.1945812807881775,0.034482758620689655,3.7758620689655173,0.0,0.0,0.11330049261083744,0.0,0.0,0.6625615763546798,17.463054187192117,1.7561576354679802,0.0,0.027093596059113302,0.017241379310344827,0.0,0.26108374384236455,0.49507389162561577,0.0,0.059113300492610835,5.8669950738916254
2003,885,4,0.4738955823293173,0.12449799196787148,0.06827309236947791,3.9437751004016066,0.0,0.0,0.0,0.0,0.0,0.0,0.0,0.0,0.0,0.0,0.0,0.0,0.0,0.0,0.0,18.522088353413654,0.0,2.0843373493975905,0.0,15.694779116465863,1.5100401606425702,0.11646586345381527,3.7028112449799195,0.0,0.09236947791164658,0.020080321285140562,0.0,0.0,0.0,19.811244979919678,1.7670682730923695,0.0,0.570281124497992,0.0,0.0,0.9718875502008032,0.39759036144578314,0.0,0.03614457831325301,0.0
1992,1017,4,0.3638418079096045,0.07457627118644068,0.40790960451977404,3.2587570621468926,0.0,0.0,0.0,0.0192090395480226,0.0,0.0,0.0,0.0,0.0,0.013559322033898305,0.0011299435028248588,0.0,0.0,0.0,0.0,12.201129943502824,0.021468926553672316,1.9706214689265538,0.0,6.8045197740112995,1.6192090395480225,0.15819209039548024,3.231638418079096,0.0,0.0011299435028248588,0.1344632768361582,0.17062146892655367,0.0,0.0,15.503954802259887,2.088135593220339,0.0,0.020338983050847456,0.0,0.0,0.4293785310734463,0.47231638418079097,0.0,0.02711864406779661,0.0
2004,1054,4,0.2847222222222222,0.0763888888888889,0.8541666666666666,1.9861111111111112,0.0,0.0,0.0,0.0,0.0,0.0,0.0,0.0,0.0,0.11805555555555555,0.0,0.0,0.0,0.0,0.0,4.722222222222222,0.08333333333333333,1.6180555555555556,0.0,1.3263888888888888,0.0,0.2013888888888889,5.083333333333333,0.0,0.0,0.041666666666666664,0.0,0.0,0.0,10.840277777777779,0.8541666666666666,0.0,0.0,0.3541666666666667,0.0,0.0,0.5069444444444444,0.0,0.027777777777777776,0.0
2003,521,7,0.3602058319039451,0.07547169811320754,0.4939965694682676,2.9751286449399656,0.0,0.0,0.0,0.0,0.0,0.0,0.003430531732418525,0.0,0.0,0.08576329331046312,0.008576329331046312,0.0,0.0,0.0,0.0,10.612349914236706,0.012864493996569469,1.7692967409948541,0.0,7.8816466552315605,1.4699828473413379,0.04974271012006861,2.769296740994854,0.0,0.0,0.08833619210977701,0.0,0.0,0.0,15.03516295025729,1.8096054888507718,0.0,0.07289879931389365,0.016295025728987993,0.0,0.4922813036020583,0.4665523156089194,0.0,0.022298456260720412,0.0
1999,1097,4,0.3661360347322721,0.10419681620839363,0.44862518089725034,3.428364688856729,0.0,0.0,0.0,0.0,0.0,0.0,0.276410998552822,0.0,0.0,0.7771345875542692,0.26049204052098407,0.0,0.0,0.0,0.6743849493487699,13.193921852387843,0.0,1.38205499276411,0.0,9.813314037626627,2.7988422575976846,0.21852387843704776,4.1780028943560055,0.0,0.0,0.01881331403762663,0.0,0.0,0.0,14.771345875542691,1.8972503617945007,0.0,0.059334298118668596,0.0,0.0,0.5455861070911722,0.426917510853835,0.0,0.05065123010130246,0.38639652677279307
2003,399,4,0.33575317604355714,0.10163339382940109,0.27223230490018147,3.8729582577132486,0.0,0.0,0.0,0.0,0.0,0.0,0.0018148820326678765,0.0,0.0,0.003629764065335753,0.016333938294010888,0.0,0.0,0.0,0.0,9.107078039927405,0.0,4.099818511796733,0.0,5.052631578947368,2.3030852994555353,0.014519056261343012,2.9927404718693285,0.0,0.0,0.0,0.0,0.0,0.0,20.17967332123412,2.6878402903811254,0.0,0.0,0.0,0.0,0.3139745916515426,0.5607985480943739,0.0,0.02722323049001815,0.0
1997,1534,12,0.38819095477386933,0.08542713567839195,0.37814070351758794,2.807788944723618,0.0,0.0,0.0,0.07035175879396985,0.0,0.0,0.0,0.0,0.0,0.19974874371859297,0.07537688442211055,0.0,0.0,0.0,0.0,12.832914572864322,0.0,1.8391959798994975,0.0,6.939698492462312,2.048994974874372,0.013819095477386936,4.46859296482412,0.0,0.0,0.0,0.0,0.0,0.0,12.704773869346734,1.7261306532663316,0.0,0.0,0.0,0.0,0.38819095477386933,0.4082914572864322,0.0,0.02386934673366834,0.0
2001,284,4,0.39631336405529954,0.04608294930875576,0.2534562211981567,1.9262672811059909,0.0,0.0,0.0,0.8617511520737328,0.0,0.0,0.0,0.0,0.0,0.4976958525345622,0.0967741935483871,0.0,0.0,0.17511520737327188,0.0,5.576036866359447,0.0,1.9631336405529953,0.0,5.0,1.1059907834101383,0.07373271889400922,3.912442396313364,0.0,0.0,0.0,0.0,0.0,0.0,15.336405529953916,1.391705069124424,0.0,0.08755760368663594,0.0,0.0,0.847926267281106,0.5299539170506913,0.0,0.018433179723502304,0.0
1996,1237,2,0.4407894736842105,0.049342105263157895,0.4407894736842105,2.3651315789473686,0.0,0.0,0.0,0.0,0.0,0.0,0.0,0.0,0.0,0.023026315789473683,0.0,0.0,0.0,0.0,0.0,9.881578947368421,0.0,1.555921052631579,0.0,7.006578947368421,1.756578947368421,0.11842105263157894,4.4243421052631575,0.0,0.0,0.0,0.0,0.0,0.0,11.200657894736842,1.4013157894736843,0.0,0.0,0.0,0.0,0.5263157894736842,0.3782894736842105,0.0,0.03289473684210526,0.0
2004,1306,6,2.3333333333333335,0.06666666666666667,0.16296296296296298,2.2222222222222223,0.0,0.0,0.0,0.0,0.0,0.0,0.0,0.2,0.0,0.0,0.0,0.0,0.0,0.0,0.0,2.4444444444444446,0.0,0.9481481481481482,0.0,0.9037037037037037,1.511111111111111,0.0,3.414814814814815,0.0,0.0,0.0,0.0,0.0,0.0,16.37037037037037,1.6,0.0,0.0,0.0,0.0,0.0,0.5777777777777777,0.0,0.37777777777777777,3.237037037037037
2002,1363,15,0.4958217270194986,0.06963788300835655,0.9387186629526463,2.649025069637883,0.0,0.0,0.0,0.0,0.0,0.0,0.13370473537604458,0.0,0.21448467966573817,0.7103064066852368,0.43454038997214484,0.0,0.0,0.0,0.0,10.668523676880223,0.0,2.1253481894150417,0.0,5.5654596100278555,1.0445682451253482,0.10863509749303621,6.289693593314763,0.0,0.0,0.1392757660167131,0.0,0.0,0.0,14.674094707520892,1.3426183844011141,0.0,0.2200557103064067,0.008356545961002786,0.0,0.27019498607242337,0.4763231197771588,0.0,0.07799442896935933,0.0
2001,68,4,0.37659574468085105,0.05106382978723404,0.41914893617021276,2.523404255319149,0.0,0.006382978723404255,0.0,0.39361702127659576,0.0,0.0,0.0,0.0,0.0,0.43617021276595747,0.1276595744680851,0.0,0.0,0.0425531914893617,0.0,6.597872340425532,0.0,1.278723404255319,0.0,3.697872340425532,0.7042553191489361,0.21914893617021278,3.5170212765957447,0.0,0.0,0.0,0.0,0.0,0.0,15.11063829787234,1.574468085106383,0.0,0.002127659574468085,0.0,0.0,0.2851063829787234,0.49361702127659574,0.0,0.029787234042553193,0.13404255319148936
2007,579,4,0.47956403269754766,0.0681198910081744,0.1335149863760218,1.6839237057220708,0.0,0.0,0.0,0.11716621253405994,0.0,0.0,0.0,0.0,0.0,0.22070844686648503,0.0,0.0,0.0,0.16621253405994552,0.0,6.476839237057221,0.0,2.138964577656676,0.0,2.0408719346049047,0.5313351498637602,0.14168937329700274,4.514986376021798,0.0,0.0,0.0,0.0,0.0,0.0,8.08174386920981,0.6757493188010899,0.0,0.4032697547683924,0.0,0.0,0.34877384196185285,0.35967302452316074,0.0,0.02997275204359673,3.7138964577656677
2004,782,4,0.45540796963946867,0.07210626185958255,0.6394686907020873,3.0569259962049338,0.0,0.0,0.0,0.022770398481973434,0.0,0.0,0.0,0.0,0.0,0.0872865275142315,0.0,0.0,0.0,0.0,0.0,9.861480075901328,0.0,1.5673624288425048,0.0,9.878557874762809,1.8121442125237193,0.21821631878557876,3.8311195445920303,0.0,0.0,0.16888045540796964,0.0,0.0,0.0,14.316888045540797,1.6413662239089184,0.0,0.22770398481973433,0.0,0.0,0.6394686907020873,0.41935483870967744,0.0,0.07400379506641366,0.0
2005,1326,4,0.3972222222222222,0.08888888888888889,0.6611111111111111,3.272222222222222,0.0,0.0,0.0,0.011111111111111112,0.0,0.0,0.0,0.0,0.0,0.15555555555555556,0.0,0.0,0.0,0.0,0.0,11.95,0.058333333333333334,1.9333333333333333,0.0,8.45,1.8444444444444446,0.2916666666666667,5.8,0.0,0.0,0.15,0.0,0.0,0.0,14.794444444444444,1.675,0.0,0.3138888888888889,0.07777777777777778,0.0,0.55,0.5305555555555556,1.0666666666666667,0.027777777777777776,6.711111111111111
1998,1685,4,0.48785425101214575,0.07692307692307693,0.5242914979757085,2.8076923076923075,0.0,0.0,0.0,0.04251012145748988,0.0,0.0,0.006072874493927126,0.0,0.0,0.14979757085020243,0.05668016194331984,0.0,0.0,0.0,0.0,9.68825910931174,0.0,2.08502024291498,0.0,6.8562753036437245,1.6781376518218623,0.10728744939271255,3.4068825910931175,0.0,0.0,0.1680161943319838,0.010121457489878543,0.0,0.0,16.431174089068826,1.7105263157894737,0.0,0.14979757085020243,0.0,0.0,0.611336032388664,0.4757085020242915,0.0,0.05263157894736842,0.008097165991902834
2000,104,15,0.49206349206349204,0.10317460317460317,0.2777777777777778,2.4206349206349205,0.0,0.0,0.0,0.0,0.0,0.0,0.0,0.0,0.0,0.0,0.0,0.0,0.0,0.0,0.0,6.912698412698413,0.0,1.4126984126984128,0.0,3.2936507936507935,0.36507936507936506,0.03968253968253968,3.7142857142857144,0.0,0.0,0.0,0.0,0.0,0.0,15.134920634920634,1.2698412698412698,0.0,0.0,0.0,0.0,0.29365079365079366,0.3968253968253968,0.0,0.023809523809523808,0.0
1999,1472,11,0.5144927536231884,0.10144927536231885,0.13768115942028986,1.1014492753623188,0.0,0.0,0.0,0.30434782608695654,0.0,0.0,0.0,0.0,0.0,0.2463768115942029,0.021739130434782608,0.0,0.0,0.0,0.0,3.869565217391304,0.0,1.565217391304348,0.0,4.72463768115942,0.06521739130434782,0.38405797101449274,4.355072463768116,0.0,0.0,0.0,0.0,0.0,0.0,5.326086956521739,0.4855072463768116,0.0,0.21014492753623187,0.0,0.0,0.4782608695652174,0.36231884057971014,0.0,0.021739130434782608,0.34782608695652173
2003,1750,4,0.46745562130177515,0.05325443786982249,0.46153846153846156,4.621301775147929,0.0,0.0,0.0,0.15384615384615385,0.0,0.0,0.0,0.0,0.0,1.3609467455621302,0.03550295857988166,0.0,0.0,0.23076923076923078,0.0,10.65680473372781,0.0,1.680473372781065,0.0,5.242603550295858,3.7218934911242605,0.5502958579881657,4.887573964497041,0.0,0.0,0.16568047337278108,0.0,0.0,4.34319526627219,23.644970414201183,2.532544378698225,0.0,0.0,0.0,0.0,0.5384615384615384,0.5029585798816568,0.0,0.05325443786982249,2.437869822485207
2004,246,4,0.4125874125874126,0.08391608391608392,0.4370629370629371,2.597902097902098,0.0,0.0,0.0,0.0,0.0,0.0,0.0,0.0,0.0,0.013986013986013986,0.0,0.0,0.0,0.0,0.0,7.555944055944056,0.01048951048951049,1.9965034965034965,0.0,8.86013986013986,1.2377622377622377,0.06293706293706294,3.56993006993007,0.0,0.0,0.0034965034965034965,0.0,0.0,0.0,15.090909090909092,1.493006993006993,0.0,0.0,0.0,0.0,0.541958041958042,0.44755244755244755,0.0,0.038461538461538464,0.0
2008,1435,4,0.7806451612903226,0.06129032258064516,0.07741935483870968,2.393548387096774,0.0,0.0,0.0,0.0,0.0,0.0,0.0,0.0,0.0,0.06774193548387097,0.0,0.0,0.0,0.0,0.0,8.5,0.0,1.6548387096774193,0.0,3.925806451612903,1.1258064516129032,0.0,4.34516129032258,0.0,0.0,0.0,0.05161290322580645,0.0,0.0,10.841935483870968,1.396774193548387,0.0,0.0,0.02258064516129032,0.0,0.2161290322580645,0.3419354838709677,0.0,0.08064516129032258,0.0
2001,1459,11,0.4105960264900662,0.061258278145695365,0.20695364238410596,2.7665562913907285,0.0,0.0,0.0,0.08940397350993377,0.0,0.0,0.0,0.0,0.0,0.1291390728476821,0.026490066225165563,0.0,0.0,0.0,0.0,9.152317880794701,0.0,2.630794701986755,0.0,8.125827814569536,1.4933774834437086,0.17218543046357615,3.3956953642384105,0.0,0.0,0.0,0.0,0.0,0.0,15.55794701986755,1.5811258278145695,0.0,0.013245033112582781,0.0,0.0,0.5099337748344371,0.4552980132450331,0.0,0.023178807947019868,0.0
2003,1947,12,0.3630952380952381,0.14285714285714285,0.47619047619047616,3.886904761904762,0.0,0.0,0.0,0.08333333333333333,0.0,0.0,0.0,0.0,0.0,0.7976190476190477,0.16666666666666666,0.0,0.0,0.0,0.0,10.517857142857142,0.0,1.3154761904761905,0.0,3.2261904761904763,2.267857142857143,0.8214285714285714,3.7261904761904763,0.0,0.0,0.0,0.0,0.0,1.3154761904761905,18.898809523809526,2.0357142857142856,0.0,0.0,0.0,0.0,0.375,0.4523809523809524,0.0,0.05357142857142857,3.642857142857143
2007,226,4,0.6032608695652174,0.07065217391304347,0.9836956521739131,2.8369565217391304,0.0,0.0,0.0,1.1141304347826086,0.0,0.0,0.0,0.0,0.0,0.75,0.10869565217391304,0.0,0.0,0.0,0.0,2.4510869565217392,0.02717391304347826,1.6032608695652173,0.0,1.309782608695652,1.190217391304348,0.41304347826086957,7.364130434782608,0.0,0.0,0.03804347826086957,0.0,0.0,0.0,17.33695652173913,1.6793478260869565,0.0,0.043478260869565216,0.0,0.0,0.23369565217391305,0.375,0.0,0.03804347826086957,0.0
2009,426,16,0.599476439790576,0.07329842931937172,0.35602094240837695,2.5916230366492146,0.0,0.0,0.0,0.0,0.0,0.0,0.0,0.0,0.0,0.041884816753926704,0.0,0.0,0.0,0.0,0.0,6.895287958115183,0.0,1.8036649214659686,0.0,5.9319371727748695,1.6649214659685865,0.0,4.683246073298429,0.0,0.0,0.0,0.08900523560209424,0.0,0.0,12.089005235602095,1.6806282722513088,0.0,0.0,0.0,0.0,0.4712041884816754,0.38481675392670156,0.0,0.04712041884816754,0.0
2005,468,4,0.45689655172413796,0.07112068965517242,0.01293103448275862,2.271551724137931,0.0,0.0,0.0,0.021551724137931036,0.0,0.0,0.0,0.0,0.0,0.665948275862069,0.3448275862068966,0.0,0.0,0.0,0.0,10.84051724137931,0.0,1.7887931034482758,0.0,12.08405172413793,1.3383620689655173,0.0,2.7004310344827585,0.0,0.0,0.040948275862068964,0.0,0.0,0.0,11.058189655172415,1.4094827586206897,0.0,0.0,0.05818965517241379,0.0,0.6982758620689655,0.40301724137931033,0.0,0.04525862068965517,0.0
2008,1768,4,0.627906976744186,0.08372093023255814,0.5162790697674419,3.041860465116279,0.0,0.0,0.0,0.013953488372093023,0.0,0.0,0.0,0.0,0.0,0.08837209302325581,0.0,0.0,0.0,0.0,0.0,10.274418604651164,0.0,2.437209302325581,0.0,8.413953488372092,2.1627906976744184,0.24186046511627907,6.786046511627907,0.0,0.0,0.05116279069767442,0.0,0.0,0.0,12.934883720930232,1.6511627906976745,0.0,0.13023255813953488,0.12093023255813953,0.0,0.6186046511627907,0.5255813953488372,0.0,0.08837209302325581,0.0
2004,1802,4,0.459954233409611,0.06407322654462243,0.5789473684210527,3.320366132723112,0.0,0.0,0.0,0.0,0.0,0.0,0.0,0.0,0.0,0.0,0.0,0.0,0.0,0.0,0.0,13.075514874141877,0.0,2.3661327231121283,0.0,8.766590389016018,1.263157894736842,0.18306636155606407,5.88558352402746,0.0,0.0,0.18077803203661327,0.1945080091533181,0.0,0.0,17.560640732265448,1.6132723112128147,0.0,0.12128146453089245,0.0,0.0,0.5766590389016019,1.125858123569794,0.0,0.02517162471395881,0.0
2007,51,4,0.5077519379844961,0.07751937984496124,0.0,3.007751937984496,0.0,0.0,0.0,0.0,0.0,0.0,0.0,0.0,0.0,0.031007751937984496,0.0,0.0,0.14728682170542637,0.0,0.0,15.186046511627907,0.0,1.8604651162790697,0.0,11.670542635658915,1.0271317829457365,0.0,4.457364341085271,0.0,0.0,0.0,0.0,0.0,0.0,17.573643410852714,1.4844961240310077,0.0,0.6162790697674418,0.0,0.0,0.6782945736434108,0.5232558139534884,0.0,0.03875968992248062,0.0
2010,265,4,0.5424836601307189,0.0457516339869281,0.20588235294117646,1.0457516339869282,0.0,0.0,0.0,0.21568627450980393,0.0,0.0,0.0,0.0,0.0,0.026143790849673203,0.0,0.0,0.0,0.06862745098039216,0.0,3.950980392156863,0.0,1.7875816993464053,0.0,0.5065359477124183,0.0,0.238562091503268,3.65359477124183,0.0,0.0,0.0,0.0,0.0,0.0,5.676470588235294,0.5098039215686274,0.0,0.9607843137254902,0.0,0.0,0.1437908496732026,0.34967320261437906,0.0,0.0196078431372549,1.2843137254901962
2010,1292,5,0.4783599088838269,0.0888382687927107,0.4031890660592255,3.1822323462414577,0.0,0.0,0.0,0.0,0.0,0.0,0.0,0.0,0.0,0.0,0.0,0.0,0.0,0.0,0.0,11.095671981776766,0.0,1.7403189066059226,0.0,6.398633257403189,1.65375854214123,0.0,4.71753986332574,0.0,0.0,0.018223234624145785,0.0,0.0,0.0,13.33257403189066,1.7494305239179955,0.0,0.0,0.002277904328018223,0.0,0.3325740318906606,0.38724373576309795,0.0,0.0387243735763098,0.0
2009,1344,4,0.47985347985347987,0.047619047619047616,0.8681318681318682,3.336996336996337,0.0,0.0,0.0,0.0,0.0,0.0,0.4835164835164835,0.0,0.5567765567765568,0.9633699633699634,0.6556776556776557,0.0,0.0,0.0,0.0,4.527472527472527,0.0,2.1135531135531136,0.1684981684981685,5.087912087912088,4.190476190476191,0.19047619047619047,5.619047619047619,0.0,0.0,0.1282051282051282,0.0,0.31868131868131866,0.0,21.714285714285715,2.4835164835164836,0.0,0.18681318681318682,0.02197802197802198,0.0,0.336996336996337,0.5311355311355311,0.0,0.0989010989010989,0.9010989010989011
2003,1978,4,0.39147286821705424,0.050387596899224806,0.5736434108527132,2.4069767441860463,0.0,0.0,0.0,0.023255813953488372,0.0,0.0,0.0,0.0,0.0,0.10077519379844961,0.0,0.0,0.0,0.0,0.0,7.953488372093023,0.0,1.6627906976744187,0.0,4.77906976744186,1.1007751937984496,0.10465116279069768,3.4224806201550386,0.0,0.0,0.08139534883720931,0.03488372093023256,0.0,0.0,13.542635658914728,1.3294573643410852,0.0,0.13178294573643412,0.2364341085271318,0.0,0.28294573643410853,0.44573643410852715,0.0,0.015503875968992248,0.0
2005,124,4,0.6591928251121076,0.11210762331838565,0.15246636771300448,3.2242152466367715,0.0,0.0,0.0,0.0,0.0,0.0,0.004484304932735426,0.0,0.004484304932735426,0.3811659192825112,0.14798206278026907,0.0,0.0,0.0,0.0,10.645739910313901,0.0,1.8744394618834082,0.0,12.134529147982063,1.7533632286995515,0.08520179372197309,4.327354260089686,0.0,0.0,0.17937219730941703,0.0,0.0,0.0,16.080717488789237,1.6143497757847534,0.0,0.0,0.0,0.0,0.8161434977578476,0.4484304932735426,0.0,0.06726457399103139,0.0
2010,707,7,0.5089285714285714,0.03571428571428571,0.08035714285714286,0.9285714285714286,0.0,0.0,0.0,0.14732142857142858,0.0,0.0,0.0,0.0,0.0,0.044642857142857144,0.0,0.0,0.0,0.0,0.0,2.7544642857142856,0.0,1.2232142857142858,0.0,7.174107142857143,0.13392857142857142,0.24553571428571427,2.6205357142857144,0.0,0.0,0.0,0.0,0.0,0.0,4.888392857142857,0.7053571428571429,0.0,0.017857142857142856,0.0,0.0,0.6160714285714286,0.29910714285714285,0.0,0.013392857142857142,2.424107142857143
2010,741,4,0.42574257425742573,0.08663366336633663,0.3193069306930693,3.608910891089109,0.0,0.0,0.0,0.022277227722772276,0.0,0.0,0.3712871287128713,0.0,0.0,0.6534653465346535,0.2623762376237624,0.0,0.0,0.0,1.150990099009901,11.512376237623762,0.0,1.8044554455445545,0.0,9.92079207920792,2.727722772277228,0.3292079207920792,3.712871287128713,0.0,0.0,0.07920792079207921,0.0,0.0,0.0,15.663366336633663,2.0693069306930694,0.0,0.18316831683168316,0.11633663366336634,0.0,0.5618811881188119,0.5173267326732673,0.0,0.03217821782178218,0.0
2006,933,4,0.4010327022375215,0.07228915662650602,0.3253012048192771,2.2048192771084336,0.0,0.0,0.0,0.025817555938037865,0.0,0.0,0.07917383820998279,0.0,0.0,0.22030981067125646,0.08089500860585198,0.0,0.0,0.0,0.21858864027538727,10.285714285714286,0.0,1.4664371772805507,0.0,3.7641996557659207,0.774526678141136,0.33907056798623064,3.0877796901893286,0.0,0.0,0.0017211703958691911,0.0017211703958691911,0.0,0.0,10.636833046471601,1.3012048192771084,0.0,0.0774526678141136,0.022375215146299483,0.0,0.16695352839931152,0.36660929432013767,0.0,0.03442340791738382,0.0
2011,172,4,0.30344827586206896,0.06206896551724138,0.8344827586206897,2.0344827586206895,0.0,0.0,0.0,0.0,0.0,0.0,0.0,0.0,0.0,0.0,0.0,0.0,0.0,0.0,0.0,3.075862068965517,0.0,1.5310344827586206,0.0,1.3172413793103448,0.41379310344827586,0.3724137931034483,3.9931034482758623,0.0,0.0,0.1724137931034483,0.0,0.0,0.0,11.648275862068965,1.393103448275862,0.0,0.0,0.0,0.0,0.0,0.3586206896551724,0.0,0.013793103448275862,0.0
2010,800,4,0.5137844611528822,0.07268170426065163,0.5037593984962406,2.506265664160401,0.0,0.0,0.0,0.0,0.0,0.0,0.0,0.0,0.0,0.0,0.0,0.0,0.0,0.0,0.0,7.493734335839599,0.0,1.5588972431077694,0.0,4.659147869674185,1.305764411027569,0.047619047619047616,4.754385964912281,0.0,0.0,0.0,0.0,0.0,0.0,10.461152882205514,1.1403508771929824,0.0,0.11027568922305764,0.0,0.0,0.42606516290726815,0.37844611528822053,0.0,0.03258145363408521,0.0
2009,970,15,0.3911290322580645,0.08870967741935484,0.6733870967741935,2.342741935483871,0.0,0.0,0.0,0.18951612903225806,0.0,0.0,0.0,0.0,0.0,0.13306451612903225,0.012096774193548387,0.0,0.0,0.0,0.0,6.508064516129032,0.0,2.245967741935484,0.0,5.923387096774194,1.5685483870967742,0.13306451612903225,4.221774193548387,0.0,0.0,0.004032258064516129,0.0,0.0,0.0,11.237903225806452,1.439516129032258,0.0,0.0846774193548387,0.024193548387096774,0.0,0.4032258064516129,0.5040322580645161,0.024193548387096774,0.008064516129032258,1.0564516129032258
2009,1604,12,0.31086142322097376,0.03745318352059925,0.6367041198501873,1.8352059925093633,0.0,0.0,0.0,0.3782771535580524,0.0,0.0,0.0,0.0,0.0,0.47191011235955055,0.09737827715355805,0.0,0.0,0.0,0.0,3.50187265917603,0.0,2.033707865168539,0.0,1.6629213483146068,0.7415730337078652,0.3895131086142322,4.299625468164794,0.0,0.0,0.0,0.0,0.0,0.14232209737827714,12.183520599250937,1.1273408239700375,0.0,0.0,0.0,0.0,0.449438202247191,0.44569288389513106,0.0,0.0299625468164794,1.0262172284644195
2012,943,4,0.43573667711598746,0.07523510971786834,0.21630094043887146,2.9247648902821317,0.0,0.0,0.0,1.8432601880877744,0.0,0.0,0.0,0.0,0.0,1.4420062695924765,0.13479623824451412,0.0,0.0,0.16927899686520376,0.0,4.238244514106583,0.0,1.4702194357366771,0.0,1.4702194357366771,1.3636363636363635,0.34169278996865204,5.5423197492163006,0.0,0.0,0.0,0.0,0.0,0.9341692789968652,18.059561128526646,1.7460815047021943,0.0,0.0,0.0,0.0,0.2476489028213166,0.4702194357366771,0.0,0.047021943573667714,4.61128526645768
2010,1226,2,0.35978835978835977,0.026455026455026454,0.9365079365079365,1.7936507936507937,0.0,0.0,0.0,0.0,0.0,0.0,0.0,0.0,0.0,0.0,0.0,0.0,0.0,0.0,0.0,3.037037037037037,0.0,1.7037037037037037,0.0,1.470899470899471,0.6137566137566137,0.4497354497354497,3.8412698412698414,0.0,0.0,0.13756613756613756,0.0,0.0,0.0,11.43915343915344,1.2010582010582012,0.0,0.12169312169312169,0.06349206349206349,0.0,0.0,0.43915343915343913,0.0,0.037037037037037035,0.0
2009,1990,4,5.430379746835443,0.06329113924050633,0.38396624472573837,2.151898734177215,0.0,0.0,0.0,0.016877637130801686,0.0,0.0,0.0,0.10970464135021098,0.0,0.029535864978902954,0.004219409282700422,0.0,0.0,0.0,0.0,9.324894514767932,0.0,0.9451476793248945,0.0,6.253164556962025,0.9957805907172996,0.0,3.717299578059072,0.0,0.0,0.0,0.0,0.0,0.0,13.843881856540085,1.0717299578059072,0.0,0.0,0.0,0.0,0.33755274261603374,0.7763713080168776,1.0717299578059072,2.6835443037974684,20.451476793248943
2011,144,4,0.7703349282296651,0.0861244019138756,0.3062200956937799,3.0239234449760763,0.0,0.0,0.0,0.0,0.0,0.0,0.0,0.0,0.0,0.08133971291866028,0.1291866028708134,0.0,0.0,0.0,0.0,6.019138755980861,0.0,2.550239234449761,0.0,9.047846889952153,1.4258373205741626,0.0861244019138756,3.5933014354066986,0.0,0.0,0.0,0.0,0.0,0.0,15.851674641148325,1.430622009569378,0.0,0.0,0.0,0.0,0.5741626794258373,0.44976076555023925,0.0,0.014354066985645933,0.0
2011,315,4,0.5,0.06645569620253164,0.46835443037974683,2.1234177215189876,0.0,0.0,0.0,0.056962025316455694,0.0,0.0,0.0,0.0,0.0,0.04113924050632911,0.0,0.0,0.0,0.0,0.0,10.14240506329114,0.0,1.3987341772151898,0.0,3.528481012658228,0.8670886075949367,0.02531645569620253,3.6202531645569622,0.0,0.0,0.0,0.0,0.0,0.0,9.025316455696203,1.0886075949367089,0.0,0.0,0.060126582278481014,0.0,0.189873417721519,0.34177215189873417,0.0,0.03481012658227848,0.015822784810126583
2010,334,4,0.3923076923076923,0.09230769230769231,0.18846153846153846,2.626923076923077,0.0,0.0,0.0,0.0,0.0,0.0,0.0,0.0,0.0,0.06923076923076923,0.0,0.0,0.0,0.0,0.0,10.55,0.0,1.65,0.0,7.530769230769231,1.5807692307692307,0.11923076923076924,2.973076923076923,0.0,0.0,0.0,0.0,0.0,0.0,11.307692307692308,1.3846153846153846,0.0,0.0,0.0,0.0,0.5269230769230769,0.41923076923076924,0.0,0.0038461538461538464,0.0
2009,376,4,0.3717277486910995,0.03664921465968586,0.5078534031413613,2.816753926701571,0.0,0.0,0.0,0.0,0.0,0.0,0.0,0.0,0.0,0.7853403141361257,0.0,0.0,0.0,0.0,0.0,6.036649214659686,0.0,1.4293193717277486,0.0,4.052356020942408,1.219895287958115,1.2460732984293195,6.005235602094241,0.5602094240837696,0.0,0.17801047120418848,0.0,0.0,0.0,12.602094240837696,1.6282722513089005,0.0,0.0,0.0,0.0,0.2094240837696335,0.38219895287958117,0.0,0.1099476439790576,0.0
2008,833,4,0.4157303370786517,0.0449438202247191,0.46629213483146065,1.8764044943820224,0.0,0.0,0.0,0.07303370786516854,0.0,0.0,0.0,0.0,0.0,0.07303370786516854,0.0,0.0,0.0,0.0,0.0,7.713483146067416,0.0,1.8595505617977528,0.0,2.230337078651685,0.8595505617977528,0.1404494382022472,6.325842696629214,0.0,0.0,0.0,0.0,0.0,0.0,8.904494382022472,0.9550561797752809,0.0,0.0,0.0,0.0,0.3089887640449438,0.3146067415730337,0.0,0.02247191011235955,0.0
2011,1133,12,0.46258503401360546,0.061224489795918366,0.2789115646258503,2.435374149659864,0.0,0.0,0.0,0.006802721088435374,0.0,0.0,0.0,0.0,0.0,0.07482993197278912,0.013605442176870748,0.0,0.0,0.0,0.0,7.476190476190476,0.0,1.8299319727891157,0.0,3.0884353741496597,1.054421768707483,0.08163265306122448,4.408163265306122,0.0,0.0,0.02040816326530612,0.0,0.0,0.0,13.857142857142858,1.6666666666666667,0.0,0.0,0.0,0.0,0.047619047619047616,0.41496598639455784,0.0,0.04081632653061224,0.0
2009,1524,15,0.33762886597938147,0.05412371134020619,0.49226804123711343,3.1804123711340204,0.0,0.0,0.0,0.3634020618556701,0.0,0.0,0.0,0.0,0.0,0.41494845360824745,0.11597938144329897,0.0,0.010309278350515464,0.04896907216494845,0.010309278350515464,10.734536082474227,0.0,1.7938144329896908,0.0,6.440721649484536,1.9123711340206186,0.04896907216494845,3.2036082474226806,0.0,0.0,0.0,0.0,0.0,0.1134020618556701,16.711340206185568,2.13659793814433,0.0,0.0,0.0,0.0,0.47680412371134023,0.46649484536082475,0.0,0.03350515463917526,0.20876288659793815
2008,1542,12,0.34108527131782945,0.05426356589147287,0.20155038759689922,1.8992248062015504,0.0,0.21705426356589147,0.0,0.8682170542635659,0.0,0.0,0.0,0.0,0.0,0.3875968992248062,0.07751937984496124,0.0,0.0,0.03875968992248062,0.0,3.643410852713178,0.0,2.0387596899224807,0.0,2.317829457364341,0.7596899224806202,0.0,4.0,0.0,0.0,0.0,0.0,0.0,0.0,14.077519379844961,1.1162790697674418,0.0,0.0,0.0,0.0,0.875968992248062,0.4806201550387597,0.0,0.03875968992248062,0.0
2012,1164,7,0.41935483870967744,0.08064516129032258,0.4838709677419355,2.25,0.0,0.056451612903225805,0.0,0.717741935483871,0.0,0.0,0.0,0.0,0.0,0.3709677419354839,0.08064516129032258,0.0,0.0,0.10483870967741936,0.0,6.798387096774194,0.0,1.7258064516129032,0.0,7.379032258064516,1.7661290322580645,0.008064516129032258,3.193548387096774,0.0,0.0,0.0,0.0,0.0,0.0,17.161290322580644,1.6935483870967742,0.0,0.06451612903225806,0.0,0.0,0.7661290322580645,0.5967741935483871,0.0,0.06451612903225806,0.2903225806451613
2011,1243,4,0.4128113879003559,0.06761565836298933,0.5765124555160143,3.8718861209964412,0.0,0.0,0.0,0.0,0.0,0.0,0.3309608540925267,0.0,0.0,0.9608540925266904,0.48398576512455516,0.0,0.0,0.0,1.5622775800711743,8.0,0.0,1.4412811387900355,0.0,7.04270462633452,3.3879003558718863,0.017793594306049824,4.234875444839858,0.0,0.0,0.0071174377224199285,0.0,0.33807829181494664,0.0,20.427046263345197,2.419928825622776,0.0,0.0,0.0,0.5088967971530249,0.5444839857651246,0.5409252669039146,0.0,0.0498220640569395,3.604982206405694
2012,1403,4,0.6304347826086957,0.09130434782608696,0.1,2.9695652173913043,0.0,0.0,0.0,0.0,0.0,0.0,0.0,0.19130434782608696,0.0,0.0,0.0,0.0,0.0,0.0,0.0,8.795652173913043,0.0,1.2608695652173914,0.0,8.547826086956523,2.582608695652174,0.0,3.9217391304347826,0.0,0.0,0.06521739130434782,0.0,0.0,0.0,18.956521739130434,2.0652173913043477,0.0,0.0,0.0,0.0,0.5347826086956522,0.47391304347826085,0.0,0.043478260869565216,7.413043478260869
2009,1649,4,0.45,0.04583333333333333,0.225,2.6,0.0,0.0,0.0,0.0,0.0,0.0,0.0,0.0,0.0,0.0,0.0,0.0,0.0,0.0,0.0,8.929166666666667,0.0,1.3958333333333333,0.0,8.15,1.3208333333333333,0.2,3.529166666666667,0.0,0.0,0.07916666666666666,0.0,0.0,0.0,15.345833333333333,1.7125,0.0,0.004166666666666667,0.10416666666666667,0.0,0.48333333333333334,0.4375,0.0,0.016666666666666666,0.0
2012,297,4,0.45535714285714285,0.08035714285714286,0.9464285714285714,2.1607142857142856,0.0,0.0,0.0,0.0,0.0,0.0,0.0,0.0,0.0,0.0,0.0,0.0,0.0,0.0,0.0,2.4642857142857144,0.0,2.5535714285714284,0.0,1.9732142857142858,0.8660714285714286,0.41964285714285715,5.946428571428571,0.0,0.0,0.008928571428571428,0.0,0.0,0.0,15.017857142857142,1.4017857142857142,0.0,0.0,0.0,0.0,0.0,0.5089285714285714,0.0,0.008928571428571428,0.14285714285714285
2012,603,16,0.5,0.060240963855421686,0.21686746987951808,2.4939759036144578,0.0,0.0,0.0,0.0,0.0,0.0,0.0,0.0,0.0,0.0,0.0,0.0,0.0,0.0,0.0,11.403614457831326,0.0,1.5542168674698795,0.0,8.69277108433735,1.783132530120482,0.0,2.0,0.0,0.0,0.0,0.0,0.0,0.0,11.63855421686747,1.6024096385542168,0.0,0.0,0.0,0.0,0.7289156626506024,0.4879518072289157,0.0,0.030120481927710843,0.0
2013,1681,4,0.5304878048780488,0.07926829268292683,0.06097560975609756,3.167682926829268,0.0,0.0,0.0,0.042682926829268296,0.0,0.0,0.0,0.0,0.0,0.2530487804878049,0.0,0.0,0.0,0.0,0.0,12.61890243902439,0.0,1.478658536585366,0.0,8.375,1.375,0.06707317073170732,2.4207317073170733,0.0,0.0,0.39939024390243905,0.10670731707317073,0.0,0.0,15.15548780487805,2.0396341463414633,0.0,0.0,0.0,0.0,0.5609756097560976,0.38109756097560976,0.0,0.07621951219512195,0.0
2012,1790,4,0.4152542372881356,0.07203389830508475,0.3516949152542373,3.0847457627118646,0.0,0.0,0.0,0.0,0.0,0.0,0.0,0.0,0.0,0.0,0.0,0.0,0.0,0.0,0.0,4.758474576271187,0.0,2.266949152542373,0.0,3.139830508474576,1.0381355932203389,0.211864406779661,6.546610169491525,0.0,0.0,0.0,0.0,0.0,0.0,19.25423728813559,2.1228813559322033,0.0,0.0,0.0,0.0,0.07203389830508475,0.461864406779661,0.0,0.0211864406779661,0.0
2012,1202,3,0.48868778280542985,0.07692307692307693,0.20361990950226244,2.832579185520362,0.0,0.0,0.0,0.0,0.0,0.0,0.0,0.0,0.0,0.0,0.0,0.0,0.0,0.0,0.0,8.081447963800905,0.0,2.013574660633484,0.0,9.352941176470589,1.257918552036199,0.12217194570135746,4.950226244343892,0.0,0.0,0.004524886877828055,0.0,0.0,0.0,16.665158371040725,1.7149321266968325,0.0,0.20361990950226244,0.0,0.0,0.5701357466063348,0.4796380090497738,0.0,0.04072398190045249,0.0
2013,353,4,0.8409785932721713,0.0856269113149847,0.7584097859327217,2.403669724770642,0.0,0.0,0.0,0.0672782874617737,0.0,0.0,0.0030581039755351682,0.0,0.0,0.7033639143730887,0.3180428134556575,0.0,0.0,0.0,0.0,11.070336391437309,0.0,1.599388379204893,0.0,4.244648318042813,1.6819571865443426,0.0,4.5963302752293576,0.0,0.0,0.0,0.0,0.0,0.0,14.085626911314984,1.1498470948012232,0.0,0.0,0.0,0.0,0.28134556574923547,0.5137614678899083,4.08868501529052,0.22324159021406728,1.8623853211009174
2013,541,4,0.5103734439834025,0.06639004149377593,0.35684647302904565,1.7302904564315353,0.0,0.0,0.0,0.03319502074688797,0.0,0.0,0.0,0.0,0.0,0.06224066390041494,0.0,0.0,0.0,0.0,0.0,6.526970954356846,0.0,1.8008298755186722,0.0,3.116182572614108,0.4979253112033195,0.13692946058091288,6.7012448132780085,0.004149377593360996,0.0,0.12033195020746888,0.0,0.0,0.0,8.879668049792532,0.8174273858921162,0.0,0.0,0.0,0.0,0.5767634854771784,0.35269709543568467,0.0,0.024896265560165973,0.0
2014,1084,4,0.39195979899497485,0.07537688442211055,0.38190954773869346,2.1055276381909547,0.0,0.0,0.0,0.0,0.0,0.0,0.010050251256281407,0.0,0.0,0.16080402010050251,0.020100502512562814,0.0,0.0,0.0,0.11557788944723618,7.939698492462312,0.0,1.135678391959799,0.0,5.844221105527638,0.7185929648241206,0.23115577889447236,5.226130653266332,0.0,0.0,0.020100502512562814,0.11557788944723618,0.0,0.0,10.482412060301508,1.236180904522613,0.0,0.20100502512562815,0.0,0.0,0.36683417085427134,0.3969849246231156,0.0,0.05025125628140704,0.0
2014,1969,5,0.3430232558139535,0.03488372093023256,0.5581395348837209,2.9244186046511627,0.0,0.0,0.0,0.0,0.0,0.0,0.0,0.0,0.0,0.0,0.0,0.0,0.0,0.0,0.0,5.808139534883721,0.0,1.4069767441860466,0.0,4.8023255813953485,0.9011627906976745,0.011627906976744186,3.744186046511628,0.0,0.0,0.0,0.0,0.0,0.0,14.604651162790697,1.6744186046511629,0.0,0.0,0.0,0.0,0.29651162790697677,0.5581395348837209,0.0,0.023255813953488372,0.0
2014,867,4,0.6369047619047619,0.11904761904761904,0.31547619047619047,3.9702380952380953,0.0,0.0,0.0,0.0,0.0,0.0,0.36904761904761907,0.0,0.15476190476190477,0.4226190476190476,0.27380952380952384,0.0,0.0,0.0,0.02976190476190476,10.970238095238095,0.0,2.119047619047619,0.1130952380952381,8.714285714285714,3.1785714285714284,0.03571428571428571,6.738095238095238,0.0,0.0,0.08333333333333333,0.0,0.0,0.0,20.053571428571427,2.142857142857143,0.0,0.0,0.0,0.0,0.6488095238095238,0.5238095238095238,0.0,0.047619047619047616,0.0
2014,1733,4,0.375,0.1111111111111111,0.19444444444444445,2.1805555555555554,0.0,0.0,0.0,0.0,0.0,0.0,0.0,0.0,0.0,0.0,0.0,0.0,0.0,0.0,0.0,7.055555555555555,0.0,1.1597222222222223,0.0,7.319444444444445,1.3194444444444444,0.013888888888888888,2.9444444444444446,0.0,0.041666666666666664,0.0,0.0,0.0,0.0,11.097222222222221,1.1944444444444444,0.0,0.020833333333333332,0.0,0.0,0.3958333333333333,0.5555555555555556,0.0,0.027777777777777776,0.0
2014,1500,12,0.5886524822695035,0.07092198581560284,0.75177304964539,2.347517730496454,0.0,0.0,0.0,0.0,0.0,0.0,0.0,0.0,0.0,0.0425531914893617,0.028368794326241134,0.0,0.0,0.0,0.0,4.907801418439717,0.07801418439716312,2.482269503546099,0.0,2.780141843971631,0.475177304964539,0.2695035460992908,7.056737588652482,0.0,0.0,0.0,0.0,0.0,0.0,15.056737588652481,1.2340425531914894,0.0,0.0,0.0,0.0,0.20567375886524822,0.5106382978723404,0.0,0.0851063829787234,0.0
2015,1108,4,0.3333333333333333,0.10833333333333334,1.125,2.3833333333333333,0.0,0.3416666666666667,0.0,2.216666666666667,0.0,0.0,0.0,0.0,0.0,1.3666666666666667,0.5083333333333333,0.0,0.0,0.10833333333333334,0.0,4.233333333333333,0.0,2.175,0.0,2.033333333333333,1.55,0.15,5.766666666666667,0.0,0.0,0.0,0.0,0.0,0.03333333333333333,16.583333333333332,1.675,0.0,0.0,0.15,0.0,0.475,0.5666666666666667,0.0,0.05,3.808333333333333
2014,1182,4,0.39416058394160586,0.08759124087591241,0.5912408759124088,2.9197080291970803,0.0,0.0,0.0,0.0,0.0,0.0,0.0,0.0,0.0,0.0,0.0,0.0,0.0,0.0,0.0,9.021897810218977,0.0,1.6788321167883211,0.0,8.18978102189781,1.7153284671532847,0.051094890510948905,3.7518248175182483,0.0,0.0,0.0,0.0,0.0,0.0,15.846715328467154,1.8175182481751824,0.0,0.0,0.0,0.0,0.5620437956204379,0.35766423357664234,0.0,0.0364963503649635,0.0
2015,1953,7,0.4,0.05,0.75,1.9625,0.0,0.0,0.0,0.0,0.0,0.0,0.0,0.0,0.0,0.075,0.0,0.0,0.0,0.0,0.0625,5.6125,0.0,1.7625,0.0,2.3375,0.425,0.0,3.9125,0.0,0.0,0.0,0.0,0.0,0.0,12.6875,1.35,0.0,0.0,0.0,0.0125,0.0625,0.4875,0.0,0.0125,0.0
2015,444,4,0.6341463414634146,0.04878048780487805,0.7073170731707317,2.5365853658536586,0.0,0.0,0.0,0.0,0.0,0.0,0.13414634146341464,0.0,0.0,0.4024390243902439,0.0,0.0,0.0,0.0,0.5609756097560976,7.353658536585366,0.0,1.9146341463414633,0.0,1.6097560975609757,0.5365853658536586,0.21951219512195122,8.097560975609756,0.0,0.0,0.036585365853658534,0.0,0.0,0.0,15.5,0.9146341463414634,0.0,0.0,0.0,0.0,0.0,0.47560975609756095,0.0,0.036585365853658534,0.0
2015,832,15,0.4032258064516129,0.03225806451612903,0.04838709677419355,1.8709677419354838,0.0,0.0,0.0,0.0,0.0,0.0,0.0,0.0,0.0,0.016129032258064516,0.0,0.0,0.0,0.0,0.0,11.112903225806452,0.0,1.9838709677419355,0.0,9.951612903225806,0.8225806451612904,0.0,2.967741935483871,0.0,0.0,0.14516129032258066,0.0,0.0,0.0,9.32258064516129,0.9516129032258065,0.0,0.0,0.0,0.0,0.7903225806451613,0.46774193548387094,0.0,0.016129032258064516,0.0
2015,1373,4,0.5114503816793893,0.05343511450381679,0.45038167938931295,2.0381679389312977,0.0,0.0,0.0,0.2824427480916031,0.0,0.0,0.0,0.0,0.0,0.8396946564885496,0.17557251908396945,0.0,0.0,0.0,0.0,4.419847328244275,0.0,3.1068702290076335,0.0,3.786259541984733,1.4732824427480915,0.1984732824427481,4.267175572519084,0.0,0.0,0.0,0.0,0.0,0.0,12.030534351145038,1.1221374045801527,0.0,0.0,0.0,0.0,0.2366412213740458,0.5114503816793893,0.0,0.03816793893129771,0.0
2015,1388,4,0.36363636363636365,0.045454545454545456,0.4818181818181818,1.9545454545454546,0.0,0.0,0.0,0.0,0.0,0.0,0.0,0.0,0.0,0.0,0.0,0.0,0.0,0.0,0.0,5.154545454545454,0.0,1.2454545454545454,0.0,3.7818181818181817,0.8181818181818182,0.15454545454545454,3.9545454545454546,0.0,0.0,0.0,0.0,0.0,0.0,13.445454545454545,1.5454545454545454,0.0,0.0,0.0,0.0,0.20909090909090908,0.4090909090909091,0.0,0.00909090909090909,0.0
2016,1558,12,0.38571428571428573,0.05714285714285714,0.3142857142857143,2.1285714285714286,0.0,0.0,0.0,0.0,0.0,0.0,0.0,0.0,0.0,0.0,0.0,0.0,0.0,0.0,0.0,5.3,0.0,1.1428571428571428,0.0,2.9,0.7285714285714285,0.18571428571428572,3.7285714285714286,0.0,0.0,0.0,0.0,0.0,0.0,13.67142857142857,1.542857142857143,0.0,0.0,0.0,0.0,0.12857142857142856,0.4857142857142857,0.0,0.014285714285714285,0.0
2015,1714,11,0.6785714285714286,0.03571428571428571,0.625,2.6785714285714284,0.0,0.32142857142857145,0.0,1.8035714285714286,0.0,0.0,0.32142857142857145,0.0,0.0,2.142857142857143,0.9285714285714286,0.0,0.0,0.6428571428571429,0.0,6.642857142857143,0.0,3.0,0.0,4.017857142857143,1.5178571428571428,0.625,10.089285714285714,0.0,0.0,0.0,0.0,0.0,0.0,16.607142857142858,1.1071428571428572,0.0,0.0,0.0,0.0,0.7857142857142857,0.6071428571428571,0.0,0.10714285714285714,2.9642857142857144
2016,118,15,0.42990654205607476,0.028037383177570093,0.6635514018691588,2.1121495327102804,0.0,0.0,0.0,0.0,0.0,0.0,0.0,0.0,0.0,0.40186915887850466,0.04672897196261682,0.0,0.0,0.0,0.0,3.682242990654206,0.056074766355140186,2.205607476635514,0.0,2.5233644859813085,0.40186915887850466,0.308411214953271,6.299065420560748,0.0,0.0,0.09345794392523364,0.0,0.0,1.2429906542056075,13.401869158878505,1.1401869158878504,0.0,0.0,0.0,0.0,0.17757009345794392,0.5607476635514018,0.0,0.028037383177570093,0.3177570093457944
2015,558,4,0.46,0.03,0.0,1.43,0.0,0.0,0.0,0.2,0.0,0.0,0.0,0.0,0.0,0.0,0.0,0.0,0.0,0.0,0.0,3.35,0.0,2.13,0.0,1.99,0.35,0.54,4.24,0.0,0.0,0.0,0.0,0.0,0.0,6.33,0.44,0.0,0.06,0.0,0.0,0.69,0.3,0.0,0.02,0.27
2015,1547,15,0.4576271186440678,0.01694915254237288,0.4576271186440678,2.305084745762712,0.0,0.0,0.0,0.0,0.0,0.0,0.0,0.0,0.0,0.0,0.0,0.0,0.0,0.0,0.0,5.6440677966101696,0.0,1.0847457627118644,0.0,6.5423728813559325,0.6949152542372882,0.22033898305084745,6.966101694915254,0.0,0.0,0.06779661016949153,0.0,0.0,0.0,12.0,1.3220338983050848,0.0,0.13559322033898305,0.0,0.0,0.3220338983050847,0.423728813559322,0.0,0.03389830508474576,0.0
2016,1654,4,0.25925925925925924,0.12962962962962962,0.4444444444444444,3.1296296296296298,0.0,0.0,0.0,0.25925925925925924,0.0,0.0,0.0,0.0,0.0,0.16666666666666666,0.07407407407407407,0.0,0.0,0.018518518518518517,0.0,8.185185185185185,0.0,1.5925925925925926,0.0,10.074074074074074,2.0925925925925926,0.018518518518518517,2.814814814814815,0.0,0.0,0.0,0.0,0.0,0.0,19.333333333333332,2.1481481481481484,0.0,0.0,0.0,0.0,1.3333333333333333,0.3888888888888889,0.0,0.0,0.0
2016,285,4,0.3870967741935484,0.04838709677419355,0.9354838709677419,2.3870967741935485,0.0,0.0,0.0,0.0,0.0,0.0,0.0,0.0,0.0,0.0,0.0,0.0,0.0,0.0,0.0,3.693548387096774,0.0,2.096774193548387,0.0,3.096774193548387,1.064516129032258,0.43548387096774194,5.725806451612903,0.0,0.0,0.0,0.0,0.0,0.0,14.64516129032258,1.032258064516129,0.0,0.0,0.0,0.0,0.0,0.5967741935483871,0.0,0.04838709677419355,0.0
2016,1618,12,0.35714285714285715,0.07142857142857142,0.30952380952380953,2.8333333333333335,0.0,0.0,0.0,0.0,0.0,0.0,0.0,0.0,0.0,0.0,0.0,0.0,0.0,0.0,0.0,12.023809523809524,0.0,1.1428571428571428,0.0,6.190476190476191,1.0238095238095237,0.0,3.5476190476190474,0.0,0.0,0.0,0.0,0.0,0.0,12.095238095238095,1.4047619047619047,0.0,0.0,0.0,0.0,0.2857142857142857,0.2857142857142857,0.0,0.023809523809523808,0.0
2016,1997,4,0.5581395348837209,0.023255813953488372,1.0232558139534884,2.4186046511627906,0.0,0.0,0.0,0.46511627906976744,0.0,0.0,0.0,0.0,0.0,0.9069767441860465,0.09302325581395349,0.0,0.0,0.06976744186046512,0.0,3.883720930232558,0.0,2.511627906976744,0.0,1.6046511627906976,0.5813953488372093,0.4186046511627907,8.86046511627907,0.0,0.0,0.0,0.0,0.0,0.0,13.813953488372093,1.302325581395349,0.0,0.0,0.0,0.0,0.0,0.4418604651162791,0.0,0.06976744186046512,0.09302325581395349
