row,column,celltype
33.0,186.0,3.0
42.0,231.0,3.0
32.0,326.0,2.0
31.0,348.0,7.0
46.0,375.0,16.0
39.0,400.0,10.0
38.0,485.0,10.0
38.0,512.0,10.0
38.0,568.0,16.0
35.0,589.0,16.0
41.0,653.0,3.0
34.0,684.0,3.0
34.0,754.0,3.0
50.0,776.0,3.0
39.0,806.0,3.0
43.0,968.0,5.0
39.0,1009.0,4.0
42.0,1064.0,13.0
34.0,1090.0,7.0
39.0,1105.0,7.0
32.0,1217.0,3.0
34.0,1371.0,3.0
42.0,1407.0,4.0
37.0,1428.0,4.0
32.0,1447.0,4.0
35.0,1470.0,4.0
35.0,1496.0,4.0
31.0,1528.0,4.0
40.0,1551.0,4.0
32.0,1570.0,4.0
43.0,1581.0,4.0
30.0,1592.0,4.0
36.0,1608.0,4.0
32.0,1628.0,4.0
34.0,1653.0,4.0
34.0,1692.0,7.0
38.0,1718.0,4.0
34.0,1746.0,4.0
37.0,1771.0,4.0
34.0,1866.0,6.0
35.0,1890.0,4.0
33.0,1953.0,16.0
32.0,1975.0,16.0
41.0,173.0,3.0
44.0,545.0,2.0
43.0,705.0,2.0
43.0,1156.0,7.0
57.0,1848.0,8.0
40.0,212.0,3.0
46.0,343.0,7.0
42.0,1127.0,8.0
38.0,1986.0,16.0
50.0,1209.0,14.0
48.0,1621.0,11.0
62.0,670.0,3.0
45.0,1450.0,4.0
43.0,1946.0,8.0
45.0,468.0,2.0
53.0,1264.0,6.0
52.0,1685.0,4.0
49.0,1249.0,7.0
45.0,1482.0,4.0
50.0,1756.0,4.0
56.0,1507.0,4.0
60.0,1603.0,4.0
55.0,632.0,16.0
58.0,1177.0,11.0
58.0,1657.0,4.0
49.0,1469.0,4.0
62.0,1778.0,4.0
60.0,692.0,3.0
60.0,1038.0,13.0
57.0,1423.0,4.0
63.0,213.0,2.0
61.0,333.0,16.0
59.0,510.0,10.0
57.0,800.0,12.0
59.0,996.0,13.0
54.0,1138.0,6.0
58.0,264.0,3.0
63.0,1539.0,4.0
57.0,134.0,13.0
58.0,595.0,10.0
57.0,954.0,13.0
62.0,481.0,16.0
56.0,1114.0,7.0
60.0,314.0,3.0
65.0,615.0,16.0
62.0,937.0,16.0
60.0,1016.0,13.0
68.0,824.0,12.0
70.0,1459.0,4.0
67.0,1482.0,4.0
67.0,1154.0,7.0
67.0,150.0,13.0
71.0,1574.0,4.0
63.0,245.0,3.0
65.0,532.0,16.0
64.0,552.0,8.0
71.0,1399.0,4.0
62.0,583.0,10.0
66.0,166.0,10.0
68.0,1067.0,7.0
80.0,1689.0,4.0
72.0,1131.0,7.0
68.0,1247.0,7.0
80.0,652.0,14.0
72.0,1088.0,14.0
68.0,1623.0,6.0
66.0,1753.0,4.0
75.0,1639.0,4.0
71.0,184.0,13.0
77.0,1206.0,13.0
75.0,1110.0,7.0
76.0,310.0,3.0
85.0,363.0,16.0
85.0,494.0,16.0
79.0,580.0,10.0
84.0,952.0,7.0
80.0,1519.0,4.0
85.0,1732.0,4.0
82.0,601.0,10.0
81.0,991.0,3.0
84.0,1051.0,12.0
78.0,137.0,13.0
81.0,790.0,13.0
82.0,258.0,10.0
83.0,334.0,3.0
85.0,767.0,3.0
82.0,632.0,7.0
85.0,876.0,4.0
86.0,102.0,13.0
87.0,548.0,7.0
82.0,934.0,7.0
87.0,1023.0,12.0
84.0,172.0,13.0
89.0,523.0,16.0
87.0,1611.0,4.0
91.0,1382.0,10.0
88.0,80.0,10.0
90.0,1342.0,3.0
87.0,2010.0,3.0
98.0,977.0,2.0
88.0,1128.0,7.0
92.0,1145.0,7.0
90.0,1185.0,7.0
94.0,1078.0,12.0
102.0,309.0,3.0
104.0,571.0,7.0
93.0,1106.0,3.0
99.0,1499.0,10.0
92.0,192.0,13.0
93.0,826.0,4.0
96.0,127.0,13.0
107.0,1546.0,4.0
92.0,1515.0,4.0
108.0,1201.0,9.0
94.0,1632.0,4.0
99.0,1862.0,2.0
101.0,1011.0,3.0
98.0,1162.0,7.0
99.0,164.0,13.0
104.0,621.0,8.0
100.0,557.0,7.0
100.0,773.0,2.0
101.0,204.0,13.0
107.0,643.0,7.0
109.0,811.0,7.0
101.0,343.0,2.0
102.0,588.0,16.0
102.0,1125.0,3.0
106.0,243.0,3.0
104.0,1178.0,7.0
107.0,92.0,13.0
103.0,600.0,16.0
113.0,999.0,3.0
105.0,1034.0,12.0
106.0,1316.0,4.0
107.0,486.0,16.0
110.0,511.0,7.0
118.0,1700.0,4.0
111.0,77.0,10.0
109.0,146.0,13.0
110.0,1246.0,7.0
104.0,1393.0,6.0
115.0,1524.0,4.0
108.0,1594.0,4.0
108.0,1734.0,4.0
113.0,115.0,13.0
110.0,185.0,13.0
109.0,545.0,5.0
109.0,2014.0,3.0
119.0,922.0,4.0
109.0,1102.0,3.0
112.0,1616.0,7.0
116.0,880.0,4.0
115.0,1063.0,12.0
111.0,1217.0,6.0
112.0,1343.0,10.0
115.0,40.0,3.0
117.0,1294.0,4.0
123.0,345.0,2.0
124.0,961.0,16.0
115.0,1153.0,6.0
116.0,1377.0,13.0
115.0,1455.0,4.0
116.0,660.0,12.0
118.0,205.0,13.0
121.0,1441.0,16.0
132.0,410.0,2.0
120.0,611.0,6.0
120.0,1579.0,4.0
117.0,1126.0,3.0
126.0,898.0,4.0
135.0,1837.0,16.0
124.0,1854.0,2.0
123.0,59.0,13.0
129.0,172.0,13.0
124.0,591.0,16.0
123.0,1038.0,13.0
122.0,544.0,5.0
128.0,983.0,16.0
121.0,1358.0,7.0
125.0,1405.0,3.0
128.0,1076.0,12.0
122.0,1475.0,4.0
125.0,1602.0,7.0
132.0,384.0,3.0
135.0,534.0,12.0
126.0,1217.0,7.0
126.0,151.0,13.0
134.0,510.0,16.0
132.0,1092.0,3.0
125.0,1315.0,7.0
132.0,1426.0,6.0
130.0,79.0,13.0
135.0,569.0,15.0
133.0,1152.0,3.0
126.0,2015.0,16.0
139.0,218.0,13.0
133.0,603.0,6.0
134.0,634.0,13.0
145.0,840.0,4.0
136.0,1239.0,7.0
135.0,1324.0,6.0
131.0,1387.0,14.0
129.0,428.0,3.0
152.0,697.0,2.0
141.0,817.0,10.0
136.0,1346.0,6.0
132.0,1563.0,4.0
132.0,646.0,14.0
146.0,767.0,2.0
136.0,1186.0,7.0
134.0,659.0,14.0
140.0,1136.0,3.0
135.0,1511.0,4.0
130.0,1617.0,3.0
137.0,48.0,10.0
138.0,194.0,13.0
131.0,1362.0,7.0
146.0,677.0,16.0
138.0,1738.0,4.0
141.0,2006.0,16.0
138.0,870.0,4.0
133.0,1200.0,7.0
136.0,1599.0,8.0
139.0,1548.0,4.0
150.0,397.0,3.0
137.0,1030.0,3.0
138.0,911.0,4.0
146.0,1529.0,4.0
147.0,1576.0,12.0
152.0,34.0,16.0
149.0,157.0,13.0
144.0,277.0,13.0
139.0,617.0,6.0
147.0,1171.0,4.0
139.0,1222.0,7.0
149.0,1663.0,4.0
145.0,997.0,7.0
150.0,112.0,13.0
142.0,427.0,3.0
147.0,1207.0,7.0
147.0,1260.0,13.0
144.0,1280.0,13.0
154.0,1700.0,4.0
148.0,591.0,10.0
146.0,1304.0,7.0
147.0,1409.0,6.0
147.0,1613.0,7.0
143.0,895.0,4.0
154.0,946.0,4.0
145.0,77.0,13.0
150.0,325.0,4.0
151.0,373.0,2.0
156.0,791.0,2.0
153.0,1060.0,16.0
149.0,236.0,13.0
145.0,1077.0,14.0
157.0,1369.0,6.0
151.0,653.0,14.0
150.0,982.0,16.0
149.0,1463.0,3.0
151.0,138.0,13.0
157.0,632.0,7.0
152.0,1592.0,4.0
154.0,93.0,10.0
163.0,883.0,4.0
152.0,182.0,13.0
162.0,611.0,12.0
151.0,1337.0,6.0
152.0,1434.0,14.0
156.0,1730.0,4.0
154.0,1235.0,7.0
152.0,1865.0,2.0
157.0,434.0,3.0
160.0,861.0,4.0
158.0,909.0,4.0
157.0,203.0,13.0
158.0,1321.0,6.0
165.0,361.0,2.0
157.0,576.0,7.0
158.0,532.0,12.0
164.0,1157.0,4.0
158.0,1295.0,7.0
163.0,1850.0,10.0
168.0,1094.0,3.0
166.0,341.0,2.0
166.0,1223.0,13.0
163.0,1688.0,4.0
170.0,1827.0,2.0
160.0,2005.0,2.0
164.0,556.0,7.0
171.0,51.0,10.0
166.0,232.0,13.0
165.0,1607.0,12.0
163.0,1874.0,3.0
168.0,671.0,14.0
170.0,1049.0,12.0
166.0,1258.0,7.0
165.0,978.0,3.0
173.0,1344.0,7.0
171.0,1455.0,16.0
164.0,67.0,13.0
168.0,651.0,14.0
171.0,1423.0,6.0
171.0,125.0,10.0
175.0,418.0,3.0
167.0,1183.0,13.0
164.0,1524.0,14.0
171.0,515.0,16.0
174.0,1863.0,2.0
166.0,180.0,13.0
182.0,1765.0,4.0
173.0,144.0,10.0
169.0,1493.0,3.0
174.0,157.0,10.0
169.0,318.0,3.0
176.0,566.0,6.0
180.0,845.0,4.0
176.0,1211.0,13.0
170.0,1140.0,3.0
174.0,1678.0,4.0
173.0,101.0,10.0
178.0,201.0,13.0
177.0,402.0,16.0
170.0,772.0,2.0
175.0,1245.0,7.0
183.0,89.0,10.0
177.0,1127.0,4.0
187.0,1274.0,10.0
177.0,1391.0,6.0
178.0,220.0,13.0
177.0,544.0,16.0
181.0,580.0,10.0
179.0,382.0,3.0
179.0,1326.0,7.0
179.0,1508.0,6.0
179.0,529.0,15.0
181.0,633.0,14.0
181.0,72.0,10.0
183.0,168.0,10.0
182.0,251.0,13.0
183.0,1197.0,6.0
184.0,329.0,3.0
186.0,1846.0,16.0
187.0,31.0,13.0
186.0,181.0,10.0
183.0,865.0,4.0
187.0,1089.0,3.0
184.0,660.0,14.0
182.0,1176.0,4.0
185.0,1371.0,5.0
189.0,1406.0,6.0
183.0,293.0,16.0
184.0,503.0,2.0
188.0,680.0,14.0
192.0,1606.0,6.0
192.0,1658.0,4.0
188.0,1691.0,4.0
187.0,356.0,2.0
192.0,793.0,14.0
183.0,1144.0,4.0
189.0,1480.0,6.0
193.0,1233.0,7.0
193.0,1313.0,7.0
188.0,113.0,10.0
187.0,124.0,10.0
201.0,1732.0,4.0
193.0,43.0,10.0
198.0,933.0,4.0
189.0,1451.0,13.0
191.0,1712.0,4.0
193.0,317.0,2.0
194.0,376.0,3.0
197.0,1252.0,3.0
187.0,1498.0,6.0
192.0,138.0,10.0
194.0,231.0,13.0
196.0,1421.0,6.0
201.0,623.0,16.0
197.0,649.0,14.0
195.0,777.0,6.0
196.0,877.0,4.0
196.0,154.0,10.0
194.0,604.0,7.0
195.0,1148.0,4.0
200.0,1167.0,8.0
196.0,1212.0,6.0
200.0,61.0,13.0
199.0,267.0,13.0
200.0,348.0,3.0
199.0,588.0,16.0
197.0,1391.0,13.0
201.0,81.0,13.0
202.0,563.0,16.0
204.0,1499.0,14.0
200.0,297.0,13.0
206.0,400.0,16.0
204.0,1342.0,7.0
202.0,198.0,13.0
196.0,1133.0,4.0
203.0,1190.0,6.0
199.0,1294.0,10.0
203.0,1435.0,10.0
204.0,1822.0,4.0
208.0,1863.0,7.0
204.0,1364.0,7.0
204.0,1620.0,4.0
196.0,112.0,13.0
203.0,1085.0,3.0
205.0,1468.0,9.0
213.0,1454.0,9.0
208.0,444.0,3.0
207.0,120.0,13.0
211.0,171.0,10.0
210.0,1120.0,3.0
208.0,134.0,13.0
217.0,428.0,7.0
208.0,684.0,8.0
211.0,104.0,13.0
213.0,504.0,3.0
216.0,955.0,4.0
217.0,364.0,2.0
219.0,869.0,4.0
213.0,1683.0,4.0
214.0,38.0,10.0
207.0,215.0,13.0
210.0,663.0,6.0
218.0,712.0,2.0
214.0,832.0,4.0
212.0,1322.0,6.0
213.0,236.0,13.0
214.0,532.0,16.0
214.0,770.0,7.0
210.0,1306.0,10.0
212.0,1749.0,4.0
220.0,1771.0,4.0
220.0,325.0,16.0
211.0,377.0,3.0
224.0,906.0,4.0
213.0,1137.0,6.0
209.0,1288.0,7.0
221.0,1843.0,4.0
217.0,280.0,13.0
213.0,1223.0,7.0
215.0,1242.0,13.0
226.0,191.0,13.0
224.0,258.0,13.0
218.0,1274.0,14.0
218.0,1407.0,6.0
217.0,580.0,3.0
228.0,1664.0,4.0
219.0,81.0,13.0
226.0,59.0,13.0
222.0,1381.0,10.0
220.0,1164.0,7.0
226.0,145.0,13.0
223.0,559.0,16.0
223.0,1619.0,4.0
233.0,1709.0,4.0
229.0,213.0,13.0
227.0,1302.0,6.0
222.0,1357.0,7.0
223.0,1475.0,9.0
221.0,1331.0,6.0
224.0,452.0,3.0
231.0,641.0,2.0
229.0,120.0,13.0
226.0,692.0,7.0
234.0,1643.0,4.0
226.0,101.0,13.0
231.0,821.0,4.0
232.0,1256.0,8.0
231.0,1429.0,5.0
226.0,1490.0,6.0
228.0,1228.0,7.0
232.0,353.0,3.0
236.0,675.0,12.0
232.0,1340.0,6.0
234.0,1506.0,3.0
230.0,31.0,16.0
231.0,1396.0,7.0
228.0,1132.0,13.0
229.0,1321.0,6.0
243.0,291.0,13.0
241.0,786.0,13.0
232.0,1860.0,3.0
233.0,499.0,3.0
234.0,530.0,7.0
238.0,1363.0,6.0
238.0,515.0,7.0
238.0,754.0,13.0
248.0,810.0,4.0
237.0,840.0,4.0
238.0,862.0,4.0
235.0,1680.0,4.0
247.0,934.0,4.0
242.0,43.0,10.0
255.0,242.0,13.0
237.0,1466.0,9.0
235.0,81.0,3.0
241.0,1166.0,13.0
246.0,1448.0,14.0
243.0,2012.0,2.0
245.0,722.0,14.0
238.0,1130.0,16.0
240.0,1280.0,13.0
240.0,1482.0,5.0
247.0,438.0,7.0
245.0,1223.0,7.0
242.0,1624.0,10.0
246.0,561.0,3.0
246.0,633.0,3.0
248.0,1294.0,13.0
248.0,1377.0,7.0
250.0,1561.0,4.0
243.0,259.0,13.0
245.0,1317.0,6.0
242.0,1839.0,16.0
245.0,883.0,4.0
261.0,173.0,13.0
250.0,541.0,7.0
252.0,1392.0,10.0
246.0,363.0,3.0
248.0,120.0,10.0
248.0,917.0,4.0
251.0,1335.0,6.0
253.0,154.0,13.0
252.0,1242.0,6.0
252.0,1657.0,10.0
257.0,60.0,10.0
251.0,190.0,13.0
260.0,694.0,13.0
248.0,895.0,11.0
255.0,978.0,3.0
252.0,1409.0,7.0
262.0,39.0,10.0
256.0,508.0,16.0
260.0,77.0,10.0
262.0,350.0,4.0
256.0,377.0,3.0
250.0,1257.0,6.0
252.0,1428.0,9.0
254.0,1525.0,10.0
253.0,1878.0,4.0
260.0,1136.0,3.0
259.0,1152.0,13.0
254.0,1469.0,6.0
253.0,907.0,4.0
259.0,736.0,7.0
260.0,840.0,4.0
259.0,883.0,4.0
263.0,1205.0,16.0
260.0,1773.0,4.0
264.0,864.0,4.0
269.0,763.0,13.0
259.0,1354.0,6.0
263.0,271.0,13.0
265.0,307.0,10.0
268.0,1486.0,14.0
264.0,1901.0,2.0
266.0,104.0,13.0
265.0,208.0,13.0
264.0,1271.0,7.0
272.0,1886.0,4.0
265.0,788.0,13.0
270.0,1931.0,2.0
264.0,133.0,13.0
266.0,528.0,16.0
271.0,909.0,4.0
263.0,1292.0,13.0
270.0,1310.0,7.0
278.0,1830.0,16.0
262.0,120.0,10.0
271.0,496.0,16.0
268.0,1368.0,7.0
269.0,540.0,7.0
267.0,1412.0,7.0
270.0,1430.0,9.0
278.0,1450.0,6.0
285.0,1754.0,4.0
273.0,193.0,13.0
272.0,717.0,7.0
271.0,1399.0,6.0
274.0,226.0,13.0
272.0,1467.0,6.0
283.0,944.0,4.0
276.0,1324.0,7.0
275.0,1342.0,6.0
271.0,1384.0,7.0
276.0,153.0,13.0
272.0,376.0,3.0
276.0,742.0,7.0
282.0,1576.0,7.0
291.0,1619.0,4.0
283.0,94.0,10.0
279.0,120.0,10.0
274.0,858.0,4.0
279.0,1296.0,2.0
286.0,40.0,10.0
286.0,2014.0,6.0
282.0,1355.0,7.0
291.0,133.0,13.0
279.0,1778.0,4.0
280.0,785.0,10.0
289.0,517.0,14.0
286.0,1537.0,4.0
283.0,366.0,4.0
286.0,1140.0,16.0
281.0,1416.0,6.0
283.0,1993.0,4.0
288.0,247.0,13.0
283.0,688.0,12.0
291.0,732.0,14.0
283.0,986.0,3.0
281.0,1268.0,2.0
284.0,532.0,15.0
292.0,847.0,4.0
281.0,1196.0,3.0
281.0,1373.0,7.0
290.0,1981.0,2.0
294.0,67.0,16.0
290.0,170.0,13.0
287.0,207.0,10.0
293.0,556.0,16.0
287.0,710.0,7.0
289.0,1384.0,10.0
286.0,1401.0,6.0
294.0,1558.0,4.0
296.0,1886.0,3.0
296.0,812.0,13.0
288.0,863.0,4.0
286.0,1462.0,6.0
288.0,1483.0,15.0
295.0,291.0,13.0
297.0,442.0,16.0
298.0,488.0,16.0
290.0,664.0,13.0
297.0,1002.0,8.0
292.0,1432.0,5.0
296.0,1364.0,13.0
307.0,1519.0,4.0
292.0,224.0,13.0
299.0,758.0,14.0
300.0,1791.0,4.0
302.0,192.0,13.0
305.0,275.0,13.0
302.0,260.0,3.0
297.0,540.0,8.0
302.0,151.0,10.0
299.0,788.0,12.0
295.0,1417.0,6.0
305.0,310.0,13.0
303.0,379.0,2.0
299.0,581.0,3.0
311.0,506.0,16.0
308.0,336.0,4.0
317.0,1734.0,4.0
307.0,89.0,16.0
300.0,700.0,6.0
300.0,1162.0,7.0
304.0,1970.0,2.0
305.0,1390.0,16.0
307.0,1946.0,2.0
306.0,31.0,12.0
314.0,365.0,16.0
312.0,423.0,3.0
306.0,869.0,4.0
310.0,167.0,13.0
309.0,716.0,7.0
307.0,1409.0,7.0
310.0,1485.0,6.0
309.0,107.0,10.0
312.0,248.0,13.0
308.0,1450.0,10.0
308.0,1544.0,4.0
307.0,2009.0,10.0
311.0,55.0,16.0
311.0,562.0,8.0
307.0,221.0,13.0
314.0,1584.0,4.0
311.0,1432.0,7.0
316.0,599.0,16.0
318.0,657.0,13.0
319.0,1139.0,7.0
312.0,138.0,10.0
314.0,920.0,4.0
316.0,42.0,8.0
319.0,394.0,3.0
318.0,125.0,10.0
319.0,626.0,16.0
322.0,680.0,3.0
320.0,1159.0,7.0
326.0,1816.0,4.0
324.0,1771.0,4.0
319.0,71.0,12.0
322.0,297.0,13.0
319.0,794.0,16.0
321.0,832.0,10.0
320.0,1998.0,6.0
317.0,1009.0,14.0
323.0,1372.0,2.0
322.0,1421.0,7.0
336.0,1561.0,4.0
321.0,1887.0,3.0
328.0,207.0,13.0
321.0,989.0,3.0
327.0,1018.0,16.0
333.0,1607.0,4.0
319.0,1980.0,10.0
329.0,742.0,14.0
322.0,1501.0,6.0
322.0,1841.0,13.0
318.0,818.0,10.0
323.0,190.0,13.0
322.0,485.0,3.0
326.0,862.0,10.0
324.0,1790.0,4.0
326.0,154.0,10.0
334.0,524.0,3.0
324.0,225.0,13.0
323.0,1938.0,6.0
329.0,884.0,4.0
330.0,1036.0,3.0
327.0,34.0,16.0
335.0,849.0,10.0
338.0,1175.0,2.0
326.0,2011.0,6.0
329.0,566.0,16.0
330.0,1444.0,10.0
339.0,106.0,10.0
334.0,178.0,13.0
328.0,587.0,6.0
332.0,1958.0,6.0
334.0,250.0,13.0
340.0,1392.0,2.0
342.0,278.0,13.0
333.0,763.0,6.0
337.0,819.0,10.0
333.0,335.0,13.0
340.0,357.0,16.0
340.0,63.0,16.0
339.0,644.0,16.0
341.0,42.0,10.0
336.0,79.0,16.0
350.0,145.0,10.0
343.0,1668.0,4.0
342.0,1924.0,4.0
336.0,1987.0,6.0
338.0,788.0,14.0
334.0,1473.0,10.0
338.0,1482.0,10.0
339.0,1517.0,7.0
339.0,394.0,3.0
341.0,989.0,3.0
340.0,624.0,5.0
345.0,599.0,7.0
340.0,726.0,12.0
344.0,1072.0,3.0
337.0,1499.0,10.0
338.0,1884.0,4.0
341.0,2013.0,13.0
344.0,319.0,13.0
344.0,1135.0,2.0
340.0,1367.0,2.0
342.0,1427.0,7.0
340.0,1783.0,4.0
342.0,1841.0,4.0
342.0,224.0,13.0
351.0,1056.0,3.0
356.0,307.0,13.0
346.0,1029.0,16.0
350.0,1471.0,7.0
358.0,239.0,13.0
353.0,614.0,4.0
348.0,837.0,14.0
352.0,1969.0,11.0
346.0,562.0,16.0
346.0,769.0,13.0
346.0,879.0,3.0
352.0,1449.0,10.0
351.0,208.0,10.0
357.0,175.0,16.0
360.0,714.0,4.0
357.0,1526.0,13.0
354.0,337.0,10.0
359.0,465.0,3.0
359.0,519.0,3.0
369.0,576.0,12.0
354.0,781.0,6.0
369.0,1000.0,4.0
353.0,1989.0,6.0
365.0,546.0,8.0
353.0,1380.0,3.0
358.0,1503.0,9.0
362.0,1626.0,4.0
356.0,78.0,10.0
359.0,33.0,16.0
367.0,734.0,16.0
362.0,97.0,3.0
369.0,199.0,10.0
360.0,390.0,3.0
373.0,950.0,4.0
360.0,1113.0,2.0
356.0,1434.0,7.0
361.0,1921.0,4.0
361.0,262.0,13.0
361.0,633.0,4.0
359.0,1389.0,2.0
364.0,1405.0,2.0
365.0,1758.0,4.0
363.0,52.0,10.0
360.0,824.0,13.0
363.0,673.0,3.0
364.0,1045.0,4.0
363.0,1552.0,4.0
374.0,1831.0,4.0
364.0,121.0,10.0
369.0,363.0,3.0
378.0,649.0,4.0
372.0,291.0,13.0
371.0,773.0,10.0
366.0,1480.0,9.0
365.0,1583.0,4.0
377.0,1968.0,4.0
380.0,229.0,13.0
375.0,510.0,2.0
376.0,2001.0,8.0
372.0,75.0,13.0
378.0,836.0,4.0
375.0,333.0,13.0
374.0,614.0,2.0
371.0,1156.0,11.0
377.0,136.0,10.0
374.0,1073.0,4.0
371.0,1100.0,16.0
383.0,1444.0,7.0
375.0,872.0,13.0
377.0,750.0,16.0
382.0,811.0,16.0
375.0,1570.0,4.0
381.0,1539.0,12.0
381.0,268.0,13.0
379.0,1040.0,4.0
379.0,37.0,10.0
375.0,1505.0,9.0
384.0,185.0,10.0
378.0,388.0,3.0
386.0,161.0,10.0
382.0,674.0,1.0
387.0,1752.0,4.0
382.0,697.0,3.0
382.0,1399.0,2.0
389.0,120.0,16.0
381.0,1555.0,12.0
383.0,1627.0,9.0
387.0,103.0,13.0
384.0,531.0,16.0
390.0,1654.0,16.0
387.0,1084.0,4.0
388.0,1416.0,2.0
393.0,84.0,13.0
388.0,1101.0,16.0
394.0,215.0,10.0
388.0,1159.0,13.0
390.0,2016.0,3.0
392.0,865.0,10.0
393.0,60.0,13.0
394.0,449.0,3.0
390.0,765.0,12.0
393.0,1572.0,8.0
392.0,728.0,10.0
400.0,661.0,4.0
395.0,1592.0,6.0
396.0,299.0,13.0
397.0,1555.0,6.0
396.0,1609.0,8.0
398.0,144.0,16.0
404.0,319.0,13.0
401.0,544.0,8.0
398.0,619.0,6.0
401.0,703.0,3.0
403.0,1432.0,2.0
403.0,1520.0,7.0
404.0,1671.0,16.0
406.0,202.0,10.0
414.0,530.0,3.0
405.0,681.0,14.0
397.0,1994.0,4.0
404.0,47.0,1.0
404.0,1007.0,2.0
414.0,389.0,2.0
401.0,412.0,2.0
407.0,1087.0,4.0
405.0,189.0,16.0
413.0,609.0,16.0
400.0,835.0,3.0
411.0,1164.0,13.0
406.0,171.0,10.0
415.0,968.0,4.0
401.0,1628.0,9.0
412.0,1639.0,9.0
408.0,108.0,13.0
413.0,247.0,13.0
410.0,279.0,13.0
405.0,1405.0,2.0
407.0,1486.0,6.0
412.0,877.0,4.0
405.0,1151.0,13.0
407.0,1414.0,2.0
411.0,1833.0,4.0
422.0,132.0,6.0
420.0,645.0,16.0
413.0,1589.0,8.0
417.0,70.0,13.0
423.0,766.0,3.0
419.0,1183.0,2.0
416.0,1657.0,5.0
414.0,1680.0,3.0
418.0,1567.0,6.0
416.0,90.0,13.0
418.0,221.0,13.0
418.0,302.0,10.0
421.0,1474.0,12.0
421.0,1534.0,7.0
418.0,1957.0,8.0
424.0,1432.0,2.0
431.0,1555.0,14.0
427.0,1624.0,10.0
423.0,186.0,10.0
425.0,269.0,13.0
426.0,665.0,4.0
431.0,738.0,13.0
430.0,1131.0,4.0
434.0,1996.0,4.0
426.0,1515.0,7.0
423.0,109.0,13.0
433.0,171.0,10.0
430.0,1013.0,3.0
424.0,1098.0,4.0
436.0,155.0,10.0
432.0,594.0,12.0
430.0,685.0,12.0
436.0,210.0,10.0
426.0,237.0,13.0
435.0,322.0,13.0
432.0,288.0,13.0
426.0,1081.0,1.0
432.0,1826.0,4.0
431.0,1653.0,7.0
436.0,96.0,13.0
430.0,1586.0,4.0
438.0,720.0,6.0
451.0,573.0,15.0
439.0,538.0,2.0
443.0,615.0,12.0
438.0,1470.0,2.0
442.0,306.0,13.0
442.0,994.0,4.0
442.0,1180.0,9.0
445.0,1642.0,6.0
448.0,192.0,10.0
442.0,248.0,13.0
444.0,869.0,4.0
439.0,1529.0,2.0
448.0,383.0,10.0
445.0,2012.0,3.0
452.0,81.0,13.0
454.0,233.0,10.0
463.0,854.0,4.0
448.0,657.0,13.0
453.0,1202.0,2.0
448.0,1661.0,6.0
446.0,1621.0,2.0
451.0,295.0,13.0
452.0,679.0,12.0
450.0,1569.0,2.0
455.0,402.0,2.0
463.0,455.0,2.0
452.0,1140.0,4.0
455.0,1543.0,2.0
464.0,1679.0,4.0
455.0,1817.0,4.0
461.0,146.0,10.0
449.0,1591.0,2.0
457.0,1777.0,4.0
456.0,38.0,6.0
458.0,637.0,12.0
458.0,58.0,6.0
455.0,365.0,2.0
456.0,335.0,2.0
459.0,1122.0,4.0
464.0,1027.0,2.0
458.0,164.0,10.0
461.0,1098.0,6.0
466.0,599.0,3.0
475.0,195.0,10.0
467.0,217.0,10.0
463.0,314.0,13.0
468.0,672.0,6.0
463.0,1654.0,16.0
470.0,254.0,13.0
465.0,878.0,4.0
463.0,2014.0,4.0
465.0,110.0,13.0
469.0,130.0,10.0
470.0,1641.0,16.0
472.0,292.0,13.0
473.0,376.0,2.0
476.0,703.0,4.0
477.0,1140.0,4.0
484.0,1799.0,4.0
478.0,48.0,16.0
486.0,82.0,13.0
472.0,96.0,13.0
473.0,403.0,2.0
478.0,175.0,13.0
477.0,321.0,13.0
490.0,1833.0,4.0
483.0,438.0,4.0
488.0,482.0,2.0
476.0,866.0,4.0
489.0,1205.0,8.0
483.0,226.0,10.0
489.0,612.0,3.0
480.0,1021.0,2.0
480.0,122.0,13.0
486.0,885.0,4.0
488.0,159.0,13.0
480.0,2014.0,4.0
489.0,110.0,13.0
486.0,422.0,3.0
494.0,393.0,10.0
492.0,592.0,3.0
491.0,243.0,13.0
484.0,1038.0,3.0
487.0,1646.0,7.0
493.0,263.0,13.0
485.0,667.0,14.0
491.0,1237.0,2.0
490.0,286.0,13.0
492.0,1662.0,7.0
494.0,1158.0,3.0
497.0,522.0,8.0
494.0,338.0,16.0
494.0,504.0,3.0
495.0,1745.0,4.0
497.0,68.0,8.0
495.0,138.0,10.0
499.0,861.0,4.0
494.0,312.0,13.0
500.0,643.0,6.0
497.0,187.0,3.0
507.0,413.0,2.0
496.0,468.0,3.0
501.0,1779.0,4.0
499.0,223.0,10.0
507.0,374.0,16.0
511.0,939.0,4.0
513.0,895.0,4.0
506.0,956.0,4.0
507.0,1677.0,10.0
502.0,1763.0,3.0
513.0,35.0,8.0
506.0,208.0,10.0
503.0,434.0,14.0
513.0,915.0,4.0
504.0,1196.0,3.0
507.0,1643.0,2.0
504.0,282.0,13.0
510.0,699.0,8.0
510.0,784.0,4.0
513.0,61.0,8.0
505.0,154.0,13.0
507.0,983.0,2.0
514.0,1872.0,4.0
509.0,244.0,13.0
512.0,353.0,16.0
512.0,123.0,13.0
513.0,170.0,12.0
511.0,468.0,14.0
516.0,1038.0,12.0
511.0,1276.0,2.0
510.0,998.0,2.0
513.0,1176.0,7.0
510.0,1245.0,3.0
517.0,103.0,13.0
515.0,1158.0,3.0
514.0,1733.0,2.0
526.0,971.0,4.0
524.0,49.0,8.0
515.0,447.0,6.0
515.0,192.0,13.0
524.0,729.0,10.0
522.0,84.0,16.0
522.0,506.0,16.0
523.0,1010.0,4.0
519.0,149.0,10.0
518.0,390.0,15.0
519.0,530.0,13.0
526.0,224.0,13.0
514.0,1205.0,16.0
521.0,1782.0,4.0
526.0,813.0,4.0
527.0,294.0,13.0
523.0,1223.0,10.0
524.0,1265.0,13.0
536.0,843.0,4.0
521.0,1338.0,2.0
520.0,254.0,13.0
530.0,1079.0,4.0
530.0,128.0,13.0
537.0,869.0,4.0
530.0,268.0,13.0
526.0,780.0,4.0
527.0,994.0,4.0
525.0,1243.0,13.0
529.0,477.0,14.0
532.0,1663.0,2.0
531.0,1682.0,10.0
541.0,636.0,3.0
537.0,1702.0,9.0
545.0,685.0,4.0
528.0,696.0,10.0
537.0,1049.0,12.0
546.0,186.0,13.0
534.0,246.0,13.0
532.0,449.0,16.0
539.0,1174.0,16.0
535.0,202.0,13.0
536.0,651.0,3.0
540.0,941.0,4.0
546.0,164.0,13.0
545.0,910.0,4.0
538.0,1065.0,12.0
536.0,707.0,10.0
542.0,1100.0,4.0
535.0,1156.0,2.0
539.0,68.0,16.0
549.0,411.0,3.0
540.0,523.0,7.0
542.0,1343.0,2.0
537.0,105.0,13.0
543.0,144.0,10.0
541.0,1744.0,10.0
539.0,1243.0,6.0
539.0,893.0,4.0
551.0,45.0,16.0
550.0,666.0,14.0
552.0,1870.0,4.0
550.0,281.0,13.0
548.0,616.0,3.0
548.0,1274.0,10.0
549.0,505.0,4.0
552.0,830.0,4.0
543.0,1288.0,10.0
549.0,88.0,16.0
549.0,384.0,16.0
550.0,257.0,13.0
556.0,1257.0,10.0
555.0,228.0,13.0
549.0,481.0,4.0
553.0,119.0,10.0
559.0,804.0,4.0
555.0,1327.0,10.0
559.0,1669.0,3.0
562.0,978.0,4.0
553.0,1080.0,4.0
561.0,1292.0,10.0
554.0,316.0,13.0
559.0,356.0,3.0
556.0,651.0,3.0
555.0,1240.0,6.0
564.0,886.0,4.0
561.0,446.0,3.0
562.0,928.0,4.0
563.0,73.0,12.0
561.0,529.0,4.0
570.0,325.0,13.0
563.0,1356.0,10.0
567.0,1794.0,4.0
563.0,1900.0,4.0
566.0,141.0,10.0
560.0,1096.0,4.0
566.0,102.0,10.0
566.0,160.0,13.0
573.0,377.0,3.0
567.0,430.0,16.0
570.0,2008.0,4.0
577.0,564.0,16.0
566.0,251.0,10.0
577.0,488.0,4.0
580.0,1017.0,4.0
574.0,265.0,13.0
581.0,1154.0,4.0
574.0,33.0,16.0
569.0,575.0,14.0
587.0,633.0,7.0
574.0,1174.0,4.0
578.0,1707.0,6.0
581.0,295.0,13.0
572.0,953.0,4.0
570.0,1266.0,10.0
572.0,122.0,13.0
580.0,349.0,13.0
574.0,460.0,4.0
573.0,749.0,4.0
575.0,1311.0,10.0
575.0,940.0,4.0
573.0,1875.0,4.0
582.0,55.0,16.0
577.0,521.0,4.0
576.0,1326.0,10.0
580.0,83.0,13.0
582.0,734.0,4.0
581.0,1346.0,6.0
581.0,235.0,13.0
579.0,1779.0,6.0
583.0,1904.0,4.0
582.0,444.0,4.0
580.0,157.0,13.0
592.0,1089.0,4.0
578.0,1664.0,3.0
584.0,809.0,4.0
590.0,425.0,3.0
597.0,934.0,4.0
585.0,1288.0,7.0
587.0,106.0,5.0
592.0,135.0,13.0
591.0,884.0,4.0
582.0,1860.0,4.0
590.0,1679.0,16.0
587.0,953.0,4.0
589.0,1730.0,6.0
590.0,1878.0,4.0
596.0,38.0,13.0
600.0,267.0,13.0
597.0,1309.0,10.0
598.0,1810.0,4.0
592.0,326.0,13.0
599.0,1210.0,2.0
593.0,1789.0,6.0
591.0,2011.0,4.0
594.0,387.0,3.0
598.0,835.0,4.0
596.0,859.0,10.0
600.0,1330.0,10.0
594.0,1365.0,10.0
604.0,409.0,2.0
604.0,519.0,4.0
606.0,973.0,4.0
608.0,95.0,13.0
609.0,593.0,13.0
602.0,612.0,3.0
600.0,1710.0,7.0
605.0,1259.0,13.0
606.0,241.0,13.0
616.0,444.0,4.0
603.0,1284.0,10.0
602.0,1866.0,4.0
609.0,63.0,13.0
607.0,492.0,4.0
609.0,817.0,10.0
608.0,1347.0,10.0
614.0,80.0,13.0
617.0,1007.0,4.0
607.0,350.0,16.0
615.0,856.0,10.0
606.0,116.0,13.0
607.0,737.0,3.0
606.0,1672.0,3.0
614.0,1692.0,16.0
608.0,1875.0,4.0
615.0,311.0,13.0
611.0,224.0,13.0
613.0,723.0,3.0
613.0,894.0,10.0
614.0,792.0,2.0
618.0,1298.0,7.0
622.0,1124.0,4.0
613.0,1369.0,10.0
616.0,1831.0,4.0
625.0,474.0,4.0
613.0,1729.0,10.0
618.0,1173.0,10.0
619.0,41.0,13.0
621.0,1079.0,4.0
624.0,1199.0,4.0
616.0,1232.0,16.0
622.0,626.0,3.0
622.0,1714.0,10.0
623.0,607.0,3.0
621.0,503.0,4.0
636.0,685.0,2.0
616.0,874.0,10.0
624.0,1041.0,4.0
627.0,425.0,2.0
630.0,113.0,13.0
623.0,1748.0,6.0
630.0,200.0,13.0
622.0,736.0,3.0
625.0,242.0,13.0
626.0,333.0,13.0
632.0,1322.0,13.0
628.0,1405.0,16.0
634.0,264.0,13.0
628.0,402.0,7.0
628.0,930.0,6.0
632.0,1425.0,2.0
627.0,1437.0,2.0
630.0,566.0,4.0
630.0,876.0,7.0
630.0,1734.0,6.0
632.0,1827.0,13.0
635.0,82.0,13.0
629.0,814.0,2.0
636.0,1231.0,12.0
629.0,1365.0,16.0
634.0,59.0,13.0
646.0,1033.0,4.0
644.0,1093.0,4.0
636.0,321.0,13.0
639.0,713.0,2.0
641.0,1391.0,10.0
632.0,30.0,13.0
636.0,853.0,12.0
636.0,1167.0,4.0
641.0,364.0,13.0
643.0,899.0,4.0
646.0,97.0,13.0
643.0,342.0,13.0
646.0,523.0,4.0
644.0,1281.0,10.0
638.0,1302.0,10.0
638.0,1882.0,4.0
641.0,919.0,4.0
644.0,1689.0,2.0
646.0,1869.0,3.0
648.0,1062.0,4.0
645.0,1192.0,15.0
644.0,1782.0,10.0
649.0,42.0,10.0
650.0,1706.0,10.0
643.0,1727.0,10.0
647.0,1850.0,13.0
644.0,573.0,2.0
648.0,402.0,2.0
651.0,877.0,7.0
658.0,1136.0,4.0
657.0,1914.0,4.0
648.0,654.0,3.0
661.0,482.0,4.0
648.0,1316.0,10.0
652.0,1409.0,16.0
657.0,1821.0,10.0
654.0,666.0,7.0
661.0,590.0,16.0
654.0,933.0,4.0
651.0,1333.0,10.0
656.0,74.0,13.0
659.0,856.0,7.0
659.0,1738.0,10.0
656.0,509.0,4.0
665.0,58.0,10.0
657.0,1345.0,10.0
659.0,971.0,4.0
659.0,1253.0,7.0
662.0,348.0,13.0
676.0,1111.0,4.0
661.0,1320.0,10.0
659.0,651.0,3.0
674.0,903.0,7.0
661.0,1776.0,10.0
663.0,414.0,2.0
672.0,845.0,2.0
667.0,1062.0,4.0
662.0,1489.0,2.0
666.0,1006.0,4.0
669.0,1352.0,10.0
671.0,393.0,10.0
668.0,581.0,3.0
679.0,33.0,13.0
676.0,335.0,13.0
676.0,613.0,4.0
676.0,1078.0,4.0
682.0,1162.0,4.0
670.0,1400.0,10.0
675.0,516.0,4.0
673.0,934.0,12.0
681.0,870.0,14.0
685.0,460.0,4.0
676.0,884.0,12.0
678.0,996.0,4.0
687.0,1038.0,4.0
672.0,1377.0,7.0
671.0,1713.0,9.0
674.0,1866.0,3.0
675.0,46.0,10.0
672.0,258.0,10.0
677.0,372.0,3.0
672.0,1250.0,7.0
684.0,84.0,13.0
676.0,1782.0,10.0
675.0,1490.0,2.0
680.0,428.0,2.0
675.0,1816.0,13.0
678.0,1908.0,2.0
687.0,274.0,10.0
684.0,1390.0,7.0
690.0,2002.0,4.0
683.0,1273.0,16.0
687.0,1479.0,2.0
687.0,1687.0,2.0
684.0,1137.0,4.0
689.0,1417.0,3.0
693.0,675.0,2.0
686.0,1714.0,10.0
692.0,1260.0,2.0
687.0,1796.0,10.0
692.0,53.0,13.0
697.0,504.0,4.0
694.0,658.0,13.0
691.0,928.0,12.0
692.0,953.0,13.0
702.0,480.0,4.0
688.0,389.0,10.0
697.0,528.0,4.0
697.0,1300.0,2.0
694.0,404.0,3.0
696.0,1779.0,7.0
703.0,232.0,13.0
704.0,985.0,13.0
694.0,611.0,9.0
695.0,632.0,9.0
704.0,856.0,2.0
703.0,1007.0,4.0
700.0,1701.0,10.0
701.0,882.0,7.0
710.0,1186.0,4.0
703.0,1972.0,3.0
700.0,69.0,13.0
699.0,376.0,3.0
706.0,179.0,13.0
699.0,1129.0,4.0
703.0,33.0,4.0
707.0,396.0,3.0
705.0,1147.0,4.0
707.0,1498.0,2.0
706.0,1719.0,10.0
710.0,619.0,7.0
706.0,286.0,13.0
708.0,646.0,7.0
703.0,1110.0,4.0
705.0,47.0,13.0
716.0,900.0,7.0
713.0,919.0,10.0
712.0,1094.0,4.0
708.0,544.0,4.0
708.0,1165.0,4.0
710.0,424.0,3.0
713.0,873.0,10.0
715.0,90.0,13.0
720.0,152.0,3.0
712.0,1129.0,4.0
717.0,1460.0,7.0
715.0,953.0,13.0
717.0,1392.0,3.0
726.0,1688.0,2.0
717.0,1776.0,16.0
721.0,350.0,13.0
712.0,526.0,4.0
725.0,1028.0,4.0
721.0,39.0,8.0
720.0,58.0,13.0
729.0,76.0,13.0
726.0,1115.0,4.0
723.0,1409.0,10.0
738.0,524.0,4.0
729.0,402.0,2.0
722.0,543.0,4.0
726.0,637.0,16.0
729.0,1292.0,2.0
720.0,1725.0,6.0
725.0,385.0,3.0
722.0,1967.0,3.0
726.0,1988.0,4.0
725.0,295.0,13.0
728.0,661.0,12.0
728.0,933.0,4.0
731.0,1153.0,4.0
729.0,171.0,13.0
729.0,1502.0,3.0
726.0,884.0,7.0
732.0,866.0,2.0
734.0,1177.0,4.0
737.0,610.0,3.0
735.0,234.0,10.0
744.0,952.0,4.0
736.0,35.0,13.0
740.0,98.0,13.0
735.0,1456.0,3.0
738.0,52.0,10.0
738.0,1979.0,3.0
744.0,118.0,7.0
739.0,909.0,6.0
736.0,66.0,13.0
742.0,141.0,13.0
742.0,1282.0,4.0
740.0,1404.0,3.0
749.0,1480.0,3.0
745.0,255.0,13.0
749.0,495.0,4.0
741.0,346.0,13.0
743.0,982.0,10.0
748.0,1532.0,2.0
747.0,1704.0,6.0
760.0,448.0,4.0
746.0,993.0,6.0
744.0,1118.0,4.0
749.0,414.0,2.0
750.0,167.0,13.0
746.0,638.0,16.0
748.0,657.0,12.0
751.0,894.0,6.0
747.0,1511.0,16.0
757.0,697.0,2.0
753.0,1023.0,14.0
749.0,72.0,13.0
756.0,326.0,13.0
752.0,921.0,10.0
767.0,1005.0,12.0
758.0,49.0,13.0
762.0,1137.0,4.0
756.0,230.0,13.0
758.0,881.0,10.0
761.0,865.0,2.0
756.0,1462.0,10.0
755.0,1983.0,2.0
762.0,372.0,3.0
764.0,83.0,13.0
762.0,572.0,3.0
758.0,1188.0,4.0
764.0,1181.0,4.0
762.0,401.0,12.0
756.0,1155.0,4.0
767.0,275.0,13.0
766.0,1165.0,4.0
766.0,1284.0,4.0
771.0,152.0,13.0
767.0,191.0,13.0
762.0,681.0,6.0
767.0,106.0,13.0
768.0,247.0,13.0
770.0,671.0,7.0
763.0,905.0,10.0
768.0,1040.0,14.0
764.0,1701.0,10.0
771.0,646.0,4.0
764.0,1519.0,10.0
764.0,133.0,13.0
772.0,427.0,2.0
770.0,31.0,3.0
774.0,922.0,7.0
769.0,891.0,10.0
775.0,173.0,10.0
774.0,295.0,10.0
778.0,1254.0,4.0
775.0,524.0,4.0
784.0,1209.0,4.0
779.0,491.0,4.0
779.0,875.0,14.0
774.0,1466.0,10.0
783.0,2002.0,4.0
777.0,42.0,10.0
784.0,395.0,3.0
785.0,959.0,6.0
782.0,263.0,13.0
775.0,322.0,3.0
784.0,1060.0,16.0
781.0,75.0,10.0
782.0,902.0,7.0
783.0,135.0,13.0
786.0,210.0,13.0
787.0,1082.0,4.0
786.0,1109.0,4.0
783.0,1177.0,4.0
783.0,418.0,3.0
784.0,662.0,6.0
790.0,1554.0,2.0
786.0,98.0,10.0
791.0,58.0,13.0
788.0,1024.0,10.0
789.0,1151.0,4.0
795.0,1656.0,3.0
792.0,717.0,2.0
794.0,866.0,14.0
797.0,1434.0,3.0
795.0,37.0,10.0
792.0,1039.0,10.0
794.0,1464.0,10.0
790.0,1672.0,7.0
799.0,125.0,13.0
794.0,1479.0,10.0
796.0,525.0,4.0
800.0,174.0,13.0
794.0,645.0,7.0
797.0,1007.0,10.0
801.0,1352.0,4.0
796.0,1536.0,6.0
800.0,1729.0,3.0
797.0,258.0,13.0
798.0,434.0,2.0
798.0,672.0,14.0
803.0,1182.0,4.0
798.0,1168.0,4.0
796.0,268.0,16.0
808.0,471.0,4.0
805.0,660.0,12.0
802.0,1103.0,12.0
804.0,111.0,8.0
804.0,509.0,3.0
804.0,905.0,9.0
808.0,1263.0,4.0
807.0,988.0,6.0
816.0,98.0,13.0
802.0,224.0,13.0
805.0,1058.0,16.0
805.0,385.0,2.0
813.0,937.0,12.0
809.0,2000.0,3.0
803.0,400.0,3.0
815.0,616.0,2.0
806.0,1681.0,10.0
815.0,301.0,16.0
806.0,967.0,6.0
809.0,71.0,13.0
810.0,1154.0,4.0
812.0,144.0,13.0
810.0,497.0,3.0
815.0,1454.0,10.0
815.0,1574.0,2.0
817.0,859.0,4.0
818.0,218.0,10.0
808.0,713.0,13.0
816.0,956.0,10.0
811.0,1086.0,14.0
816.0,1523.0,6.0
820.0,1719.0,3.0
815.0,429.0,2.0
815.0,877.0,4.0
825.0,48.0,13.0
823.0,342.0,3.0
817.0,239.0,13.0
819.0,417.0,2.0
823.0,649.0,12.0
817.0,1328.0,4.0
814.0,1008.0,6.0
821.0,1033.0,7.0
823.0,1099.0,12.0
828.0,1506.0,8.0
825.0,972.0,5.0
828.0,489.0,3.0
822.0,999.0,10.0
822.0,1058.0,10.0
835.0,1326.0,4.0
828.0,261.0,13.0
822.0,1488.0,3.0
828.0,1542.0,10.0
828.0,635.0,14.0
819.0,903.0,9.0
821.0,1676.0,8.0
820.0,1688.0,13.0
833.0,133.0,10.0
828.0,184.0,13.0
837.0,503.0,3.0
834.0,523.0,3.0
836.0,1177.0,4.0
840.0,1204.0,4.0
833.0,1351.0,4.0
823.0,665.0,12.0
831.0,1020.0,6.0
825.0,1155.0,4.0
825.0,1239.0,4.0
830.0,890.0,10.0
829.0,1594.0,2.0
830.0,79.0,13.0
831.0,1075.0,6.0
828.0,1271.0,4.0
829.0,1567.0,1.0
833.0,204.0,13.0
830.0,989.0,14.0
834.0,1007.0,6.0
835.0,1632.0,10.0
828.0,473.0,3.0
836.0,1692.0,13.0
835.0,153.0,10.0
835.0,870.0,10.0
838.0,1046.0,10.0
839.0,1256.0,4.0
835.0,1665.0,6.0
835.0,952.0,7.0
837.0,816.0,2.0
840.0,836.0,3.0
849.0,1117.0,4.0
841.0,173.0,2.0
836.0,296.0,2.0
842.0,602.0,16.0
846.0,114.0,13.0
845.0,625.0,3.0
848.0,663.0,14.0
842.0,1283.0,10.0
848.0,933.0,7.0
845.0,980.0,6.0
846.0,1096.0,7.0
844.0,1240.0,4.0
848.0,563.0,3.0
848.0,74.0,3.0
851.0,1160.0,4.0
843.0,581.0,3.0
848.0,715.0,3.0
849.0,1555.0,10.0
859.0,1038.0,6.0
854.0,1707.0,3.0
849.0,33.0,2.0
847.0,1075.0,7.0
849.0,1519.0,10.0
850.0,1617.0,10.0
858.0,753.0,6.0
856.0,1455.0,8.0
856.0,969.0,6.0
856.0,1016.0,7.0
854.0,1990.0,10.0
857.0,155.0,10.0
869.0,536.0,3.0
857.0,954.0,6.0
857.0,1319.0,3.0
854.0,1661.0,6.0
857.0,1685.0,10.0
859.0,1536.0,6.0
858.0,390.0,6.0
860.0,692.0,7.0
856.0,821.0,10.0
862.0,883.0,16.0
861.0,1580.0,10.0
852.0,1633.0,10.0
863.0,1439.0,2.0
867.0,98.0,2.0
859.0,609.0,5.0
861.0,863.0,12.0
870.0,1281.0,4.0
864.0,1339.0,13.0
865.0,59.0,3.0
866.0,837.0,10.0
862.0,1083.0,7.0
871.0,1244.0,4.0
865.0,1482.0,10.0
869.0,493.0,2.0
860.0,937.0,12.0
866.0,595.0,12.0
864.0,34.0,10.0
871.0,576.0,2.0
869.0,622.0,16.0
871.0,994.0,6.0
872.0,1216.0,4.0
871.0,811.0,12.0
868.0,1633.0,10.0
869.0,1058.0,6.0
865.0,1516.0,10.0
866.0,1525.0,10.0
870.0,1558.0,10.0
873.0,791.0,10.0
864.0,978.0,6.0
876.0,711.0,10.0
874.0,2005.0,10.0
877.0,511.0,3.0
876.0,1106.0,7.0
875.0,946.0,6.0
871.0,1985.0,10.0
876.0,748.0,8.0
878.0,1195.0,4.0
872.0,1674.0,13.0
875.0,1453.0,3.0
876.0,1535.0,6.0
877.0,2016.0,3.0
876.0,39.0,13.0
879.0,1088.0,7.0
881.0,1654.0,13.0
876.0,1013.0,14.0
887.0,851.0,4.0
886.0,57.0,13.0
890.0,549.0,16.0
889.0,1072.0,6.0
883.0,1342.0,4.0
882.0,1442.0,3.0
897.0,97.0,13.0
888.0,687.0,3.0
898.0,490.0,2.0
891.0,626.0,16.0
889.0,1595.0,10.0
892.0,673.0,3.0
900.0,1703.0,3.0
894.0,895.0,4.0
891.0,34.0,13.0
901.0,978.0,10.0
895.0,1013.0,7.0
892.0,2000.0,10.0
899.0,786.0,16.0
893.0,964.0,10.0
895.0,995.0,10.0
901.0,1212.0,4.0
895.0,130.0,2.0
904.0,937.0,12.0
894.0,948.0,7.0
892.0,1109.0,7.0
893.0,1517.0,7.0
899.0,79.0,10.0
896.0,596.0,3.0
901.0,1157.0,10.0
907.0,913.0,4.0
898.0,1488.0,7.0
899.0,1507.0,7.0
903.0,1654.0,13.0
907.0,1095.0,10.0
904.0,1342.0,4.0
902.0,1635.0,7.0
911.0,661.0,3.0
906.0,807.0,14.0
902.0,1606.0,7.0
908.0,1136.0,2.0
900.0,1174.0,4.0
906.0,567.0,16.0
923.0,883.0,4.0
905.0,1527.0,7.0
920.0,65.0,13.0
916.0,352.0,3.0
902.0,1064.0,6.0
902.0,1472.0,7.0
915.0,1119.0,10.0
911.0,1554.0,6.0
916.0,616.0,4.0
908.0,828.0,4.0
907.0,1589.0,7.0
910.0,632.0,3.0
920.0,818.0,4.0
912.0,959.0,10.0
914.0,120.0,16.0
910.0,541.0,6.0
921.0,771.0,13.0
912.0,140.0,2.0
919.0,1078.0,6.0
913.0,1016.0,10.0
918.0,1506.0,10.0
917.0,1170.0,10.0
916.0,1470.0,6.0
915.0,1485.0,7.0
921.0,749.0,6.0
925.0,523.0,12.0
917.0,1610.0,10.0
926.0,462.0,2.0
924.0,836.0,4.0
924.0,1186.0,4.0
924.0,1154.0,10.0
921.0,501.0,2.0
933.0,855.0,4.0
921.0,987.0,10.0
924.0,1530.0,7.0
928.0,1582.0,10.0
923.0,1645.0,13.0
931.0,549.0,4.0
924.0,179.0,2.0
925.0,1447.0,2.0
929.0,1597.0,10.0
925.0,159.0,2.0
932.0,1211.0,4.0
926.0,306.0,2.0
930.0,376.0,2.0
930.0,639.0,4.0
925.0,1662.0,13.0
931.0,140.0,16.0
936.0,1462.0,13.0
930.0,104.0,10.0
927.0,1498.0,10.0
931.0,120.0,8.0
935.0,1052.0,7.0
946.0,1679.0,10.0
932.0,1003.0,10.0
935.0,1070.0,10.0
936.0,1105.0,10.0
935.0,1128.0,10.0
938.0,1548.0,6.0
935.0,1567.0,6.0
944.0,294.0,2.0
941.0,993.0,10.0
938.0,502.0,16.0
940.0,1037.0,13.0
938.0,1613.0,13.0
941.0,181.0,9.0
944.0,158.0,7.0
937.0,259.0,2.0
940.0,1496.0,10.0
942.0,276.0,2.0
948.0,418.0,2.0
941.0,244.0,2.0
939.0,1640.0,13.0
938.0,1657.0,13.0
949.0,793.0,3.0
952.0,922.0,4.0
961.0,641.0,4.0
953.0,1356.0,3.0
957.0,207.0,5.0
949.0,944.0,2.0
949.0,1085.0,7.0
954.0,1482.0,10.0
955.0,1653.0,13.0
947.0,124.0,3.0
946.0,451.0,2.0
952.0,465.0,2.0
959.0,839.0,4.0
953.0,232.0,2.0
952.0,1197.0,4.0
948.0,139.0,7.0
954.0,1030.0,13.0
950.0,1512.0,3.0
953.0,1068.0,7.0
951.0,1566.0,6.0
957.0,392.0,3.0
953.0,1612.0,7.0
957.0,249.0,13.0
956.0,591.0,4.0
956.0,1103.0,10.0
959.0,1126.0,10.0
960.0,66.0,16.0
960.0,373.0,14.0
962.0,167.0,13.0
961.0,492.0,15.0
956.0,1458.0,4.0
956.0,1017.0,13.0
965.0,1048.0,10.0
966.0,268.0,13.0
958.0,1281.0,4.0
970.0,179.0,14.0
962.0,106.0,10.0
964.0,147.0,13.0
971.0,1001.0,7.0
960.0,1557.0,6.0
969.0,91.0,13.0
966.0,551.0,4.0
961.0,1637.0,13.0
966.0,34.0,3.0
969.0,1231.0,4.0
966.0,534.0,10.0
964.0,432.0,2.0
964.0,766.0,3.0
960.0,1013.0,10.0
968.0,472.0,16.0
970.0,784.0,3.0
969.0,2009.0,3.0
974.0,915.0,4.0
969.0,1063.0,10.0
969.0,1201.0,4.0
975.0,1081.0,7.0
974.0,873.0,4.0
982.0,898.0,4.0
971.0,1141.0,10.0
971.0,1447.0,3.0
987.0,598.0,4.0
980.0,223.0,3.0
977.0,1104.0,10.0
973.0,1278.0,4.0
972.0,1466.0,4.0
973.0,1650.0,13.0
980.0,561.0,4.0
979.0,1667.0,13.0
977.0,402.0,14.0
980.0,421.0,16.0
982.0,59.0,10.0
978.0,368.0,12.0
979.0,1158.0,16.0
982.0,124.0,3.0
987.0,344.0,16.0
982.0,442.0,16.0
984.0,1443.0,4.0
982.0,1533.0,10.0
979.0,1619.0,6.0
988.0,159.0,13.0
980.0,1212.0,4.0
983.0,1259.0,4.0
989.0,682.0,4.0
987.0,1032.0,6.0
980.0,1126.0,7.0
984.0,1067.0,10.0
983.0,1477.0,3.0
986.0,1199.0,4.0
996.0,549.0,4.0
987.0,795.0,3.0
987.0,1515.0,4.0
992.0,1151.0,7.0
998.0,1509.0,4.0
989.0,2010.0,3.0
988.0,777.0,3.0
993.0,395.0,14.0
991.0,500.0,3.0
990.0,878.0,4.0
991.0,1230.0,4.0
999.0,1050.0,10.0
996.0,1686.0,10.0
996.0,489.0,3.0
996.0,1555.0,3.0
998.0,1594.0,10.0
999.0,317.0,3.0
1002.0,1278.0,4.0
996.0,1620.0,10.0
993.0,1088.0,10.0
994.0,1121.0,10.0
995.0,1212.0,4.0
999.0,1254.0,4.0
998.0,418.0,14.0
1002.0,1431.0,4.0
1010.0,845.0,13.0
1003.0,1108.0,10.0
1008.0,57.0,16.0
1008.0,353.0,14.0
1001.0,1068.0,6.0
1003.0,1136.0,10.0
999.0,1666.0,10.0
1001.0,692.0,4.0
1007.0,926.0,2.0
1007.0,113.0,7.0
1003.0,785.0,2.0
1004.0,297.0,2.0
1006.0,1302.0,4.0
1005.0,1470.0,4.0
1014.0,1411.0,4.0
1010.0,1245.0,4.0
1008.0,893.0,13.0
1009.0,1224.0,4.0
1016.0,1604.0,9.0
1006.0,812.0,2.0
1010.0,1086.0,6.0
1011.0,908.0,13.0
1022.0,395.0,7.0
1012.0,586.0,4.0
1010.0,1154.0,10.0
1020.0,284.0,4.0
1014.0,1674.0,10.0
1023.0,260.0,4.0
1019.0,327.0,3.0
1021.0,1043.0,10.0
1023.0,1066.0,6.0
1016.0,1619.0,6.0
1024.0,1642.0,6.0
1022.0,563.0,10.0
1027.0,1293.0,4.0
1024.0,191.0,3.0
1035.0,866.0,13.0
1023.0,437.0,16.0
1025.0,1130.0,10.0
1021.0,1143.0,7.0
1022.0,1218.0,4.0
1025.0,1441.0,4.0
1027.0,1709.0,3.0
1022.0,1116.0,10.0
1035.0,1525.0,4.0
1025.0,1101.0,10.0
1026.0,1495.0,4.0
1028.0,33.0,3.0
1026.0,1266.0,4.0
1027.0,84.0,13.0
1028.0,120.0,16.0
1031.0,582.0,4.0
1034.0,603.0,4.0
1022.0,896.0,13.0
1025.0,1657.0,10.0
1034.0,455.0,3.0
1024.0,890.0,13.0
1024.0,919.0,2.0
1027.0,1022.0,2.0
1033.0,1241.0,4.0
1033.0,1163.0,10.0
1034.0,730.0,2.0
1028.0,1083.0,7.0
1026.0,905.0,13.0
1035.0,1180.0,4.0
1031.0,1678.0,10.0
1031.0,1624.0,6.0
1043.0,2010.0,3.0
1038.0,242.0,7.0
1035.0,424.0,3.0
1038.0,310.0,4.0
1036.0,364.0,3.0
1039.0,1551.0,4.0
1043.0,1464.0,4.0
1043.0,159.0,2.0
1036.0,1052.0,3.0
1034.0,1480.0,4.0
1038.0,208.0,1.0
1038.0,1609.0,10.0
1045.0,814.0,13.0
1040.0,337.0,4.0
1043.0,761.0,3.0
1043.0,1095.0,10.0
1041.0,1118.0,10.0
1042.0,1146.0,6.0
1039.0,902.0,13.0
1039.0,1024.0,2.0
1039.0,1650.0,10.0
1045.0,1038.0,2.0
1050.0,1274.0,4.0
1046.0,635.0,10.0
1043.0,1068.0,7.0
1048.0,137.0,3.0
1046.0,223.0,4.0
1050.0,836.0,13.0
1048.0,1488.0,4.0
1047.0,435.0,3.0
1052.0,1442.0,4.0
1051.0,698.0,2.0
1056.0,203.0,2.0
1048.0,1635.0,6.0
1057.0,621.0,10.0
1050.0,1623.0,10.0
1054.0,1650.0,10.0
1063.0,1663.0,10.0
1062.0,1402.0,3.0
1057.0,184.0,2.0
1064.0,380.0,2.0
1058.0,235.0,7.0
1061.0,325.0,12.0
1057.0,421.0,4.0
1066.0,595.0,4.0
1062.0,897.0,10.0
1058.0,1173.0,10.0
1057.0,1189.0,10.0
1067.0,1513.0,4.0
1057.0,1054.0,10.0
1059.0,1090.0,10.0
1059.0,1602.0,10.0
1059.0,1150.0,6.0
1065.0,1379.0,16.0
1059.0,361.0,4.0
1063.0,681.0,3.0
1058.0,1120.0,10.0
1067.0,1551.0,10.0
1064.0,1695.0,10.0
1058.0,1478.0,4.0
1067.0,36.0,13.0
1066.0,1026.0,2.0
1066.0,1074.0,10.0
1065.0,349.0,12.0
1065.0,1621.0,10.0
1070.0,990.0,2.0
1065.0,1637.0,10.0
1072.0,744.0,4.0
1071.0,1128.0,7.0
1078.0,223.0,16.0
1074.0,615.0,3.0
1071.0,1465.0,4.0
1080.0,96.0,13.0
1075.0,180.0,3.0
1074.0,243.0,14.0
1076.0,1153.0,10.0
1067.0,1478.0,4.0
1075.0,76.0,13.0
1078.0,1108.0,7.0
1078.0,1042.0,8.0
1074.0,1058.0,10.0
1082.0,1487.0,4.0
1071.0,1649.0,10.0
1083.0,1677.0,13.0
1079.0,148.0,16.0
1086.0,1367.0,4.0
1080.0,830.0,4.0
1077.0,846.0,3.0
1081.0,1179.0,13.0
1078.0,1201.0,13.0
1078.0,1609.0,7.0
1093.0,1269.0,4.0
1083.0,1718.0,3.0
1081.0,685.0,4.0
1083.0,1998.0,3.0
1086.0,317.0,4.0
1079.0,1091.0,6.0
1085.0,1288.0,4.0
1085.0,53.0,13.0
1087.0,170.0,7.0
1082.0,1639.0,10.0
1086.0,459.0,2.0
1088.0,1069.0,6.0
1090.0,1457.0,4.0
1094.0,1699.0,13.0
1095.0,814.0,4.0
1092.0,73.0,13.0
1092.0,117.0,10.0
1089.0,718.0,4.0
1089.0,1131.0,7.0
1088.0,31.0,13.0
1091.0,275.0,16.0
1099.0,1028.0,10.0
1084.0,1384.0,16.0
1105.0,1738.0,13.0
1094.0,445.0,2.0
1093.0,1627.0,10.0
1094.0,209.0,3.0
1095.0,645.0,2.0
1106.0,360.0,4.0
1100.0,991.0,14.0
1103.0,740.0,4.0
1092.0,1088.0,6.0
1100.0,1202.0,10.0
1101.0,768.0,4.0
1099.0,1413.0,3.0
1103.0,1758.0,3.0
1103.0,41.0,13.0
1104.0,865.0,4.0
1098.0,1224.0,10.0
1093.0,1612.0,10.0
1098.0,185.0,3.0
1101.0,1108.0,10.0
1103.0,1647.0,10.0
1104.0,1046.0,14.0
1099.0,1160.0,10.0
1096.0,1386.0,16.0
1109.0,899.0,16.0
1104.0,1473.0,4.0
1105.0,1607.0,10.0
1099.0,1140.0,6.0
1106.0,233.0,3.0
1106.0,621.0,12.0
1112.0,840.0,4.0
1112.0,1671.0,13.0
1101.0,1991.0,2.0
1106.0,101.0,13.0
1107.0,1070.0,12.0
1110.0,1184.0,10.0
1109.0,81.0,13.0
1111.0,1399.0,3.0
1118.0,327.0,4.0
1112.0,63.0,13.0
1116.0,722.0,4.0
1110.0,1091.0,10.0
1106.0,1127.0,10.0
1118.0,441.0,3.0
1117.0,606.0,3.0
1119.0,927.0,13.0
1109.0,1625.0,10.0
1110.0,209.0,3.0
1125.0,380.0,4.0
1112.0,641.0,2.0
1124.0,800.0,4.0
1125.0,132.0,13.0
1119.0,190.0,3.0
1116.0,1167.0,10.0
1116.0,1144.0,10.0
1119.0,1005.0,10.0
1117.0,1228.0,6.0
1128.0,1987.0,3.0
1129.0,37.0,13.0
1128.0,299.0,4.0
1127.0,397.0,3.0
1123.0,457.0,3.0
1123.0,950.0,14.0
1128.0,686.0,4.0
1122.0,1105.0,10.0
1119.0,1124.0,10.0
1124.0,97.0,13.0
1123.0,1433.0,4.0
1133.0,580.0,4.0
1122.0,770.0,4.0
1125.0,857.0,4.0
1123.0,1212.0,7.0
1126.0,983.0,10.0
1125.0,1042.0,10.0
1124.0,1077.0,12.0
1128.0,1196.0,10.0
1130.0,1242.0,13.0
1136.0,1598.0,4.0
1136.0,1780.0,3.0
1136.0,1062.0,6.0
1130.0,346.0,4.0
1140.0,601.0,4.0
1139.0,1025.0,10.0
1126.0,1392.0,3.0
1129.0,1408.0,4.0
1132.0,1682.0,10.0
1138.0,742.0,4.0
1140.0,826.0,4.0
1131.0,1138.0,10.0
1130.0,1176.0,10.0
1136.0,1161.0,10.0
1146.0,1665.0,3.0
1135.0,913.0,10.0
1141.0,1128.0,10.0
1135.0,1445.0,10.0
1136.0,365.0,4.0
1141.0,427.0,2.0
1135.0,1561.0,3.0
1138.0,969.0,7.0
1148.0,641.0,16.0
1146.0,785.0,4.0
1137.0,998.0,6.0
1139.0,1215.0,10.0
1144.0,1747.0,4.0
1146.0,92.0,13.0
1142.0,1100.0,6.0
1148.0,1187.0,10.0
1135.0,1394.0,4.0
1141.0,940.0,13.0
1140.0,449.0,3.0
1139.0,953.0,6.0
1149.0,1706.0,13.0
1145.0,323.0,4.0
1146.0,705.0,4.0
1147.0,1008.0,7.0
1145.0,1044.0,10.0
1149.0,198.0,13.0
1151.0,986.0,7.0
1148.0,1725.0,10.0
1152.0,343.0,4.0
1154.0,360.0,4.0
1160.0,728.0,4.0
1153.0,1409.0,4.0
1153.0,48.0,13.0
1147.0,895.0,14.0
1151.0,928.0,13.0
1148.0,1114.0,10.0
1152.0,1449.0,4.0
1153.0,1629.0,4.0
1152.0,300.0,4.0
1164.0,571.0,3.0
1153.0,1204.0,10.0
1156.0,397.0,3.0
1163.0,914.0,7.0
1164.0,692.0,4.0
1157.0,1801.0,4.0
1157.0,2015.0,4.0
1164.0,246.0,3.0
1157.0,381.0,14.0
1159.0,589.0,4.0
1165.0,847.0,4.0
1160.0,1070.0,6.0
1162.0,1093.0,10.0
1156.0,32.0,13.0
1153.0,1159.0,14.0
1161.0,183.0,13.0
1167.0,222.0,13.0
1161.0,1765.0,10.0
1165.0,66.0,13.0
1165.0,899.0,14.0
1163.0,1049.0,10.0
1158.0,1129.0,3.0
1167.0,421.0,3.0
1164.0,764.0,4.0
1164.0,945.0,10.0
1158.0,1014.0,10.0
1160.0,1116.0,10.0
1167.0,323.0,4.0
1160.0,601.0,3.0
1167.0,1150.0,3.0
1169.0,659.0,3.0
1169.0,824.0,4.0
1163.0,1139.0,4.0
1167.0,1741.0,10.0
1171.0,1792.0,12.0
1169.0,160.0,13.0
1171.0,1026.0,10.0
1167.0,1176.0,10.0
1174.0,1426.0,4.0
1164.0,1390.0,4.0
1167.0,1827.0,3.0
1171.0,1548.0,3.0
1169.0,1721.0,10.0
1182.0,814.0,4.0
1172.0,1109.0,10.0
1177.0,347.0,4.0
1171.0,638.0,2.0
1174.0,991.0,14.0
1171.0,1663.0,3.0
1176.0,303.0,4.0
1175.0,1844.0,3.0
1181.0,933.0,12.0
1178.0,1523.0,2.0
1181.0,200.0,13.0
1187.0,266.0,4.0
1174.0,1136.0,4.0
1187.0,1399.0,4.0
1181.0,54.0,13.0
1177.0,282.0,4.0
1182.0,1929.0,3.0
1180.0,760.0,4.0
1187.0,137.0,13.0
1180.0,1505.0,3.0
1186.0,1994.0,4.0
1186.0,151.0,13.0
1192.0,1054.0,4.0
1184.0,973.0,14.0
1182.0,1493.0,3.0
1183.0,1733.0,10.0
1186.0,1170.0,2.0
1190.0,78.0,13.0
1199.0,798.0,4.0
1185.0,886.0,4.0
1205.0,427.0,3.0
1190.0,999.0,4.0
1184.0,1773.0,10.0
1187.0,30.0,13.0
1191.0,124.0,13.0
1195.0,366.0,16.0
1192.0,667.0,3.0
1187.0,320.0,4.0
1196.0,1439.0,4.0
1186.0,1451.0,4.0
1189.0,1469.0,4.0
1189.0,1802.0,4.0
1187.0,40.0,13.0
1195.0,872.0,4.0
1192.0,951.0,10.0
1187.0,1908.0,3.0
1195.0,167.0,13.0
1195.0,746.0,7.0
1204.0,1688.0,4.0
1204.0,296.0,4.0
1193.0,917.0,16.0
1200.0,1022.0,10.0
1200.0,1729.0,10.0
1197.0,1958.0,16.0
1197.0,1376.0,2.0
1193.0,37.0,13.0
1203.0,340.0,4.0
1203.0,566.0,3.0
1202.0,1523.0,4.0
1199.0,1778.0,13.0
1207.0,985.0,4.0
1197.0,1558.0,3.0
1204.0,1823.0,2.0
1204.0,316.0,4.0
1199.0,1907.0,4.0
1203.0,1922.0,13.0
1202.0,50.0,13.0
1206.0,240.0,4.0
1209.0,385.0,3.0
1212.0,1194.0,3.0
1205.0,1887.0,3.0
1204.0,528.0,2.0
1209.0,68.0,13.0
1209.0,782.0,4.0
1213.0,1852.0,13.0
1207.0,1983.0,4.0
1211.0,35.0,13.0
1214.0,766.0,4.0
1207.0,726.0,6.0
1209.0,814.0,4.0
1210.0,1767.0,10.0
1217.0,102.0,13.0
1207.0,917.0,12.0
1215.0,937.0,10.0
1213.0,1447.0,16.0
1213.0,1746.0,10.0
1224.0,493.0,3.0
1215.0,1008.0,13.0
1215.0,1963.0,7.0
1220.0,847.0,7.0
1220.0,867.0,4.0
1219.0,1088.0,4.0
1220.0,1940.0,13.0
1220.0,1381.0,10.0
1217.0,1914.0,13.0
1222.0,352.0,4.0
1218.0,743.0,15.0
1221.0,52.0,13.0
1231.0,617.0,3.0
1226.0,160.0,13.0
1226.0,1463.0,3.0
1219.0,1478.0,3.0
1226.0,1526.0,4.0
1234.0,137.0,13.0
1228.0,206.0,13.0
1229.0,1020.0,4.0
1223.0,560.0,3.0
1223.0,1822.0,13.0
1222.0,1146.0,4.0
1234.0,884.0,4.0
1224.0,1785.0,10.0
1227.0,118.0,13.0
1226.0,983.0,3.0
1228.0,1154.0,3.0
1226.0,1892.0,10.0
1227.0,83.0,13.0
1231.0,1765.0,10.0
1234.0,68.0,13.0
1236.0,327.0,16.0
1235.0,1171.0,4.0
1239.0,690.0,12.0
1238.0,792.0,4.0
1239.0,247.0,3.0
1232.0,737.0,13.0
1235.0,1748.0,13.0
1240.0,1126.0,4.0
1232.0,1909.0,13.0
1242.0,368.0,7.0
1235.0,1076.0,4.0
1244.0,1096.0,4.0
1241.0,41.0,13.0
1235.0,407.0,16.0
1245.0,914.0,4.0
1232.0,1144.0,3.0
1240.0,526.0,3.0
1239.0,1787.0,13.0
1247.0,392.0,16.0
1246.0,1208.0,3.0
1238.0,1347.0,3.0
1237.0,1379.0,6.0
1248.0,716.0,13.0
1243.0,1961.0,16.0
1242.0,348.0,3.0
1241.0,99.0,13.0
1243.0,1857.0,2.0
1243.0,1891.0,13.0
1244.0,1062.0,4.0
1251.0,1364.0,10.0
1247.0,87.0,13.0
1249.0,827.0,4.0
1248.0,1153.0,4.0
1256.0,119.0,13.0
1254.0,849.0,4.0
1257.0,1024.0,4.0
1247.0,161.0,13.0
1250.0,1548.0,10.0
1249.0,1922.0,10.0
1254.0,1980.0,4.0
1251.0,746.0,6.0
1254.0,426.0,3.0
1253.0,1414.0,13.0
1254.0,1332.0,3.0
1254.0,1387.0,10.0
1262.0,1449.0,3.0
1252.0,1907.0,6.0
1252.0,1769.0,10.0
1257.0,66.0,10.0
1261.0,206.0,13.0
1260.0,180.0,13.0
1258.0,232.0,13.0
1263.0,606.0,15.0
1256.0,1843.0,2.0
1256.0,1173.0,8.0
1261.0,780.0,4.0
1268.0,492.0,3.0
1263.0,559.0,3.0
1258.0,1939.0,13.0
1267.0,931.0,3.0
1262.0,1142.0,4.0
1259.0,1789.0,10.0
1268.0,306.0,16.0
1265.0,530.0,2.0
1263.0,106.0,13.0
1267.0,1073.0,4.0
1262.0,1345.0,3.0
1267.0,157.0,13.0
1271.0,252.0,16.0
1273.0,722.0,4.0
1263.0,1314.0,3.0
1265.0,689.0,14.0
1264.0,1759.0,10.0
1267.0,365.0,13.0
1276.0,799.0,4.0
1270.0,1996.0,14.0
1266.0,1544.0,1.0
1265.0,1897.0,2.0
1266.0,91.0,13.0
1275.0,36.0,13.0
1270.0,1095.0,4.0
1271.0,1209.0,12.0
1275.0,1054.0,4.0
1279.0,649.0,4.0
1271.0,1379.0,16.0
1272.0,1002.0,10.0
1270.0,1776.0,10.0
1276.0,745.0,4.0
1277.0,1809.0,2.0
1279.0,345.0,3.0
1275.0,458.0,3.0
1273.0,1938.0,13.0
1285.0,835.0,4.0
1279.0,1736.0,16.0
1274.0,73.0,10.0
1278.0,230.0,13.0
1277.0,1139.0,3.0
1279.0,1537.0,10.0
1283.0,972.0,3.0
1289.0,1408.0,4.0
1284.0,1969.0,3.0
1282.0,100.0,10.0
1284.0,120.0,13.0
1278.0,1760.0,6.0
1283.0,184.0,13.0
1284.0,916.0,10.0
1280.0,214.0,13.0
1289.0,698.0,16.0
1287.0,1043.0,4.0
1295.0,513.0,2.0
1288.0,1722.0,10.0
1288.0,1778.0,13.0
1287.0,1951.0,13.0
1293.0,86.0,13.0
1296.0,269.0,3.0
1288.0,879.0,4.0
1299.0,1013.0,4.0
1286.0,1093.0,4.0
1285.0,379.0,3.0
1293.0,493.0,2.0
1293.0,1293.0,3.0
1294.0,1226.0,12.0
1295.0,1258.0,3.0
1291.0,630.0,3.0
1295.0,67.0,10.0
1288.0,936.0,2.0
1291.0,1756.0,8.0
1289.0,1934.0,2.0
1306.0,587.0,2.0
1300.0,136.0,13.0
1299.0,212.0,13.0
1303.0,1695.0,3.0
1291.0,1799.0,2.0
1298.0,44.0,13.0
1304.0,732.0,4.0
1293.0,750.0,10.0
1310.0,786.0,4.0
1291.0,1812.0,3.0
1306.0,334.0,2.0
1303.0,532.0,3.0
1300.0,1495.0,10.0
1299.0,808.0,4.0
1299.0,108.0,10.0
1304.0,924.0,10.0
1301.0,954.0,12.0
1309.0,975.0,4.0
1303.0,1970.0,3.0
1301.0,189.0,13.0
1317.0,1044.0,4.0
1312.0,235.0,10.0
1304.0,1400.0,4.0
1310.0,650.0,2.0
1311.0,877.0,4.0
1305.0,1458.0,7.0
1300.0,1805.0,2.0
1314.0,33.0,13.0
1309.0,1759.0,10.0
1309.0,752.0,10.0
1312.0,1779.0,12.0
1314.0,672.0,13.0
1314.0,521.0,3.0
1316.0,1481.0,7.0
1319.0,315.0,3.0
1320.0,119.0,13.0
1312.0,370.0,10.0
1317.0,431.0,2.0
1319.0,838.0,4.0
1318.0,1729.0,13.0
1316.0,94.0,13.0
1316.0,1227.0,5.0
1314.0,69.0,13.0
1315.0,1502.0,10.0
1318.0,1519.0,10.0
1333.0,48.0,13.0
1320.0,952.0,12.0
1323.0,153.0,13.0
1326.0,1065.0,4.0
1324.0,1248.0,4.0
1325.0,692.0,15.0
1326.0,912.0,10.0
1329.0,184.0,2.0
1328.0,257.0,8.0
1320.0,1455.0,7.0
1326.0,632.0,12.0
1333.0,999.0,4.0
1333.0,1212.0,2.0
1329.0,1684.0,2.0
1330.0,1979.0,3.0
1329.0,1802.0,3.0
1332.0,931.0,10.0
1338.0,754.0,4.0
1337.0,727.0,4.0
1328.0,768.0,4.0
1338.0,1775.0,7.0
1333.0,72.0,10.0
1335.0,972.0,4.0
1342.0,652.0,13.0
1331.0,1475.0,1.0
1335.0,1509.0,7.0
1332.0,1421.0,3.0
1337.0,91.0,13.0
1343.0,107.0,13.0
1343.0,136.0,13.0
1337.0,302.0,3.0
1334.0,202.0,2.0
1337.0,780.0,4.0
1336.0,1748.0,10.0
1340.0,1713.0,10.0
1346.0,395.0,2.0
1340.0,802.0,4.0
1338.0,955.0,4.0
1353.0,1032.0,4.0
1347.0,539.0,2.0
1345.0,1271.0,2.0
1351.0,316.0,3.0
1345.0,944.0,4.0
1345.0,693.0,16.0
1345.0,1242.0,4.0
1353.0,588.0,2.0
1350.0,896.0,12.0
1352.0,1690.0,10.0
1345.0,1732.0,16.0
1347.0,1763.0,10.0
1353.0,260.0,16.0
1354.0,1418.0,4.0
1353.0,969.0,4.0
1358.0,780.0,4.0
1359.0,841.0,4.0
1358.0,465.0,2.0
1352.0,77.0,10.0
1358.0,1085.0,3.0
1356.0,64.0,13.0
1358.0,1058.0,4.0
1357.0,160.0,13.0
1353.0,955.0,4.0
1355.0,1751.0,10.0
1351.0,1991.0,6.0
1361.0,988.0,4.0
1361.0,1489.0,3.0
1359.0,1723.0,16.0
1362.0,1739.0,16.0
1368.0,90.0,10.0
1362.0,120.0,13.0
1370.0,510.0,2.0
1354.0,750.0,11.0
1372.0,938.0,4.0
1362.0,1471.0,3.0
1367.0,2002.0,8.0
1367.0,1280.0,3.0
1368.0,690.0,3.0
1372.0,1227.0,3.0
1361.0,1241.0,3.0
1368.0,51.0,10.0
1369.0,750.0,4.0
1373.0,800.0,4.0
1369.0,1760.0,10.0
1364.0,534.0,2.0
1366.0,633.0,13.0
1371.0,288.0,16.0
1373.0,392.0,2.0
1373.0,959.0,4.0
1370.0,1641.0,3.0
1370.0,1783.0,2.0
1370.0,365.0,10.0
1382.0,731.0,4.0
1374.0,1709.0,10.0
1381.0,1069.0,5.0
1370.0,1685.0,10.0
1371.0,598.0,3.0
1371.0,977.0,4.0
1374.0,138.0,13.0
1378.0,1507.0,3.0
1378.0,572.0,3.0
1387.0,826.0,4.0
1378.0,999.0,4.0
1379.0,1653.0,13.0
1385.0,67.0,10.0
1384.0,115.0,13.0
1379.0,893.0,3.0
1376.0,1084.0,13.0
1376.0,1410.0,2.0
1382.0,1854.0,2.0
1380.0,1730.0,10.0
1392.0,769.0,4.0
1376.0,778.0,4.0
1383.0,1622.0,3.0
1380.0,1468.0,3.0
1383.0,1668.0,12.0
1381.0,369.0,10.0
1384.0,595.0,3.0
1385.0,911.0,4.0
1387.0,39.0,16.0
1385.0,1098.0,2.0
1385.0,1769.0,10.0
1387.0,1822.0,13.0
1398.0,584.0,10.0
1396.0,664.0,3.0
1384.0,1690.0,10.0
1389.0,2013.0,10.0
1387.0,100.0,10.0
1391.0,169.0,13.0
1390.0,611.0,3.0
1392.0,1181.0,2.0
1390.0,193.0,2.0
1394.0,279.0,3.0
1392.0,979.0,4.0
1397.0,301.0,3.0
1399.0,464.0,2.0
1399.0,872.0,4.0
1388.0,1998.0,8.0
1395.0,87.0,10.0
1403.0,257.0,2.0
1392.0,1599.0,3.0
1401.0,1281.0,3.0
1398.0,1114.0,2.0
1398.0,1505.0,10.0
1397.0,146.0,13.0
1398.0,1724.0,10.0
1396.0,133.0,13.0
1400.0,1005.0,13.0
1407.0,1216.0,3.0
1403.0,695.0,3.0
1399.0,965.0,4.0
1398.0,1641.0,10.0
1398.0,1863.0,10.0
1400.0,1053.0,5.0
1398.0,1580.0,3.0
1400.0,921.0,4.0
1398.0,1022.0,13.0
1400.0,1092.0,13.0
1401.0,1659.0,16.0
1397.0,1694.0,10.0
1402.0,1812.0,10.0
1407.0,1880.0,10.0
1409.0,893.0,3.0
1405.0,1485.0,10.0
1413.0,746.0,4.0
1402.0,1466.0,6.0
1401.0,1674.0,16.0
1402.0,1766.0,10.0
1406.0,1994.0,7.0
1401.0,55.0,10.0
1406.0,639.0,3.0
1404.0,1620.0,12.0
1404.0,1790.0,13.0
1405.0,158.0,13.0
1406.0,605.0,4.0
1403.0,1035.0,12.0
1409.0,1539.0,10.0
1401.0,1837.0,13.0
1409.0,319.0,2.0
1414.0,992.0,8.0
1406.0,1851.0,10.0
1408.0,35.0,10.0
1409.0,114.0,10.0
1407.0,71.0,10.0
1404.0,1564.0,3.0
1408.0,2011.0,10.0
1411.0,1305.0,3.0
1413.0,1400.0,4.0
1414.0,1599.0,10.0
1412.0,170.0,13.0
1413.0,807.0,4.0
1413.0,1964.0,3.0
1421.0,826.0,4.0
1412.0,1516.0,13.0
1416.0,1864.0,13.0
1416.0,100.0,10.0
1421.0,135.0,13.0
1415.0,391.0,2.0
1413.0,972.0,4.0
1415.0,1900.0,6.0
1420.0,1098.0,16.0
1410.0,1693.0,12.0
1416.0,1921.0,2.0
1416.0,83.0,10.0
1416.0,1021.0,16.0
1417.0,1649.0,6.0
1417.0,1833.0,10.0
1424.0,46.0,10.0
1422.0,651.0,3.0
1418.0,1633.0,12.0
1418.0,1783.0,16.0
1418.0,912.0,16.0
1416.0,929.0,4.0
1419.0,1567.0,10.0
1416.0,1662.0,6.0
1421.0,1680.0,16.0
1422.0,1765.0,16.0
1427.0,598.0,4.0
1418.0,618.0,2.0
1422.0,1054.0,16.0
1421.0,1182.0,16.0
1426.0,1455.0,10.0
1418.0,1473.0,10.0
1421.0,1740.0,16.0
1424.0,268.0,10.0
1422.0,1201.0,3.0
1429.0,1987.0,16.0
1430.0,160.0,13.0
1426.0,421.0,10.0
1425.0,489.0,3.0
1427.0,1507.0,6.0
1430.0,306.0,2.0
1428.0,1035.0,16.0
1424.0,68.0,10.0
1427.0,403.0,3.0
1424.0,1586.0,10.0
1427.0,2008.0,10.0
1437.0,459.0,2.0
1430.0,1276.0,16.0
1428.0,1809.0,16.0
1430.0,693.0,3.0
1435.0,986.0,2.0
1427.0,1492.0,10.0
1433.0,89.0,13.0
1433.0,617.0,4.0
1435.0,638.0,2.0
1431.0,676.0,2.0
1431.0,1533.0,6.0
1436.0,1715.0,6.0
1432.0,1891.0,6.0
1432.0,757.0,4.0
1430.0,1473.0,10.0
1435.0,390.0,12.0
1434.0,785.0,4.0
1431.0,1213.0,3.0
1434.0,1627.0,12.0
1433.0,1668.0,10.0
1432.0,1695.0,6.0
1433.0,1909.0,6.0
1445.0,348.0,2.0
1442.0,852.0,4.0
1436.0,1014.0,12.0
1431.0,1576.0,10.0
1437.0,1864.0,10.0
1438.0,108.0,13.0
1442.0,500.0,2.0
1440.0,1655.0,16.0
1436.0,1757.0,13.0
1439.0,1924.0,3.0
1442.0,1955.0,4.0
1445.0,259.0,16.0
1443.0,1185.0,3.0
1440.0,1486.0,10.0
1442.0,1973.0,3.0
1442.0,71.0,13.0
1440.0,1737.0,8.0
1446.0,148.0,10.0
1440.0,1063.0,3.0
1445.0,1284.0,3.0
1455.0,1339.0,4.0
1445.0,42.0,10.0
1454.0,288.0,10.0
1450.0,770.0,4.0
1442.0,1049.0,2.0
1441.0,1448.0,6.0
1451.0,2008.0,16.0
1446.0,668.0,3.0
1443.0,1578.0,10.0
1444.0,1471.0,10.0
1458.0,237.0,3.0
1445.0,1693.0,8.0
1445.0,606.0,4.0
1450.0,630.0,2.0
1455.0,682.0,4.0
1447.0,1030.0,2.0
1451.0,1302.0,3.0
1451.0,699.0,4.0
1461.0,444.0,2.0
1458.0,829.0,4.0
1458.0,1242.0,4.0
1454.0,1599.0,7.0
1461.0,1392.0,4.0
1449.0,1628.0,12.0
1456.0,406.0,12.0
1456.0,1440.0,6.0
1456.0,1566.0,7.0
1457.0,1459.0,16.0
1455.0,1496.0,7.0
1456.0,94.0,13.0
1452.0,313.0,10.0
1455.0,1706.0,16.0
1466.0,1364.0,4.0
1465.0,1927.0,3.0
1458.0,609.0,3.0
1464.0,578.0,2.0
1465.0,1315.0,4.0
1464.0,45.0,16.0
1473.0,395.0,12.0
1466.0,1524.0,10.0
1467.0,1982.0,10.0
1468.0,73.0,13.0
1468.0,1617.0,10.0
1467.0,336.0,3.0
1476.0,304.0,2.0
1472.0,981.0,2.0
1463.0,1957.0,16.0
1471.0,265.0,3.0
1478.0,1156.0,3.0
1468.0,1542.0,10.0
1468.0,1904.0,10.0
1467.0,1475.0,10.0
1472.0,1586.0,7.0
1469.0,765.0,4.0
1472.0,1500.0,9.0
1477.0,102.0,13.0
1476.0,376.0,6.0
1476.0,417.0,7.0
1480.0,35.0,10.0
1476.0,1434.0,7.0
1480.0,358.0,12.0
1472.0,605.0,3.0
1488.0,741.0,4.0
1477.0,1192.0,3.0
1477.0,1569.0,7.0
1487.0,831.0,4.0
1482.0,1241.0,3.0
1481.0,1552.0,16.0
1495.0,875.0,4.0
1485.0,1832.0,3.0
1482.0,1975.0,1.0
1483.0,577.0,3.0
1483.0,1509.0,9.0
1490.0,562.0,16.0
1482.0,1908.0,10.0
1492.0,49.0,13.0
1492.0,66.0,13.0
1489.0,456.0,3.0
1492.0,1498.0,7.0
1487.0,1524.0,13.0
1487.0,1767.0,3.0
1493.0,1865.0,3.0
1485.0,80.0,13.0
1496.0,1028.0,10.0
1503.0,94.0,13.0
1493.0,414.0,2.0
1500.0,661.0,3.0
1499.0,1184.0,4.0
1499.0,1374.0,4.0
1495.0,1480.0,14.0
1504.0,431.0,7.0
1506.0,347.0,7.0
1509.0,628.0,3.0
1498.0,1981.0,10.0
1506.0,34.0,13.0
1508.0,75.0,13.0
1511.0,180.0,2.0
1514.0,932.0,2.0
1508.0,970.0,3.0
1505.0,1152.0,4.0
1518.0,322.0,14.0
1512.0,1133.0,3.0
1515.0,1168.0,8.0
1512.0,1864.0,16.0
1506.0,453.0,3.0
1513.0,545.0,2.0
1509.0,563.0,16.0
1512.0,1470.0,15.0
1511.0,1969.0,10.0
1515.0,846.0,4.0
1517.0,604.0,3.0
1516.0,1937.0,10.0
1514.0,111.0,13.0
1518.0,1720.0,3.0
1523.0,51.0,13.0
1522.0,416.0,10.0
1517.0,831.0,4.0
1514.0,1025.0,10.0
1518.0,1901.0,13.0
1527.0,699.0,3.0
1524.0,995.0,10.0
1516.0,1368.0,12.0
1521.0,1444.0,15.0
1525.0,303.0,7.0
1534.0,737.0,12.0
1532.0,87.0,13.0
1531.0,1036.0,4.0
1529.0,580.0,13.0
1532.0,437.0,9.0
1528.0,1659.0,10.0
1528.0,1860.0,4.0
1535.0,965.0,2.0
1538.0,244.0,13.0
1531.0,559.0,2.0
1538.0,1455.0,16.0
1534.0,1129.0,2.0
1544.0,37.0,13.0
1534.0,1342.0,2.0
1539.0,1687.0,12.0
1540.0,388.0,3.0
1531.0,623.0,3.0
1540.0,1953.0,3.0
1531.0,69.0,13.0
1548.0,950.0,16.0
1545.0,346.0,2.0
1537.0,773.0,3.0
1535.0,846.0,4.0
1539.0,934.0,3.0
1539.0,1112.0,2.0
1546.0,1196.0,3.0
1534.0,1933.0,3.0
1537.0,1717.0,16.0
1549.0,261.0,12.0
1541.0,865.0,4.0
1549.0,211.0,13.0
1546.0,411.0,2.0
1541.0,885.0,4.0
1542.0,1648.0,3.0
1545.0,1901.0,8.0
1546.0,1374.0,6.0
1548.0,62.0,13.0
1560.0,990.0,4.0
1548.0,1226.0,3.0
1549.0,565.0,3.0
1555.0,1013.0,4.0
1557.0,1919.0,13.0
1557.0,1037.0,4.0
1550.0,699.0,2.0
1563.0,796.0,4.0
1550.0,1592.0,4.0
1564.0,1423.0,3.0
1556.0,1441.0,13.0
1564.0,559.0,3.0
1552.0,812.0,10.0
1556.0,923.0,16.0
1552.0,1385.0,8.0
1561.0,1709.0,10.0
1569.0,71.0,13.0
1562.0,683.0,3.0
1559.0,1639.0,7.0
1557.0,592.0,16.0
1569.0,542.0,3.0
1559.0,879.0,4.0
1557.0,1672.0,16.0
1559.0,711.0,2.0
1565.0,854.0,16.0
1561.0,1263.0,3.0
1567.0,1951.0,3.0
1562.0,898.0,4.0
1565.0,1690.0,10.0
1566.0,1602.0,4.0
1570.0,1660.0,4.0
1563.0,1227.0,3.0
1575.0,286.0,11.0
1570.0,376.0,2.0
1564.0,1209.0,3.0
1572.0,837.0,2.0
1579.0,420.0,4.0
1573.0,906.0,3.0
1569.0,940.0,16.0
1569.0,622.0,3.0
1570.0,744.0,3.0
1566.0,1186.0,2.0
1571.0,1485.0,3.0
1580.0,1637.0,4.0
1574.0,393.0,3.0
1579.0,1886.0,3.0
1571.0,201.0,13.0
1572.0,646.0,3.0
1575.0,188.0,13.0
1571.0,1677.0,3.0
1580.0,1933.0,4.0
1577.0,250.0,10.0
1577.0,712.0,2.0
1575.0,1204.0,3.0
1575.0,1443.0,4.0
1575.0,1523.0,4.0
1573.0,1722.0,16.0
1578.0,922.0,16.0
1586.0,865.0,3.0
1577.0,341.0,3.0
1578.0,956.0,3.0
1577.0,1255.0,10.0
1576.0,354.0,3.0
1578.0,887.0,4.0
1586.0,1458.0,4.0
1590.0,1587.0,4.0
1593.0,363.0,3.0
1582.0,524.0,6.0
1586.0,1715.0,10.0
1585.0,37.0,13.0
1585.0,1510.0,4.0
1599.0,216.0,13.0
1586.0,1225.0,2.0
1585.0,1397.0,1.0
1595.0,243.0,10.0
1589.0,937.0,14.0
1585.0,1611.0,4.0
1587.0,686.0,13.0
1590.0,56.0,13.0
1592.0,458.0,7.0
1596.0,760.0,6.0
1599.0,1527.0,4.0
1599.0,894.0,7.0
1593.0,151.0,9.0
1599.0,265.0,2.0
1593.0,1495.0,12.0
1600.0,304.0,11.0
1599.0,337.0,3.0
1599.0,643.0,3.0
1597.0,1466.0,4.0
1599.0,1619.0,4.0
1595.0,706.0,16.0
1605.0,1481.0,12.0
1603.0,1962.0,4.0
1600.0,519.0,3.0
1602.0,619.0,15.0
1602.0,562.0,9.0
1602.0,1923.0,4.0
1601.0,531.0,2.0
1604.0,1715.0,3.0
1606.0,398.0,10.0
1613.0,1390.0,4.0
1614.0,1654.0,4.0
1603.0,1876.0,3.0
1604.0,547.0,2.0
1606.0,37.0,13.0
1608.0,783.0,7.0
1609.0,1447.0,4.0
1606.0,926.0,14.0
1606.0,1377.0,3.0
1612.0,1057.0,4.0
1611.0,239.0,3.0
1610.0,464.0,3.0
1613.0,852.0,3.0
1610.0,1501.0,12.0
1618.0,638.0,16.0
1615.0,1891.0,4.0
1618.0,1026.0,4.0
1616.0,1330.0,4.0
1628.0,113.0,13.0
1613.0,433.0,2.0
1616.0,537.0,16.0
1617.0,1464.0,4.0
1620.0,420.0,2.0
1614.0,227.0,8.0
1621.0,447.0,16.0
1620.0,663.0,3.0
1621.0,1584.0,4.0
1622.0,1918.0,4.0
1616.0,95.0,2.0
1621.0,131.0,13.0
1614.0,342.0,3.0
1622.0,836.0,3.0
1629.0,1425.0,4.0
1618.0,1551.0,4.0
1618.0,268.0,11.0
1627.0,582.0,4.0
1616.0,920.0,14.0
1620.0,1958.0,4.0
1624.0,1865.0,4.0
1629.0,314.0,13.0
1628.0,404.0,2.0
1629.0,994.0,7.0
1628.0,1607.0,4.0
1625.0,1714.0,4.0
1637.0,34.0,13.0
1624.0,286.0,2.0
1630.0,764.0,16.0
1627.0,1701.0,4.0
1628.0,224.0,16.0
1633.0,1310.0,12.0
1630.0,1454.0,4.0
1631.0,1477.0,4.0
1638.0,274.0,2.0
1630.0,806.0,16.0
1636.0,654.0,3.0
1635.0,357.0,3.0
1639.0,1369.0,4.0
1636.0,1909.0,4.0
1638.0,211.0,2.0
1638.0,431.0,7.0
1642.0,1874.0,4.0
1641.0,700.0,7.0
1651.0,1544.0,4.0
1639.0,737.0,10.0
1647.0,458.0,2.0
1637.0,611.0,3.0
1640.0,979.0,7.0
1646.0,1723.0,4.0
1639.0,392.0,2.0
1645.0,599.0,3.0
1646.0,142.0,13.0
1645.0,374.0,3.0
1641.0,1460.0,4.0
1652.0,1656.0,4.0
1645.0,1844.0,4.0
1644.0,1704.0,4.0
1660.0,1358.0,4.0
1659.0,1507.0,4.0
1652.0,1446.0,4.0
1660.0,795.0,3.0
1650.0,1933.0,4.0
1650.0,1476.0,4.0
1652.0,1591.0,4.0
1654.0,415.0,2.0
1654.0,963.0,6.0
1657.0,1957.0,4.0
1656.0,397.0,2.0
1657.0,644.0,3.0
1655.0,693.0,16.0
1656.0,1908.0,4.0
1668.0,205.0,2.0
1658.0,356.0,13.0
1659.0,975.0,7.0
1660.0,1463.0,4.0
1655.0,1809.0,3.0
1663.0,548.0,3.0
1656.0,903.0,2.0
1664.0,1340.0,4.0
1661.0,1982.0,10.0
1660.0,1225.0,3.0
1659.0,1683.0,4.0
1665.0,513.0,13.0
1664.0,2002.0,3.0
1662.0,1005.0,3.0
1670.0,1699.0,4.0
1663.0,2015.0,3.0
1671.0,314.0,13.0
1664.0,1382.0,4.0
1674.0,918.0,3.0
1666.0,1799.0,3.0
1663.0,1860.0,3.0
1669.0,176.0,3.0
1666.0,230.0,11.0
1664.0,1843.0,14.0
1675.0,1438.0,4.0
1670.0,611.0,13.0
1670.0,893.0,16.0
1674.0,1913.0,4.0
1683.0,1668.0,4.0
1673.0,1834.0,14.0
1676.0,1303.0,10.0
1682.0,1465.0,4.0
1671.0,400.0,3.0
1680.0,159.0,3.0
1684.0,1327.0,4.0
1682.0,93.0,13.0
1687.0,1398.0,4.0
1685.0,352.0,13.0
1686.0,1375.0,4.0
1674.0,1974.0,4.0
1682.0,1217.0,2.0
1682.0,1228.0,2.0
1687.0,1826.0,10.0
1681.0,867.0,3.0
1692.0,1266.0,10.0
1683.0,678.0,3.0
1682.0,540.0,13.0
1686.0,660.0,16.0
1686.0,1851.0,7.0
1686.0,512.0,13.0
1679.0,1981.0,4.0
1696.0,443.0,2.0
1695.0,898.0,7.0
1692.0,1562.0,4.0
1689.0,172.0,1.0
1695.0,527.0,13.0
1697.0,1805.0,4.0
1691.0,35.0,13.0
1701.0,69.0,13.0
1692.0,1205.0,3.0
1691.0,1730.0,4.0
1695.0,501.0,10.0
1697.0,978.0,14.0
1711.0,1503.0,4.0
1708.0,1969.0,4.0
1703.0,875.0,14.0
1697.0,1746.0,4.0
1699.0,314.0,13.0
1699.0,1438.0,4.0
1700.0,486.0,13.0
1697.0,921.0,10.0
1708.0,1684.0,4.0
1704.0,1284.0,4.0
1699.0,1842.0,10.0
1704.0,671.0,3.0
1703.0,1776.0,4.0
1700.0,2014.0,3.0
1708.0,1192.0,3.0
1709.0,37.0,13.0
1702.0,1247.0,4.0
1708.0,1633.0,4.0
1709.0,1727.0,4.0
1712.0,1522.0,4.0
1711.0,910.0,3.0
1709.0,1320.0,4.0
1714.0,1544.0,4.0
1712.0,932.0,10.0
1712.0,1569.0,4.0
1711.0,1655.0,4.0
1716.0,324.0,3.0
1713.0,452.0,2.0
1720.0,299.0,13.0
1714.0,500.0,13.0
1729.0,1376.0,4.0
1711.0,1818.0,4.0
1717.0,1847.0,3.0
1717.0,1394.0,4.0
1715.0,1420.0,4.0
1715.0,1795.0,4.0
1722.0,526.0,13.0
1717.0,1769.0,4.0
1722.0,128.0,13.0
1718.0,473.0,13.0
1722.0,783.0,3.0
1722.0,822.0,3.0
1719.0,1434.0,12.0
1718.0,855.0,14.0
1719.0,891.0,8.0
1716.0,2015.0,3.0
1722.0,153.0,3.0
1715.0,973.0,7.0
1717.0,1707.0,4.0
1724.0,1826.0,4.0
1720.0,1752.0,4.0
1730.0,429.0,13.0
1720.0,920.0,7.0
1723.0,800.0,3.0
1728.0,199.0,2.0
1724.0,400.0,2.0
1738.0,710.0,3.0
1724.0,107.0,13.0
1729.0,547.0,10.0
1728.0,872.0,14.0
1730.0,1414.0,4.0
1728.0,1642.0,4.0
1728.0,1672.0,4.0
1724.0,576.0,10.0
1733.0,754.0,3.0
1725.0,1474.0,4.0
1729.0,1625.0,4.0
1731.0,1790.0,4.0
1738.0,931.0,9.0
1736.0,494.0,13.0
1729.0,1257.0,4.0
1729.0,1735.0,4.0
1738.0,89.0,3.0
1738.0,139.0,2.0
1735.0,453.0,13.0
1741.0,737.0,3.0
1742.0,225.0,13.0
1734.0,846.0,12.0
1735.0,1464.0,4.0
1736.0,1187.0,4.0
1738.0,1763.0,4.0
1739.0,354.0,13.0
1738.0,410.0,13.0
1735.0,1209.0,4.0
1739.0,658.0,2.0
1740.0,775.0,3.0
1735.0,1068.0,3.0
1741.0,1439.0,4.0
1742.0,1486.0,4.0
1733.0,858.0,12.0
1740.0,1268.0,4.0
1740.0,471.0,9.0
1737.0,394.0,13.0
1751.0,646.0,2.0
1742.0,1846.0,4.0
1736.0,832.0,3.0
1745.0,112.0,2.0
1755.0,1589.0,4.0
1740.0,1804.0,4.0
1745.0,1829.0,4.0
1747.0,1057.0,3.0
1749.0,883.0,7.0
1747.0,1457.0,4.0
1750.0,162.0,11.0
1741.0,817.0,13.0
1750.0,864.0,12.0
1748.0,1423.0,16.0
1750.0,1734.0,4.0
1752.0,1316.0,10.0
1755.0,440.0,13.0
1749.0,976.0,16.0
1762.0,1222.0,4.0
1752.0,1983.0,4.0
1750.0,2008.0,8.0
1750.0,827.0,13.0
1752.0,1150.0,2.0
1753.0,1341.0,4.0
1751.0,1624.0,4.0
1754.0,1790.0,4.0
1761.0,272.0,3.0
1755.0,395.0,13.0
1758.0,789.0,16.0
1750.0,1757.0,4.0
1755.0,1254.0,4.0
1761.0,316.0,3.0
1753.0,426.0,13.0
1757.0,850.0,12.0
1759.0,1818.0,4.0
1768.0,803.0,13.0
1762.0,915.0,14.0
1755.0,927.0,16.0
1771.0,1266.0,4.0
1753.0,1377.0,4.0
1763.0,1411.0,14.0
1755.0,350.0,13.0
1765.0,1393.0,16.0
1759.0,1840.0,4.0
1766.0,984.0,7.0
1763.0,1008.0,3.0
1763.0,1443.0,16.0
1766.0,1560.0,4.0
1775.0,1632.0,4.0
1759.0,613.0,3.0
1763.0,1364.0,12.0
1763.0,1129.0,2.0
1765.0,1964.0,4.0
1765.0,1378.0,4.0
1767.0,1498.0,4.0
1780.0,1484.0,4.0
1766.0,1750.0,4.0
1771.0,585.0,13.0
1769.0,841.0,16.0
1767.0,1163.0,4.0
1768.0,1855.0,4.0
1771.0,74.0,16.0
1775.0,1338.0,4.0
1768.0,1612.0,4.0
1772.0,2012.0,9.0
1772.0,286.0,3.0
1776.0,1691.0,4.0
1777.0,507.0,13.0
1782.0,1110.0,3.0
1780.0,1533.0,4.0
1785.0,383.0,13.0
1783.0,1038.0,14.0
1787.0,1513.0,4.0
1773.0,1810.0,4.0
1772.0,871.0,16.0
1771.0,1984.0,6.0
1771.0,1946.0,3.0
1777.0,406.0,13.0
1777.0,618.0,13.0
1779.0,1424.0,14.0
1772.0,1792.0,4.0
1777.0,1874.0,10.0
1784.0,1021.0,3.0
1777.0,1891.0,7.0
1785.0,155.0,2.0
1783.0,437.0,13.0
1779.0,1997.0,16.0
1783.0,331.0,13.0
1782.0,461.0,13.0
1780.0,104.0,2.0
1783.0,478.0,13.0
1777.0,1363.0,14.0
1780.0,1908.0,2.0
1786.0,915.0,7.0
1787.0,1775.0,4.0
1787.0,574.0,10.0
1786.0,1154.0,3.0
1787.0,1170.0,4.0
1782.0,1448.0,4.0
1794.0,1827.0,4.0
1782.0,1978.0,8.0
1789.0,267.0,2.0
1784.0,737.0,2.0
1790.0,648.0,13.0
1785.0,979.0,12.0
1782.0,1003.0,16.0
1788.0,1075.0,3.0
1786.0,1401.0,12.0
1779.0,1582.0,4.0
1781.0,1940.0,7.0
1782.0,836.0,16.0
1788.0,349.0,13.0
1796.0,1705.0,4.0
1783.0,1858.0,4.0
1792.0,851.0,16.0
1796.0,1198.0,4.0
1791.0,828.0,16.0
1790.0,1134.0,2.0
1789.0,1355.0,12.0
1791.0,1800.0,4.0
1802.0,1851.0,4.0
1792.0,43.0,3.0
1793.0,870.0,12.0
1793.0,188.0,3.0
1794.0,557.0,13.0
1797.0,1230.0,4.0
1789.0,1371.0,10.0
1797.0,1577.0,4.0
1787.0,1810.0,4.0
1793.0,1433.0,4.0
1795.0,1558.0,4.0
1791.0,1951.0,8.0
1796.0,540.0,13.0
1791.0,1274.0,7.0
1791.0,2014.0,7.0
1801.0,287.0,2.0
1796.0,797.0,3.0
1797.0,370.0,13.0
1796.0,1119.0,13.0
1796.0,1384.0,10.0
1798.0,1545.0,4.0
1793.0,1897.0,6.0
1795.0,1975.0,6.0
1795.0,2004.0,7.0
1795.0,812.0,3.0
1800.0,1927.0,6.0
1798.0,409.0,13.0
1796.0,1883.0,6.0
1807.0,824.0,16.0
1796.0,885.0,3.0
1800.0,1412.0,10.0
1797.0,1910.0,6.0
1801.0,760.0,3.0
1804.0,1620.0,4.0
1803.0,1638.0,4.0
1801.0,1001.0,16.0
1813.0,1264.0,4.0
1806.0,358.0,13.0
1802.0,1077.0,3.0
1807.0,472.0,13.0
1803.0,1313.0,10.0
1804.0,1361.0,10.0
1803.0,1721.0,4.0
1804.0,1736.0,4.0
1811.0,1800.0,4.0
1806.0,340.0,13.0
1813.0,446.0,13.0
1814.0,661.0,13.0
1812.0,1450.0,4.0
1806.0,319.0,10.0
1808.0,526.0,13.0
1806.0,1947.0,6.0
1808.0,237.0,2.0
1811.0,743.0,3.0
1818.0,781.0,3.0
1806.0,910.0,1.0
1808.0,954.0,14.0
1811.0,2001.0,7.0
1811.0,196.0,10.0
1813.0,424.0,13.0
1807.0,640.0,10.0
1818.0,887.0,3.0
1813.0,1527.0,7.0
1809.0,1894.0,7.0
1816.0,267.0,3.0
1813.0,805.0,16.0
1807.0,1776.0,4.0
1812.0,1239.0,4.0
1817.0,1340.0,14.0
1815.0,1652.0,4.0
1821.0,507.0,13.0
1826.0,91.0,2.0
1815.0,1375.0,10.0
1817.0,1554.0,4.0
1812.0,1882.0,8.0
1823.0,1047.0,3.0
1821.0,1764.0,4.0
1816.0,1013.0,3.0
1818.0,1915.0,7.0
1829.0,238.0,3.0
1818.0,1198.0,4.0
1823.0,408.0,13.0
1819.0,1726.0,4.0
1822.0,157.0,13.0
1823.0,331.0,13.0
1819.0,1291.0,14.0
1820.0,1390.0,10.0
1820.0,1959.0,14.0
1823.0,1355.0,8.0
1819.0,1785.0,4.0
1822.0,1930.0,7.0
1820.0,368.0,13.0
1822.0,490.0,13.0
1829.0,639.0,13.0
1828.0,991.0,4.0
1824.0,1408.0,4.0
1826.0,1169.0,10.0
1828.0,1709.0,4.0
1828.0,1324.0,14.0
1825.0,1984.0,7.0
1827.0,133.0,3.0
1837.0,203.0,3.0
1819.0,351.0,10.0
1829.0,1149.0,10.0
1825.0,531.0,13.0
1822.0,1876.0,16.0
1825.0,462.0,10.0
1837.0,565.0,4.0
1829.0,582.0,4.0
1827.0,1307.0,6.0
1840.0,1506.0,4.0
1828.0,1666.0,14.0
1833.0,1849.0,4.0
1829.0,476.0,13.0
1832.0,1536.0,4.0
1832.0,1097.0,14.0
1833.0,1645.0,4.0
1829.0,1777.0,4.0
1835.0,832.0,3.0
1832.0,1221.0,4.0
1834.0,1456.0,4.0
1841.0,370.0,13.0
1831.0,1281.0,10.0
1852.0,1474.0,4.0
1836.0,278.0,2.0
1830.0,351.0,13.0
1833.0,1381.0,10.0
1836.0,805.0,16.0
1841.0,868.0,2.0
1837.0,1870.0,16.0
1838.0,1887.0,6.0
1833.0,1997.0,7.0
1837.0,1133.0,10.0
1833.0,1794.0,4.0
1836.0,1199.0,10.0
1838.0,1683.0,12.0
1847.0,1556.0,4.0
1849.0,1814.0,4.0
1842.0,396.0,13.0
1841.0,1117.0,10.0
1843.0,1366.0,10.0
1842.0,1701.0,4.0
1845.0,1762.0,4.0
1839.0,2010.0,7.0
1843.0,313.0,13.0
1840.0,1338.0,16.0
1837.0,456.0,13.0
1836.0,537.0,10.0
1839.0,1298.0,10.0
1842.0,1419.0,4.0
1849.0,435.0,13.0
1840.0,610.0,12.0
1841.0,678.0,13.0
1844.0,1039.0,3.0
1841.0,1179.0,10.0
1843.0,1265.0,7.0
1842.0,488.0,13.0
1844.0,688.0,10.0
1851.0,1597.0,4.0
1849.0,526.0,13.0
1842.0,934.0,8.0
1841.0,1352.0,10.0
1846.0,1397.0,10.0
1846.0,1924.0,7.0
1847.0,505.0,13.0
1848.0,945.0,8.0
1844.0,1312.0,10.0
1851.0,43.0,2.0
1849.0,221.0,2.0
1847.0,343.0,13.0
1851.0,625.0,6.0
1854.0,1959.0,8.0
1849.0,163.0,13.0
1850.0,1161.0,10.0
1846.0,1284.0,10.0
1849.0,664.0,13.0
1861.0,1449.0,4.0
1849.0,1786.0,4.0
1850.0,144.0,13.0
1849.0,1630.0,4.0
1847.0,1987.0,7.0
1853.0,1383.0,10.0
1851.0,1906.0,7.0
1854.0,1205.0,10.0
1857.0,1328.0,10.0
1855.0,1648.0,4.0
1860.0,1997.0,7.0
1861.0,128.0,13.0
1860.0,480.0,13.0
1855.0,1253.0,10.0
1854.0,1350.0,10.0
1860.0,1940.0,16.0
1861.0,1714.0,4.0
1861.0,1746.0,4.0
1858.0,643.0,13.0
1856.0,1142.0,13.0
1852.0,2010.0,7.0
1858.0,551.0,13.0
1857.0,1126.0,6.0
1859.0,1179.0,10.0
1867.0,303.0,13.0
1861.0,329.0,13.0
1857.0,805.0,3.0
1860.0,1293.0,10.0
1859.0,1892.0,8.0
1865.0,111.0,13.0
1864.0,1421.0,4.0
1863.0,1579.0,4.0
1868.0,86.0,3.0
1859.0,1094.0,3.0
1859.0,1406.0,4.0
1861.0,1981.0,7.0
1865.0,410.0,13.0
1860.0,1310.0,6.0
1865.0,451.0,13.0
1870.0,596.0,13.0
1860.0,1276.0,6.0
1869.0,1683.0,4.0
1867.0,1854.0,4.0
1863.0,173.0,10.0
1868.0,849.0,7.0
1865.0,1368.0,10.0
1865.0,2013.0,7.0
1882.0,1527.0,4.0
1877.0,1798.0,4.0
1874.0,341.0,13.0
1876.0,362.0,13.0
1877.0,389.0,3.0
1872.0,502.0,13.0
1866.0,865.0,7.0
1870.0,1196.0,10.0
1871.0,1391.0,6.0
1870.0,1770.0,4.0
1870.0,1917.0,7.0
1875.0,147.0,10.0
1869.0,1215.0,10.0
1870.0,1230.0,10.0
1867.0,1634.0,4.0
1870.0,1970.0,16.0
1872.0,520.0,13.0
1868.0,537.0,13.0
1872.0,667.0,13.0
1870.0,1347.0,10.0
1874.0,1154.0,10.0
1871.0,49.0,13.0
1873.0,1247.0,10.0
1880.0,1866.0,4.0
1868.0,1888.0,7.0
1873.0,1134.0,10.0
1875.0,1264.0,10.0
1877.0,180.0,13.0
1879.0,470.0,13.0
1880.0,653.0,13.0
1876.0,1280.0,6.0
1874.0,1298.0,10.0
1883.0,1651.0,4.0
1876.0,1333.0,10.0
1884.0,576.0,13.0
1883.0,1105.0,4.0
1886.0,1314.0,10.0
1880.0,1177.0,10.0
1880.0,1887.0,7.0
1882.0,1366.0,10.0
1884.0,638.0,13.0
1877.0,862.0,7.0
1884.0,1569.0,4.0
1889.0,98.0,13.0
1881.0,1751.0,4.0
1882.0,620.0,2.0
1894.0,1599.0,4.0
1888.0,1620.0,4.0
1885.0,1946.0,14.0
1888.0,422.0,13.0
1900.0,1419.0,4.0
1897.0,863.0,10.0
1893.0,1964.0,7.0
1884.0,1190.0,10.0
1891.0,1217.0,10.0
1890.0,1921.0,8.0
1894.0,1383.0,10.0
1894.0,1494.0,4.0
1892.0,1837.0,4.0
1898.0,532.0,13.0
1892.0,1198.0,10.0
1893.0,1233.0,10.0
1886.0,1289.0,6.0
1888.0,1349.0,10.0
1898.0,444.0,13.0
1892.0,512.0,13.0
1891.0,844.0,10.0
1894.0,280.0,13.0
1896.0,312.0,13.0
1897.0,489.0,13.0
1892.0,600.0,3.0
1892.0,770.0,3.0
1897.0,1876.0,7.0
1897.0,1151.0,10.0
1893.0,1250.0,10.0
1894.0,1273.0,10.0
1896.0,1337.0,10.0
1889.0,1741.0,4.0
1903.0,264.0,13.0
1898.0,370.0,13.0
1902.0,405.0,13.0
1897.0,1819.0,4.0
1895.0,1852.0,3.0
1901.0,76.0,13.0
1896.0,623.0,13.0
1901.0,970.0,3.0
1902.0,1173.0,10.0
1903.0,467.0,13.0
1903.0,825.0,16.0
1903.0,1295.0,10.0
1907.0,1362.0,10.0
1899.0,338.0,13.0
1905.0,110.0,13.0
1899.0,355.0,13.0
1894.0,399.0,13.0
1907.0,1072.0,3.0
1907.0,1659.0,4.0
1909.0,555.0,13.0
1900.0,652.0,10.0
1902.0,1744.0,4.0
1900.0,1804.0,4.0
1908.0,385.0,13.0
1903.0,637.0,10.0
1918.0,251.0,13.0
1903.0,417.0,13.0
1907.0,1931.0,7.0
1904.0,576.0,10.0
1905.0,663.0,14.0
1910.0,1779.0,12.0
1909.0,506.0,13.0
1907.0,230.0,13.0
1906.0,1319.0,10.0
1908.0,1761.0,4.0
1911.0,196.0,2.0
1913.0,1109.0,10.0
1911.0,125.0,13.0
1916.0,675.0,3.0
1917.0,1124.0,10.0
1909.0,1193.0,6.0
1914.0,1248.0,14.0
1911.0,1832.0,11.0
1915.0,430.0,13.0
1912.0,840.0,10.0
1915.0,1803.0,4.0
1912.0,1270.0,6.0
1909.0,1508.0,4.0
1909.0,1852.0,16.0
1915.0,1139.0,10.0
1913.0,1208.0,10.0
1909.0,1230.0,14.0
1911.0,1336.0,10.0
1921.0,1516.0,4.0
1917.0,1383.0,10.0
1914.0,1957.0,16.0
1913.0,325.0,13.0
1916.0,621.0,6.0
1925.0,1542.0,4.0
1917.0,88.0,13.0
1922.0,180.0,10.0
1917.0,220.0,10.0
1923.0,343.0,13.0
1912.0,1907.0,16.0
1916.0,1221.0,10.0
1919.0,1314.0,10.0
1918.0,99.0,13.0
1929.0,1456.0,4.0
1927.0,1496.0,4.0
1924.0,1688.0,4.0
1920.0,366.0,13.0
1920.0,1350.0,10.0
1927.0,1921.0,7.0
1914.0,412.0,13.0
1928.0,486.0,13.0
1919.0,633.0,13.0
1923.0,652.0,13.0
1929.0,1614.0,4.0
1925.0,283.0,13.0
1928.0,308.0,13.0
1922.0,461.0,10.0
1919.0,609.0,13.0
1928.0,1707.0,4.0
1932.0,1758.0,4.0
1921.0,1879.0,3.0
1920.0,572.0,13.0
1922.0,1081.0,10.0
1926.0,1162.0,10.0
1920.0,1176.0,6.0
1925.0,1292.0,12.0
1926.0,403.0,6.0
1931.0,444.0,13.0
1923.0,509.0,13.0
1934.0,1819.0,4.0
1929.0,784.0,3.0
1927.0,1191.0,6.0
1930.0,1851.0,4.0
1933.0,1432.0,4.0
1925.0,1905.0,6.0
1931.0,110.0,13.0
1928.0,543.0,10.0
1936.0,855.0,14.0
1929.0,1236.0,14.0
1930.0,1271.0,10.0
1935.0,1409.0,4.0
1931.0,1585.0,4.0
1942.0,139.0,10.0
1931.0,827.0,14.0
1931.0,1065.0,16.0
1933.0,1093.0,10.0
1929.0,1212.0,10.0
1928.0,1339.0,10.0
1939.0,1836.0,4.0
1936.0,227.0,13.0
1938.0,573.0,13.0
1935.0,382.0,13.0
1929.0,841.0,10.0
1934.0,1946.0,8.0
1940.0,424.0,10.0
1933.0,1366.0,10.0
1938.0,1897.0,6.0
1936.0,245.0,13.0
1932.0,615.0,13.0
1945.0,1568.0,4.0
1938.0,1136.0,10.0
1940.0,199.0,13.0
1939.0,1254.0,10.0
1943.0,633.0,13.0
1937.0,1314.0,10.0
1936.0,1328.0,10.0
1943.0,1387.0,10.0
1935.0,508.0,10.0
1940.0,1224.0,10.0
1949.0,1670.0,4.0
1946.0,1805.0,4.0
1936.0,359.0,13.0
1939.0,455.0,10.0
1944.0,1113.0,10.0
1941.0,1160.0,10.0
1939.0,465.0,10.0
1942.0,1184.0,10.0
1943.0,1294.0,10.0
1946.0,1352.0,10.0
1946.0,650.0,13.0
1947.0,834.0,14.0
1945.0,1072.0,10.0
1945.0,1338.0,10.0
1949.0,344.0,13.0
1946.0,400.0,13.0
1959.0,268.0,13.0
1948.0,292.0,13.0
1948.0,369.0,13.0
1948.0,542.0,13.0
1952.0,777.0,3.0
1949.0,1275.0,10.0
1963.0,1524.0,4.0
1951.0,111.0,4.0
1951.0,1053.0,3.0
1950.0,1194.0,10.0
1952.0,1238.0,10.0
1949.0,313.0,13.0
1953.0,1218.0,10.0
1961.0,1632.0,4.0
1950.0,1917.0,8.0
1954.0,1151.0,10.0
1950.0,1369.0,6.0
1949.0,1946.0,8.0
1954.0,1407.0,4.0
1954.0,1590.0,4.0
1953.0,455.0,13.0
1952.0,467.0,13.0
1959.0,618.0,13.0
1949.0,1088.0,10.0
1954.0,1307.0,10.0
1956.0,1322.0,10.0
1961.0,794.0,3.0
1958.0,1443.0,4.0
1961.0,1936.0,3.0
1960.0,382.0,13.0
1954.0,1171.0,10.0
1959.0,1608.0,4.0
1965.0,229.0,13.0
1961.0,1206.0,10.0
1961.0,1101.0,10.0
1957.0,406.0,13.0
1962.0,1362.0,10.0
1970.0,1484.0,4.0
1965.0,200.0,13.0
1963.0,437.0,13.0
1957.0,975.0,3.0
1962.0,1133.0,10.0
1956.0,1259.0,10.0
1959.0,1907.0,6.0
1967.0,1552.0,4.0
1963.0,418.0,13.0
1962.0,811.0,3.0
1966.0,1077.0,10.0
1961.0,1339.0,10.0
1966.0,1721.0,4.0
1967.0,1424.0,4.0
1964.0,1819.0,4.0
1966.0,301.0,13.0
1975.0,321.0,13.0
1964.0,360.0,13.0
1972.0,559.0,13.0
1965.0,1251.0,10.0
1966.0,1385.0,10.0
1960.0,1399.0,12.0
1973.0,1577.0,4.0
1971.0,1874.0,3.0
1975.0,759.0,3.0
1968.0,532.0,13.0
1968.0,1119.0,10.0
1973.0,1183.0,10.0
1969.0,151.0,2.0
1965.0,1275.0,10.0
1971.0,1407.0,12.0
1971.0,468.0,13.0
1967.0,639.0,13.0
1971.0,1009.0,3.0
1970.0,1057.0,10.0
1966.0,1302.0,10.0
1967.0,336.0,13.0
1984.0,577.0,13.0
1969.0,1226.0,10.0
1968.0,1236.0,14.0
1972.0,1907.0,6.0
1978.0,968.0,3.0
1972.0,1150.0,10.0
1978.0,412.0,13.0
1969.0,1167.0,10.0
1978.0,1676.0,4.0
1973.0,1334.0,10.0
1981.0,348.0,13.0
1977.0,1286.0,10.0
1977.0,190.0,2.0
1979.0,816.0,4.0
1978.0,1319.0,10.0
1982.0,1606.0,4.0
1974.0,1200.0,10.0
1976.0,1214.0,10.0
1977.0,1355.0,10.0
1986.0,1764.0,4.0
1982.0,504.0,13.0
1978.0,1264.0,10.0
1979.0,1832.0,4.0
1981.0,375.0,13.0
1980.0,1026.0,3.0
1980.0,1046.0,10.0
1981.0,1247.0,10.0
1983.0,1377.0,10.0
1979.0,1442.0,4.0
1987.0,445.0,13.0
1975.0,612.0,13.0
1979.0,1093.0,10.0
1983.0,1305.0,10.0
1985.0,1716.0,4.0
1983.0,1894.0,14.0
1986.0,257.0,13.0
1990.0,1111.0,16.0
1982.0,1131.0,10.0
1989.0,397.0,13.0
1993.0,539.0,13.0
1987.0,1651.0,4.0
1987.0,1164.0,10.0
1988.0,1227.0,10.0
1984.0,1737.0,4.0
1988.0,211.0,13.0
1988.0,299.0,13.0
1984.0,613.0,13.0
1984.0,1395.0,10.0
1994.0,1204.0,10.0
1987.0,1410.0,12.0
1991.0,1145.0,10.0
1991.0,1543.0,4.0
1993.0,645.0,13.0
1985.0,1341.0,10.0
1994.0,471.0,13.0
1993.0,590.0,13.0
1996.0,626.0,13.0
1993.0,1061.0,10.0
1991.0,1331.0,10.0
1988.0,1875.0,3.0
1991.0,1363.0,10.0
2002.0,1824.0,4.0
2001.0,363.0,13.0
1991.0,430.0,13.0
1990.0,1266.0,10.0
1991.0,1278.0,10.0
1993.0,1293.0,10.0
1994.0,1349.0,10.0
1992.0,1519.0,4.0
1994.0,1577.0,4.0
1995.0,1031.0,3.0
2002.0,161.0,10.0
2001.0,327.0,13.0
1994.0,1091.0,10.0
1995.0,1442.0,4.0
1996.0,237.0,13.0
1999.0,386.0,13.0
2001.0,514.0,13.0
2000.0,676.0,13.0
1998.0,1560.0,4.0
1996.0,1890.0,3.0
2005.0,272.0,13.0
2002.0,605.0,13.0
2000.0,1183.0,10.0
2000.0,1315.0,10.0
2002.0,1599.0,4.0
2003.0,1731.0,4.0
1997.0,416.0,13.0
1998.0,1256.0,10.0
2003.0,176.0,10.0
2005.0,1075.0,10.0
2006.0,1245.0,10.0
2000.0,1390.0,10.0
2002.0,1130.0,10.0
1999.0,1373.0,10.0
2004.0,1496.0,4.0
2003.0,1468.0,4.0
2005.0,430.0,13.0
2004.0,658.0,13.0
2004.0,1164.0,10.0
2008.0,1626.0,4.0
2003.0,1808.0,4.0
2005.0,1514.0,4.0
2009.0,299.0,13.0
2006.0,1268.0,10.0
2008.0,1410.0,10.0
2006.0,1669.0,4.0
2007.0,1751.0,12.0
2009.0,1293.0,10.0
2009.0,1337.0,10.0
2009.0,1434.0,4.0
2009.0,210.0,13.0
2005.0,1357.0,10.0
2008.0,458.0,13.0
2009.0,1022.0,3.0
2010.0,1095.0,16.0
2011.0,405.0,13.0
2011.0,1039.0,3.0
2011.0,1370.0,10.0
2012.0,1115.0,10.0
2013.0,1383.0,10.0
2013.0,444.0,13.0
2012.0,1198.0,10.0
2014.0,339.0,13.0
2013.0,1138.0,10.0
2013.0,1152.0,10.0
2013.0,1219.0,10.0
2013.0,1235.0,10.0
2013.0,1451.0,16.0
2013.0,380.0,13.0
2013.0,522.0,13.0
2014.0,685.0,13.0
2014.0,1593.0,4.0
2013.0,1803.0,7.0
2015.0,187.0,10.0
2014.0,470.0,13.0
2014.0,1318.0,10.0
2015.0,1660.0,4.0
2014.0,1789.0,4.0
2015.0,533.0,13.0
2015.0,1180.0,10.0
2015.0,601.0,13.0
2015.0,663.0,13.0
2015.0,1468.0,12.0
2015.0,1692.0,4.0
2015.0,227.0,13.0
2016.0,426.0,6.0
2015.0,1167.0,10.0
2016.0,1269.0,10.0
2015.0,1355.0,10.0
